artist_names,artists_id,PC1,PC2,PC3,PC4,PC5,PC6,PC7
"[""Howlin' Wolf"", 'Eric Clapton', 'Steve Winwood', 'Bill Wyman', 'Charlie Watts', 'Hubert Sumlin']","[276085, 187478, 45313, 78802, 773407, 829643]",-1.0939123634375776,-0.45421281871355096,0.2176452058084044,0.10674696515952227,0.0028607912664243974,0.673758239773853,-0.25037397850439913
"[""Howlin' Wolf"", 'Eric Clapton', 'Steve Winwood', 'Bill Wyman', 'Charlie Watts', 'Hubert Sumlin']","[276085, 187478, 45313, 78802, 773407, 829643]",-1.2442317213498575,-0.23193948843105805,0.3074318493424601,0.3561243721010757,-0.7890890247218649,0.6406095180366989,-0.4194942086600398
"[""Howlin' Wolf"", 'Eric Clapton', 'Steve Winwood', 'Bill Wyman', 'Charlie Watts', 'Hubert Sumlin']","[276085, 187478, 45313, 78802, 773407, 829643]",-0.9101866645935449,-0.31627779962627,0.13778566969114878,0.05614233134851205,-0.030646969171425797,0.5676790779569453,-0.07132508075276692
"[""Howlin' Wolf"", 'Eric Clapton', 'Steve Winwood', 'Bill Wyman', 'Charlie Watts', 'Hubert Sumlin']","[276085, 187478, 45313, 78802, 773407, 829643]",-1.0646276325870583,-0.20146040566492185,0.20267025123263852,0.14917750080195313,-0.020871265568327812,0.4984716909943754,-0.19789471339177647
"[""Howlin' Wolf"", 'Eric Clapton', 'Steve Winwood', 'Bill Wyman', 'Charlie Watts', 'Hubert Sumlin']","[276085, 187478, 45313, 78802, 773407, 829643]",-1.1499689335123777,-0.4477020569832968,0.08192594543889606,0.2915881437082917,-0.4342268866850733,0.6386701812100042,-0.19067880847251442
"[""Howlin' Wolf"", 'Eric Clapton', 'Steve Winwood', 'Bill Wyman', 'Charlie Watts']","[276085, 187478, 45313, 78802, 773407]",-1.1822991057840873,-0.44523535422834254,0.101144131737262,0.3690730737297824,-0.6042137107736736,0.6678646544026193,-0.18803978687630096
"[""Howlin' Wolf"", 'Eric Clapton', 'Steve Winwood', 'Bill Wyman', 'Charlie Watts']","[276085, 187478, 45313, 78802, 773407]",-1.270009775841406,-0.37838474047999465,0.03449929672249863,0.36607488686933454,-0.43029733454907193,0.5417240233596129,-0.25305954426545335
"[""Howlin' Wolf"", 'Eric Clapton', 'Steve Winwood', 'Bill Wyman', 'Charlie Watts']","[276085, 187478, 45313, 78802, 773407]",-1.0098035131062189,0.030449499940161582,0.06663143018615791,-0.012881565679760147,-0.217925984697347,0.6404555231221267,-0.021042433950478952
"[""Howlin' Wolf""]",[276085],-0.9098484932917947,-0.6379679085473668,0.2099122488237211,0.22597700489078013,-0.007037142007464397,0.5402759324747486,-0.18325409487806021
"[""Howlin' Wolf""]",[276085],-0.8299167773071312,-0.3760862241837046,0.07381536666424386,0.1506001655689334,-0.21539991601786962,0.5372528512581416,-0.055574699070353305
"[""Howlin' Wolf""]",[276085],-0.5901813510851417,-0.44919780445745155,0.2485523039908587,-0.12964547209229085,-0.31593727233409474,0.8700745978566342,0.00868479253138595
"[""Howlin' Wolf""]",[276085],-0.7196913457350228,-0.26310168528196815,0.14228134741003456,-0.08977310172269717,0.11928871543745852,0.5514220523906993,-0.02893791725484754
"[""Howlin' Wolf""]",[276085],-0.9114951898105409,-0.43959966220734914,0.11267989662638662,0.17388955467140216,-0.4588098013481507,0.6900100000468633,-0.102156059224334
"[""Howlin' Wolf""]",[276085],-0.9944992995064285,-0.4388315487838845,0.11422809944908402,0.15514496434672195,0.16366843467091832,0.522435763840112,-0.15457357136566338
"[""Howlin' Wolf""]",[276085],-1.0681288022725293,-0.5175235281183003,0.07419135400632777,0.21091738384488723,0.0038365841341113484,0.5979732657876824,-0.14514026251851406
"[""Howlin' Wolf""]",[276085],-0.28381446566560786,-0.2736981250604258,0.1003740345563008,0.20970335342117022,0.03574875124966165,0.8607518816293435,-0.5841321727055877
"[""Howlin' Wolf""]",[276085],-0.928580831221348,-0.5846650015486698,0.29779317104535313,0.12100446118704915,-0.0005782828798942365,0.7008019303348264,-0.22362597753886915
"[""Howlin' Wolf""]",[276085],-0.8423124189103489,-0.6272119784670137,0.2307081901530796,0.27897999670611034,-0.6341254002036998,0.6547049684992118,-0.20091993223162305
"[""Howlin' Wolf""]",[276085],-0.5348119281914739,-0.7354374414252699,0.22684742632835486,0.07467311087935119,-0.4782171955039642,0.8216187643448576,-0.007532895207399015
"[""Howlin' Wolf""]",[276085],-0.5920152694379681,-0.5297480423421453,0.28115101498830447,0.08294613463316716,-0.6632844644546386,0.790589609483763,-0.030592839971812374
"[""Howlin' Wolf""]",[276085],-0.7198567628861996,-0.608658231167592,0.2575621022993533,0.1524241940958762,-0.4668425514583994,0.701105932869477,-0.12176836136844157
"[""Howlin' Wolf""]",[276085],-0.6131427277971766,-0.47656532423723674,0.20413454129741632,0.11392769947047966,-0.8560387700555018,0.6720275995919016,-0.1370813819411381
"[""Howlin' Wolf""]",[276085],-0.7275336980027843,-0.7786041423096771,0.2141755879790734,0.12540864003737864,0.16900732510314972,0.6649469695037264,-0.06793509700901987
"[""Howlin' Wolf""]",[276085],-0.4565157717942908,-0.6075708307238903,0.2924347629268883,0.16281264568304776,-0.6883067480292613,0.5755890987284867,-0.12756275131392555
"[""Howlin' Wolf""]",[276085],-0.5375903338999896,-0.5479616665672677,0.26153167994534093,-0.07907062258013585,0.13396976430504726,0.7853271817384785,0.08452208216134041
"[""Howlin' Wolf""]",[276085],-0.8570729894444178,-0.553226784755884,0.22479184283696046,0.09768938033643848,-0.6300305826082846,0.9187490783267727,-0.1332160297335217
"[""Howlin' Wolf""]",[276085],-1.0129912079338304,-0.42925296126801976,0.2414894774856346,0.2719164076388132,-0.6289013234173411,0.6514138078043363,-0.205156504125269
"[""Howlin' Wolf""]",[276085],-0.29538751426920606,-0.5890450914796653,0.25692133348886625,0.018433418826749832,-0.25503029999706966,0.5633378681653336,0.07553476975373476
"[""Howlin' Wolf""]",[276085],-0.7852123279274442,-0.40687218822585147,0.21584530672717633,0.16301760246713068,-0.842611318640123,0.6451231334304076,-0.20598493216461372
"[""Howlin' Wolf""]",[276085],-0.679444196035917,-0.6532107216795515,0.18818088822767923,0.21356270420812723,-0.8247347930830194,0.8178601283600653,-0.04893771517965382
"[""Howlin' Wolf""]",[276085],-0.8436515630999712,-0.5616951072323056,0.10515621396254222,0.16033155846870542,-0.28005489035665593,0.7080710335351182,-0.07551651541394545
"[""Howlin' Wolf""]",[276085],-0.5069153673510585,-0.4427553008076724,0.09483218626237332,0.18739616325089517,0.21404403440707068,0.8495658570153891,-0.37814184542045065
"[""Howlin' Wolf""]",[276085],-0.5581426350966224,-0.40262384010558855,0.17441185026151568,-0.06629316451879355,-0.32927235307530445,0.6840445749877695,0.020694838210688564
"[""Howlin' Wolf""]",[276085],-0.5163463588472881,-0.6755275546402385,0.3705260079428778,-0.05797557633099906,0.1331345462273848,0.680999813089257,-0.1766008666593924
"[""Howlin' Wolf""]",[276085],-0.6054438556809548,-0.6802182561219395,0.29609996006274175,0.029708124816714584,0.1470665851332043,0.6354421936856345,-0.09493429842190564
"[""Howlin' Wolf""]",[276085],-0.6914251107224821,-0.3683102310233916,0.6792899053508714,0.010414600997911569,-0.0487342035489276,0.5595043628685128,-0.3782300839431947
"[""Howlin' Wolf""]",[276085],-0.5577695326007583,-0.6316988859430843,0.25339696938938927,0.07776331692773215,-0.0495819288396879,0.5468338655125966,-0.12213516211083711
"[""Howlin' Wolf""]",[276085],-0.475596715798589,-0.5450010783386144,0.19840967162689868,0.1573784632188139,-0.6686054936726251,0.6933387284779199,-0.08264631924238497
"[""Howlin' Wolf""]",[276085],-0.9546931696635413,-0.7263160849274859,0.16924593908246516,0.3097076029870053,-0.7872326482598917,0.845619194113967,-0.18346175700359427
"[""Howlin' Wolf""]",[276085],-0.4849393075851665,-0.5895898803748237,0.22581483902527583,0.10519116686334322,-0.6825256001290094,0.6513529397626433,-0.03881240711793288
"[""Howlin' Wolf""]",[276085],-0.9343093894696395,-0.6869817903591766,0.11403952545357621,0.08420425696185939,0.18589128595051452,0.7606490719136779,-0.08079898438759692
"[""Howlin' Wolf""]",[276085],-0.913840705672642,-0.4851636355340135,0.07510497087482486,0.07971481881927082,-0.01826994454924631,0.6514745080520189,-0.09292382288217399
"[""Howlin' Wolf""]",[276085],-0.79464585932611,-0.5667503861901905,0.16947617619021435,0.2018657021613455,-0.6453218074488436,0.7204405338125537,-0.14964076943438306
"[""Howlin' Wolf""]",[276085],-0.6796419171715543,-0.7064453343685989,0.2509402619978125,0.043927001102120215,-0.017935462651204978,0.7825078005139908,-0.043325813836087475
"[""Howlin' Wolf""]",[276085],-0.7921536968562425,-0.3283527304649704,0.06989319624698805,-0.03817850481212515,-0.48280350315171733,0.8317373513794013,0.04655236896541305
"[""Howlin' Wolf""]",[276085],-0.9454263725308131,-0.4256643671778984,0.263348257372669,0.23160311354899013,-0.2800090599455876,0.5773291165080392,-0.1916151865773493
"[""Howlin' Wolf""]",[276085],-0.9180948727966165,-0.3432193753796483,0.20571927396112752,0.050343884847360965,-0.20512695795897734,0.6662939028224486,-0.17158076299508832
"[""Howlin' Wolf""]",[276085],-0.7409441928406717,-0.7231533067696184,0.3705560437393053,0.1618205559964967,-0.4555973800882971,0.7854723030845442,-0.2009579006049418
"[""Howlin' Wolf""]",[276085],-0.7149070294134521,-0.6843600165039335,0.27373836756839953,0.07418594495058735,0.1607009978500649,0.6683890809190696,-0.12814884637430418
"[""Howlin' Wolf""]",[276085],-0.7393768538270373,-0.552354320509941,0.17973659684668342,0.0682948190003162,-0.0245858622449225,0.6544285698343189,-0.04732495997382566
['Sex Pistols'],[418740],-1.2046776784396969,0.006566371321145224,-0.03571136352256072,0.1501893947353068,-0.5570021332728085,0.590492571996409,-0.12025552795573179
['Sex Pistols'],[418740],-1.2876142577648233,0.07959112775968889,0.35637437383719356,-0.015046953828628267,-0.19308566989525944,0.713399602380224,-0.380176824054537
['Sex Pistols'],[418740],-1.3112814295157162,0.0748789559548202,0.1057826504283177,0.15240297034012878,-0.5493809924883866,0.603736117139027,-0.21964278455601458
['Sex Pistols'],[418740],-1.1461361095711933,0.2228884059162471,-0.028350530829019092,0.15965533173222674,-0.40490476132511366,0.34782757970417094,-0.028711905113905565
['Sex Pistols'],[418740],-1.2800232648775158,-0.054027313377547966,0.018251822796445823,0.21982410366517321,-0.186603516837173,0.46984744725749084,-0.11128901803660482
['Sex Pistols'],[418740],-1.2203475551000722,0.18326930415274084,0.021810592810745107,0.25274057731130406,-0.7461149194665979,0.4459084181984849,-0.03826569979286343
['Sex Pistols'],[418740],-1.2065454695151872,0.21484505062429715,0.06327235814363023,0.13447329359533028,-0.30932208786939835,0.3677032568860556,-0.07997828604064565
['Sex Pistols'],[418740],-1.2715775438162251,0.06307522711191274,-0.013304224623209555,0.1813145457956009,-0.6436757271935435,0.5754184799063657,-0.1340119836019348
['Sex Pistols'],[418740],-1.1915328521149524,0.1367644600591583,-0.0026118528938659396,0.04911538208486865,-0.03806912083155649,0.4239922787298134,-0.07881384082425955
['Sex Pistols'],[418740],-1.1830173159254906,0.2879160427501688,0.20600569957755038,0.08237259387579929,-0.49228295838894,0.4815223081033508,-0.09316352481162107
['Sex Pistols'],[418740],-1.2436570924111718,0.3700538054181133,0.1843816619255197,0.09756328131293192,-0.6700856998486067,0.5141906156334817,-0.09562724967290806
['Sex Pistols'],[418740],-1.3320931288300806,0.05710438825413085,0.1682604813020106,0.10352313774778367,-0.27481713304950084,0.6496675048362968,-0.16409970861210105
['Sex Pistols'],[418740],-1.23755304246934,-0.06611805212206395,0.012785886719895027,0.1986778638662419,-0.28177529971032567,0.484436188927494,-0.16694171054160833
['Sex Pistols'],[418740],-1.2182264824714504,0.3201901105546197,0.16546062776548895,0.025336387545769758,-0.04350727020784177,0.4173436506999262,-0.09508763526772082
['Sex Pistols'],[418740],-1.2368461394203234,0.09566001721993576,-0.04997538369769695,0.08570228746463472,-0.029942845911624466,0.4213238227842034,-0.06312090489139842
['Sex Pistols'],[418740],-1.2702329187061359,0.15146379693983156,0.00018904558059264158,0.21766556661752273,-0.7250802837087912,0.6064648931576863,-0.18289096123585982
['Sex Pistols'],[418740],-1.087076242769695,0.14486309757363214,-0.11073790730790108,0.36323928796162985,-0.5661239703561924,0.8237168075862956,-0.5957569746248693
['Sex Pistols'],[418740],-1.335604893852773,0.012124695578110932,0.1615828410901004,0.22044694183687813,-0.6293510565338395,0.6040693179399461,-0.2564410196975799
['Sex Pistols'],[418740],-1.2720813553683847,0.06569490267423034,0.06783122086352888,0.17086832167904292,-0.37363091582257624,0.5262407447518253,-0.14375468251698018
['Deep Purple'],[192382],-0.5003560568082025,-0.08376934509626326,0.0585091419338328,0.07095990993146704,-0.8943040202790404,0.5403788451851481,0.14585748036134297
['Deep Purple'],[192382],-1.049598783815411,-0.26979893700515184,-0.00974136428755138,0.26178574836927604,-0.17733167881663942,0.559851082617871,-0.3025199031568486
['Deep Purple'],[192382],-1.0019348490975983,-0.5241969895410891,0.1222862364203948,0.3112211160074844,-0.26572087785522575,0.5762800974110143,-0.18207107699720204
['Deep Purple'],[192382],-1.0810040210964054,-0.02404825354089094,-0.04951596751221369,0.1764192776505032,-0.4819080898613531,0.4835686089467971,-0.04802049795476569
['Deep Purple'],[192382],-1.0526599392899874,-0.18798470170177584,-0.015018518167440926,0.41757228949684266,-0.5531634627882089,0.9150199049794041,-0.5480438211676343
['Deep Purple'],[192382],-1.0844728763122093,-0.3514522925312253,-0.007632026468755421,0.3581337113317471,-0.23412264845303643,0.6521029940189272,-0.29044032001719383
['Deep Purple'],[192382],-0.8056942368569214,0.3843753706784165,-0.11559078536212093,0.33816627029794777,-0.5866082946056373,0.8101961756329007,-0.5228485484789898
['Deep Purple'],[192382],-1.2060017097904567,-0.1263142631839234,0.09213342554642658,0.3559591481327204,-0.6036805972810512,0.6655648002484018,-0.3107945389509216
['Deep Purple'],[192382],-1.3053834690257096,-0.08959045531414554,-0.0017006711524123028,0.1588019271727857,-0.43201102924015605,0.8065206599213401,-0.12730778662137338
['Deep Purple'],[192382],-1.3285173912428294,-0.32376683567980213,-0.042477684664842384,0.22702292804486843,0.02127102088161101,0.6047337090176753,-0.1809498933247593
['Deep Purple'],[192382],-0.9078813330604236,0.2758608841851088,-0.16753022059982428,0.422878813452393,-0.4790867206270754,0.761121325989358,-0.5561460671028851
['Deep Purple'],[192382],-0.5580526227892513,0.20477808085057708,-0.05178447323911202,0.15414875298378647,0.10964522533575936,0.19092580199810974,-0.20015012267684013
['Deep Purple'],[192382],-0.8853200479026867,-0.3211894322170793,0.0984266021371851,0.3308140312633452,-0.8278312460851724,0.5596197840275261,-0.22042305441663693
['Deep Purple'],[192382],-1.0032796814791676,0.2547519260800506,-0.028072453877637932,0.469690744431169,-0.7217806591325622,0.9231508054354274,-0.732941710825329
['Deep Purple'],[192382],-1.096285111628538,-0.1585110021386605,0.025751460441119495,0.15890488982822246,0.14909704158767798,0.35359817266687393,-0.1513201205135594
['Deep Purple'],[192382],-0.872966145117117,0.22746858974770823,-0.08547013254654376,0.23857726986359618,-0.6566750373992861,0.515433982116926,-0.1176567616660065
['Deep Purple'],[192382],-1.2002356159192802,-0.31262255907280984,0.16473113620896235,0.2306423215810249,-0.16893276738967583,0.6368774573277616,-0.2505956435622314
['Deep Purple'],[192382],-0.6627520686973852,0.05775608206829095,-0.01391573002446404,0.3328811759692853,-0.4795247790374787,0.4086732092174671,-0.13568290410592462
['Deep Purple'],[192382],-0.8726420083333933,-0.17911952773012307,-0.10420542852531223,0.4564614893574481,-0.2915776183809224,0.7923159633749421,-0.577536001082525
['Deep Purple'],[192382],-1.0316503919192035,-0.30998161896446214,0.053559659499182906,0.25473627258331905,-0.010745948294075549,0.459999860700126,-0.16839206775514604
['Deep Purple'],[192382],-0.4525508628662779,-0.3597434121834604,0.1273540723756595,0.10216147039415165,-0.877634650816048,0.5860087791817432,0.10308700778289587
['Deep Purple'],[192382],-0.8389046846643938,0.24496192967870406,0.039191430024319886,0.3057515462273614,0.07710531727232978,0.8796672434171761,-0.774105017414076
['Deep Purple'],[192382],-1.1428752101866737,-0.20199281036876304,0.1772273287906261,0.30747004902449043,-0.6362072629249652,0.5429647387559119,-0.2545625417841139
['Deep Purple'],[192382],-1.1977747251485258,-0.22126398962280716,-0.029974684153613554,0.37241447924527177,-0.6080058899144912,0.6181852589313073,-0.21469006662755927
['Deep Purple'],[192382],-0.9104660633458799,-0.2854875712005765,-0.0711449157731768,0.47151161070588643,-0.3919917156914376,0.7541834475422152,-0.4978449126292805
['Deep Purple'],[192382],-1.094956231728272,0.4032190561123809,0.052070542625014135,0.08132371131373889,0.0163389198020918,0.7387496796544178,-0.3579786870631477
['Deep Purple'],[192382],-0.903408292126112,-0.07179442208254738,0.12850764560352695,0.2707926243090523,0.017911465839463434,0.6142949458257551,-0.49976484985450764
['Deep Purple'],[192382],-1.3018506080494183,-0.13858338799708195,-0.0012871297729850266,0.22033760502193508,-0.349151967844844,0.6287667304946877,-0.1584224942529086
['Deep Purple'],[192382],-0.9291632529011913,-0.12039656999666778,0.08739727734794897,0.15129447728100093,0.1350521665732142,0.33595018390060777,-0.06124497903182968
['Deep Purple'],[192382],-0.9502681646788443,0.12009774983640124,0.12231534061195867,0.18577874755483875,0.17198899235460952,0.47787480611008776,-0.3000078128455181
['Deep Purple'],[192382],-1.1428313112943855,-0.24065379480520246,0.020451966666395933,0.24581881159022256,-0.36052587425256655,0.5497448126954494,-0.10067596065345358
['Deep Purple'],[192382],-1.2476016413899294,-0.284019977039531,0.032022428806760546,0.3823519734734023,-0.6126344728183167,0.5581044673959151,-0.19300405076629332
['Deep Purple'],[192382],-0.6376584332449812,-0.19125732966850092,0.09226200549580504,0.18589875464348232,-0.6951827986121433,0.42255486477549736,-0.015372300288436044
['Deep Purple'],[192382],-1.1529571765149256,-0.18281858314405017,-0.02453741680193529,0.3873636878980344,0.23370401964710436,0.5782366117610561,-0.41077894959363215
['Deep Purple'],[192382],-1.0954887404750229,-0.026980822428437745,-0.06056085219358336,0.32066549940640454,0.2371530703067918,0.6959269412186504,-0.4461537226135825
['Deep Purple'],[192382],-1.1076493036436723,-0.06936134676863988,0.14486199170890618,0.3429712870011964,-0.6380144650666061,0.5266826034277763,-0.0530661925637348
['Deep Purple'],[192382],-1.0799437305081956,-0.17134963763888286,0.13049825639789847,0.1600704017425186,0.16229715011832652,0.43189744805798014,-0.22184980610750726
['Deep Purple'],[192382],-0.6430967937795029,0.17949610701801366,-0.2539477651354683,0.31537158153600575,0.056029680834134954,0.8515308002757156,-0.36430751705468534
['Deep Purple'],[192382],-1.328851110007972,-0.1825587601720677,0.19995663127838975,0.24590192254230964,-0.6057921489952036,0.7540558495229172,-0.33478359466490487
['Deep Purple'],[192382],-0.7112190686672701,0.08801395893260103,-0.003877049031712531,0.08537012295608683,-0.7220562807885167,0.3224521263043426,0.04409146975720409
['Deep Purple'],[192382],-1.2101592716888392,0.012703010673867284,0.16188663569132025,0.22941725697648677,-0.8168929612135157,0.6566460181191516,-0.1561940156038593
['Deep Purple'],[192382],-0.8857911078268728,-0.12838521798440106,-0.01763526457485164,0.3838541643578715,-0.8411179301087355,0.41255272290504397,-0.020721694992337336
['Deep Purple'],[192382],-0.7793163690843109,-0.24648576647967987,0.06916037692508907,0.12952061864663755,-0.4905066880203992,0.5968602027814747,0.0170803302664979
['Deep Purple'],[192382],-0.9824192051020006,-0.25500043075614215,-0.0015285098039096567,0.2720431453963261,-0.46475145588924105,0.5417715047862061,-0.036609065625195454
['Deep Purple'],[192382],-1.1765057883818633,-0.2894087108101271,-0.03999316362404169,0.2484985461671321,0.0016414434430486752,0.4950643212420006,-0.09938777788935672
['Deep Purple'],[192382],-1.014636230788846,-0.017473027326607726,-0.009593233967989659,0.36562000803543526,-0.7369174083293764,0.42014220384285267,-0.13021957660890782
['Deep Purple'],[192382],-0.9296904704260618,-0.3796004858659887,-0.08876153786923018,0.4110622469265237,0.2611747061739929,0.7977564011990865,-0.529249278656966
['Deep Purple'],[192382],-1.2828261776589174,0.07578069678875379,0.06436287440079065,0.16481603032442751,-0.62771533327711,0.7087829958397983,-0.1477869161811569
['Deep Purple'],[192382],-1.1603064797231974,-0.18180631868127844,0.19006990073885904,0.23357112763479723,-0.008104054680722518,0.4326172634073296,-0.2643543899777371
['Deep Purple'],[192382],-1.1186599007980587,-0.17111953359974083,-0.07710999594078984,0.5462187322740588,-0.5266456296060118,0.9019181387675564,-0.6267876702170422
['Deep Purple'],[192382],-1.269413388877778,-0.03398820174888391,0.14787736151421518,0.2930670253573264,-0.4495956527960006,0.4701017505349839,-0.31467688231971414
['Deep Purple'],[192382],-0.6950641676733488,0.09666853665306298,-0.11856044668544337,0.3852006056753172,-0.6015997495573517,0.7237318271524178,-0.3432540829018877
['Deep Purple'],[192382],-0.8516895895669354,0.13407340894067624,-0.13871489928784556,0.2634261420947259,-0.4004945389154503,0.9229765316438705,-0.3340096583070666
['Deep Purple'],[192382],-0.5361503514589152,-0.3025932156416069,0.13115405843722142,0.12098384095194402,-0.08553964945536639,0.24469821499581604,-0.0030458207599241833
['Deep Purple'],[192382],-1.2378465812331314,-0.1568472792643125,-0.03255110524110848,0.3933344329098953,-0.7976329963407697,0.5597648913855551,-0.12523982056717564
['Deep Purple'],[192382],-0.8995572100901378,-0.000222653421286008,0.01880001849641287,-0.035098959353246646,0.12534107004514392,0.5196298967698924,0.058343327852482994
['Deep Purple'],[192382],-0.8505749988124397,-0.5252481479459798,0.11620181233848965,0.23583957028613997,0.19999553407603599,0.6880082835448651,-0.28586708120885795
['Deep Purple'],[192382],-0.8769373318079883,-0.2649335569009876,0.025147430909294943,0.28212543533920265,-0.2743392337507132,0.5463207460907005,-0.1764825729731408
['Deep Purple'],[192382],-1.1322068950010675,-0.22204023077616172,0.18149429377969514,0.21603240728604725,-0.2763746337532799,0.5734431022086544,-0.3132569026376624
['Deep Purple'],[192382],-0.9622543481433812,-0.2374192260964644,0.02502509312124809,0.29115925050820735,-0.6451397664106877,0.5623991617965717,-0.040590887811179886
['Deep Purple'],[192382],-1.0884757145881616,-0.08023298034617708,0.1369125016602636,0.21202000309968344,-0.3728446500169274,0.5438344551874618,-0.15853189610912718
['Deep Purple'],[192382],-1.2740056432744509,-0.05078569162554771,0.031047305585046214,0.19793465763101772,-0.7999138911706636,0.7981670603095549,-0.14289332743088137
['Deep Purple'],[192382],-1.170051816271271,-0.18503006495737656,0.023378503244708,0.27963772933891423,-0.44387157696630974,0.6034330840678584,-0.2194922992910746
['Deep Purple'],[192382],-1.0813210479127728,-0.3192544818097357,-0.03419086393500686,0.2901548331131989,-0.6782091992515993,0.9416837922266866,-0.22763421895796096
['Deep Purple'],[192382],-1.2732973025170156,-0.1765797668880829,-0.023198513798746236,0.346375452340491,-0.3846178532054882,0.8502570620956089,-0.41240533012119235
['Deep Purple'],[192382],-1.2596689227021365,-0.36106163074599745,0.17424039509854777,0.38887713057401513,-0.6042080344196323,0.6063591934731392,-0.3224489462457558
['Deep Purple'],[192382],-1.3169693600821253,-0.2711252181187843,0.026152835303463986,0.3834694833482626,-0.7838769361107405,0.6585639752864307,-0.23276592508058563
['Deep Purple'],[192382],-1.2071409163352982,-0.26879988561671814,0.026288538712801738,0.3303917387543793,-0.44354515796256333,0.5119788841927596,-0.16478083973163754
['Deep Purple'],[192382],-1.1889754493740505,-0.45550600106181244,-0.005764483400216991,0.35785854351959495,-0.7761813958569084,0.807374568330763,-0.17751279796391106
['Deep Purple'],[192382],-1.2183298921017032,-0.1465481949791395,0.08359764655471649,0.2858748531334086,0.21726041988002964,0.5690495900092758,-0.43076428121561605
['Deep Purple'],[192382],-1.0096160304475013,0.2716474217705875,0.1158027714927101,0.1499676433852598,-0.18486121864020413,0.6116263514091859,-0.3489512296185463
['Deep Purple'],[192382],-1.3178142962021762,-0.2612144722643394,-0.03494967123502724,0.2604065024878698,-0.4280146890441779,0.6820853342549512,-0.16458844532587116
['Deep Purple'],[192382],-1.3239811771670609,-0.2354276436435444,0.058150279798638925,0.20720026942533357,0.016425390986843782,0.5921435731172217,-0.21073533427208105
"['Shooter Jennings', 'George Jones']","[36312, 944310]",-1.3396121724454457,-0.03019052141655775,0.3119080087138077,0.24611171728031606,-0.6203479653877032,0.6275528891984656,-0.3475570633690753
"['Wolfgang Amadeus Mozart', 'Benjamin Britten']","[26350, 796872]",0.2629601027554888,0.12508450054171544,0.021938107070063967,0.2405007041280598,-0.7533912338518863,0.721171492154604,-0.4334862091955793
"['Wolfgang Amadeus Mozart', 'Bidu Sayão']","[26350, 1950198]",-0.31490630557106153,-0.41319733218945726,0.21773833454712554,-0.07833486908956362,-0.18801809093412486,0.47462861146569313,0.0656830881463556
"['Wolfgang Amadeus Mozart', 'Bidu Sayão']","[26350, 1950198]",-0.25169865410851683,-0.32372533350846544,0.20371870354177182,-0.02366385121631503,-0.8245751629024352,0.5412460292626825,0.08405558010460526
"['Wolfgang Amadeus Mozart', 'Bidu Sayão']","[26350, 1950198]",-0.2126009003514272,-0.413376662867651,0.2791076048509503,-0.0632646764455683,0.06680867448967785,0.3094819668782678,0.06528626602486935
"['Wolfgang Amadeus Mozart', 'Bidu Sayão']","[26350, 1950198]",-0.17584841410171217,-0.20008000995627978,0.27706330096285375,-0.14252718629331437,-0.3878399893330694,0.5154785924318835,0.1288557960508275
"['Wolfgang Amadeus Mozart', 'Bidu Sayão']","[26350, 1950198]",-0.15216957680028395,-0.18001469969272657,0.2589050492637653,-0.20130922812562058,0.0377544330522263,0.28418252152069895,0.11008500867190801
"['Wolfgang Amadeus Mozart', 'Bidu Sayão']","[26350, 1950198]",-0.12369184267484593,-0.0997907325364002,0.20121809792217665,-0.15341731235099876,-0.22093571116122562,0.37376679764069876,0.08925015336283718
"['Wolfgang Amadeus Mozart', 'Cecilia Bartoli']","[26350, 641626]",-0.18056590936596828,-0.290263333613861,0.20795766940546373,-0.05665275156038591,-0.8323226335414885,0.5664058123521366,0.1335206015304192
"['Wolfgang Amadeus Mozart', 'Glenn Gould']","[26350, 803752]",0.25145884157705917,-0.13759555747779206,0.0405524530872346,0.15769931195827935,-0.28117936416484884,0.9212062654930923,-0.38077627820419924
"['Wolfgang Amadeus Mozart', 'Glenn Gould']","[26350, 803752]",-0.11902264461788557,-0.3797975160286236,0.16831372815964873,0.12595353196009954,0.2090369433377231,0.9633798870248577,-0.7328666057443278
"['Wolfgang Amadeus Mozart', 'Glenn Gould']","[26350, 803752]",-0.1279520837776973,-0.3003106095479966,0.04611117277839999,0.28544920247457906,-0.6819081954478856,1.042974731592576,-0.6356798251113316
"['Wolfgang Amadeus Mozart', 'Glenn Gould']","[26350, 803752]",0.15003652215116303,-0.31469942519327493,0.09399953784399016,0.16325756815007086,-0.0843980048717874,0.9534660077190226,-0.48546029808405805
"['Wolfgang Amadeus Mozart', 'Glenn Gould']","[26350, 803752]",-0.14665352539744678,-0.2574789168458567,0.0027049584007523197,0.16461494765268608,-0.676241670262792,1.2430516038794421,-0.5841341535064467
"['Wolfgang Amadeus Mozart', 'Glenn Gould']","[26350, 803752]",0.014037658618833547,-0.3367961946242364,0.04597250454497156,0.1911706191543699,-0.24359873135195936,1.0348664204983378,-0.6261988609605618
"['Wolfgang Amadeus Mozart', 'Glenn Gould']","[26350, 803752]",0.27475532009894693,-0.16792783878481357,0.09428671611106539,0.22564364226433203,-0.2912180896682451,0.7599144738445048,-0.4628960020658195
"['Wolfgang Amadeus Mozart', 'Glenn Gould']","[26350, 803752]",-0.022204258328578752,-0.4141354681360543,0.0669215944119154,0.21203794672581022,-0.23953438553505152,1.025676850090554,-0.6206326341249042
"['Wolfgang Amadeus Mozart', 'Glenn Gould']","[26350, 803752]",-0.13747181375810458,-0.41757303957749503,0.1199955070403577,0.18329442015030292,-0.0634606698772906,0.9412770189998962,-0.6780765107956964
"['Wolfgang Amadeus Mozart', 'Glenn Gould']","[26350, 803752]",0.1204082080758244,-0.094907359461887,0.06854858305494747,0.25421489676242076,0.015441451768913343,0.8300430434990116,-0.4700919068597152
"['Wolfgang Amadeus Mozart', 'Glenn Gould']","[26350, 803752]",-0.20708774718066753,-0.3107602630985609,0.02443482919043553,0.12421692848505289,-0.3938067010867309,1.2894345722383647,-0.6182837959564217
"['Wolfgang Amadeus Mozart', 'Glenn Gould']","[26350, 803752]",0.09629320555013589,-0.25957976460830345,0.03490341744079894,0.10347610586741082,-0.08113912084618383,1.0127202646197722,-0.5385726731442408
"['Wolfgang Amadeus Mozart', 'Glenn Gould']","[26350, 803752]",0.051615162491607,-0.3457507083787096,0.10723414089606055,0.1400659413435032,0.18428068268952583,0.8493440459452414,-0.5510427361112274
"['Wolfgang Amadeus Mozart', 'Glenn Gould']","[26350, 803752]",0.08315473153474036,-0.32088431285228874,0.06576445787605915,0.066021768489032,0.1932541296819526,1.0250767974624526,-0.55491184774869
"['Wolfgang Amadeus Mozart', 'Glenn Gould']","[26350, 803752]",-0.13043181386602093,-0.310696973764238,0.054267095108913206,0.2163814084208107,-0.4130308208249864,1.052958450016698,-0.6482652274199749
"['Wolfgang Amadeus Mozart', 'Glenn Gould']","[26350, 803752]",-0.017791962132992844,-0.42037732300653874,0.09668453736492129,0.151389187108475,0.20989331169161266,0.9913189707344175,-0.6714266714741826
"['Wolfgang Amadeus Mozart', 'Glenn Gould']","[26350, 803752]",-0.16257689889176982,-0.2392568019902263,0.03090438416215158,0.036205372470948016,0.04378354930222575,1.2074630893001144,-0.5958383446020418
"['Wolfgang Amadeus Mozart', 'Glenn Gould']","[26350, 803752]",0.02245245780093348,-0.3981633419341027,0.0767379249220095,0.2711378202741255,-0.5999345190570149,1.0664076105140248,-0.6477384064161225
"['Wolfgang Amadeus Mozart', 'Glenn Gould']","[26350, 803752]",0.07516280493183493,-0.16211657931541298,0.06973640211296904,0.29950066743461295,-0.6174602869275697,0.9050497123469268,-0.4804825279298921
"['Wolfgang Amadeus Mozart', 'Glenn Gould']","[26350, 803752]",0.0582770556519917,-0.36487385167072595,0.07880426652546761,0.15813170936758855,0.20118207493906043,0.9430760522098767,-0.608526062255142
"['Wolfgang Amadeus Mozart', 'Glenn Gould']","[26350, 803752]",0.0027388349920418223,-0.31466537864727956,0.037208648550451404,0.24445489620300767,-0.690836189212274,1.1113256720910392,-0.5092378803828526
"['Wolfgang Amadeus Mozart', 'Glenn Gould']","[26350, 803752]",-0.06915559649326554,-0.41521526287649774,0.07636402383846014,0.15081645980877634,0.214884180005193,0.9986746724376762,-0.6566150529508725
"['Wolfgang Amadeus Mozart', 'Glenn Gould']","[26350, 803752]",0.2810263076312366,-0.10433507582767292,0.07775057959697043,0.20599999605218908,-0.2902972617237045,0.7857522627104792,-0.4825135438197962
"['Wolfgang Amadeus Mozart', 'Glenn Gould']","[26350, 803752]",0.10516825137102224,-0.1588250156313067,0.0358795383435714,0.23635614716232153,-0.7104537107350465,1.0052127623345313,-0.44995146074390163
"['Wolfgang Amadeus Mozart', 'Glenn Gould']","[26350, 803752]",0.18922841119440825,-0.2965660855365177,0.07914347078257117,0.2517419926079644,-0.44093828992260387,0.9558767525460189,-0.5909345123204662
"['Wolfgang Amadeus Mozart', 'Glenn Gould']","[26350, 803752]",-0.05236898307756903,-0.40506328590130136,0.13003467233814908,0.13376194640713732,0.20469595431870105,0.94853500439725,-0.733684749832017
"['Wolfgang Amadeus Mozart', 'Glenn Gould']","[26350, 803752]",0.18755219438953477,-0.14411561654960378,0.014252515061652565,0.12275625164523817,-0.27015851383459866,1.011392630045373,-0.43091048228088386
"['Wolfgang Amadeus Mozart', 'Glenn Gould']","[26350, 803752]",-0.022598677522563747,-0.3491366386578004,0.08450469143866547,0.15612814554513735,0.026244648219811886,0.9818196049513979,-0.7065647645787556
"['Wolfgang Amadeus Mozart', 'Glenn Gould']","[26350, 803752]",0.04415682025603401,-0.2596024480031556,0.08053910010714836,0.1599723795822536,0.021500568801185144,0.9733086503015075,-0.5667059813057786
"['Wolfgang Amadeus Mozart', 'Glenn Gould']","[26350, 803752]",0.023570386625977494,-0.3951948600247406,0.10522927662543961,0.3183135941519163,-0.5962798586014246,1.0475057145836966,-0.5428470673618663
"['Wolfgang Amadeus Mozart', 'Glenn Gould']","[26350, 803752]",-0.016648582487627024,-0.4020573679428831,0.07586696694009191,0.2558776285286264,-0.24323447466968315,0.9430378099522464,-0.6038097043561721
"['Wolfgang Amadeus Mozart', 'Glenn Gould']","[26350, 803752]",0.024547835568319326,-0.20128085674350468,0.13864484430803464,0.08502450811389307,-0.06990769426904692,1.0762885539058358,-0.5906691897187215
"['Wolfgang Amadeus Mozart', 'Glenn Gould']","[26350, 803752]",-0.10586150499464682,-0.33649465536480483,0.0966125583295547,0.2970565478592499,-0.6811836420703902,1.0481352122876124,-0.699451878730864
"['Wolfgang Amadeus Mozart', 'Glenn Gould']","[26350, 803752]",-0.05369605530794496,-0.18253724216515485,0.040564644077585414,0.2959199013607749,-0.6947919097930202,0.9545432171089837,-0.6177392577036189
"['Wolfgang Amadeus Mozart', 'Glenn Gould']","[26350, 803752]",-0.10794216133254105,-0.3955537694928183,0.08025845337926805,0.21412787116323226,-0.40932778527344,1.1154045286964989,-0.7040882200192727
"['Wolfgang Amadeus Mozart', 'Glenn Gould']","[26350, 803752]",-0.1128117133438136,-0.43248641256101555,0.06488348867386029,0.22946570115622777,-0.22057217731539186,1.105147349902101,-0.6123643672342131
"['Wolfgang Amadeus Mozart', 'Glenn Gould']","[26350, 803752]",0.009564551951347805,-0.3323187125842728,0.061904630428769744,0.2680954514538433,-0.24389057980782908,0.9183912967693011,-0.5998417851300213
"['Wolfgang Amadeus Mozart', 'Glenn Gould']","[26350, 803752]",-0.22365794739203612,-0.3235054146790707,0.02047248581992713,0.20553038299308685,-0.658445795078623,1.2866861383727521,-0.6140593668865933
"['Wolfgang Amadeus Mozart', 'Glenn Gould']","[26350, 803752]",0.055742723576565914,-0.15809374403600326,0.07355241906554487,0.12365293700070817,0.1790407318255506,0.805345342754479,-0.505831743747906
"['Wolfgang Amadeus Mozart', 'Glenn Gould']","[26350, 803752]",0.27054986138294684,-0.0831291308296765,0.07202810775366787,0.24428193028398218,-0.10288003270252563,0.739806801587167,-0.3952462027330523
"['Wolfgang Amadeus Mozart', 'Glenn Gould']","[26350, 803752]",-0.11505144585794932,-0.32162649393185067,0.06506283119704218,-0.027896621572339957,0.20743177892041545,1.1655733790350653,-0.5757796479742253
"['Wolfgang Amadeus Mozart', 'Glenn Gould']","[26350, 803752]",0.0694633472948444,-0.2267542787544484,0.07427652623633897,0.25343829861554934,-0.6152400093720709,0.985053235984314,-0.5327772806333583
"['Wolfgang Amadeus Mozart', 'Glenn Gould']","[26350, 803752]",0.25013283568200256,-0.017624645346049347,0.04021855111830283,0.18706770982294169,-0.29447479596804876,0.74223705052295,-0.5004014674857806
"['Wolfgang Amadeus Mozart', 'Glenn Gould']","[26350, 803752]",-0.10910048686756008,-0.04280299210213792,-0.006719132177033856,0.08149474551763376,-0.6147593714428902,1.1293954230511822,-0.4840185454447974
"['Wolfgang Amadeus Mozart', 'Glenn Gould']","[26350, 803752]",-0.19013265625450348,-0.2522993682629773,0.06617054588890216,0.1889102818113813,-0.6017122160553746,1.0666048588560624,-0.5985261158932768
"['Wolfgang Amadeus Mozart', 'Glenn Gould']","[26350, 803752]",0.17982296069750275,-0.29101487834384754,0.044088029189958314,0.10345259789670799,0.18609632657180472,0.9660523244665191,-0.49454834345616266
"['Wolfgang Amadeus Mozart', 'Glenn Gould']","[26350, 803752]",-0.05964511026625976,-0.3616255941651676,0.0754015959310615,0.30464923599399935,-0.604887124916238,0.9493024387201656,-0.5636478562786646
"['Wolfgang Amadeus Mozart', 'Glenn Gould']","[26350, 803752]",-0.07091812652189493,-0.38291858443403354,0.06333209377763295,0.3277564116129337,-0.5926529225151023,0.9926090975148083,-0.6148934164280505
"['Wolfgang Amadeus Mozart', 'Glenn Gould']","[26350, 803752]",0.027223560189507754,-0.43126454036978856,0.08367691404349742,0.1423813981269583,0.20362667884435032,0.9897902335460265,-0.6107098093140634
"['Wolfgang Amadeus Mozart', 'Kiri Te Kanawa']","[26350, 376150]",-0.03936053252723477,-0.21468748312665586,0.22980789882272276,-0.18575758899545652,0.0352976575382783,0.31569529799421264,0.16820881495785842
"['Wolfgang Amadeus Mozart', 'Leonard Bernstein']","[26350, 239859]",0.00028384333299214854,-0.048530382310390065,0.08647165687915989,-0.0697039960600745,0.11800919973346635,0.6816058987189889,-0.1409227188153857
"['Wolfgang Amadeus Mozart', 'Leonard Bernstein']","[26350, 239859]",-0.018212167685435356,0.04308440030764298,0.10950865591342394,0.20447983400424216,-0.4570461646198304,0.7779192457548597,-0.4963446144543014
"['Wolfgang Amadeus Mozart', 'Vladimir Horowitz']","[26350, 119107]",-0.06072167159054658,-0.32293871079548114,0.0709266817037103,0.27323523490420565,-0.5937536279381421,1.0585342093763397,-0.5545003997405441
"['Wolfgang Amadeus Mozart', 'Vladimir Horowitz']","[26350, 119107]",-0.03275816174068037,-0.09819054809118823,0.417802778491069,0.20658490404961893,-0.608363229703596,1.0285366775357438,-0.7444579835989609
"['Wolfgang Amadeus Mozart', 'Vladimir Horowitz']","[26350, 119107]",-0.007362313290857579,-0.3319585530056988,0.0663521787466244,0.26003376426687574,-0.6007454742084077,1.0581739133576393,-0.525172779594335
"['Wolfgang Amadeus Mozart', 'Vladimir Horowitz']","[26350, 119107]",-0.007362313290857579,-0.3319585530056988,0.0663521787466244,0.26003376426687574,-0.6007454742084077,1.0581739133576393,-0.525172779594335
['Wolfgang Amadeus Mozart'],[26350],-0.19514973823784662,-0.055860113556991074,0.2608443817039897,-0.12124756257831901,-0.28280397962549864,0.5398462305562485,0.09813886961702195
['Wolfgang Amadeus Mozart'],[26350],-0.005162149711135496,-0.13409510405430256,0.18497372330974074,0.057932489510128644,-0.6257230891746061,0.5351877836040232,-0.20264306541550636
['Wolfgang Amadeus Mozart'],[26350],-0.23389465077513305,-0.20596003995106038,0.4986924525464578,-0.07035805697018273,-0.8280306011690436,0.5839205884238738,-0.04904665855655122
['Wolfgang Amadeus Mozart'],[26350],-0.03721685566294562,-0.28963546422719355,0.21646224535323919,-0.1313914079513644,-0.40132043128814515,0.4760170358669279,0.1511607437937692
['Wolfgang Amadeus Mozart'],[26350],-0.09341829908968766,-0.24208392058476905,0.34058643919394155,-0.12044486538160068,0.05564071152210539,0.34999726166577155,0.08697850112729884
['Wolfgang Amadeus Mozart'],[26350],-0.09675007086609197,-0.2065024701526891,0.012763392461066624,0.30327904769149033,-0.5964838668385172,0.9685691316662353,-0.4823595073013329
['Wolfgang Amadeus Mozart'],[26350],0.1844956223689295,-0.12532903486503796,0.077132772015247,0.17699128696922167,-0.10208077750491809,0.7839206294757006,-0.47209834737208717
['Wolfgang Amadeus Mozart'],[26350],-0.020165646831559574,-0.3416272543531934,0.0843620586800902,0.2770568472337724,-0.4306873263237246,0.8796750780354388,-0.6857861359506757
['Wolfgang Amadeus Mozart'],[26350],-0.1550858500485661,-0.22181547896975076,0.1393379033836901,-0.024703475056815537,-0.20025358207859778,0.9630670336505862,-0.16165653441208
['Wolfgang Amadeus Mozart'],[26350],-0.04231553299702941,0.10397689068521482,-0.03619669990203479,0.061451981250182766,-0.0018775670033837235,0.866798695646018,-0.39704787103999306
['Wolfgang Amadeus Mozart'],[26350],-0.1352316278892706,-0.2828519782888245,0.0082901412925105,0.2847511091229753,-0.39941173102274186,1.0632779492293472,-0.5270530119035681
['Wolfgang Amadeus Mozart'],[26350],0.2001066987238251,0.025757996434255543,0.07008295889195434,0.012258414124589011,-0.0626206243550198,0.63611872604244,-0.2944323896656969
['Wolfgang Amadeus Mozart'],[26350],0.10065534503562035,-0.10853552136513359,0.07094503077092805,0.055073607810287833,0.12971029868241366,0.5973632865854778,-0.3599504143710506
['Wolfgang Amadeus Mozart'],[26350],0.30445582476163574,0.15795861026562286,-0.00144341988465011,0.11551724238277054,-0.315173655479879,0.6923155296710967,-0.4365693159943907
['Wolfgang Amadeus Mozart'],[26350],0.07648113630905996,-0.16154061875221226,0.07246211482113724,0.25716526777091,-0.4409178490325634,0.8652312974221357,-0.5633031564486264
['Wolfgang Amadeus Mozart'],[26350],-0.08879803905877662,-0.030989293321035474,0.10416417639647955,0.10834553278491212,-0.435781618895109,1.0283508435886466,-0.5368229504124624
['Wolfgang Amadeus Mozart'],[26350],-0.07941017283841684,-0.21128517957908657,0.2096391252294073,0.08226822139810741,-0.02336321805127309,0.7786212567634346,-0.26424836787457306
['Wolfgang Amadeus Mozart'],[26350],-0.23740479197197217,-0.32455055106248565,0.3185854939645663,0.10728137404886398,-0.5038485278203633,0.6145039916498835,-0.23916567607243913
['Wolfgang Amadeus Mozart'],[26350],-0.19222121835595116,-0.4255699361606569,0.32107604111503213,-0.05840314644679233,0.09409928660373848,0.49259822232734973,-0.07109648846848561
['Wolfgang Amadeus Mozart'],[26350],-0.36530756954610966,-0.4186289383092882,0.09918376013620715,0.19191088198272518,-0.7234449747216106,0.8764866773351101,-0.232073013331945
['Wolfgang Amadeus Mozart'],[26350],-0.3917976526078267,-0.5403387816844526,0.3319145607531526,0.06933573351318904,-0.52357215182571,0.5310673526577415,-0.052591825029136355
['Wolfgang Amadeus Mozart'],[26350],0.13462154415057268,-0.010987175142217184,0.09985695072862787,0.052103550100125455,-0.5415987523922832,0.5232128078371192,-0.2080759562281205
['Wolfgang Amadeus Mozart'],[26350],-0.5506257341433811,-0.5145311452927247,0.26969694451860254,0.11171695452218937,-0.308123395568627,0.6183722172146754,-0.07810646119165132
['Wolfgang Amadeus Mozart'],[26350],0.11930082837367473,-0.009315520786226,0.14380170906501316,-0.14474676118148241,-0.11964679505270077,0.4571172704429777,-0.09174862107103522
['Wolfgang Amadeus Mozart'],[26350],0.1382280259676771,0.0622669085268035,0.10724960186672432,0.1841371916604998,-0.5712521034110666,0.7059732327654076,-0.5348660390663441
['Wolfgang Amadeus Mozart'],[26350],-0.43469232002167996,-0.43963311699696783,0.8659422025520351,0.07249149028112876,-0.5106550181219314,0.7072155178222355,-0.0941410311643078
['Wolfgang Amadeus Mozart'],[26350],-0.011546510260387003,-0.0786555705657233,0.062023719679422426,0.16257879942292974,0.18705525701266584,0.7514966104905849,-0.5497906026992663
['Wolfgang Amadeus Mozart'],[26350],0.00075178360023558,-0.11652685993717074,-0.003283999585752269,0.18569957526216477,0.025450113865241607,0.9354780825734682,-0.4170863176014172
['Wolfgang Amadeus Mozart'],[26350],-0.13039278203056323,-0.15241942343958015,0.22003440435131624,-0.0858441897843897,-0.3060198387965929,0.3625961598748289,0.1667897353241378
['Wolfgang Amadeus Mozart'],[26350],-0.30891432654028317,-0.2604445177265145,0.7911464485688456,-0.04550164066735395,-0.805887617751286,0.7684347427268003,-0.031287615793904405
['Wolfgang Amadeus Mozart'],[26350],-0.42601741147148586,-0.5107908789383341,0.6230368370203383,0.10822737813883564,-0.5064592226470374,0.7005558929007776,0.017205508324949128
['Wolfgang Amadeus Mozart'],[26350],0.05992072941636968,-0.21491654061131646,0.0858658283104841,0.19765279128567007,0.18390369297234127,0.7450215651060925,-0.5296672244163384
['Wolfgang Amadeus Mozart'],[26350],-0.14637601045093915,-0.14429646853062714,0.19899936291585713,-0.14263734088779506,-0.30874250491616806,0.4074645356802718,0.16437931268249237
['Wolfgang Amadeus Mozart'],[26350],-0.0326370985950935,-0.15160578013452677,0.2005857269721801,-0.19460603744288493,-0.2385227753340129,0.3658678124968199,0.1839646454552192
['Wolfgang Amadeus Mozart'],[26350],0.17242559879149613,0.16696841988066843,-0.04398171708939635,-0.016890171837071397,-0.2878805906694967,1.0243290795073197,-0.3153086641522503
['Wolfgang Amadeus Mozart'],[26350],0.3553577371722067,-0.03695223196477684,0.027155634132490118,0.23993387907236993,-0.46912922283161174,0.8229035111589542,-0.4307257333127972
['Wolfgang Amadeus Mozart'],[26350],0.2149096586940619,-0.04474817245270734,0.06479665986020053,0.08776515409828674,-0.057064016221849326,0.5910946607676676,-0.363109180761214
['Wolfgang Amadeus Mozart'],[26350],-0.00886417203013636,0.026877908411213042,0.111047144398315,0.08345819194282923,-0.5254295782263,0.5318716465239733,-0.10797935656443626
['Wolfgang Amadeus Mozart'],[26350],0.008930909498686605,0.15221791333762943,0.04599979948764467,-0.07138189096003793,-0.5150265212482991,0.8054338073890455,-0.08498605643865186
['Wolfgang Amadeus Mozart'],[26350],-0.2908302798325835,-0.46462927086426553,0.22293091969188472,0.015476733864945193,-0.5189221477480829,0.6554977114619492,-0.043678589218126944
['Wolfgang Amadeus Mozart'],[26350],0.2022432527700717,0.08280504892566089,0.044895910051468785,0.11209206675184949,0.1424514232915983,0.6124112939053594,-0.4290192864867435
['Wolfgang Amadeus Mozart'],[26350],-0.050405132313945604,-0.2822355918549845,0.013285390611479354,0.27677069168215024,-0.5883376410475121,1.0763267576860107,-0.5766494293867875
['Wolfgang Amadeus Mozart'],[26350],-0.28294383783837873,-0.2985096509336008,0.15105932746867487,-0.026817096857421216,-0.4424852583389038,0.6635286940492646,0.18053100194008215
['Wolfgang Amadeus Mozart'],[26350],-0.3192665866884953,-0.3947927428529994,0.16588766483686965,0.06392643289072611,-0.6921835501109731,0.6861280411752184,0.09321420000657604
['Wolfgang Amadeus Mozart'],[26350],-0.42321698984817563,-0.3077599887975494,0.1063951208738968,0.040949260433537936,-0.034564804549332216,0.6989851702831581,-0.22583361745519867
['Wolfgang Amadeus Mozart'],[26350],-0.18995410374033245,0.0193047398131767,0.2833387016740968,0.07596743984483927,-0.5095745184262391,0.5572719472244971,-0.3760791813345299
['Wolfgang Amadeus Mozart'],[26350],0.15377241539012584,0.057824992348569776,-0.015453303645074858,0.21065434311855857,-0.5515287974290637,0.8182550311285599,-0.44361230107615146
['Wolfgang Amadeus Mozart'],[26350],-0.23591279570627496,-0.10545042383626646,0.29770760417783015,0.25707394054883975,-0.41676094406075864,0.8809549284529772,-0.8020194178332687
['Wolfgang Amadeus Mozart'],[26350],-0.2021181381013629,-0.14855640147143823,0.2219976153311589,-0.12467254153325691,-0.12406101559436469,0.3548777910051269,0.03461517358767626
['Wolfgang Amadeus Mozart'],[26350],-0.06582345845073706,-0.0695339173601412,0.020879278536529905,0.12491741295784925,-0.0947257874707684,0.8301092453040624,-0.27159335141882424
['Wolfgang Amadeus Mozart'],[26350],0.2706294217715308,0.11004511070005307,0.04541777805832695,0.2610350889606553,-0.763730574851669,0.6186494472459769,-0.4577066816899898
['Wolfgang Amadeus Mozart'],[26350],-0.15743443609989133,-0.2880760965679149,0.1222613652514594,-0.08558817837224639,0.10219793090192704,0.5771915368369731,-0.03927240144831294
['Wolfgang Amadeus Mozart'],[26350],-0.048266221197951174,-0.32541214615807523,0.14125464342835503,-0.054764825531696794,-0.06497477071114573,0.7115817461427215,-0.04720688298751447
['Wolfgang Amadeus Mozart'],[26350],-0.13777156292391754,-0.05693126308174657,0.14391674026267964,-0.10345747410910537,-0.12152262486870812,0.36315518093122745,0.11059691468231256
['Wolfgang Amadeus Mozart'],[26350],-0.1942236129008703,-0.10596399098037791,0.09503056871320964,0.17849179182830102,-0.4171370010240535,1.0248835557071352,-0.5798054487967058
['Wolfgang Amadeus Mozart'],[26350],-0.11534382525158589,-0.13349667944826235,0.1566959016422456,0.12512898558971008,-0.02128536496068164,0.640732748260481,-0.4705351503871636
['Wolfgang Amadeus Mozart'],[26350],-0.06761223559981612,-0.10292400001878677,0.011111782546041674,0.2278617750909815,0.00018404603259545413,0.6740862149956226,-0.576302547982586
['Wolfgang Amadeus Mozart'],[26350],0.12340138647288929,0.018731038513099013,-0.008893408484512118,0.13737501938703667,0.18851402124609273,0.876530160499741,-0.34280002897957057
['Wolfgang Amadeus Mozart'],[26350],-0.17186893465314115,-0.1771992415545051,0.1245146777582883,0.16780031775835583,-0.49557477806778655,0.5908901056080538,-0.19846012729219123
['Wolfgang Amadeus Mozart'],[26350],0.0693588938607106,0.2029666114542137,0.11484236442870252,0.11035748286359798,-0.22695161264224897,0.5618507355173,-0.44695389311209227
['Wolfgang Amadeus Mozart'],[26350],-0.2754854113967867,-0.35240729247737507,0.1570469918673123,0.010785370171480346,-0.7921444621422364,0.7224853039925024,0.12698162546901745
['Wolfgang Amadeus Mozart'],[26350],-0.2964245113052165,-0.6202881910347581,0.2898803629258198,0.1484763939240885,-0.7891503540943579,0.5922045247811473,0.014507666530189521
['Wolfgang Amadeus Mozart'],[26350],-0.17855248861378734,-0.06121802551888492,0.3275683389577779,-0.1775560506264278,0.09757046250895778,0.6377040541551855,-0.06029779365593254
['Wolfgang Amadeus Mozart'],[26350],-0.08974438066322225,-0.07415222123783942,0.12507149454068361,0.13703465762444145,0.0007411434821891826,0.7562379210302744,-0.6133965071479894
['Wolfgang Amadeus Mozart'],[26350],0.207480345523605,-0.00686084043962896,0.16145828306606147,0.04038444792186444,-0.052212210390091926,0.679404539577817,-0.4084992621943837
['Wolfgang Amadeus Mozart'],[26350],0.015426481626787083,0.19490685349522835,0.05331839792877369,0.06050285769357594,-0.10215359125431751,0.8171916060672001,-0.4108823592540226
['Wolfgang Amadeus Mozart'],[26350],-0.02481404011927208,-0.12043626783900548,0.2343266707605314,0.13899871085313686,0.17036832160681215,0.6726734839426693,-0.5838512761584586
['Wolfgang Amadeus Mozart'],[26350],-0.3699356555993008,-0.6537731889972765,0.26376730566317513,0.05098659082906321,-0.5037155810071798,0.7322270640161617,0.04083766260463758
['Wolfgang Amadeus Mozart'],[26350],-0.02785693476793417,-0.024156540155426783,0.017896298192289523,0.09576930604920636,0.006483336280894693,0.8901604168343764,-0.4999534007218605
['Wolfgang Amadeus Mozart'],[26350],0.3195681963459261,0.11099165381017369,0.08146478823472288,0.1093055012149356,0.12941585136179537,0.5611885698050143,-0.3976442919042938
['Wolfgang Amadeus Mozart'],[26350],0.005255139230736016,0.0860055163142526,-0.021742424864717818,0.15478192569867433,0.19549260712911923,0.8248910579208231,-0.37680472841384577
['Wolfgang Amadeus Mozart'],[26350],0.13625112769007272,0.13516380778303916,0.0800647572576529,0.03622406688434184,0.12308714006242645,0.5767690978247925,-0.20695056666844705
['Wolfgang Amadeus Mozart'],[26350],-0.13592210994085965,-0.1526360255890044,0.19585425557297886,-0.2165494546957346,0.0534122400550615,0.44253794156806725,0.2413600029577054
['Wolfgang Amadeus Mozart'],[26350],-0.256617107577511,0.012677005163399922,0.2300413349814362,-0.24868704043420722,-0.3855097677712292,0.6158389727969183,0.196634510403762
['Wolfgang Amadeus Mozart'],[26350],-0.6145559653674304,-0.26640730714129246,0.6930002111438285,0.042895769239189606,-0.2814676978684275,0.8615990459402566,-0.4538995332178627
['Wolfgang Amadeus Mozart'],[26350],-0.27306889625372477,-0.09041056134272121,0.27009333659118684,0.14677717751635053,-0.6333939493560541,0.8718058270776605,-0.432397927516937
['Wolfgang Amadeus Mozart'],[26350],0.10685630618386427,-0.1378507498874746,0.03684799480400582,0.23174098057608972,-0.6114400111414305,1.0539618774186137,-0.4653046912545277
['Wolfgang Amadeus Mozart'],[26350],0.2624737393850166,0.06191907317503383,0.07086547954174215,0.033752365976887924,0.106467620476869,0.5034468626081272,-0.32920450934310985
['Wolfgang Amadeus Mozart'],[26350],0.2856712743283326,0.08338647619002694,0.04354845062852778,0.07030449653821952,-0.1415182518629006,0.6466511745741393,-0.48173659061827123
['Wolfgang Amadeus Mozart'],[26350],-0.11486296161704869,-0.24025670740430774,0.3538838056966859,0.0018541241437231041,-0.2638762006718269,0.5122207150327508,-0.2521793571212667
['Wolfgang Amadeus Mozart'],[26350],0.02511551800269372,-0.26816552244722325,0.06467736369539029,0.10495486680577928,-0.470483981378582,0.909225301950139,-0.294255157697524
['Wolfgang Amadeus Mozart'],[26350],-0.13033037495646102,-0.27463094802279453,0.12341109466213589,0.1022786692993411,-0.2840122447441141,0.8657123946489191,-0.21230572834381198
['Wolfgang Amadeus Mozart'],[26350],-0.18018506482296925,-0.3148290850410652,0.1206228066015149,0.2856921388123721,-0.3969118407757626,1.0608812939130292,-0.683919245035925
['Wolfgang Amadeus Mozart'],[26350],-0.10017269413810989,-0.04850354824155045,0.013716048640926584,0.19376321344428105,-0.08034060439228663,0.8235873841481076,-0.3401719203999076
['Wolfgang Amadeus Mozart'],[26350],0.016280858030799577,-0.0916425675044477,0.07209129585703304,0.11273893037910519,-0.5037049766317062,0.6730992663006258,-0.15319238181143932
['Wolfgang Amadeus Mozart'],[26350],-0.004561594864595502,-0.1555072384345419,0.02891244054092964,0.3543135276576037,-0.6156581264278048,0.7912379714293867,-0.5231762662163267
['Wolfgang Amadeus Mozart'],[26350],-0.0858039586850904,-0.07771172529792561,0.2437775972483444,-0.051833982577551986,-0.5763692195332101,0.3996453764013303,0.08170060463595852
['Wolfgang Amadeus Mozart'],[26350],-0.29522689411935804,-0.35276995030066144,0.013041592670711208,0.17843478549473796,-0.04594319947860524,1.0163207435036263,-0.4726340929783895
['Wolfgang Amadeus Mozart'],[26350],-0.04114394535261148,-0.18842722272214965,0.14731933017987472,0.0392606718578307,-0.07573633207598841,0.49628500816654825,-0.06765013057288048
['Wolfgang Amadeus Mozart'],[26350],-0.25802912570210174,-0.3620976127315277,0.03793166586614035,0.3485495347292808,-0.6623805288196578,1.068815493084037,-0.46885480965540693
['Wolfgang Amadeus Mozart'],[26350],-0.06900753712250672,-0.08069550663897197,0.04086661337889775,0.10389954604540863,-0.47404862872144105,0.8274301254503583,-0.2256900785499236
['Wolfgang Amadeus Mozart'],[26350],-0.09161950192058592,-0.1562044637553767,0.2372944127728636,0.10019068493781973,0.16416701761049893,0.6661971558619743,-0.5688280340728417
['Wolfgang Amadeus Mozart'],[26350],-0.0509501166438825,-0.15841088186781146,0.24385843920157974,-0.09460401280420722,-0.4083394097118328,0.34651477382917717,0.10412505184347566
['Wolfgang Amadeus Mozart'],[26350],-0.3324785070918876,-0.356543898042176,0.22016840930080683,-0.06392787266134854,-0.3504208801753656,0.6260495349791455,0.045489974150630996
['Wolfgang Amadeus Mozart'],[26350],-0.3443676590556327,-0.2701812039402521,0.2624124991133299,-0.03313701455147905,-0.5056877219034388,0.7778747299519763,-0.012760071965473884
['Wolfgang Amadeus Mozart'],[26350],-0.21972811485862317,-0.5244066004882222,0.2431550890979446,0.06433339460022139,-0.3617663925547728,0.43075016753334994,-0.00328096496338555
['Wolfgang Amadeus Mozart'],[26350],0.09439329858394846,0.14293304454997635,0.038736064349690444,0.16043300482284933,-0.023620842782192668,0.6020141092209758,-0.48708532848514
['Wolfgang Amadeus Mozart'],[26350],-0.5165239395531498,-0.29263743799650815,0.32732713747116227,-0.10381454519763716,-0.1645716360909435,0.5870215707004516,-0.006910131672651826
['Wolfgang Amadeus Mozart'],[26350],-0.4465954990221614,-0.4576384749713915,0.2633690150783495,-0.07796001312927799,-0.3365359717968717,0.713087176155635,0.07384202408489797
['Wolfgang Amadeus Mozart'],[26350],-0.2462226433276364,-0.4227230122977503,0.29455913339121137,-0.043854431075734716,-0.5560660802840716,0.4967239909311495,-0.06962092417644548
['Wolfgang Amadeus Mozart'],[26350],0.054994326760892207,0.08728185387277054,0.1410164400306832,0.08027013066224391,-0.13300971341127185,0.6244041421879709,-0.4213450292357233
['Wolfgang Amadeus Mozart'],[26350],-0.19478811627316328,0.11483781502309548,0.688656266981677,-0.17964805908785308,-0.5877645737608165,0.42057300516386553,-0.17938470091680112
['Wolfgang Amadeus Mozart'],[26350],-0.10675516331502226,-0.07895238842638902,0.08839454026680549,0.21974459418506936,-0.43917279082502897,0.8329396370627619,-0.6134577382016065
['Wolfgang Amadeus Mozart'],[26350],-0.4265792346559821,-0.07456950687844138,0.717612726670351,0.2116472633790958,-0.2082544893642838,1.1317074958524211,-0.8332172158549294
['Wolfgang Amadeus Mozart'],[26350],-0.1051296689610575,-0.1266346450083903,0.26382189542229606,-0.07606034086610665,-0.7647337615182568,0.42054216418783125,0.08670462077211646
['Wolfgang Amadeus Mozart'],[26350],-0.38302655484222475,-0.3686121002045221,0.269561243593005,-0.010293853725795048,-0.7887632312334599,0.7336774773697067,0.03425072405601906
['Wolfgang Amadeus Mozart'],[26350],-0.3575671687436978,-0.335575307384274,0.7256957197097222,0.06412789782190348,-0.5258872897865932,0.6535213945106515,0.04270902169032811
['Wolfgang Amadeus Mozart'],[26350],-0.13337578914225584,-0.347549352690564,0.1883279725762767,-0.03218258057053576,-0.3921640521774848,0.3589098452971037,0.11689135306904629
['Wolfgang Amadeus Mozart'],[26350],-0.285722310549876,-0.5284618715537021,0.3479943461502093,-0.022857165067868043,-0.09040864013645618,0.46354033480626017,-0.019559372002837104
['Wolfgang Amadeus Mozart'],[26350],0.27422107035054666,-0.25012364350505595,0.07432854814054843,0.28913402939305344,-0.45687521477386434,0.8288761970231459,-0.5246471302453302
['Wolfgang Amadeus Mozart'],[26350],0.3507686972839708,-0.07889857065687383,0.0928144979639317,0.14960747354527074,-0.12329647377532593,0.7491606146759273,-0.4570233266491811
['Wolfgang Amadeus Mozart'],[26350],0.18799661798636447,-0.061736366981461545,0.05424360007880628,0.23929247978439774,-0.7134560422357356,1.0046710579034186,-0.46858671469472124
['Wolfgang Amadeus Mozart'],[26350],0.24859353160481137,0.1754732922323064,0.05633941889026965,-0.0021896236202468473,-0.06337349173048994,0.6123190874931611,-0.4494464087923285
['Wolfgang Amadeus Mozart'],[26350],0.2390149085385994,0.0646154093650485,-0.001418960297812126,0.10502561570845205,-0.2928073662420561,0.8580367757159698,-0.3990798497106138
['Wolfgang Amadeus Mozart'],[26350],0.2904428801612542,0.03183859733151227,0.0340543278377518,0.19924859523024538,-0.5767398857741461,0.7116698315934362,-0.5093406881173144
['Wolfgang Amadeus Mozart'],[26350],-0.23312628557143872,-0.07809371505297866,0.09737835134140993,-0.04007845919788758,-0.5297673120402814,0.6132347359413923,0.009514346964383117
['Wolfgang Amadeus Mozart'],[26350],0.19249063421223878,0.05579658821597359,0.055942173577353295,0.13088030378674653,-0.31881749528840403,0.6459736244417905,-0.34999340987978333
['Wolfgang Amadeus Mozart'],[26350],-0.12833224901257245,-0.22092631004700383,0.1375600568617328,0.0759814639246294,-0.4788461131581549,0.8628050383703819,-0.18513328292440395
['Wolfgang Amadeus Mozart'],[26350],0.14692801966822186,-0.2595158213619573,0.07141856290665517,0.21242981744784697,-0.2637753390488772,0.9061291919053431,-0.5855349976053892
['Wolfgang Amadeus Mozart'],[26350],-0.27454275367258935,-0.4880548490317182,0.6696726803199909,-0.05650971345318372,0.007045576795592535,0.664644483732895,0.1465984568406383
['Wolfgang Amadeus Mozart'],[26350],0.21332354401515927,-0.12290672383659347,0.05751856633938503,0.1059642025340943,0.15052344925656558,0.6787448709715981,-0.4901280726758139
['Wolfgang Amadeus Mozart'],[26350],-0.5422531526017496,-0.17404367337967563,0.9012542116266276,0.2316721719195077,-0.28757127270800353,1.2257331002892702,-0.7672602077805512
['Wolfgang Amadeus Mozart'],[26350],0.10683837984432679,0.1918674918470251,0.1794204755477522,0.13160267737774722,-0.7725531546207509,0.6502477023226177,-0.5230006269487065
['Wolfgang Amadeus Mozart'],[26350],-0.08608529519455718,-0.3792679178566615,0.31502274693333937,-0.14916424526195216,-0.12877805816372584,0.43051179565314074,0.038333552269063174
['Wolfgang Amadeus Mozart'],[26350],-0.6108287408351405,-0.5160785886202461,0.23885803914824827,0.044724864827297636,-0.7460933542025003,0.9209026908657273,-0.06812074525230036
['Wolfgang Amadeus Mozart'],[26350],-0.2489263048354502,-0.15009840553912662,0.027446514330745134,0.1943817147874173,-0.5883669502471564,1.1031827895070814,-0.5453463449522811
['Wolfgang Amadeus Mozart'],[26350],0.248753400785466,0.2535656269095858,-0.06237562032783456,-0.009545741211820098,-0.29510850734563554,0.9808949873864545,-0.3331979765968615
['Wolfgang Amadeus Mozart'],[26350],-0.002444733216514652,-0.1675098458627677,0.035321940119901425,0.1438843235452544,-0.6440511232576195,0.8992058060295647,-0.366009735510465
['Wolfgang Amadeus Mozart'],[26350],0.17988499303616398,0.03422542821942094,0.07076429515911498,0.0694940430687792,-0.1423112466218197,0.6443755011499525,-0.2951949566071724
['Wolfgang Amadeus Mozart'],[26350],-0.16907446218949224,-0.36701299166266754,0.13154048167399832,-0.006888104453344687,-0.11405855699591035,0.8932178886837079,-0.21593407654198096
['Wolfgang Amadeus Mozart'],[26350],-0.07105955134450606,-0.1507623987429754,0.0496083052966106,0.16444870909736387,-0.44669853719317054,0.9200770248267007,-0.35770427478542627
['Wolfgang Amadeus Mozart'],[26350],-0.07129601363794753,-0.06932412483227707,0.03349356592775735,0.14550545515396734,-0.09232758012898495,0.8183942361879505,-0.2752967563908169
['Wolfgang Amadeus Mozart'],[26350],-0.1059211704518172,-0.29844158769702017,0.16022074183171275,0.10702394793889171,-0.6731202704087667,0.7955899638246816,-0.10610728281887495
['Wolfgang Amadeus Mozart'],[26350],-0.1159549068520092,-0.2743295536899868,0.12601391454992023,0.03739344140881413,-0.10097983910789814,0.9052787621900048,-0.3522302067742234
['Wolfgang Amadeus Mozart'],[26350],0.03119984764639675,-0.04005309738312892,0.11145918627894476,0.04568436785733917,-0.7235944721573181,0.5503311089382172,-0.10613847883883014
['Wolfgang Amadeus Mozart'],[26350],0.023987633648635914,-0.14191350924943757,0.07753236368735328,0.0023391973389516366,-0.04538286997964245,0.7380130666942779,-0.1788610641046664
['Wolfgang Amadeus Mozart'],[26350],-0.2152423460430586,-0.5563666589778108,0.17958354597437284,0.10995774398271041,-0.2683954774222576,0.9439156204113396,-0.37533171285697686
['Wolfgang Amadeus Mozart'],[26350],-0.18501533327984793,-0.1858762484699088,0.2417599495137981,-0.03538159789046478,-0.8229369487589843,0.5846859426186619,0.010204608186195334
['Wolfgang Amadeus Mozart'],[26350],-0.15168579964027043,-0.13256078389440806,0.1597446681287843,-0.2905964437598392,-0.30502610847623757,0.6471072501977551,0.24025933366673982
['Wolfgang Amadeus Mozart'],[26350],-0.0709618364429805,-0.103674467468768,0.2169872574374883,0.10527226946195563,0.16447622561113984,0.6557803890610063,-0.5766073010394492
['Wolfgang Amadeus Mozart'],[26350],-0.25702842197494075,-0.23228531496914584,0.02220169626679237,0.05170077403020431,-0.047771715784130975,1.1685480185892294,-0.5442574016548102
['Wolfgang Amadeus Mozart'],[26350],-0.1666842778725831,-0.40505816256000765,0.18728956703481667,0.09028654359131945,-0.5064040424760757,0.6457781599526506,-0.20886825646221838
['Wolfgang Amadeus Mozart'],[26350],-0.11590066185688308,0.04322971713345009,0.1270435612423768,0.25438327093663177,-0.7037481378959292,0.8982445898055208,-0.5772376904676475
['Wolfgang Amadeus Mozart'],[26350],-0.03374213465927744,-0.3596789615555625,0.09943112946430843,0.2893046134817683,-0.7247929343934094,0.790985587726466,-0.4870524199927902
['Wolfgang Amadeus Mozart'],[26350],-0.314689639038309,-0.25358248551811413,0.16855384640820278,-0.11813959904408414,-0.08092341009176798,0.6373757297523612,0.04239675169646215
['Wolfgang Amadeus Mozart'],[26350],-0.15851695895355924,-0.20338594998301077,0.1877552817768495,0.006829055373225103,-0.8297066840429043,0.46302649310859917,0.045023436181873544
['Wolfgang Amadeus Mozart'],[26350],0.006387511151086879,0.036268854357573814,0.0045904109121875265,0.07796288218257723,0.001244479373480541,0.8788153483530481,-0.4231173962985891
['Wolfgang Amadeus Mozart'],[26350],-0.49256537004978,-0.27087542005340076,0.7537583389465602,0.015166167720042126,-0.5227505453912829,0.6093671883858489,-0.2268757927770203
['Wolfgang Amadeus Mozart'],[26350],-0.07282789874284051,-0.03110926074816873,0.032016796751278116,0.1896480208255208,-0.07654795292442139,0.8355439761853496,-0.38687540807806686
['Wolfgang Amadeus Mozart'],[26350],-0.20255420433635163,-0.06527819927343836,0.1485603340653433,-0.22661042126168737,-0.2929131897410474,0.6227476220625516,0.29482538486479826
['Wolfgang Amadeus Mozart'],[26350],-0.44032915263012845,-0.24412898829339894,1.3353646744545666,0.03656878400164413,-0.3415367395495093,0.7226373922532231,-0.11028329694748473
['Wolfgang Amadeus Mozart'],[26350],-0.08244391124322183,-0.17389601097079166,0.16203620456584725,0.09920873043303752,-0.6680937388499286,0.7800453738734918,-0.320666346693002
['Wolfgang Amadeus Mozart'],[26350],-0.08508890001879103,-0.11212680885079769,0.1907496785710407,-0.18036326410657477,-0.22873603769287548,0.375701396671575,0.13197207778964792
['Wolfgang Amadeus Mozart'],[26350],-0.23832759138679555,-0.2692393714894209,0.2499321569745004,-0.05640854561705384,-0.3776298748224549,0.4503244223382377,0.034680322104297334
['Wolfgang Amadeus Mozart'],[26350],-0.4594438361147623,-0.4149742530070914,0.21414529548320266,-0.022306004633959948,-0.1679273030262657,0.4867706146818111,0.033120522759729855
['Wolfgang Amadeus Mozart'],[26350],-0.2900401338998637,-0.13619174753907898,0.3367585082835236,-0.2997866638430669,-0.1193202958086053,0.5925638544691533,0.12826439767798026
['Wolfgang Amadeus Mozart'],[26350],-0.07609676776455843,-0.2602589390796921,0.23101733932708302,-0.07671634232150927,-0.4008913984293797,0.3764597765524673,0.1354083352068431
['Wolfgang Amadeus Mozart'],[26350],-0.1585261370793889,-0.22006515814841182,0.3409503663950704,-0.11225756144403365,-0.12455906030534608,0.36999855252483504,0.0480660005492004
['Wolfgang Amadeus Mozart'],[26350],0.2133556705707876,0.06375200725982468,0.03942363431995181,0.1586873252419796,-0.2996462054644304,0.7155980261518657,-0.444019143748211
['Wolfgang Amadeus Mozart'],[26350],-0.3641512728563862,-0.5129568848282171,0.19283493993140305,0.057489977022747815,-0.7776546991073879,0.7604438820692565,0.07998695989845457
['Wolfgang Amadeus Mozart'],[26350],-0.4756167732529403,-0.4356693023754044,0.18194472265608824,0.03828166119829252,-0.510339153848945,0.6182674482283316,0.045780042208513255
['Wolfgang Amadeus Mozart'],[26350],-0.1876700507674541,-0.2744259728076492,0.361302613920242,-0.07359573937500974,-0.37617294270656687,0.5339978085544499,0.15715640596220354
['Wolfgang Amadeus Mozart'],[26350],-0.49298003184855455,-0.38949726468633755,0.42153138724673567,0.026542813351764453,-0.5146454369954553,0.6022421183951691,-0.12259427011413362
['Wolfgang Amadeus Mozart'],[26350],-0.216336310961431,-0.31293946998736244,0.21961947339469357,-0.17365363207948967,-0.3004891267157407,0.49679917922219885,0.043505662525751304
['Wolfgang Amadeus Mozart'],[26350],0.25637760546617,-0.007247316854299322,0.06070328550988135,0.1710739708435756,-0.5854687502883449,0.6943692172946075,-0.45331209568106845
['Wolfgang Amadeus Mozart'],[26350],0.13410226328966607,-0.22233749106148487,0.02972470389312765,0.05036371357349968,0.18621544198508297,0.9958796395683313,-0.5073330061232169
['Wolfgang Amadeus Mozart'],[26350],0.25847621526424025,0.007902318061603382,0.004299710618870954,0.02783394989429995,0.15705841267639303,0.8520032926785093,-0.35478666541570775
['Wolfgang Amadeus Mozart'],[26350],-0.11222292133995818,-0.25726891625513604,0.07127764992620123,0.10656148377381226,-0.6436544481468538,0.9662919236637447,-0.2358491618619735
['Wolfgang Amadeus Mozart'],[26350],-0.08742558355054317,0.0017336112618685472,0.1107901397742065,-0.2880176612770786,-0.21803155040744174,0.6040574247155761,0.2593532500014548
['Wolfgang Amadeus Mozart'],[26350],0.25266051864960115,0.13458335947545944,0.02079841325372896,0.05105725783041262,-0.30363814308833303,0.8436311161491177,-0.4190476815308114
['Wolfgang Amadeus Mozart'],[26350],-0.13745574464662866,-0.157631395329453,0.1466369204501057,-0.053554044675167875,-0.3348467048850779,0.7142828755266026,-0.09401603690383234
['Wolfgang Amadeus Mozart'],[26350],0.24082470018210173,-0.13192828229649695,0.04175884180280151,0.22455595950816662,-0.2804931783291117,0.808880111080557,-0.4108688423310241
['Wolfgang Amadeus Mozart'],[26350],0.20635394725268041,0.1303699701875252,0.02887773649744048,0.10887432105154239,-0.31609092939090955,0.6768200890120993,-0.38631683311215625
['Wolfgang Amadeus Mozart'],[26350],0.012173090724222272,-0.15034508377442019,0.22126489731667986,-0.09833125608012885,-0.404293445518101,0.41320082843483047,0.14075470632929343
['Wolfgang Amadeus Mozart'],[26350],0.24009128923536388,0.05888568567690296,0.031265506928979864,0.23684038039129998,-0.7528231607220311,0.7383257784439085,-0.3980488411608154
['Wolfgang Amadeus Mozart'],[26350],0.3277594940549553,0.05753096546982376,0.05802024601170016,0.10412462004107531,-0.144380448610148,0.6316441773490995,-0.4011145710130206
['Wolfgang Amadeus Mozart'],[26350],-0.22021602739029816,-0.17629213455294918,0.15308240543780322,-0.04735406349951862,0.06593768821698914,0.29205120979280746,-0.007585178891943877
['Wolfgang Amadeus Mozart'],[26350],-0.16639201658561611,-0.3451588502602409,0.2019384917332187,-0.028939501822826,-0.8282948431395721,0.5711820903541382,0.11414092366112029
['Wolfgang Amadeus Mozart'],[26350],-0.23135235509392668,-0.07155449416568822,0.16060819122902228,-0.29060463964618855,-0.21178020930951383,0.6070854435320552,0.25209981439617
['Wolfgang Amadeus Mozart'],[26350],-0.006120573230620538,0.03700079188708437,-0.00650937071913107,0.2704545115158958,-0.7039534495276887,0.9345276667196508,-0.371626264298413
['Wolfgang Amadeus Mozart'],[26350],-0.036031208379974436,-0.185928729068617,0.2015369731998262,0.21514572918467118,-0.7457195099309364,0.7527994281373641,-0.4831238342414104
['Wolfgang Amadeus Mozart'],[26350],0.2209657410347669,-0.1576881738838375,0.0716806138867375,0.17976491738943912,-0.09744829225872437,0.8407087975734564,-0.46624511843423905
['Wolfgang Amadeus Mozart'],[26350],-0.0036561149504945314,-0.13992477138433637,0.22137645736424635,-0.19227152662389607,-0.24347576546877858,0.34095666859962487,0.16844473930093312
['Wolfgang Amadeus Mozart'],[26350],-0.04842218226949555,-0.29405849856544364,0.08596666098825004,0.22094527048177734,-0.08264287191339706,0.7833672741312759,-0.4984647933600287
['Wolfgang Amadeus Mozart'],[26350],-0.029502218453321512,-0.13249884057658287,0.03625196379286782,0.07661330313571574,-0.09353952527027032,0.9100758072443418,-0.3517107259667317
['Wolfgang Amadeus Mozart'],[26350],-0.28954833258102664,-0.24384375649391954,0.3579027064073822,0.06852376204992378,-0.48936225777761194,0.7477240486581839,-0.18544594330484926
['Wolfgang Amadeus Mozart'],[26350],-0.18315266729619153,-0.007878355215239984,0.0012752511836522195,0.0745347629005309,0.1973517799236055,0.891818011661567,-0.489314107936872
['Wolfgang Amadeus Mozart'],[26350],0.07224569249171249,0.06367664223425364,0.09585108551221183,0.07800691355670343,-0.12454409504535799,0.7163370972927281,-0.3898927375032735
['Wolfgang Amadeus Mozart'],[26350],-0.0837353643950303,-0.24808858814613835,0.06638949744786944,0.26620487194418524,-0.06601009579465332,0.8098079881598984,-0.6120230546940635
['Wolfgang Amadeus Mozart'],[26350],-0.09421000731728318,-0.31088978311719756,0.21278306914439948,0.21485638961922818,-0.07545847842087151,0.8324033350473938,-0.583988076800668
['Wolfgang Amadeus Mozart'],[26350],-0.19673430535930386,-0.08908788377431595,0.04975846806375418,0.18894071274076388,-0.42053467668512157,0.9833867782196676,-0.5627212305739544
['Wolfgang Amadeus Mozart'],[26350],0.03579084129362748,-0.02572195569730937,0.03669607851086396,0.0639549721216809,-0.10350544518969185,0.846893872397782,-0.40372997112869524
['Wolfgang Amadeus Mozart'],[26350],-0.1117376206611913,-0.20414977097041326,0.33935928116797537,-0.12249361329814179,-0.12960868472847967,0.36188879955890774,0.06065865452553656
['Wolfgang Amadeus Mozart'],[26350],-0.21186114708598414,-0.10423556677365067,0.4329137711236021,-0.09021200166132813,-0.5620327456492852,0.5120755132938657,0.03348366880042902
['Wolfgang Amadeus Mozart'],[26350],-0.31461031930971767,-0.10345502329937788,0.17153293814893175,0.1095883543421189,-0.050555527107961226,1.0190080100455063,-0.6544635468218438
['Wolfgang Amadeus Mozart'],[26350],0.04263089809141086,0.09306207593051083,0.029118745291302175,0.19673613768833573,-0.015898766187155532,0.6037558422797911,-0.4776854350273683
['Wolfgang Amadeus Mozart'],[26350],0.17739908232551627,0.050418841404174915,0.021103920495060248,0.16917249220096717,-0.2801925557694034,0.8195819044859867,-0.475194943394069
['Wolfgang Amadeus Mozart'],[26350],-0.526373769708735,-0.3866839833285733,0.279515977282646,0.10673726174207475,-0.7929655567447822,0.4894163036205391,-0.13531549330108641
['Wolfgang Amadeus Mozart'],[26350],0.09276504196119667,-0.004076290276686759,0.018450295514174455,0.19892775064135806,-0.2609088826474514,0.9132404073376533,-0.33947298041226465
['Wolfgang Amadeus Mozart'],[26350],-0.3107894935242312,-0.28272785153215935,0.29531319320251576,0.012714822955214826,-0.3621928510782678,0.43689639401484714,0.04842529779893882
['Wolfgang Amadeus Mozart'],[26350],-0.49291009668489855,-0.5358041078028483,0.4410151450915885,-0.01945613168419086,-0.06214714470018104,0.5673896633975032,-0.1348250014629538
['Wolfgang Amadeus Mozart'],[26350],-0.21490027623748414,-0.1879524127952959,0.2685489066016255,0.031624389916731534,-0.84024201319168,0.3558499935468905,0.0313350346239853
['Wolfgang Amadeus Mozart'],[26350],-0.3562511745325553,-0.33564449101212523,0.4510411835280779,-0.1401632454280063,0.09444166034254815,0.5847352941333992,0.020625867852565948
['Wolfgang Amadeus Mozart'],[26350],-0.32212775116216885,-0.5848907891136967,0.4429324564321335,0.018870022088982294,-0.16694953483103794,0.507919886149743,-0.0696950968121861
['Wolfgang Amadeus Mozart'],[26350],0.0034881211148539396,-0.06014754491457534,-0.011577658882339392,0.039819101595779144,-0.00912125420963943,0.8847487280295308,-0.4065696993092781
['Wolfgang Amadeus Mozart'],[26350],-0.12045167887744367,-0.3176732734328302,0.18133935658010447,-0.10891114268466412,-0.8323287799765196,0.6771879160409778,0.16369319101462615
['Wolfgang Amadeus Mozart'],[26350],0.28769454938898187,-0.04361508337173461,0.021562378694759528,0.11993963302369025,-0.10225066313489418,0.9122355796669187,-0.3712725907188371
['Wolfgang Amadeus Mozart'],[26350],0.2188388785030564,-0.15898866563891173,0.051038190447401204,0.3330301995822046,-0.727395348846139,0.7994662179618267,-0.47599617344730716
['Wolfgang Amadeus Mozart'],[26350],0.09354797072313674,-0.34517916790660375,0.07393339279181607,0.12855183738050366,0.18460295816478403,0.8749239002335417,-0.5460219341087149
['Wolfgang Amadeus Mozart'],[26350],-0.4208236207222937,-0.3379112549495961,0.19436123781422138,-0.04547223963867511,0.07930966231408558,0.28064420571453014,0.015476199355757357
['Wolfgang Amadeus Mozart'],[26350],0.15910259031792404,-0.12988449406264105,0.027781902406528183,0.20546976909551376,-0.10079083117340273,0.7386476169524646,-0.45560476348952517
['Wolfgang Amadeus Mozart'],[26350],0.015518165667120635,-0.1763066655844272,0.02260054252515149,0.2495519383085538,-0.5955744171947441,1.0983079704726642,-0.4976329256316378
['Wolfgang Amadeus Mozart'],[26350],0.03600415409711443,-0.30729393186625426,0.04876706164969856,0.08577890759562909,0.2031972622620206,1.036491442587345,-0.5531101098676876
['Wolfgang Amadeus Mozart'],[26350],0.1576836981712262,0.12785548011138112,-0.01604960988448463,0.0027756291112003683,-0.12161595181937479,0.8521716521585829,-0.38267513277690096
['Wolfgang Amadeus Mozart'],[26350],0.18755659723812107,0.08891765480707982,0.08454557267163607,0.12733548896566027,-0.6762325703838395,0.7371919468620538,-0.4484038804350465
['Wolfgang Amadeus Mozart'],[26350],0.018978363531527792,-0.2124045333084329,0.2103710806837418,-0.12960899144315963,0.041269255184373306,0.29670288741361145,0.09286184441227846
['Wolfgang Amadeus Mozart'],[26350],0.3421596380600679,0.15246094629170273,0.03868749007707276,0.10715116738130645,-0.33001339031834204,0.6226307282286104,-0.42785729532921146
['Wolfgang Amadeus Mozart'],[26350],-0.13542521870188992,-0.24799078467607324,0.19067087444530786,-0.09974672747436458,-0.3885636311743003,0.4795250467880565,0.20339443660222484
['Wolfgang Amadeus Mozart'],[26350],-0.12961608328991772,-0.10668083095412051,0.16175229230577773,0.13201181487325286,-0.9432552322876894,0.25878159860099187,0.033794631585266584
['Wolfgang Amadeus Mozart'],[26350],0.010892324161490762,-0.3017600479775872,0.027124841326440736,0.09174625738710904,-0.05150980940749679,1.2036292963950699,-0.4863573779108544
['Wolfgang Amadeus Mozart'],[26350],0.0011744435578519442,-0.3538324773544025,0.07379982001507969,0.10507755315355222,0.03978009113131349,1.1709917304828426,-0.5724637132034298
['Wolfgang Amadeus Mozart'],[26350],-0.13824038103887737,-0.2731644541356203,0.12893667294827196,-0.004490747883551983,-0.10312061790390409,0.9618694549737703,-0.2358012163316436
['Wolfgang Amadeus Mozart'],[26350],-0.014825262151784056,-0.1611530142083476,0.06099288361475291,0.2463333074598812,-0.46016356666354,0.7193813895809316,-0.43599121695520227
['Wolfgang Amadeus Mozart'],[26350],0.24398040391501957,0.12034122597254124,0.04286710145674842,0.04670405224942304,-0.05734465919078922,0.5990941279225158,-0.4516335216345238
['Wolfgang Amadeus Mozart'],[26350],-0.4016090647764796,-0.6778317497665811,0.2584239261105164,0.04908035943579568,-0.3344115504652437,0.5891829502328491,-0.05385442886231574
['Wolfgang Amadeus Mozart'],[26350],-0.12474518794308691,-0.06789840160274545,0.32972911728871,-0.3241552137386251,0.053034552687965336,0.5945043525959219,0.2300039521714397
['Wolfgang Amadeus Mozart'],[26350],-0.23354711340399206,-0.24301429665366536,0.645737999551882,-0.07188747181483834,-0.18430788949865312,0.5662505594951355,0.0557492469777619
['Wolfgang Amadeus Mozart'],[26350],-0.04281558716923296,-0.16035722053062199,0.275644481352117,-0.057154076433893045,-0.8652630610633938,0.37152585071717126,0.0577827524955822
['Wolfgang Amadeus Mozart'],[26350],0.21567543091680144,0.0968852066682864,0.011402102239971273,0.17558312005623603,-0.2968476751975117,0.6976716251580022,-0.4758842364057454
['Wolfgang Amadeus Mozart'],[26350],-0.35805191535742653,-0.34892339733431,0.20159272310143475,-0.13185929933417362,-0.5460233055871014,0.6259551890027182,0.04397124433456806
['Wolfgang Amadeus Mozart'],[26350],-0.36414009450397505,-0.40489249144674483,0.19197105549751456,0.06954690074289098,-0.5139084319306084,0.6001543680217489,0.06386564164000681
['Wolfgang Amadeus Mozart'],[26350],-0.326936915861323,-0.355620029128793,0.34761521223776065,-0.046452346396097105,-0.09620823508601271,0.4161471832395926,-0.023812779239083412
['Wolfgang Amadeus Mozart'],[26350],0.24211364530687685,0.11936591364637178,0.05484972888885103,0.1084271130735715,0.14699206479471036,0.638934834429939,-0.40769196172518096
['Wolfgang Amadeus Mozart'],[26350],-0.6862706783154603,-0.14554024469128504,1.312627189080103,-0.18278024773370793,0.13886830114921073,1.0396373870573712,-0.005561549658502526
['Wolfgang Amadeus Mozart'],[26350],0.05981202244661013,0.014464692365273398,0.005442253077233517,0.14833605421855883,0.19295223929297667,0.8604744954289386,-0.357250554098433
['Wolfgang Amadeus Mozart'],[26350],0.029382223727464657,0.13673564528649862,0.002826761244804841,0.18229887569467268,-0.10985119257829057,0.604850995954665,-0.5168891807640218
['Wolfgang Amadeus Mozart'],[26350],-0.05246254246080809,0.05777681059061257,0.05403995975329459,0.25805906360615566,-0.6387766724415493,0.6959953352136904,-0.5636154542475126
['Wolfgang Amadeus Mozart'],[26350],-0.3643594011906346,-0.35024552412177545,0.9056261732804008,0.09290680055584416,-0.8006480144923889,0.5619492191312205,-0.3617871751689672
['Wolfgang Amadeus Mozart'],[26350],-0.2753470272466628,-0.1133335002712355,0.616946037588826,-0.14763347466334006,-0.11272054115535463,0.4272687024490772,-0.18156844094307809
['Wolfgang Amadeus Mozart'],[26350],-0.33525976303435395,-0.1607899145560725,0.6075527542280877,-0.009709853363445107,-0.8062401171644801,0.643797938459016,-0.05411074737536717
['Wolfgang Amadeus Mozart'],[26350],-0.22930177603939442,-0.03138076025794707,0.06207076987878049,-0.08716882530018255,0.09756559303445433,0.5651083158799759,0.03749910150026909
['Wolfgang Amadeus Mozart'],[26350],0.15067260064927349,-0.06250130083128004,0.11725554888974393,0.20123433970501425,-0.10629883262309364,0.6974298951647703,-0.462918313152635
['Wolfgang Amadeus Mozart'],[26350],-0.08796561124924565,-0.041558901938164125,0.14601099396951986,-0.20617531416752247,-0.40241751614923116,0.5008980014431385,0.1400610692523811
['Wolfgang Amadeus Mozart'],[26350],0.2883726634036184,0.08588398150466409,0.014812953178673966,0.1750597745718697,-0.3019939838806843,0.6991570948891749,-0.46372721345522877
['Wolfgang Amadeus Mozart'],[26350],0.23972270816272986,0.09878314382881204,0.007728416637737632,0.26870547157664887,-0.7491866298108087,0.7000034028736148,-0.4328962956777381
['Wolfgang Amadeus Mozart'],[26350],-0.05821555806825371,-0.33991607500428855,0.028584939260107224,0.2881077151255712,-0.5855603673535911,1.0957332343068173,-0.553241998421497
['Wolfgang Amadeus Mozart'],[26350],0.32113616130539624,-0.053531198332701334,0.02435371876583563,0.0833010316953828,-0.025736192677737833,0.8562455687192017,-0.3521043571272317
['Wolfgang Amadeus Mozart'],[26350],0.17878939519134632,-0.20064307226241562,0.08555951411011124,0.1757870837000804,0.18142798563849902,0.8042362335757993,-0.5088721852294033
['Wolfgang Amadeus Mozart'],[26350],0.20821222738131837,0.006473999120544138,0.0921963675070805,0.1999332980916587,-0.10779748778867532,0.7092655627560045,-0.4592958593635016
['Wolfgang Amadeus Mozart'],[26350],-0.06480024832684908,-0.37555830495856407,0.02348984524776301,0.25536999430485274,-0.6665396623522326,1.2378654649060536,-0.5875257193502752
['Wolfgang Amadeus Mozart'],[26350],0.16714941588857635,0.1160725830720134,0.023683441141426047,0.05014474735694469,-0.05376831113599658,0.5797575611168202,-0.4635600696857944
['Wolfgang Amadeus Mozart'],[26350],0.2601554430917177,0.2065882419783895,0.025552023552927395,0.056878493173016735,-0.05801612604535278,0.5595607936831868,-0.5366546972342755
['Wolfgang Amadeus Mozart'],[26350],-0.05274841633931238,-0.190473593406615,0.2681392656238387,-0.0700132956439869,-0.5727568891022761,0.485202332548199,0.1243893196763533
['Wolfgang Amadeus Mozart'],[26350],0.1153586582636175,-0.06504933606862445,0.05099282537617787,0.037163574067867466,-0.12447895940463906,0.8043996840826987,-0.285315013943429
['Wolfgang Amadeus Mozart'],[26350],-0.14032982022354556,-0.19652751943089908,0.24043771445210788,-0.08916537979031217,-0.8451127239524427,0.5227798789644404,0.1359865122934782
['Wolfgang Amadeus Mozart'],[26350],0.2209657410347669,-0.1576881738838375,0.0716806138867375,0.17976491738943912,-0.09744829225872437,0.8407087975734564,-0.46624511843423905
['Wolfgang Amadeus Mozart'],[26350],-0.3544490619331694,-0.5902614324140139,0.24450277856346675,0.14932794026049392,-0.7681034009510394,0.6910394811319278,-0.052119790368160085
['Wolfgang Amadeus Mozart'],[26350],0.19629568647131618,0.23453975819237577,0.16606062385639359,0.13397934047512952,-0.5805350510204821,0.7273602668566498,-0.5038270894677933
['Wolfgang Amadeus Mozart'],[26350],-0.17983921809284065,-0.17282494346232016,0.1960635515100491,0.22920208907194073,-0.4564506712483676,0.7245726149823154,-0.45954570312276827
['Wolfgang Amadeus Mozart'],[26350],-0.24546890917157604,0.13038703635750876,0.035416302643743576,0.005617373539598716,0.1780908593844982,0.7978347677590782,-0.4637738082314767
['Wolfgang Amadeus Mozart'],[26350],-0.1991592734344614,0.027383697918999087,0.0976564180447898,0.15863027643673216,-0.34860694679188636,0.8860163044462497,-0.4055983019038947
['Wolfgang Amadeus Mozart'],[26350],0.0022680887665142173,-0.17443998911315015,0.09517455258816226,0.16046473634189085,0.17589375440330793,0.6935058959134133,-0.5860107831449853
['Wolfgang Amadeus Mozart'],[26350],-0.12135902313734437,-0.21013867805462733,0.17692849706907737,-0.06349378491179754,-0.1880883973518001,0.4937308388889504,0.039860998503194925
['Wolfgang Amadeus Mozart'],[26350],-0.1092772272885598,-0.12519243457277207,0.27330820507452924,0.03821249479768005,0.11605102491149709,0.48429439514466505,-0.21314371522252162
['Wolfgang Amadeus Mozart'],[26350],-0.23023573961274799,-0.3663652971882805,0.21377829092418582,-0.03299022520611571,-0.09982368317838305,0.4064300452121959,0.011115804318659831
['Wolfgang Amadeus Mozart'],[26350],-0.028084483131427026,-0.05839762326653661,0.1275142038675364,0.07762321692687178,0.15155503129889414,0.6209138806167479,-0.5231867932304755
['Wolfgang Amadeus Mozart'],[26350],0.02094189175771058,-0.10607089411931114,0.2036767195211095,-0.18050923059554022,-0.15414883312645286,0.315508024132197,0.16474362646983853
['Wolfgang Amadeus Mozart'],[26350],-0.22404134160489728,-0.3171392264416065,0.28545347454615255,0.016425385157400725,-0.712276139171661,0.6526832579637865,0.05969023603978868
['Wolfgang Amadeus Mozart'],[26350],0.19883457233584984,0.15428782549957742,0.10485970310894412,0.17301932735829686,-0.4887423732615411,0.6672881876207447,-0.4328107650747317
['Wolfgang Amadeus Mozart'],[26350],0.0743563526941463,-0.1075731833410161,0.08713758276771559,0.2115925906334344,-0.010198382535261043,0.6488106025331459,-0.5323462517668109
['Wolfgang Amadeus Mozart'],[26350],0.20380538741117385,0.1346900587060304,0.017786583272035188,0.15350122793119694,-0.3008321618063666,0.6944165385909129,-0.45179183452026195
['Wolfgang Amadeus Mozart'],[26350],-0.45896014431884236,-0.3373851515177836,0.31276046800023766,0.02508145205505786,-0.7843557096912995,0.7184214560008858,0.06821327930492305
['Wolfgang Amadeus Mozart'],[26350],0.18128825015598063,0.0048439405526725906,0.0483283403921125,0.0613817965204696,-0.14205587971559192,0.6796528640869025,-0.21511557612768042
['Wolfgang Amadeus Mozart'],[26350],0.1510332467510496,0.21785320322272048,-0.05252631857757537,0.012568095235025686,-0.2896703536529169,0.9444360984179366,-0.3505086828957576
['Wolfgang Amadeus Mozart'],[26350],0.03870447442798825,-0.04518713542454904,0.23140438136464056,-0.19277462830859957,-0.015430861084788012,-0.06886292162295315,0.023263841160391294
['Wolfgang Amadeus Mozart'],[26350],-0.26849843636705495,-0.022275554086528537,0.6744060095585732,-0.2474259199637849,-0.13572554676824922,0.3946736464875039,-0.169738996249053
['Wolfgang Amadeus Mozart'],[26350],-0.2889957010649359,-0.010236709126034223,0.5843724811291368,-0.10638258106585328,-0.8359104297298133,0.5224623965383703,-0.14530835023660912
['Wolfgang Amadeus Mozart'],[26350],-0.20300302604564271,-0.3170913789090206,0.7595808890139785,-0.000310390174991224,0.07380824770267763,0.4586883529845469,0.14358456631399463
['Wolfgang Amadeus Mozart'],[26350],-0.3786901645092291,-0.3669564207025711,1.2649814161693773,0.040445104769374435,0.10504091702735881,0.6216687810824206,-0.04904959332720501
['Wolfgang Amadeus Mozart'],[26350],-0.7296022302649372,-0.7348035779273172,1.2966848863161344,0.3638894782658042,-0.44916131004558174,0.7855364777793942,-0.23632681469172032
['Wolfgang Amadeus Mozart'],[26350],-0.4800237104978187,-0.34308855544857836,0.8412321127865351,0.006644409109180107,-0.322131214151561,0.8953768883620927,0.13357132708521835
['Wolfgang Amadeus Mozart'],[26350],-0.16123977277440718,-0.40574231910299263,0.3135347087669978,0.05207921329025856,-0.8293570450229406,0.47083550718068484,0.010914534503119952
['Wolfgang Amadeus Mozart'],[26350],-0.5528966597398606,-0.43712267466496557,0.4791124171541914,-0.06353854394805507,-0.32369611121704883,0.7631250547139444,-0.15243732518522918
['Wolfgang Amadeus Mozart'],[26350],-0.39924898138764126,-0.29414684146555603,0.22833459662768849,0.055253291952074,-0.5327340142776718,0.4622538396863578,0.017133566135384058
['Wolfgang Amadeus Mozart'],[26350],-0.29122826184790535,-0.3545061120694669,0.22336598740765098,-0.022762504665723857,-0.5259573330934642,0.6925786666830281,0.1843842144236148
['Wolfgang Amadeus Mozart'],[26350],-0.3081509890220536,-0.4178391358998697,0.2379585229205281,0.03301163486926265,-0.7135393383697859,0.5883702700576622,0.07157305022045594
['Wolfgang Amadeus Mozart'],[26350],-0.222789889527251,-0.3404378862350554,0.18349058243153932,-0.017923488392901817,0.14080174141049542,0.6986571026996504,-0.1949507211867542
['Wolfgang Amadeus Mozart'],[26350],-0.1598879605242601,-0.383669082578458,0.5062401160680886,-0.11517310579746373,-0.017433440916192623,0.537299200490873,0.12425452857665999
['Wolfgang Amadeus Mozart'],[26350],-0.22509232389797545,-0.31499693810075324,0.41265363319364634,0.00817426715622538,-0.8304714413878668,0.4682530103025102,-0.08135110797565046
['Wolfgang Amadeus Mozart'],[26350],-0.08015456248363842,-0.14543463478871613,0.2140985775571119,-0.024425924816456356,-0.7535220797042405,0.4156086730351623,0.03400144022854484
['Wolfgang Amadeus Mozart'],[26350],-0.3066473647400275,-0.41539114926552057,0.7961181995319615,-0.04803182055647153,0.08814754997409358,0.49744834207382654,-0.04212909521805706
['Wolfgang Amadeus Mozart'],[26350],-0.313141612762904,-0.707830675021018,0.6402126198525709,0.14324469465516454,-0.5891445609099804,0.847349481644673,0.04241621117286182
['Wolfgang Amadeus Mozart'],[26350],-0.27714170292473966,-0.41548733651663594,0.3059387597813125,-0.06915033870642044,-0.07386914131734595,0.6032000104804816,-0.08112022951926322
['Wolfgang Amadeus Mozart'],[26350],-0.3969128908804671,-0.5206709775461928,0.33356660990288983,-0.07302602589463397,0.0946977831619696,0.45559387155493797,-0.060917567009999236
['Wolfgang Amadeus Mozart'],[26350],-0.2036795815414272,-0.20865692165363053,0.2163626169244671,-0.19352887220621648,-0.21099041806692784,0.4818316382285529,0.1269359176378729
['Wolfgang Amadeus Mozart'],[26350],-0.05454821924579162,-0.10061164450121005,0.05833901902141096,0.13525574824793712,-0.0869897965341182,0.8753156638019451,-0.32537261292230757
['Wolfgang Amadeus Mozart'],[26350],-0.09775824322351953,-0.1523159643538612,0.09559925148496358,0.13923583557273025,0.009541079158590076,0.866258249824761,-0.43451574989560615
['Wolfgang Amadeus Mozart'],[26350],0.1726015077233459,-0.10351770627610707,0.08394020753942397,0.2659307996326436,-0.7456169418499924,0.7151726666902525,-0.5330682160592015
['Wolfgang Amadeus Mozart'],[26350],0.19505616663884445,0.06395187612995386,0.06010956770872893,0.14753136043414977,-0.12356981339210266,0.6443530017608209,-0.45103871004869445
['Wolfgang Amadeus Mozart'],[26350],0.2086891867774644,-0.022500482297426856,0.04173611090192635,0.3192519659399712,-0.610878414534775,0.9738493029528028,-0.3997583082751519
['Wolfgang Amadeus Mozart'],[26350],-0.0951506363887781,0.005190241429342753,0.14324238373114812,0.09404639310585095,-0.702810516852268,0.5368512349782867,-0.21330583176459486
['Wolfgang Amadeus Mozart'],[26350],0.2426946124721869,0.04848811144378342,0.04978885587683831,0.048982321272164425,-0.060525387848371213,0.5714134795706645,-0.4435283025211771
['Wolfgang Amadeus Mozart'],[26350],0.1522986557501963,0.026448275838923195,0.09348019791749138,0.09182712158007195,0.14116690125712023,0.596684460077994,-0.416815593707689
['Wolfgang Amadeus Mozart'],[26350],-0.009568396313890901,-0.12895694767405666,0.2073320111378801,-0.08810847366727861,-0.5900801402505572,0.3724752993009157,0.056918714060996294
['Wolfgang Amadeus Mozart'],[26350],0.3008682235569854,0.08717473800464604,0.04408841485771498,0.14216849356559524,-0.39467186053146247,0.7643031541451439,-0.4441719857059825
['Wolfgang Amadeus Mozart'],[26350],0.04478157867893016,0.007616636706965322,0.011343518993547692,0.05575105545099072,-0.0075625692600607645,0.8790728222578338,-0.45149120658897873
['Wolfgang Amadeus Mozart'],[26350],0.30773153384306134,-0.10457849557474262,0.07346545654463586,0.2977736533547818,-0.6490622157657342,0.7735001215554957,-0.5021632937479176
['Wolfgang Amadeus Mozart'],[26350],0.058623261530030266,-0.04290042444473284,0.09536268096935042,0.07732982819644602,-0.6962061213845707,0.6710573297620324,-0.24434050785128558
['Wolfgang Amadeus Mozart'],[26350],0.16981638937830512,0.004870178512795092,-0.0018203333649925702,0.2606755339027513,-0.6177234026931738,0.9916332663278961,-0.34293433726169636
['Wolfgang Amadeus Mozart'],[26350],-0.2497657832593536,-0.37980327699465316,0.17379478320205427,0.0324015907977469,-0.042735862982341354,0.7002816033517989,-0.06608339585360035
['Wolfgang Amadeus Mozart'],[26350],0.09087561216278915,-0.13782908003885855,0.04523004649111693,0.23070756227390124,-0.2642043486195798,0.8399369493901635,-0.5404960718592321
['Wolfgang Amadeus Mozart'],[26350],0.30385796926486974,0.1242321244315877,0.10845312640966623,0.13847736937995805,-0.4011507499097494,0.7193972509669417,-0.48112271594033706
['Wolfgang Amadeus Mozart'],[26350],0.08160803748252406,0.16208968749734337,0.3103808132421933,0.003812177645701875,0.1489012677583758,0.7113800938462925,-0.6320602137958596
['Wolfgang Amadeus Mozart'],[26350],-0.3644523562805618,-0.321398508330241,0.15158052841408332,-0.07309253553364581,0.13929839251668302,0.747817743867094,-0.05313946770789367
['Wolfgang Amadeus Mozart'],[26350],-0.04884201055380656,-0.11256082427622235,0.19762944371160293,-0.12291067660004126,-0.22400686466352732,0.36794692768619897,0.11210536352965027
['Wolfgang Amadeus Mozart'],[26350],-0.3314814494540879,-0.27118297260642904,0.28418845356779737,-0.11595797035261558,-0.5321643032457359,0.7172416344607881,0.03000037905631873
['Wolfgang Amadeus Mozart'],[26350],-0.06593641944863467,-0.038774460981653824,0.1146184613772455,0.2490246108306917,-0.3624932893467774,0.6847621402401117,-0.604813832527974
['Wolfgang Amadeus Mozart'],[26350],-0.2892843322306523,-0.10404955442484982,0.015288261150769282,0.0414605911376355,0.17833402647632438,0.7980460307013258,-0.3401674878742399
['Wolfgang Amadeus Mozart'],[26350],-0.25521337691338297,-0.26256295526948836,0.08667317645559632,0.2264331141251936,0.042623881778253145,0.9089913378459913,-0.6102367875258486
['Wolfgang Amadeus Mozart'],[26350],0.09897206434478817,-0.08945498960375539,0.01912382074586006,0.2098261056180785,-0.6273976062323077,0.9300645046774546,-0.500875700596222
['Wolfgang Amadeus Mozart'],[26350],0.0011218295208153299,0.04013441662697713,0.12157060706357392,0.14777732100999139,-0.09110104486796573,0.7939952204834471,-0.5008433520266898
['Wolfgang Amadeus Mozart'],[26350],-0.06456105609987474,-0.21335412679580215,0.1323700930616843,0.21680793027681114,-0.0841855809802895,0.7509106008041225,-0.5559204490652596
['Wolfgang Amadeus Mozart'],[26350],-0.06828014044371948,-0.1511470927509525,0.2214894597237502,0.1753992393486298,0.19653036159153703,0.7898460235508515,-0.6684314908087785
['Wolfgang Amadeus Mozart'],[26350],-0.39239696373754235,-0.29120882422760574,0.28209664997873585,-0.10696648150979082,-0.07130030494459585,0.627666926536835,0.019403784785156995
['Wolfgang Amadeus Mozart'],[26350],-0.22460718528853582,0.1026128516138684,0.7555474138161252,-0.15615320786774162,-0.85502472029684,0.486811242352217,-0.20055166755693024
['Wolfgang Amadeus Mozart'],[26350],-0.48508687359103686,-0.5631522993676024,0.28249156080947824,-0.01586424634961249,-0.3256554340394838,0.753856445056619,0.02862385676357523
['Wolfgang Amadeus Mozart'],[26350],-0.479536893950007,-0.7370270999618318,0.37215737757564543,0.09094900512194572,-0.7598304351076145,0.8130741857354102,-0.15225426387785834
['Wolfgang Amadeus Mozart'],[26350],-0.15782219230854005,-0.08368719928704267,0.00025832862152315645,0.20289264760133413,-0.6816516646494416,1.1256906265476887,-0.49167023031879986
['Wolfgang Amadeus Mozart'],[26350],-0.3929726386242113,-0.4112621561991235,1.0686419174475463,0.17863751189338914,-0.5113659154750178,0.7285889147295957,0.07963161976054135
['Wolfgang Amadeus Mozart'],[26350],0.2796726082476549,0.1525844284115578,0.004361275743811349,0.12686326067684445,-0.1332013028367862,0.6346074037053334,-0.39460835221618695
['Wolfgang Amadeus Mozart'],[26350],-0.024832917111575314,-0.08569195791785146,0.09566248564950723,-0.03921320216387997,-0.10629580731976661,0.9830455162170725,-0.3012207053354266
['Wolfgang Amadeus Mozart'],[26350],-0.253655241435574,-0.43363437623193474,0.3382966595894407,-0.1065074033850329,-0.09107168162567689,0.5657814813619406,-0.0019907059530979944
['Wolfgang Amadeus Mozart'],[26350],-0.3399455358648947,-0.42919946024592187,0.7233594187757364,-0.012485470215271643,-0.07449183494845983,0.6465146826964128,0.09362489733871382
['Wolfgang Amadeus Mozart'],[26350],-0.11003771696888913,-0.16725943710991095,0.10672364544829609,0.12509268522142997,0.0020779407870606956,0.8387184472679211,-0.3947846458395148
['Wolfgang Amadeus Mozart'],[26350],-0.28543782626515524,-0.45472566946254583,0.25510601466426885,0.0565619278927542,-0.5341007927014966,0.5282338682920987,0.08751109289613283
['Wolfgang Amadeus Mozart'],[26350],-0.1598879605242601,-0.383669082578458,0.5062401160680886,-0.11517310579746373,-0.017433440916192623,0.537299200490873,0.12425452857665999
['Wolfgang Amadeus Mozart'],[26350],-0.19386135029056345,0.09721055562263047,0.13884546968246006,0.028676417117170238,-0.44401635322491884,1.0353097161329519,-0.49806475865985433
['Wolfgang Amadeus Mozart'],[26350],-0.04873042261285235,0.05405460788919809,0.35208212944074807,-0.0904941149227882,-0.6353154948294581,0.0500015426702379,-0.13924689611280197
['Wolfgang Amadeus Mozart'],[26350],-0.03430484023328605,-0.1493370114239454,0.1844277566548692,-0.24318200168918516,-0.23462584250142485,0.46883912414404494,0.23130455309520906
['Wolfgang Amadeus Mozart'],[26350],0.07807173770819159,-0.12878316312926252,0.03195000060550762,0.07070418981265436,0.18564322688964777,0.9290418890257067,-0.4747541215771557
['Wolfgang Amadeus Mozart'],[26350],0.26170897306362323,-0.044564790926325565,0.008956074021332878,0.24834847871123644,-0.7212007070319079,0.9771921900885968,-0.3849369598703349
['Wolfgang Amadeus Mozart'],[26350],0.22499333046863434,-0.10081936317545424,0.06776859933073051,0.10906205604562365,0.14593111710834178,0.6524220873904062,-0.4623139260096358
['Wolfgang Amadeus Mozart'],[26350],-0.3523568233242946,-0.37977480469827646,0.23387329873411525,0.08817732449947241,-0.5062099844429011,0.5725648149691765,-0.24930638410336511
['Wolfgang Amadeus Mozart'],[26350],0.022775974745586455,-0.12066992775306083,0.07606740613929194,0.15164916987056443,-0.10199494789892373,0.8029297059811789,-0.24530788298766704
['Wolfgang Amadeus Mozart'],[26350],0.19834612836597176,-0.010123219080710297,0.034800732122876,0.21406280218996904,-0.28673775470594115,0.7359333919733718,-0.4695942879232025
['Wolfgang Amadeus Mozart'],[26350],0.24513812928283596,0.1658723985324309,0.2271554593487202,-0.08325108043626137,-0.04605835090498822,0.8533592002697845,-0.5619636680760888
['Wolfgang Amadeus Mozart'],[26350],0.18028500677225875,0.1613558376779062,0.04046395678964884,0.01691950491062034,-0.06865734623723771,0.5373451513666321,-0.3917214936532514
['Wolfgang Amadeus Mozart'],[26350],0.08040775100058963,-0.10443036519046577,0.32158822479125587,-0.05068312409579302,-0.10007650081315049,0.4800574952282241,-0.23531683703613054
['Wolfgang Amadeus Mozart'],[26350],0.2192241565397214,0.10163111553954134,0.03108552951221233,0.1239886642703763,-0.03334283126195662,0.6680762242537366,-0.40245729137297714
['Wolfgang Amadeus Mozart'],[26350],0.26276817703542776,0.09486957606143716,0.05733464916688536,0.16781090007525165,-0.7779534610907959,0.656809292601115,-0.409362346716754
['Wolfgang Amadeus Mozart'],[26350],-0.24891711797654004,-0.4091867955904673,0.18011758364144898,-0.09330366840317157,-0.27104740428445234,0.6252007262609455,0.1180865752831944
['Wolfgang Amadeus Mozart'],[26350],-0.06283609140568283,-0.14480382192344227,0.19909969071736544,0.1697806865435111,0.1913983576547507,0.7651192795633766,-0.6330558771058501
['Wolfgang Amadeus Mozart'],[26350],0.1844956223689295,-0.12532903486503796,0.077132772015247,0.17699128696922167,-0.10208077750491809,0.7839206294757006,-0.47209834737208717
['Wolfgang Amadeus Mozart'],[26350],-0.13890386402170152,-0.20744513482990792,0.15396445855805688,0.02988015594588204,-0.7210445419181725,0.5424133869360322,-0.06669033700547633
['Wolfgang Amadeus Mozart'],[26350],-0.14307511962981834,-0.30801594234029234,0.3210534625487482,0.08400977857331417,-0.7169591321322839,0.5181051453028136,-0.09406002927312178
['Wolfgang Amadeus Mozart'],[26350],-0.2356011679866069,-0.2835795698244848,0.09980301178548084,0.10929256893217783,-0.7515910691373915,0.8473257030623191,-0.10615962112315937
['Wolfgang Amadeus Mozart'],[26350],-0.31985243199990043,-0.44442287498140337,0.21536108206361815,0.04902222634744823,-0.7788355415710105,0.7664058458448766,0.07083145608621721
['Wolfgang Amadeus Mozart'],[26350],-0.061697542156518514,-0.1439318293981591,0.04132042306932521,0.205935644887546,0.1898980002079615,0.6951327169813849,-0.5327813473671849
['Wolfgang Amadeus Mozart'],[26350],-0.17911830197742407,-0.3935971450601161,0.3295311272572299,-0.03912056821440703,0.08180287851031465,0.4286232907554421,0.11626420865908114
['Wolfgang Amadeus Mozart'],[26350],0.08595792893385591,0.07727138715788048,0.020565821098999727,0.11906557668769055,-0.09069614689608192,0.8859624159427616,-0.3324189975974465
['Wolfgang Amadeus Mozart'],[26350],0.16177983501715962,0.0930264109890571,0.04657516407674004,0.18718935555294314,-0.023609005362786106,0.6204255083066742,-0.4338805309474207
['Wolfgang Amadeus Mozart'],[26350],0.09260248331538155,0.1522702055644601,0.10964750284916568,0.10305280301321504,-0.2239820972079252,0.63326704957233,-0.33548416207951637
['Wolfgang Amadeus Mozart'],[26350],-0.23995745719590253,-0.38581808555322317,0.3919023794470232,-0.07065017514744915,-0.5471555087381991,0.6077382355361614,-0.013570450685208098
['Wolfgang Amadeus Mozart'],[26350],7.658085104048223e-05,-0.057628634725107285,0.17389745310930566,0.24269869415246562,-0.44936145895947305,0.788459716607173,-0.5878279624000713
['Wolfgang Amadeus Mozart'],[26350],0.10878510403713008,0.06575999428657321,0.01178224584386608,0.1576763249121459,-0.00015814676066593477,0.8270309086768389,-0.32154426851992746
['Wolfgang Amadeus Mozart'],[26350],0.062207067464317645,0.047475354219371796,-0.00809379722516027,0.18325882090261922,-0.0740760088690391,0.8926194686680763,-0.39221540917834274
['Wolfgang Amadeus Mozart'],[26350],-0.16709621315219977,-0.22468253243683547,0.19322988929359144,-0.035963832597060826,-0.7477782842784338,0.4668547197354159,0.1350833039535719
['Wolfgang Amadeus Mozart'],[26350],-0.18376239574212508,-0.1684341462412994,-0.04821274407484786,0.21636954083444762,-0.4358809085768408,0.8940222552398385,-0.5050898688361638
['Wolfgang Amadeus Mozart'],[26350],-0.4007290412115866,0.0290645050345248,0.8478411789365073,0.21358320098770003,-0.4171966596037141,1.0456360189126737,-0.7189228085810763
['Wolfgang Amadeus Mozart'],[26350],0.0536226782148067,-0.07085939620840717,0.16951168265234204,-0.07504997312512539,-0.8678633050284233,0.4320780312792274,0.12151241587282156
['Wolfgang Amadeus Mozart'],[26350],-0.10631020807986413,-0.2811877755622702,0.2005564984488256,-0.054396489429273866,-0.5474374658209328,0.6080986958890582,0.05494347446530147
['Wolfgang Amadeus Mozart'],[26350],0.18417892761016788,0.2152368973017216,0.04363430656708765,0.04624700495959373,-0.05742478494507343,0.5582593230226862,-0.46633842721774976
['Wolfgang Amadeus Mozart'],[26350],0.1679678513437774,-0.016603477475335505,0.12974398576462165,-0.06094319222743877,-0.10117794322509854,0.5048199709195491,-0.12912208495776262
['Wolfgang Amadeus Mozart'],[26350],0.012224093844859776,-0.14418538947402157,0.1999052617668261,-0.1374793461211987,-0.22942654278514135,0.39803344291270754,0.1892012782201739
['Wolfgang Amadeus Mozart'],[26350],0.3074013227399522,-0.03283997248142492,0.039577396407835426,0.22915806337483843,-0.29498633119904627,0.7108169473181262,-0.4589210841297192
['Wolfgang Amadeus Mozart'],[26350],0.11583132813995753,-0.17254183630165137,0.0960885265128603,0.24516763609710923,-0.6125597452268028,1.0300325887047943,-0.5123820333165776
['Wolfgang Amadeus Mozart'],[26350],0.263556045516679,0.05904340530139329,0.010086804374782604,0.2605123589550602,-0.7459269771198808,0.7568791194158947,-0.4314288180540447
['Wolfgang Amadeus Mozart'],[26350],-0.003675631543402745,-0.06551832920072793,0.08813145404147003,0.0645948563195178,-0.5133666829275718,0.6124922963561487,-0.2984335854761574
['Wolfgang Amadeus Mozart'],[26350],-0.04433650110656008,-0.32066248636838224,0.11280788226424886,0.18978262948135186,-0.08590151431421882,0.8198202191394967,-0.47699780471705755
['Wolfgang Amadeus Mozart'],[26350],-0.13786914110369497,-0.3504019115654765,0.21772668666891967,-0.16642398512860354,-0.11707541839949426,0.5183999386437123,0.1532896575165393
['Wolfgang Amadeus Mozart'],[26350],-0.21362825786484296,-0.35964901874193644,0.15869635476811994,0.05509040613597324,-0.7943936979191488,0.6522256715606192,0.04235730534932897
['Wolfgang Amadeus Mozart'],[26350],0.20239708859213457,0.09061477284832735,0.07771551470600939,0.046484009475220155,-0.14358867212977716,0.6452320010025921,-0.44343837041557155
['Wolfgang Amadeus Mozart'],[26350],-0.11945770055738024,-0.2605060882481636,0.06743467330436154,0.20638186858260507,-0.06409917359294867,0.8778567917898847,-0.6042481314613231
['Wolfgang Amadeus Mozart'],[26350],-0.28349601727604923,-0.5542230528239037,0.34365714188637775,0.10881755535371192,-0.7883391492554863,0.6616304212534422,0.0407801914805712
['Wolfgang Amadeus Mozart'],[26350],-0.03842127894675021,-0.08163941173104623,0.5743425578829758,-0.21138619471439088,-0.4044359413519559,0.5520408028600943,0.01285863314453128
['Wolfgang Amadeus Mozart'],[26350],-0.38554435195766285,-0.39134372599302075,0.5116032071710522,0.06474624706261511,-0.7690421318864934,0.7630609177962325,-0.2647337162757919
['Wolfgang Amadeus Mozart'],[26350],-0.1757358762787672,-0.22910284759327607,0.19694220365866527,-0.20940860318097737,0.056099312949945676,0.43415179672878784,0.1905192139002098
['Wolfgang Amadeus Mozart'],[26350],0.0672907479924596,0.09926767355106637,0.026807729544900696,0.1431260501678321,-0.49431072033948864,0.614636103798857,-0.44222342293253153
['Wolfgang Amadeus Mozart'],[26350],-0.3231560269827961,-0.22973501944418578,1.082201390592704,-0.05111697860214193,-0.27281101242734485,0.6105231814520933,-0.18004908325801622
['Wolfgang Amadeus Mozart'],[26350],-0.5043140116183799,-0.1807047523429393,0.7890830697230894,0.034517071178445054,-0.8728993016835948,0.8025273225067865,-0.04764371083689852
['Wolfgang Amadeus Mozart'],[26350],-0.021299599014726115,-0.02557883887431099,0.06799373686862856,0.09666474567001947,0.008409214028561159,0.9043789573734594,-0.5168978233702721
['Wolfgang Amadeus Mozart'],[26350],0.2918145643245449,0.05899653317012282,0.12862783083143756,0.044582574931713866,-0.15504479951846273,0.6091946512973384,-0.4660336814897771
['Wolfgang Amadeus Mozart'],[26350],0.1947219123454095,0.05983095571171364,0.07333185909135014,0.09318095302676008,-0.30766883116076976,0.7231734608263337,-0.5447258595211033
['Wolfgang Amadeus Mozart'],[26350],-0.222789889527251,-0.3404378862350554,0.18349058243153932,-0.017923488392901817,0.14080174141049542,0.6986571026996504,-0.1949507211867542
['Wolfgang Amadeus Mozart'],[26350],-0.20002915966906268,-0.12293306801327455,0.2656322969284258,-0.10378082800608224,-0.40396358394057136,0.3145114292586546,0.07589413072291083
['Wolfgang Amadeus Mozart'],[26350],-0.30547173526561616,-0.312342924075471,0.21973216349330937,-0.03922297498068151,-0.3545604295864889,0.576761131330382,0.12478583711205438
['Wolfgang Amadeus Mozart'],[26350],0.255994608565495,0.11089033131297646,0.07336047242396249,0.009632839101297037,-0.08963960778543922,0.43411481261892926,-0.4081567408205353
['Wolfgang Amadeus Mozart'],[26350],-0.023831278889616336,-0.04733049022884264,0.1887719710311288,-0.09972581082177051,-0.5937815127892141,0.3558382680042697,0.07718463066884404
['Wolfgang Amadeus Mozart'],[26350],0.008512456705167246,-0.00954029151440183,0.15133142207054634,0.1706433192129027,-0.12006987411503935,0.6070065483885079,-0.42324798596022434
['Wolfgang Amadeus Mozart'],[26350],0.048300946586789295,-0.18971526601150057,0.09733463856917333,0.10535216181086235,0.017065805895969302,1.0128320013737588,-0.5221352298880024
['Wolfgang Amadeus Mozart'],[26350],0.23292126470400937,-0.05900965993961363,0.0010810689606441666,0.21273064408380876,-0.6350735608274173,0.9517598242227506,-0.4064040804347227
['Wolfgang Amadeus Mozart'],[26350],0.0029856145801612343,-0.28653415200193616,0.04686813804118389,0.26476459002179153,-0.6072598355394779,0.9905601740964722,-0.5888721952214969
['Wolfgang Amadeus Mozart'],[26350],-0.006368585875713955,-0.023447853677106396,0.13692959524623272,-0.11943419878339293,0.12382614396071036,0.7757815662370201,-0.19455824003177788
['Wolfgang Amadeus Mozart'],[26350],0.004967978746875178,0.028344318323320235,0.09521675517994312,0.07684720269585223,-0.0052116906723082435,0.8499877703757199,-0.4972990718138242
['Wolfgang Amadeus Mozart'],[26350],-0.2565948412279468,-0.40464722082858734,0.029625488740764202,0.2377371966829431,-0.6453887172154529,1.3402824219563056,-0.5732786513766677
['Wolfgang Amadeus Mozart'],[26350],-0.2586467568539266,-0.3916708299666546,0.38569882994184224,-0.1786626341817846,-0.17895992960027965,0.7022672022496905,-0.00013721342777025595
['Wolfgang Amadeus Mozart'],[26350],0.14571776824865726,-0.2129872705227531,0.09256492141469777,0.1710985329292427,0.17701625450215175,0.7673018399161325,-0.4858551991822361
['Wolfgang Amadeus Mozart'],[26350],-0.15147005763320026,-0.24776399323565815,0.21810015631387275,-0.09489191233720491,-0.8362008823233003,0.6060693694924839,0.16110461993478076
['Wolfgang Amadeus Mozart'],[26350],0.05074163343940621,-0.027049442246396393,0.034683382925406056,0.16702799381127703,-0.01995069676718482,0.6280111435991969,-0.5254847285377277
['Wolfgang Amadeus Mozart'],[26350],0.24347240528892578,0.10762828045118619,0.07082248888673898,0.08706777842886314,-0.3405699291365409,0.557564364132936,-0.3902944113606568
['Wolfgang Amadeus Mozart'],[26350],0.3710385221141991,0.1630148096947995,0.09195837730775629,0.08519615534408799,-0.05297282706469105,0.6285915065078048,-0.5248240648626039
['Wolfgang Amadeus Mozart'],[26350],-0.19840488619859045,-0.1122988874233834,0.24957089727678267,0.006611979202240582,-0.09456039162269875,0.9308395275520538,-0.46433149986501643
['Wolfgang Amadeus Mozart'],[26350],-0.020208985294624785,-0.28948452247030865,0.13494379154680278,0.12284235435587817,0.0353967634193176,1.0981978032273891,-0.579874326087084
['Wolfgang Amadeus Mozart'],[26350],-0.04702067007679292,-0.3244516880688793,0.06952988853840963,0.25798155377646564,-0.41121993504330934,1.0485564635681657,-0.5656694613648565
['Wolfgang Amadeus Mozart'],[26350],-0.16831581635146006,-0.00978484799893955,0.2718157384250226,-0.012669228652902188,-0.5024221243479792,0.7615329307738061,-0.26860659577612045
['Wolfgang Amadeus Mozart'],[26350],0.030484374436187435,-0.2344505562162428,0.1819301172921461,-0.024903711746848165,-0.37492983881235625,0.5064383639003938,-0.03375240315768462
['Wolfgang Amadeus Mozart'],[26350],0.11549738351242014,-0.11615025023179604,0.027849572866639125,0.1422371137968178,0.17616889447862466,0.7747017516341451,-0.4835679333815278
['Wolfgang Amadeus Mozart'],[26350],0.17816130158865323,0.20033898928561258,-0.013538306115922657,-0.06596629342746252,-0.12177223229080354,0.9446652186412494,-0.3227675788403346
['Wolfgang Amadeus Mozart'],[26350],0.19108492629164714,-0.007802440476721639,0.08592553217304309,0.26080160099287203,-0.7353623457532642,0.8086512362291531,-0.4821423512308533
['Wolfgang Amadeus Mozart'],[26350],0.18127908931618691,-0.08643861605914895,0.016315614497041157,0.2987260342840876,-0.6239922524728457,0.9007094823995967,-0.4016342984348274
['Wolfgang Amadeus Mozart'],[26350],0.005550056041713882,-0.04042674256466798,0.058593801514646326,0.04047063280126275,0.0025529298420658665,0.9542818367068516,-0.48877208194454214
['Wolfgang Amadeus Mozart'],[26350],-0.17901769486228053,-0.4950034957631852,0.25523826840993513,-0.12251499878856825,-0.09619832090696508,0.5998955117135543,0.12157545847691124
['Wolfgang Amadeus Mozart'],[26350],-0.07311969595068717,-0.09509407136833328,0.4134077140565296,-0.0967357922553318,-0.8637006039707882,0.414653588107156,0.005865321551867
['Wolfgang Amadeus Mozart'],[26350],0.08148942711408491,0.019371503556693506,0.10991354431116043,0.006986356489930958,-0.2584227102924994,0.5714021383419753,-0.14758765907314086
['Wolfgang Amadeus Mozart'],[26350],0.31284061990345957,0.11055397491503836,0.026882394028052738,0.06541691565134197,-0.061257615624194586,0.6000012288154696,-0.3655292319114921
['Wolfgang Amadeus Mozart'],[26350],0.30908961984092664,0.12606866002673411,0.03926791822213387,-0.0023083259035715513,0.1155297880200586,0.5785058693168946,-0.4815142462538328
['Wolfgang Amadeus Mozart'],[26350],-0.062268983672323,-0.22790986272954694,0.007057394219764869,0.24530326753997295,-0.41848997275205546,1.0097790520128556,-0.4689587829062213
['Wolfgang Amadeus Mozart'],[26350],0.2543658463277841,0.1494959600676019,-0.029059064696830814,0.06325385373644415,-0.29307598443202104,0.9059786947915084,-0.37999042617745504
['Wolfgang Amadeus Mozart'],[26350],-0.11984282964052066,-0.009341357776999362,0.20557376148016876,0.1572290609544607,-0.00513955478267531,0.668545950618738,-0.6610806478199117
['Wolfgang Amadeus Mozart'],[26350],-0.15749293693872096,-0.2819713568862718,0.058919934739602456,0.10032653542519461,-0.06432967925622107,1.0343823283775502,-0.5251479606818417
['Wolfgang Amadeus Mozart'],[26350],0.10330449433026287,-0.2528687720307186,0.08765655041433251,0.147347755907684,0.004836129109506834,0.8869894691819526,-0.5673499322626099
['Wolfgang Amadeus Mozart'],[26350],-0.3925154065013014,-0.4853587964710935,0.28372892345251993,-0.08244613081562628,-0.1703397876133361,0.5961578998987627,-0.007027278552226054
['Wolfgang Amadeus Mozart'],[26350],0.1618931595367105,0.05121421216501624,0.040896488569317754,0.05830743156690252,-0.1220902831590181,0.7852750316026025,-0.29716234828342625
['Wolfgang Amadeus Mozart'],[26350],0.060848942634069626,0.24851293870660035,0.4788657718085682,0.0962037500773381,-0.29699063341449433,0.7249723758767722,-0.6909890283854961
['Wolfgang Amadeus Mozart'],[26350],-0.20199517563501457,-0.3581074394534585,0.32941676778947127,-0.03283989572867491,-0.6487144220557148,0.5182260326106727,0.024811861456143083
['Wolfgang Amadeus Mozart'],[26350],-0.340218586195842,-0.4315194852396203,0.22402778570499607,0.14538750787675198,-0.449957795333245,0.8859147400486347,-0.4005871703601073
['Wolfgang Amadeus Mozart'],[26350],0.04582182374192334,-0.17695412772485877,0.04495110046037027,0.17483151757158352,-0.07850394343585183,0.8900512262324318,-0.5027882268692457
['Wolfgang Amadeus Mozart'],[26350],-0.16780673913223113,-0.4985417943842198,0.13542866479999865,0.09513123585804063,-0.0082028936287065,0.8414975988822532,-0.32627567982765937
['Wolfgang Amadeus Mozart'],[26350],-0.014979059227724977,-0.2951021049787593,0.1218647237906547,-0.034050793084427454,-0.056212377275465124,0.7392206304050157,-0.12585260251284286
['Wolfgang Amadeus Mozart'],[26350],-0.09490650122417763,-0.07310467969230802,0.06302393087498848,0.1826728699762585,-0.6948702357728115,1.0931568133916851,-0.49246312340008463
['Wolfgang Amadeus Mozart'],[26350],-0.04341295702821332,0.0005427516527002667,0.0707224640890452,0.22596710046616764,-0.44425592977361333,0.821068979165207,-0.5044162658404572
['Wolfgang Amadeus Mozart'],[26350],0.19539218794706492,0.12058470662738169,0.06412054529389323,0.057373689103914785,0.11877315955433437,0.5325134218060842,-0.29553413017509655
['Wolfgang Amadeus Mozart'],[26350],0.09249686085029869,0.16981065108440582,-0.010234193223395761,-0.022593611341066137,-0.586074339104378,0.9064406297336546,-0.1592705951194747
['Wolfgang Amadeus Mozart'],[26350],-0.02615364400228577,-0.20744521053580434,0.032945836607822854,0.2947949217390881,-0.7113426347626574,0.863459549927461,-0.4879783410021975
['Wolfgang Amadeus Mozart'],[26350],-0.16475557091338283,-0.265830115449887,0.2630792454610244,-0.09710754003726266,-0.2057564192887047,0.42584182223477995,0.10356629964847462
['Wolfgang Amadeus Mozart'],[26350],-0.047493926240417136,-0.026341850430493592,0.3405626310144744,-0.03713916878754443,-0.5580309532454182,0.503585196885178,-0.07014767800912308
['Wolfgang Amadeus Mozart'],[26350],-0.23527818282292493,-0.198902639100075,0.3145611065652344,0.038275796581957726,-0.6919050308534257,0.6881121099916158,-0.21326549707402667
['Wolfgang Amadeus Mozart'],[26350],-0.17640241326112893,-0.28473239668552486,0.134581636698943,0.12499851751234549,0.1528052569351354,0.5852657890525609,-0.3096157722974274
['Wolfgang Amadeus Mozart'],[26350],-0.12261714731260166,-0.09467262341719725,0.060040884527486925,0.2711557771207177,-0.6261098754349763,0.8092694099077283,-0.5503673985833303
['Wolfgang Amadeus Mozart'],[26350],-0.2275415868187549,-0.5200092658582308,0.2690471114438971,0.02595965625696193,-0.8027725302869553,0.6738338715296984,0.05284127485138948
['Wolfgang Amadeus Mozart'],[26350],-0.30182255114125606,-0.8749289332031535,0.5186734549755689,0.16243242954715778,-0.058586921721118575,0.5161433868210699,-0.10544829779254129
['Wolfgang Amadeus Mozart'],[26350],-0.2364295088149731,-0.5619991585739168,0.7106530817179869,0.11461457585934741,-0.3511689411202425,0.5616936912996224,0.025244438980657955
['Wolfgang Amadeus Mozart'],[26350],-0.1996225345237318,-0.34689584759865427,0.339883747804921,-0.11898726950585585,-0.37157028855644847,0.6089039990405508,0.10186413840772221
['Wolfgang Amadeus Mozart'],[26350],-0.30299043359539907,-0.5374831160772842,0.2854567985721443,0.00919524626053273,-0.5198213212984699,0.6818735394951342,0.04756011119888174
['Wolfgang Amadeus Mozart'],[26350],-0.25708817320251437,-0.5909307114546208,0.32091621597958,-0.03523676843316813,-0.26278979064183833,0.609081689119319,0.02502926017956849
['Wolfgang Amadeus Mozart'],[26350],-0.2067571308498314,-0.3760404296565827,0.2411596988740468,-0.1441570556458655,-0.10647747882614214,0.5250995216524489,0.12802343660610252
['Wolfgang Amadeus Mozart'],[26350],0.007670000787711952,-0.030667278557689033,0.016430764554111816,0.2571682531231558,-0.44142706964352735,0.8241917216214957,-0.47688458609297285
['Wolfgang Amadeus Mozart'],[26350],0.24652010318985243,-0.15502971207172656,0.04916610162492165,0.11805660285626794,0.16368570016346842,0.794224800283319,-0.4458935965681493
['Wolfgang Amadeus Mozart'],[26350],-0.044473382480835,-0.14906038078647185,0.03227243636972192,0.3169665840471554,-0.4336676628949791,0.7767992166140516,-0.5411643804859073
['Wolfgang Amadeus Mozart'],[26350],-0.20373763551561358,-0.16498028443744317,0.3258026272722841,-0.05900570777922904,-0.6646012969429969,0.39808702480246017,0.04225481863189913
['Wolfgang Amadeus Mozart'],[26350],-0.060953782173815224,-0.12403412060626422,0.23063392530783974,0.00819106420297974,-0.7201853345763554,0.6146917088142084,-0.10893515679554257
['Wolfgang Amadeus Mozart'],[26350],0.2695981610962349,-0.12124467206261955,0.07111466409074296,0.14821790775549748,-0.036155250111891586,0.6682278876936347,-0.4074699738913293
['Wolfgang Amadeus Mozart'],[26350],-0.1917621744772559,-0.3612777363991625,0.19723287059685293,-0.008817899254011717,-0.8252430512337242,0.5488699039354696,0.06921522376827761
['Wolfgang Amadeus Mozart'],[26350],-0.31710028998302775,-0.022831741525588253,0.8065429009404412,0.0304615861628325,-0.8134222933193066,0.5405220170186442,-0.20788923213690674
['Wolfgang Amadeus Mozart'],[26350],-0.05004014471771136,-0.1955906327192772,0.02646974617310944,0.17887077885189723,-0.4469706606357365,0.8890475414520972,-0.4056676677611066
['Wolfgang Amadeus Mozart'],[26350],-0.44667413089120567,-0.14185050328260676,1.0463434213391345,-0.06895568099035206,-0.08332443406665985,0.5857421220233945,-0.18754330499820812
['Wolfgang Amadeus Mozart'],[26350],-0.3126292288802492,-0.35832783885952374,0.3961593714835066,-0.20364828741231017,-0.09930058852708586,0.6165681173956498,-0.02562658650393777
['Wolfgang Amadeus Mozart'],[26350],-0.0023683010290207612,-0.068316761911849,0.15561066222752662,-0.11685981722633308,-0.39955412561392856,0.463718816074241,0.1999775720081106
['Wolfgang Amadeus Mozart'],[26350],-0.15323929253464186,-0.1530051579769577,0.14558034032446393,0.16608108532218657,-0.4901885469546039,0.6226594636993994,-0.2760545762269638
['Wolfgang Amadeus Mozart'],[26350],0.041908402581010806,-0.08651726741293214,-0.0036906845361719155,0.13524811984912077,-0.08037835748194484,0.9249981343925073,-0.4084472068558077
['Wolfgang Amadeus Mozart'],[26350],-0.05850223091609504,-0.3541305735252182,0.047168193420438764,0.2852314351010215,-0.5880603136231811,1.0825264813116746,-0.5572605369215582
['Wolfgang Amadeus Mozart'],[26350],-0.10556687169723505,-0.13104301364744075,0.1418519532745016,0.2216088856518902,-0.6829643994383587,1.122391781819142,-0.5874268903919799
['Wolfgang Amadeus Mozart'],[26350],-0.18288759579849076,-0.492318976049028,0.21944987860059162,-0.032152966119988406,-0.33781271120561485,0.727620580265544,0.007383053576000935
['Wolfgang Amadeus Mozart'],[26350],-0.1408520408050822,-0.39702324598219135,0.0826304609560975,0.17292165151136504,-0.2152578069056818,1.1868001503471106,-0.6630792107681664
['Wolfgang Amadeus Mozart'],[26350],-0.10357734370230652,-0.24714480935182243,0.03436135827550638,0.1835885487063715,-0.4302557522786388,1.0103650751733644,-0.3804426616556161
['Wolfgang Amadeus Mozart'],[26350],-0.008392440020824673,-0.17222123389294475,0.24199576831680525,0.13388214662377332,-0.24683457172442289,1.0517737494369626,-0.7059151351141617
['Wolfgang Amadeus Mozart'],[26350],-0.29584836469002407,-0.2222073959274955,0.13515007177526758,0.12371210888772011,-0.06530148268630942,0.9384337109785545,-0.5055365602836166
['Wolfgang Amadeus Mozart'],[26350],-0.01057316712233552,-0.0708448835753874,0.00603687029589666,0.17204075851198394,-0.4396424959457256,0.9376931944553292,-0.48379900635035195
['Wolfgang Amadeus Mozart'],[26350],0.03677067884388168,0.03456308750188743,-0.0034545219197832768,0.06207511879142098,-0.09977298977236991,0.8821840529295688,-0.32627216006403603
['Wolfgang Amadeus Mozart'],[26350],-0.04742460165630953,-0.06235301997281608,0.08581973750302012,0.07924251065513241,-0.4424937794576942,1.0532360353520984,-0.4892156936751684
['Wolfgang Amadeus Mozart'],[26350],-0.06449237693979104,-0.22160076977901333,0.14789244832465445,-0.07972330594056035,-0.17871326568253007,0.5895003867979379,-0.014983892627654705
['Wolfgang Amadeus Mozart'],[26350],-0.06859603505529481,0.07714630861456884,-0.050861100021445144,0.0688299867061959,-0.08516464510461752,0.9157946870564139,-0.39409360675448907
['Wolfgang Amadeus Mozart'],[26350],-0.2160384512968313,-0.4348696525834235,0.24321671036159673,-0.05948206802793324,-0.10166910457394866,0.4524307008639499,0.07793638994314621
['Wolfgang Amadeus Mozart'],[26350],0.02977058811289383,0.0912131407396274,0.21898357069230714,0.1478892258476595,-0.5537078086084212,0.8420933048879445,-0.5345989739348356
['Wolfgang Amadeus Mozart'],[26350],-0.1492479285882902,-0.1413259664836147,0.6178280357946144,-0.15434076115013529,-0.31581405119102623,0.37959416942156393,-0.12020643099435686
['Wolfgang Amadeus Mozart'],[26350],-0.10314418485135599,0.10127614199111747,0.22962490155514886,0.15826284167262297,-0.4565078239905102,0.7813991670002355,-0.6697164650497283
['Wolfgang Amadeus Mozart'],[26350],-0.32543289511533235,-0.5484466673616059,0.7266589368874375,0.12856748852424904,-0.5113804318634567,0.7460679587877173,0.16879394912086038
['Wolfgang Amadeus Mozart'],[26350],-0.14120623783813935,-0.33784738943354803,0.33808599683752627,0.03494765024435714,-0.6549692246822076,0.38883830830042676,0.012269748333879433
['Wolfgang Amadeus Mozart'],[26350],-0.1617049509119724,-0.55036680675972,0.3964441082558621,-0.09727071123202848,0.08794510603250835,0.6123280418051426,0.14810309492481502
['Wolfgang Amadeus Mozart'],[26350],-0.2968338135196761,-0.5956005267010085,0.6048676391481791,0.1070848829861861,-0.8774534263619714,0.7208075708908664,-0.06430171424056731
['Wolfgang Amadeus Mozart'],[26350],-0.16679650626489873,-0.4581569941043996,0.6323458648080549,-0.008817540811574608,-0.36282499152659536,0.6031318731623858,-0.07272917452158453
['Wolfgang Amadeus Mozart'],[26350],-0.219380645800322,-0.46852025484691945,0.27400514384406693,0.03952982032730702,-0.8042600491086314,0.6440370453457193,0.0718199767591718
['Wolfgang Amadeus Mozart'],[26350],-0.10873378030226143,-0.25722389573034427,0.26935574538757917,-0.022746323509777927,-0.815777421424493,0.6405752583861706,-0.02290880300116344
['Wolfgang Amadeus Mozart'],[26350],-0.05700091822696165,-0.33976615361486956,0.227013591009566,-0.006593344765991882,-0.8427903399913889,0.48045610150671403,0.040164660618807635
['Wolfgang Amadeus Mozart'],[26350],-0.0342902910163288,-0.05249148431331246,0.15691196144638894,-0.3359841551652096,-0.23060057302451434,0.6262810075137067,0.291998626326425
['Wolfgang Amadeus Mozart'],[26350],-0.20110682862993354,-0.2630269271070655,0.29531316797091817,-0.20239147193298193,-0.5530794084423629,0.7616539587015796,0.15653006854827733
['Wolfgang Amadeus Mozart'],[26350],-0.272628826317053,-0.47594918609612313,0.722614478898918,-0.12864338322895796,-0.08389024265491073,0.6826930121628709,-0.16862769073344452
['Wolfgang Amadeus Mozart'],[26350],-0.1278521941902731,-0.0952309332030124,0.14052978023207355,-0.2611893442646573,-0.5758630598451547,0.6661316290358905,0.18720202674070657
['Wolfgang Amadeus Mozart'],[26350],-0.05066213552760119,-0.036882382152214344,0.15436207362898371,-0.28603541176193137,-0.13357102538424448,0.5326963191718854,0.13549870334998562
['Wolfgang Amadeus Mozart'],[26350],0.10495389863600234,-0.036514554983030384,0.022824126167450644,0.009901971933033908,0.1572214225754341,0.8365989529687724,-0.3277849480808855
['Wolfgang Amadeus Mozart'],[26350],-0.046439065744235286,-0.19850772412112253,0.015202245270987194,0.268750607972481,-0.5904375332241821,1.0822132906688955,-0.5193522720624277
['Wolfgang Amadeus Mozart'],[26350],0.1790210148647534,-0.2704155334025927,0.08587606227223593,0.286567663586796,-0.2694861434842307,0.7839544516790269,-0.5169323535901316
['Wolfgang Amadeus Mozart'],[26350],0.09704964074363226,-0.08172877549430298,0.1582036638969113,-0.1554268411844529,-0.13237868633821076,0.43218610131333124,0.06935243756097043
['Wolfgang Amadeus Mozart'],[26350],0.3010276957907615,0.10173245001716807,0.05889382568850426,0.09443212812362858,-0.14607018840454208,0.5935683324416887,-0.45772666479896834
['Wolfgang Amadeus Mozart'],[26350],-0.29781375065896254,-0.23824711945908045,0.3746216009017259,-0.154460647091813,-0.02437162643573413,0.38643161192781356,-0.020919970650379267
['Wolfgang Amadeus Mozart'],[26350],-0.2358453545139841,-0.2596851768346287,0.13124856773312524,0.0765461895934544,-0.658840961807868,0.838952085044082,-0.27908623256060977
['Wolfgang Amadeus Mozart'],[26350],-0.12731148643941842,0.0010756602978351688,0.48163275955148555,-0.03451572173029785,-0.538389771680093,0.5836215054632611,-0.19604380538083113
['Wolfgang Amadeus Mozart'],[26350],-0.258111154135874,-0.4273815817001528,0.24435074510271373,0.3091650474267906,-0.6089341558600133,0.8731733442183128,-0.5161070148498582
['Wolfgang Amadeus Mozart'],[26350],0.04141146499869096,-0.15565848285298517,0.16844065601901098,0.02707333958293678,-0.16604067725501015,0.5232800006187305,-0.2544134701261219
['Wolfgang Amadeus Mozart'],[26350],0.15756818309920867,0.09163007041757099,0.04341994990097319,0.168461858254818,-0.5708263740549766,0.748378551989116,-0.3991613000628369
['Wolfgang Amadeus Mozart'],[26350],-0.34133376065579807,-0.4617078903632426,0.117229777320386,0.16025679313375524,-0.7257549235563774,0.9304745020367141,-0.17488096413288226
['Wolfgang Amadeus Mozart'],[26350],-0.17385330187270265,-0.3362055378105285,0.19440280146919733,0.0009491229516682075,-0.18163381977049275,0.44556877293506664,-0.009471629743273778
['Wolfgang Amadeus Mozart'],[26350],-0.033495078635518184,-0.2259973459068929,0.16504206579594746,0.24288718522903077,-0.44267099305069696,0.8775364956046253,-0.3890627317870935
['Wolfgang Amadeus Mozart'],[26350],-0.09170617594421543,-0.27672096217907977,0.13207719401800308,0.2108068075746374,-0.18645084445843735,0.7258699425831141,-0.40440095177290125
['Wolfgang Amadeus Mozart'],[26350],-0.18196598377462905,-0.30376557565547957,0.13887375273954472,0.22934299221004417,-0.705152480977437,0.9845440999902159,-0.3729611148288077
['Wolfgang Amadeus Mozart'],[26350],0.04991158808839581,-0.03078823079327111,0.093624196684933,0.0004961759166070095,-0.33686830234239273,0.6682279214384197,-0.1969039954113108
['Wolfgang Amadeus Mozart'],[26350],-0.045080467622445546,-0.2017281826400293,0.07542570150198145,0.21472877834796059,-0.7310847840417347,0.8422070834764706,-0.3705679489341937
['Wolfgang Amadeus Mozart'],[26350],-0.3334281586579222,-0.3309911256006409,0.21498339783025516,0.004537941544196324,-0.3078628971244255,0.792098969585117,-0.09036966971703783
['Wolfgang Amadeus Mozart'],[26350],-0.0746873862566317,-0.16644103288986842,0.20063748550547622,0.006948315347468462,-0.37118185851743446,0.4451393302164194,0.017107947862207595
['Wolfgang Amadeus Mozart'],[26350],0.0753179659581562,-0.019569376551804834,0.15502686509149205,-0.04544527610264254,-0.18652406530184615,0.5203854818470809,-0.10595889495775303
['Wolfgang Amadeus Mozart'],[26350],-0.09818152225305644,-0.2706485447749532,0.12520853638892454,-0.04411998352550303,-0.05991185765767046,0.7193526883600752,-0.0317036558338283
['Wolfgang Amadeus Mozart'],[26350],-0.007478141091409305,-0.23196757783076125,0.0880855105118569,0.11404362989144358,-0.03337535089551584,0.6687213204661026,-0.28950001048852636
['Wolfgang Amadeus Mozart'],[26350],-0.07360674390866695,-0.17251516199847258,0.2781469463810425,-0.0997043075429139,-0.3934936776701532,0.4668179187142681,0.13145724542011014
['Wolfgang Amadeus Mozart'],[26350],0.12519472782408028,-0.020768201085366415,0.11488238283830887,-0.05289441226835692,-0.08520351143391877,0.5622336276244065,-0.21120441698977427
['Wolfgang Amadeus Mozart'],[26350],0.04293946923185251,-0.09031534536039092,0.2048326103563226,-0.1573235938832505,-0.24073449673663017,0.34219231943787737,0.17889431147591722
['Wolfgang Amadeus Mozart'],[26350],-0.20792989469334544,-0.3629343558355455,0.21246075178012122,-0.029123573823750023,-0.15427432518116174,0.6713089106860027,0.003078216608152134
['Wolfgang Amadeus Mozart'],[26350],-0.19655922472499457,-0.31789294113898375,0.06614963782313914,0.1530901085863211,-0.7335430663737201,0.9316466386988593,-0.15071211417699865
['Wolfgang Amadeus Mozart'],[26350],-0.15112328100861946,-0.22807031278240922,0.323091090786359,0.07401740822757173,-0.02747628148891632,0.6963864279958067,-0.4729497001467877
['Wolfgang Amadeus Mozart'],[26350],-0.037418768492737,-0.11912189882886105,0.09634518766197307,0.23115509189078287,-0.7577075370510548,0.6410885359175756,-0.3181391250419591
['Wolfgang Amadeus Mozart'],[26350],-0.06218504561399039,-0.047321000043029686,0.018585728928449865,0.14174834723295432,-0.4570493037626016,0.8705793013642494,-0.3195686172755104
['Wolfgang Amadeus Mozart'],[26350],-0.3209103200972808,-0.3659097536010394,0.18001268056388914,0.037187349879776344,-0.4749794952316174,0.879944389090134,-0.14815599935652612
['Wolfgang Amadeus Mozart'],[26350],-0.22336977406317932,-0.3816589071743709,0.1320150674852986,0.03020550128060473,-0.07115187538240995,1.1224227279758758,-0.2847674208613895
['Wolfgang Amadeus Mozart'],[26350],-0.041127085140308356,-0.08990548591984196,0.06045654596215572,0.06513940931086198,-0.306696084809628,0.7565808522625829,-0.1904756392805284
['Wolfgang Amadeus Mozart'],[26350],-0.2168615085867094,-0.2803480067962434,0.296350253779028,0.1054892855077788,-0.6485489003910577,0.901809419867093,-0.350572352287659
['Wolfgang Amadeus Mozart'],[26350],-0.24004300781490842,-0.5189868987708942,0.2542398924844854,0.17380523892883767,-0.2745638516308598,0.8062752831290108,-0.4005821412631
['Wolfgang Amadeus Mozart'],[26350],-0.31120138696603644,-0.45055621881534946,0.22602419669035143,-0.059352984764120445,-0.14960459857474348,0.7197519782507804,-0.0005521491919790552
['Wolfgang Amadeus Mozart'],[26350],-0.036793590670119065,-0.15977918007097788,0.03412548248214838,0.1322414838702328,-0.6391343227972063,0.9516501803614561,-0.33860044464907385
['Wolfgang Amadeus Mozart'],[26350],-0.1701809124707375,-0.14114191552522912,0.1435646426271364,-0.018263841786123593,-0.6336820980322434,0.5698422582708269,0.08383296846755493
['Wolfgang Amadeus Mozart'],[26350],-0.19352375528537638,-0.12496939747749303,0.13665909796992076,-0.25562875184269956,0.07965802217229866,0.6460387404229664,0.18695904549648587
['Wolfgang Amadeus Mozart'],[26350],-0.22382737714520654,-0.28417561690558196,0.11899088193923206,0.08910590535675464,-0.7584346789177483,0.8179822506080672,-0.1246424924615766
['Wolfgang Amadeus Mozart'],[26350],0.038884804773274474,0.07627909148185563,0.18964152589107316,0.03479340449697831,-0.5351188538373481,0.5442576916942959,-0.2086361626237858
['Wolfgang Amadeus Mozart'],[26350],0.24426779946703928,0.06918328231328646,0.03913767826215062,0.19191211476721556,-0.7696665746971472,0.6757240373545967,-0.3984052615361496
['Wolfgang Amadeus Mozart'],[26350],-0.022625317076976032,-0.07157595973756602,0.04305118941679924,0.13902761715414588,0.16690536258156258,0.6425011433270842,-0.4827734696275019
['Wolfgang Amadeus Mozart'],[26350],-0.2529266738854407,-0.5135330709152534,0.27982334738436926,-0.038133327334240685,0.09676078511366827,0.490464534377193,-0.030612323951648937
['Wolfgang Amadeus Mozart'],[26350],-0.2614215217421195,-0.20208182521122614,0.17237810838801657,0.06717659111483963,-0.4828175742211908,0.7901072961025325,-0.1458312281149142
['Wolfgang Amadeus Mozart'],[26350],-0.4590058305769262,-0.5104286462609159,0.3697453112320381,-0.0810445269418099,-0.12581781025788324,0.8812163826119942,-0.07059263313367388
['Wolfgang Amadeus Mozart'],[26350],-0.030243516546774343,-0.20388635836474328,0.12600676279074077,0.09418539891176406,-0.0361898935337606,0.6441926688508463,-0.3681562229818764
['Wolfgang Amadeus Mozart'],[26350],-0.3479504008961661,-0.3476534678181503,0.2876958209188251,-0.015792934798606273,-0.7932258145274187,0.724107006287525,0.03733388612228378
['Wolfgang Amadeus Mozart'],[26350],-0.10422241721161772,-0.22807283362766462,0.19859208158486,0.05845249408906791,-0.8311373798113821,0.44257976206809035,0.08406010373483906
['Wolfgang Amadeus Mozart'],[26350],-0.19957836326703826,-0.03329669050425356,0.054507929688121765,0.12571331652647136,-0.25690535886137683,0.9068454111235772,-0.4932955198528879
['Wolfgang Amadeus Mozart'],[26350],-0.28611037356843244,-0.5265820138790485,0.2889102789006824,-0.02910173702885146,0.11357340257414417,0.5637904041507099,-0.07285210397848442
['Wolfgang Amadeus Mozart'],[26350],-0.33089434298781634,-0.3917889428921206,0.12504229492544372,0.2637706251645425,-0.7327504570140493,0.707941844495316,-0.2882098110388184
['Wolfgang Amadeus Mozart'],[26350],0.10934813982077488,0.07867649289047841,0.042388323775874606,0.06760821083414863,-0.330688830574074,0.6179938254504986,-0.26911281665913034
['Wolfgang Amadeus Mozart'],[26350],-0.0474033613769687,-0.25331294257010056,0.11170228672650749,0.17740110034554651,-0.020296227064870213,0.655535181575571,-0.289593183230117
['Wolfgang Amadeus Mozart'],[26350],-0.13860788258728116,-0.28637703728251535,0.16784556707032627,0.12310066704526143,-0.6559798889704463,0.8739725117810292,-0.16698196223857628
['Wolfgang Amadeus Mozart'],[26350],0.09159061074405303,-0.03365264476836485,0.05174089063917837,0.021140679984024902,0.14319673221995283,0.7101481894241473,-0.32681345553254976
['Wolfgang Amadeus Mozart'],[26350],-0.249367434677247,-0.31834672388310975,0.04937679226820622,0.2600120332633559,-0.5852571057991625,1.075189928131179,-0.48283047191930023
['Wolfgang Amadeus Mozart'],[26350],0.053248523266360516,0.013356473511470951,0.12556384233507015,0.06892959262308054,-0.04457608799818357,0.6386944966771182,-0.30644734340929747
['Wolfgang Amadeus Mozart'],[26350],0.12191531650345759,-0.15343715067987976,0.09138043193460584,0.2932378196424469,-0.5518868525113336,0.7104279063561084,-0.5208473769288701
['Wolfgang Amadeus Mozart'],[26350],0.1124883768081901,0.13537397000267798,0.02119765215543238,0.05102454661095184,-0.05820094844465363,0.536841426656723,-0.3686388237718677
['Wolfgang Amadeus Mozart'],[26350],-0.04373923976687157,-0.19364017759550317,0.045526968681581015,0.3096413537402109,-0.6905081394228623,0.9760534826529846,-0.516877269588023
['Wolfgang Amadeus Mozart'],[26350],-0.34291088090536365,-0.17949066773125205,0.04007326529134688,0.24523176829427254,-0.3947537088346272,1.0263335136449292,-0.6832762265081028
['Wolfgang Amadeus Mozart'],[26350],0.06396125518763845,0.05351917546450755,0.14882579208717636,-0.009618558784411264,0.12458925030829313,0.6252648844997531,-0.28561808484607293
['Wolfgang Amadeus Mozart'],[26350],-0.14525055743643336,-0.3133792906310637,0.23246813875513075,0.19766969899961595,0.010958755975756672,0.7691014506852204,-0.6298697798641631
['Wolfgang Amadeus Mozart'],[26350],-0.09480931701899686,-0.3301210953057372,0.1210139623928135,0.1983292500965922,-0.07919601767167783,0.849723409732027,-0.41346088800317066
['Wolfgang Amadeus Mozart'],[26350],-0.16269229945479424,-0.2532283481704166,0.0024539636887831347,0.14256976286207165,0.22406805812575373,1.0210093489055598,-0.547487966960583
['Wolfgang Amadeus Mozart'],[26350],0.21022675037952124,0.04710371473804757,0.035519726040049604,0.2328703293839043,-0.4722045410730685,0.7052704162133483,-0.49926706367881624
['Wolfgang Amadeus Mozart'],[26350],-0.015235386360883566,-0.1526002861105446,0.015638594190306047,0.21283566701322296,-0.6998618422882531,1.0353056613293623,-0.5396770155096883
['Wolfgang Amadeus Mozart'],[26350],0.1892837018486398,0.17044636726839563,0.0026635061712344905,0.015670678450511323,-0.055782603955476726,0.6147155365885681,-0.43921465237079244
['Wolfgang Amadeus Mozart'],[26350],-0.027254415039348213,0.029433060108373144,-0.007701166381910811,0.24465741543139705,-0.4488641463434899,0.767166278580677,-0.4624396547613487
['Wolfgang Amadeus Mozart'],[26350],-0.3207358501655736,-0.4684984550862208,0.20431425147574345,0.0335235144784117,-0.5083189137940628,0.7039043624606678,0.02826093793245052
['Wolfgang Amadeus Mozart'],[26350],0.3013050146909843,0.10575646723827357,0.02757682382480064,0.13377174006147166,-0.31730977046921666,0.6622715065734684,-0.43074092595886787
['Wolfgang Amadeus Mozart'],[26350],-0.3078049515309598,-0.45182537020894903,0.19304298227852149,-0.07304195875870781,-0.3567097522729103,0.6096631509579938,0.11668411628084557
['Wolfgang Amadeus Mozart'],[26350],0.1167817960396771,0.012409542149445884,0.035458623678622125,0.010080942452056613,-0.31951046031949676,0.7896839175937301,-0.21770177892392562
['Wolfgang Amadeus Mozart'],[26350],-0.1410716790866346,-0.28710505133247477,0.27024696895203076,0.00870544654160749,-0.8075271098038703,0.6517638002781149,-0.02485504898129905
['Wolfgang Amadeus Mozart'],[26350],-0.0558085311867639,-0.05747008847899455,0.19081726664156412,-0.05008609527718902,-0.09217112976359147,0.4987531920949572,-0.004443054880458436
['Wolfgang Amadeus Mozart'],[26350],0.11412110131961249,0.027584834769226723,0.09860491668983686,-0.0029840340809042486,-0.17328595362684895,0.5519381277237285,-0.19130943423287722
['Wolfgang Amadeus Mozart'],[26350],0.07403810928822846,0.11680496218901801,0.12149987010913493,0.09738589698320199,-0.32212338759736203,0.5932862292177457,-0.373163394650327
['Wolfgang Amadeus Mozart'],[26350],-0.05048538711307049,-0.13825185796780173,0.009250278633739608,0.10960574532091469,0.1813107305483391,0.7967153269197298,-0.42103840906881307
['Wolfgang Amadeus Mozart'],[26350],-0.029891292816758293,0.1436586896752821,0.07441282812283653,0.1815109200058707,-0.46075834299269813,0.7365842390792732,-0.5405710277836904
['Wolfgang Amadeus Mozart'],[26350],-0.24507648838874052,-0.5442106135681026,0.5634721222184758,0.0799530809271724,-0.345679591576331,0.6307950777327033,0.10174308779280213
['Wolfgang Amadeus Mozart'],[26350],-0.22359817263299178,-0.6758338469881273,0.6416757145189065,0.14693703418873158,-0.7014272983497615,0.642313638972699,-0.11384040077389405
['Wolfgang Amadeus Mozart'],[26350],-0.10756405272697848,-0.4655532572150621,0.29523254676291244,0.031066915477161644,-0.8216243423499835,0.6011605229994474,0.1213456019415305
['Wolfgang Amadeus Mozart'],[26350],-0.08180776131422296,-0.44481619357813956,0.2431451433727955,-0.102360645087396,-0.12188384929508227,0.4208745871017073,0.07290014575518936
['Wolfgang Amadeus Mozart'],[26350],-0.35593307047816836,-0.6314850150310952,0.41741094881394986,0.004657196824257466,-0.15482827211089684,0.630766466918704,-0.035785348852068466
['Wolfgang Amadeus Mozart'],[26350],-0.28715010131690416,-0.4440157064208026,0.24561234909998242,-0.07885160300284622,-0.16406373568920762,0.6551276716386055,0.013788136100436728
['Wolfgang Amadeus Mozart'],[26350],-0.3141385809436119,-0.4427327055326117,0.8706353655687676,0.11726039708888934,-0.34744648498247843,0.591885747606352,0.09448771453524853
['Wolfgang Amadeus Mozart'],[26350],-0.2709199288506711,-0.5143196197620723,0.6450061010126606,0.02271182024800595,-0.5198366249054467,0.7975173282768975,0.1261778194599018
['Wolfgang Amadeus Mozart'],[26350],-0.17930159328448178,-0.3145499293910245,0.43455568274739725,-0.1635331508395767,0.055701949321213216,0.38012125407925007,-0.02531680938412911
['Wolfgang Amadeus Mozart'],[26350],-0.3101147214969774,-0.7294634997015538,0.3277079704277281,0.07992415098292134,-0.5070150397922266,0.7184856783772794,-0.022707535102687724
['Wolfgang Amadeus Mozart'],[26350],-0.14740022565311722,-0.5445393751498233,0.5597571381351354,0.03918738790297842,0.08052621805882945,0.43163356789045976,0.15389496725760723
['Wolfgang Amadeus Mozart'],[26350],-0.2718188275136728,-0.3674762050316441,0.5972254716299348,0.012113557076257182,-0.8003193928258516,0.6786300624071788,-0.12188784564513633
['Wolfgang Amadeus Mozart'],[26350],-0.10929609080002263,-0.14776044948154027,0.2624894435136673,-0.15554960135511817,-0.22973220513573814,0.3422471613470715,0.12561022393513718
['Wolfgang Amadeus Mozart'],[26350],0.03137252244377419,-0.10692179163213059,0.008375615493807378,0.2452131787689879,-0.6294176519361697,0.8750767612341394,-0.36977142861774437
['Wolfgang Amadeus Mozart'],[26350],0.24298068672259304,0.09706493819069553,0.00289930264810491,0.1463563235569921,-0.7527965337624786,0.8745169482445839,-0.3003991512838238
['Wolfgang Amadeus Mozart'],[26350],-0.33766720189741056,-0.14245816349874968,0.12135795903486207,-0.09217099565652559,-0.5074410381058906,0.7953578505836657,-0.10344076404517429
['Wolfgang Amadeus Mozart'],[26350],0.17106712931276083,0.17693965637497464,0.18081011780895342,-0.051741864814066,-0.0769654952224487,0.5803811171398615,-0.4045544850929351
['Wolfgang Amadeus Mozart'],[26350],-0.14686049837887014,-0.4455098687702316,0.22447944702195727,0.0071454396224063825,-0.07801252657867272,0.5362537684644919,-0.036813039087639526
['Wolfgang Amadeus Mozart'],[26350],0.035192494648840784,-0.09631879976547687,0.09722264771013148,0.2975172228534538,-0.4537876346569418,0.7392333345533814,-0.42853949753486065
['Wolfgang Amadeus Mozart'],[26350],0.02539303879030947,0.05152720063219429,0.0942482951469145,-0.05250237522132097,0.1528659311409408,0.8337262061000182,-0.37231319823739784
['Wolfgang Amadeus Mozart'],[26350],0.09568126519721971,-0.12597132197630104,0.17218551903412221,0.18782537621879422,-0.7809592504116784,0.6107498890236761,-0.2827641958329677
['Wolfgang Amadeus Mozart'],[26350],-0.2212718202728598,-0.16350968210521438,0.21913218472961662,-0.029760615277876958,-0.8450775454348934,0.3904897907547198,0.07525603214290284
['Wolfgang Amadeus Mozart'],[26350],-0.09297632954766105,0.08845255344383332,0.1807829398144024,0.16699807272043274,-0.019635326289936382,0.6274166046937599,-0.5854065214078173
['Wolfgang Amadeus Mozart'],[26350],-0.16937688871170675,-0.07415467889812685,0.20400568430756547,-0.1916881650572225,0.07997194792435672,0.5719425645352757,0.15283664679029763
['Wolfgang Amadeus Mozart'],[26350],-0.10310582475966142,-0.4379439538490693,0.17033454387817254,0.16153892191855163,-0.10652573150581478,0.7356913316432421,-0.35739621546901335
['Wolfgang Amadeus Mozart'],[26350],0.006642726609086633,0.1067221769790204,0.08372068848103188,0.17272183381228876,-0.7470902350534911,0.753298027813217,-0.48755865305072393
['Wolfgang Amadeus Mozart'],[26350],0.0937535230178288,-0.0641977765834345,0.025070097671351828,0.1632988279054376,-0.07852058038535857,0.9253721667279959,-0.38922986239440427
['Wolfgang Amadeus Mozart'],[26350],-0.13849123616029263,-0.008247527505652856,0.13205529692669474,-0.21420327805836314,-0.3897379116545736,0.6190374577999552,0.294030593526979
['Wolfgang Amadeus Mozart'],[26350],-0.20617641067960418,-0.28910359237108263,0.1406085925037237,0.11442879878959568,-0.5059405053714654,0.6099552601368787,-0.05899730724256585
['Wolfgang Amadeus Mozart'],[26350],-0.27431734854667955,-0.460532094936784,0.19494308210921557,0.17572639450111935,-0.763858009329555,0.6738119402039331,-0.14210372035561616
['Wolfgang Amadeus Mozart'],[26350],-0.14310344804666014,-0.1669905412356288,0.09594417095841783,0.06906796668346186,-0.28616005301640046,0.8438752283838318,-0.32910568864908335
['Wolfgang Amadeus Mozart'],[26350],0.007460265174066258,-0.057872190126275674,0.03221218962138876,0.08818581409207014,-0.10717035472013457,0.8178216611626516,-0.26544947452434253
['Wolfgang Amadeus Mozart'],[26350],-0.22799873699035367,-0.5727349875319214,0.22622049031553265,0.0746741540355113,-0.15416394468854674,0.5498870360488348,-0.054226035946544786
['Wolfgang Amadeus Mozart'],[26350],-0.34843055074651436,-0.44034126363620435,0.26708011150107136,-0.15386979067298792,-0.15848921377743805,0.7728401741223402,0.024373094333203428
['Wolfgang Amadeus Mozart'],[26350],-0.29091921941778426,-0.49231399232507667,0.1835118566375432,-0.11136810611215836,-0.1607590095490711,0.7521472777404417,0.11277862533600998
['Wolfgang Amadeus Mozart'],[26350],0.04112903414061504,-0.0570648798134762,0.17500009219977286,0.08433685847041124,-0.5181954390702674,0.5975596997337557,-0.256716917403317
['Wolfgang Amadeus Mozart'],[26350],-0.035930378262240784,-0.186539746605304,0.20609591843261443,-0.01664233214677937,-0.18604649061506162,0.4726476564091096,-0.029772924601768724
['Wolfgang Amadeus Mozart'],[26350],-0.05031962600885236,-0.271730786658601,0.05604339211961797,0.2102694143559077,0.02256021264837801,0.8725330845643,-0.5058692010656033
['Wolfgang Amadeus Mozart'],[26350],-0.3976562571752655,-0.681119810294269,0.2805874492818597,0.02953353881315467,-0.14895299254657268,0.6094428775987246,-0.040109000232206635
['Wolfgang Amadeus Mozart'],[26350],-0.03423451514598562,0.12178282501982707,0.022244272238089415,0.008253337847288036,-0.4601589050582878,1.0052441425532712,-0.3972288147275123
['Wolfgang Amadeus Mozart'],[26350],-0.10570875622666491,0.036739834556062105,0.13714611081924785,-0.07663184140536732,0.15007346759003046,0.800859688147649,-0.3849149028548267
['Wolfgang Amadeus Mozart'],[26350],-0.25509340161440625,-0.4169062975113953,0.07063965118047169,0.25015647986782463,-0.6846297579461124,1.058089657242369,-0.506290523795457
['Wolfgang Amadeus Mozart'],[26350],0.14134653872565833,0.01038976828797798,0.04860256044740679,0.08372413868614341,-0.04253507827617788,0.6527060649344715,-0.33762526878247623
['Wolfgang Amadeus Mozart'],[26350],-0.20062295290331736,-0.5052627018254638,0.28059752150276707,0.11356240453465653,-0.3196234011190788,0.6366753676811955,-0.16290973832805633
['Wolfgang Amadeus Mozart'],[26350],-0.2641023745826187,-0.36152861863947494,0.16736923841478427,-0.16749309894711029,-0.053880567789139605,0.8784508052383262,-0.004434314921809078
['Wolfgang Amadeus Mozart'],[26350],-0.29191042549870144,-0.3345035848840208,0.06675050027574975,0.02133262405242531,0.17059680758476248,0.8232445395993496,-0.20637787193445895
['Wolfgang Amadeus Mozart'],[26350],-0.23442715521504195,-0.36294741614040005,0.21374607209642782,-0.014890280234065424,-0.6983521945599619,0.7730147994746436,0.041676482329879146
['Wolfgang Amadeus Mozart'],[26350],-0.1939088461475573,-0.21930453108173242,0.14761401545269523,-0.10003927450488798,-0.031248565117661588,0.917813523655322,-0.2008961000349638
['Wolfgang Amadeus Mozart'],[26350],-0.11878369337827815,-0.12488389913682839,0.2230899821732233,0.1272140495488324,-0.6627275126934039,0.7569822019194731,-0.3923806816907281
['Wolfgang Amadeus Mozart'],[26350],-0.15330622252007975,-0.30449297224434907,0.2196650161328114,0.012943213353360036,-0.8240696312587195,0.5440707552501504,0.06549045852897789
['Wolfgang Amadeus Mozart'],[26350],-0.1281289178509398,-0.37495142565839884,0.19831236542200345,-0.060404546839735895,-0.09804331825102877,0.49184218408374,0.04584252832877017
['Wolfgang Amadeus Mozart'],[26350],-0.3704789831974984,-0.47526408110909896,0.39330321338763585,-0.1490186963130789,-0.15877958073954415,0.7772855572245321,0.03631010844510169
['Wolfgang Amadeus Mozart'],[26350],-0.23328934820089947,-0.3918616665818804,0.018290786978150467,0.32060434033804,-0.6594811360698859,1.1435134372240543,-0.52242178467435
['Wolfgang Amadeus Mozart'],[26350],-0.21948558901962648,-0.3231473817131142,0.2041388250190413,0.016034950175977815,-0.2653380438803393,0.4629004857504567,-0.054624434282166894
['Wolfgang Amadeus Mozart'],[26350],-0.1886942548510127,-0.3011861208532598,0.2072506275395375,-0.08706693402838285,-0.37176809002558986,0.5587152737177131,0.10381078865439082
['Wolfgang Amadeus Mozart'],[26350],0.054118866175211965,-0.12439411003760861,0.10279733888635198,0.11771198225975033,-0.5899086763510019,0.7316566590712942,-0.17652409004628405
['Wolfgang Amadeus Mozart'],[26350],0.11056156442941764,-0.10394954611971184,0.18247854593619747,0.0014527910404041062,-0.18730191977809063,0.4464804603827378,-0.21811761548636946
['Wolfgang Amadeus Mozart'],[26350],-0.14340546170320956,-0.24986852731514056,0.17576178060321845,-0.01675166275162748,-0.2664746756285958,0.5228871149572321,0.00792611627460569
['Wolfgang Amadeus Mozart'],[26350],0.09603509746197264,0.06359146129126818,0.03518913364696415,-0.062499233958821336,0.1389477487453974,0.7865159810344781,-0.30131031862639046
['Wolfgang Amadeus Mozart'],[26350],-0.1262214371648297,-0.021246867900960476,0.4476021255817624,0.089213591825785,-0.09045374350095477,0.8573481218179289,-0.6070731511780136
['Wolfgang Amadeus Mozart'],[26350],0.05313312407163513,-0.15187513162677746,0.09538231534582263,0.16073026984771852,-0.09120610839423317,0.8155208134711363,-0.5174766877798574
['Wolfgang Amadeus Mozart'],[26350],-0.16606393750457657,-0.2618868180197304,0.11225056661738098,0.0800316782775348,-0.4806420671986494,0.8267801272901938,-0.18252081903399217
['Wolfgang Amadeus Mozart'],[26350],0.08724917975225881,-0.009776860641481684,0.10875875267207046,0.049945731352730394,-0.15181178996542194,0.5865530334505226,-0.236998489167158
['Wolfgang Amadeus Mozart'],[26350],0.012867493472882924,-0.24822259514191575,0.14398903339569352,0.08395966557895483,-0.04541467384202578,0.6228578741459034,-0.34322263395373054
['Wolfgang Amadeus Mozart'],[26350],0.08952759787776537,0.07237750728674312,0.2508654375032768,0.048244576122547386,-0.31739569441391396,0.7366354051681351,-0.34038154106404206
['Wolfgang Amadeus Mozart'],[26350],-0.22623662670808675,-0.29232356678595933,0.13829955929322732,0.03598039396215729,-0.7158813478776492,0.582450476764354,0.05080669834613729
['Wolfgang Amadeus Mozart'],[26350],-0.1785650247419209,-0.14715916671584897,0.12888526517227933,0.16527418451461737,-0.5024325623032568,0.5368913483283717,-0.1939140941560978
['Wolfgang Amadeus Mozart'],[26350],-0.4087241542777052,-0.3993273798415549,0.10282824073688193,-0.04813009361611125,0.15660882045738575,0.8037526178142362,-0.12945523908369694
['Wolfgang Amadeus Mozart'],[26350],-0.1947148598294262,-0.47470479101853,0.1774550059834553,0.2203843156988835,-0.26524092316289744,0.8245793321226523,-0.4323762352190519
['Wolfgang Amadeus Mozart'],[26350],-0.3338093504215972,-0.5473741251563796,0.33830293083156265,0.05267857167760042,0.14092745254153738,0.6130717950556629,-0.24463190683778444
['Wolfgang Amadeus Mozart'],[26350],0.057516647727040335,0.0917191823154894,0.07609984747382526,0.07234168040877645,-0.6089522656252054,0.6131073503308037,-0.24726277421525855
['Wolfgang Amadeus Mozart'],[26350],-0.3092014820856786,-0.429689131752806,0.16973669234118816,0.14773915797703144,-0.20061278713007774,0.6834578761091809,-0.3069660738841065
['Wolfgang Amadeus Mozart'],[26350],-0.04152450361790186,-0.02347469922383959,0.018539413749568922,0.02783392327926109,0.1734468650743503,0.8691631710198179,-0.30385053941776774
['Wolfgang Amadeus Mozart'],[26350],-0.06527793328442127,-0.1572871067212085,0.02016418275266584,0.09514153440618549,0.17429992813654135,0.7725858559322253,-0.37830129827059633
['Wolfgang Amadeus Mozart'],[26350],-0.20764938374928546,-0.29447386322878844,0.16197846765234106,0.009255000888695195,-0.8046393957918776,0.6545048087699972,-0.009003382513904404
['Wolfgang Amadeus Mozart'],[26350],-0.08608608051118319,-0.15231396649808002,0.17517458755392618,-0.009201611770640399,-0.5573312276512878,0.45633193951456696,-0.012742024386020255
['Wolfgang Amadeus Mozart'],[26350],-0.20764097928950628,-0.3047551335452037,0.32868151144752067,-0.09143138245149897,-0.09803488762329524,0.5154737746460307,0.06651039350081948
['Wolfgang Amadeus Mozart'],[26350],-0.2622928804150346,-0.5893497869637215,0.29576501869814337,-0.02195330036296376,0.10821536556230041,0.538455162876373,-0.08397971118322986
['Wolfgang Amadeus Mozart'],[26350],-0.2292533400437899,-0.2311064419840741,0.1757903329741842,0.03197203545868005,0.031118703901506953,1.1154759718307803,-0.5484038241450084
['Wolfgang Amadeus Mozart'],[26350],-0.18455470890226014,-0.35779149385680736,0.08878302438789577,0.3198040933623175,-0.6931082070782294,0.9168647760177547,-0.5318393685968561
['Wolfgang Amadeus Mozart'],[26350],-0.3950206267584546,-0.4226358069055118,0.3330572661907827,-0.1856455866606232,0.11967023798662368,0.8040947404099178,0.003997869131627969
['Wolfgang Amadeus Mozart'],[26350],0.12219825737858014,-0.01047906443689427,0.07503843920063705,0.17042317350522926,-0.6600910285828089,0.7728923890599221,-0.4886256833472273
['Wolfgang Amadeus Mozart'],[26350],0.10750512621242711,0.047353110638158585,0.24406376040662048,0.1301435350565557,-0.49899489359613464,0.6330372198712887,-0.5490496851847902
['Wolfgang Amadeus Mozart'],[26350],-0.20651625329126028,-0.265543996718499,0.133288200172643,-0.042773240261209995,0.14055624243976186,0.7572157775207086,-0.09934147580561221
['Wolfgang Amadeus Mozart'],[26350],-0.10694367362701697,-0.20888896987396316,-0.009483130990474703,0.2419049008280124,-0.4222635958620134,0.9622528239120521,-0.4455460685433401
['Wolfgang Amadeus Mozart'],[26350],-0.16827074785559812,-0.309495948831467,0.1760303955426407,-0.01953030302203047,-0.7109299418300805,0.7076139788220414,0.05517058494215014
['Wolfgang Amadeus Mozart'],[26350],-0.192317107420821,-0.7005774818223753,0.31738477682565813,0.07939685048574628,-0.34981545660643026,0.5394092429524387,0.04484372845057976
['Wolfgang Amadeus Mozart'],[26350],0.08560015735131848,-0.22998077476686954,0.17458150824638424,0.03466953290300877,-0.0621143551413933,0.6228874231521914,-0.27295576603125915
['Wolfgang Amadeus Mozart'],[26350],-0.2686709803768253,-0.3963371952631674,0.2961826665096725,-0.0642459718165966,-0.2802392486248335,0.4828957837165896,-0.017214124005629924
['Wolfgang Amadeus Mozart'],[26350],0.15616727658098795,0.12901185018948513,0.16533921412208527,0.02603098123608326,0.10581124992191135,0.4993441135286826,-0.22149922222847832
['Wolfgang Amadeus Mozart'],[26350],-0.23591501737080123,-0.25125002733362284,0.3494075549127921,-0.09957062922709108,-0.37408559197234387,0.5326312121271983,0.06750747843090081
['Wolfgang Amadeus Mozart'],[26350],-0.04943924281939869,-0.2665898650154897,0.14783791624790527,0.17268963540396456,-0.6397349872878432,0.8947520062420177,-0.406433898908436
['Wolfgang Amadeus Mozart'],[26350],-0.2312147392837264,-0.49205504564622915,0.16927974970543583,-0.07824459532660717,0.12918475233584106,0.7548429908716282,-0.03604551601420462
['Wolfgang Amadeus Mozart'],[26350],0.03268730502354148,-0.22518871180507183,0.05352063140385661,0.05885274676432512,0.17999533204140533,0.9030627633825077,-0.443653992580299
['Wolfgang Amadeus Mozart'],[26350],-0.08397333069356264,-0.15164399871212245,0.10078378429690488,0.024055765120589698,-0.7896168368165289,0.7417919555784779,-0.013337066987458774
['Wolfgang Amadeus Mozart'],[26350],0.015258272012262254,-0.11113522714842856,0.018383959656122505,0.15585503651870866,-0.4378089841085411,0.99383025396828,-0.47816243207141385
['Wolfgang Amadeus Mozart'],[26350],-0.07718257610249077,-0.2893638640379921,0.10643262073884698,0.1836570713491617,0.2047460569870159,0.8535071130515949,-0.5845113253580869
['Wolfgang Amadeus Mozart'],[26350],-0.17246381760315208,-0.39321788431191246,0.058230659858030616,0.23403733323954845,-0.3903764275058147,1.1989873097732429,-0.5516198585440383
['Wolfgang Amadeus Mozart'],[26350],-0.15831033289755297,-0.3780007089464584,0.07694728140377442,-0.014450269642863457,-0.026683378541058008,0.8570848232226763,-0.2686672208046148
['Wolfgang Amadeus Mozart'],[26350],-0.007311429408634912,-0.07492490581281439,0.12921838274543423,0.020048522044091292,-0.6143200312948807,0.6832834742222009,-0.05384836482424121
['Wolfgang Amadeus Mozart'],[26350],-0.1036060853695596,-0.5915631779758163,0.09318965099212907,0.36780178354044935,-0.21565975727083483,0.9324710208115767,-0.7440859734586861
['Wolfgang Amadeus Mozart'],[26350],0.051466662684620516,0.10302980738222993,0.10439290100268452,0.217290953176594,-0.7545297293369067,0.6526953890289299,-0.5622850088303927
['Wolfgang Amadeus Mozart'],[26350],-0.3841339484356832,-0.6201052451990235,0.1754144296753313,0.14366561502791975,-0.7379187314329232,0.8831325699062836,-0.14636159239377214
['Wolfgang Amadeus Mozart'],[26350],-0.03494977965488569,-0.009985902929838926,0.08125324605711892,-0.08476310883219702,0.1361227734542891,0.7676784371100639,-0.235357215891327
['Wolfgang Amadeus Mozart'],[26350],-0.32578636310593756,-0.004320739896273826,0.01634718433406556,0.2958900224171527,-0.7754432945528363,0.9288351494107967,-0.5187680361277858
['Wolfgang Amadeus Mozart'],[26350],-0.3443676590556327,-0.2701812039402521,0.2624124991133299,-0.03313701455147905,-0.5056877219034388,0.7778747299519763,-0.012760071965473884
['Wolfgang Amadeus Mozart'],[26350],-0.027473486041358425,-0.19757191319159498,0.0667013158937722,0.19046389250200965,0.004365506181178352,0.7506242293907837,-0.5909626116612606
['Wolfgang Amadeus Mozart'],[26350],-0.17520175021361523,-0.023856105582646843,0.14864817404878106,-0.3226448825792576,-0.22677165587804798,0.5564897497759136,0.2596948021263639
['Wolfgang Amadeus Mozart'],[26350],0.19438785052123458,0.06284414948566779,0.02407727864349416,0.25063192215540925,-0.7457727725872247,0.7355307376207312,-0.4442189370752975
['Wolfgang Amadeus Mozart'],[26350],0.22591238871808686,0.08175371510161697,0.01074514553972896,0.27143279288880723,-0.7436837269359307,0.7277083704605617,-0.4516116582110947
['Wolfgang Amadeus Mozart'],[26350],0.07265163755576655,0.01547915044088196,0.012272361815543515,0.22181388047927886,-0.004766866856564967,0.659060437083387,-0.5046507647571321
['Wolfgang Amadeus Mozart'],[26350],-0.43470686756587174,-0.002326707103085646,0.8052877989791472,0.08717224481096794,0.00016223093762702666,0.7979681986368821,-0.7758279331992773
['Wolfgang Amadeus Mozart'],[26350],0.02467443797307641,-0.12469446761758045,0.15064416825514165,-0.012263460103969625,-0.5498053942021527,0.5371844271841537,-0.0716113792738848
['Wolfgang Amadeus Mozart'],[26350],-0.40388119373757836,-0.5544250934279709,0.9364298543316547,0.19864892393375497,-0.5041655511357492,0.7086055034654132,0.0824530469879858
['Wolfgang Amadeus Mozart'],[26350],-0.39461151405742495,-0.4784207062909324,0.9430787100158331,0.07554182620514495,-0.5078488880007079,0.7903012829883784,-0.0008007122450286107
['Wolfgang Amadeus Mozart'],[26350],-0.25614004334974555,-0.34379988311325493,0.22246055563236725,-0.10889592683055156,-0.3540519312281049,0.7055837343255748,0.18784650808041595
['Wolfgang Amadeus Mozart'],[26350],-0.16859341527512625,-0.3667398066045925,0.30232257816454033,-0.15853414825024503,0.07024908340489196,0.49082060492005464,0.11370882203507558
['Wolfgang Amadeus Mozart'],[26350],-0.15186412396419707,-0.3972132528534732,0.32203077363934435,-0.21630571733480616,0.06809952992508093,0.5685709788617794,0.09703925649105703
['Wolfgang Amadeus Mozart'],[26350],-0.34893562116296545,-0.7220871952077847,0.3059698311875266,0.04701300070748201,-0.5021612140861511,0.7536008765491348,-0.030306375159960115
['Wolfgang Amadeus Mozart'],[26350],-0.2584310348282235,-0.4260274223670639,0.7546175021981947,0.07240243349387976,-0.3579137650009901,0.523509262819985,0.013988978719905029
['Wolfgang Amadeus Mozart'],[26350],-0.01448566866811278,-0.17462363156478575,0.36894776498985665,-0.14300058611473881,-0.4144481193080247,0.37087241207160926,-0.031501637147354884
['Wolfgang Amadeus Mozart'],[26350],0.014363515395956226,-0.2125160309969869,0.2796656558284733,-0.12668186558870187,0.03264892194296625,0.23648815168499407,0.12057526312602916
['Wolfgang Amadeus Mozart'],[26350],0.0560357408805776,-0.04715636151085064,0.05317096449893121,0.07410217780038166,0.13065167195987107,0.5734297973097552,-0.3559081247217729
['Wolfgang Amadeus Mozart'],[26350],-0.1676606845809379,-0.27956004757241454,-0.0023009090458486247,0.2801000619632554,-0.4034892088669538,1.040911619672391,-0.49889589893890585
['Wolfgang Amadeus Mozart'],[26350],-0.152611358493159,-0.3921235453527519,0.10158802384486977,0.09034110495876853,-0.7456317270920514,0.9279484213285732,-0.21835780447524297
['Wolfgang Amadeus Mozart'],[26350],0.21870766990174714,0.20498150442220187,-0.0016691520688767523,0.03901301699219628,-0.05610386452268066,0.5773565975232102,-0.5087234799406027
['Wolfgang Amadeus Mozart'],[26350],0.15944104677290216,0.09406948023553165,0.024639260309209293,-0.01809100760642703,-0.23509651982291715,0.7400019589346838,-0.3324989855835213
['Wolfgang Amadeus Mozart'],[26350],0.02548911465265297,-0.22154344425449093,0.020491956546560157,0.1876975970502615,0.20161458884026895,0.8728587885444383,-0.46477172955459256
['Wolfgang Amadeus Mozart'],[26350],-0.03162359949806288,-0.3394841804684149,0.05237115786980335,0.19156379053513112,0.21149332510589686,0.9271154639996301,-0.5187558142302795
['Wolfgang Amadeus Mozart'],[26350],0.10287196492301276,-0.08515154241265818,0.027645231213258327,0.1894348811440436,-0.2675976602596298,0.876638040662441,-0.47056465269904535
['Wolfgang Amadeus Mozart'],[26350],0.23811398385697374,-0.03799012762113121,0.029105081070741664,0.2503487029869567,-0.2833465001214042,0.7349717682849046,-0.44039200651518134
['Wolfgang Amadeus Mozart'],[26350],0.24083268824937648,0.057297529784576966,0.033542501748148025,0.11476095333776515,-0.021850032167005776,0.7706494696491853,-0.4239668387782408
['Wolfgang Amadeus Mozart'],[26350],-0.11492295644330154,-0.19810914528914803,0.29274429266986335,0.11044181343625332,-0.4799467701229808,0.8013875922009737,-0.25745433183499694
['Wolfgang Amadeus Mozart'],[26350],-0.3165591532036628,-0.3056676291191982,0.3182012162263958,0.016068599319823813,-0.5425709300419036,0.5142841729160984,0.10589594235330065
['Wolfgang Amadeus Mozart'],[26350],0.03138743196316191,0.018511400183624686,0.011719497810255547,0.09416433026997809,-0.0024354609345600287,0.8673008297878584,-0.4522975518032877
['Wolfgang Amadeus Mozart'],[26350],-0.3146007850402438,-0.3263325967837864,0.25918116402605046,-0.0882288646888987,-0.07358298465381352,0.5941151968003257,-0.0600325593489782
['Wolfgang Amadeus Mozart'],[26350],0.10773539984362143,-0.13557983144187907,0.08786346119103515,0.2586374632134059,-0.7295122759423223,0.8277644204888522,-0.4805593774589296
['Wolfgang Amadeus Mozart'],[26350],0.19885115929491962,-0.132376631558862,0.06235402784386099,0.3103637700729754,-0.6353453311695595,0.800411179992907,-0.49794005916192385
['Wolfgang Amadeus Mozart'],[26350],-0.17894268864483942,-0.018504958713878562,0.03825023614554815,0.23237943045736167,-0.43606479395978814,0.8020729346932104,-0.6100383146212709
['Wolfgang Amadeus Mozart'],[26350],-0.2404695953358799,-0.2918570947159522,0.6560241990550039,-0.10566844862406605,0.022450104487384315,0.7245769347576829,-0.11864073133092554
['Wolfgang Amadeus Mozart'],[26350],-0.10290156567085733,-0.07815229146089557,0.06781660938799408,0.2907597411139081,-0.6049939420742323,0.9187532777414578,-0.44026368250517695
['Wolfgang Amadeus Mozart'],[26350],-0.29901573110107793,-0.3362116489464223,0.3087639235357112,0.0012585257494626256,-0.5494897358049137,0.45959060585855904,0.04149359170533677
['Wolfgang Amadeus Mozart'],[26350],-0.19523360092186293,-0.06193901994200561,0.05778818668800855,0.14018613285618656,0.1603638916610115,0.5627852137337814,-0.4681734123730607
['Wolfgang Amadeus Mozart'],[26350],-0.23912667624721878,-0.29361930556623494,0.19094715089167405,0.06332900360278133,-0.48575464154548376,0.7929887333853549,-0.19376038034124077
['Wolfgang Amadeus Mozart'],[26350],-0.194562560649048,-0.2494148613609181,0.21787113111648865,-0.18055535184599697,0.082221430023029,0.579682441321266,0.07911599178619065
['Wolfgang Amadeus Mozart'],[26350],0.04540458777497734,-0.19298423892827024,0.027711807514727408,0.14720720839074092,0.008770083175198003,0.9054554379549846,-0.44884241948445697
['Wolfgang Amadeus Mozart'],[26350],0.07948237045199985,-0.05838888038059501,0.12531807114538598,0.041420276515459334,-0.6408505315863937,0.49784692350480164,-0.038506347473434364
['Wolfgang Amadeus Mozart'],[26350],0.28701001135930954,0.14813088804305005,0.00688981261891345,0.13681441418538703,-0.6814634664822891,0.7425601242397497,-0.442383527865809
['Wolfgang Amadeus Mozart'],[26350],0.2572294832694927,0.06491582147236966,0.024420098459776815,0.07963728504954014,-0.31403139452100753,0.7438450408740716,-0.4418011002900861
['Wolfgang Amadeus Mozart'],[26350],-0.1182148956394197,-0.39233490726142906,0.08115269307752783,0.3398262596306232,-0.6797856157455637,0.9999737110125149,-0.6192195217055522
['Wolfgang Amadeus Mozart'],[26350],0.03719195173529367,-0.20390600118361377,0.07855866796349362,0.20594523828941075,0.1759423827379867,0.6777503658978392,-0.46059045151524525
['Wolfgang Amadeus Mozart'],[26350],-0.19234012267140335,-0.35489009455799486,0.27156870205909533,-0.06298692634798939,-0.727603537574019,0.6506757525350566,0.07436511731344252
['Wolfgang Amadeus Mozart'],[26350],0.2007863005357064,0.04655143926473806,0.08331953808198553,-0.04526644071110193,-0.10208989696877076,0.46842628075621245,-0.147723571158496
['Wolfgang Amadeus Mozart'],[26350],-0.04616105841438447,-0.15496732555939516,0.16481775129535395,-0.06574706240079374,-0.09891580796043543,0.46180434095694467,-0.08128297700991645
['Wolfgang Amadeus Mozart'],[26350],0.03887458561900956,-0.07839118570652284,0.16238744625435308,0.14014020369940225,-0.5398125322335382,0.988560324259338,-0.4534943426560089
['Wolfgang Amadeus Mozart'],[26350],-0.20379794818117783,-0.32083060601537283,0.21887237655199732,0.03831526598304688,-0.8196927983145063,0.5235573987432612,0.0733121374512503
['Wolfgang Amadeus Mozart'],[26350],0.13083458548976631,0.02341407566668091,0.10656051300209313,0.06473965021567966,0.13551709938034454,0.5778134164260494,-0.5295819784121376
['Wolfgang Amadeus Mozart'],[26350],-0.31834581998235695,-0.4940401525749923,0.2895085660930894,-0.05715536899325119,-0.09063739282508752,0.4791768228290469,0.001852894270527089
['Wolfgang Amadeus Mozart'],[26350],-0.33325554622770254,-0.46390858875515767,0.1472238779793276,-0.08863322797822644,-0.14788659184288994,0.7584442810359497,0.01536212297257787
['Wolfgang Amadeus Mozart'],[26350],-0.21869497061847884,-0.3608227489243242,0.1995402803598948,0.08118207242746579,-0.3343123601817247,0.5296400188534309,-0.1583094840557885
['Wolfgang Amadeus Mozart'],[26350],-0.0668430902024016,-0.12422304190654332,0.06909179748988763,0.17900299712345139,0.007766723492054698,0.755518009489212,-0.5864306107244266
['Wolfgang Amadeus Mozart'],[26350],0.021593152079440722,0.05982079611085247,0.023865352783285113,0.13904340453944422,0.19576249284005667,0.8622889225569386,-0.41423138884620375
['Wolfgang Amadeus Mozart'],[26350],-0.3900245523253805,-0.3645803491348772,0.5539457433133553,-0.050445370079425005,-0.521196633628009,0.7584118223077582,0.04040195143490477
['Wolfgang Amadeus Mozart'],[26350],-0.10929831909023367,-0.15530046848942292,0.38208752365973825,0.028267862106468995,-0.8181162432724047,0.5272010559818501,-0.19485304705646164
['Wolfgang Amadeus Mozart'],[26350],-0.298159272423315,-0.0674524060960087,0.832192397806677,-0.11217923872848241,-0.11246994096591484,0.4479639027666166,-0.1287403560543822
['Wolfgang Amadeus Mozart'],[26350],0.09645620678563718,-0.12714560443147474,0.06969260862721591,0.18360969578322314,-0.010667054191392994,0.7204110819689226,-0.48942064923949236
['Wolfgang Amadeus Mozart'],[26350],-0.25768814429290887,-0.27046823949864446,0.918830534219389,0.07429312465759035,-0.7281199324720198,0.5589773550377115,-0.07258293424987515
['Wolfgang Amadeus Mozart'],[26350],-0.23177407697269822,-0.08913771667097593,0.0020193695276701368,0.08441373170667808,0.011231312228802366,0.883768476122433,-0.4648807493634166
['Wolfgang Amadeus Mozart'],[26350],-0.03767653024073428,0.03736094326556242,-0.013432976030216459,0.1995766891047263,-0.4475299725080174,0.8214547374958472,-0.47057745558776737
['Wolfgang Amadeus Mozart'],[26350],-0.25543471301454185,0.043367491469604454,0.5070677994315087,-0.4054615372297176,0.059502214147404024,0.6822594658282135,0.03724186782599048
['Wolfgang Amadeus Mozart'],[26350],0.05381119213670419,0.004701529681986216,0.08341569245855025,0.11935058279932192,-0.465334975178558,0.8506894164365468,-0.45335475007491455
['Wolfgang Amadeus Mozart'],[26350],-0.09473622874898119,-0.2181718484727968,0.17819872081160262,-0.006936162134648757,-0.7290482959407214,0.5543546785384296,-0.03069487759801536
['Wolfgang Amadeus Mozart'],[26350],-0.25644347591548267,-0.38203267821488374,0.2585402197556788,0.016069504174314426,-0.8071453294176406,0.631751274663279,0.10738037897387555
['Wolfgang Amadeus Mozart'],[26350],-0.19233035009236382,-0.2770232096380564,0.8259360792247913,0.051428515861218924,-0.8243660877707462,0.5771704196010194,-0.006026703634575943
['Wolfgang Amadeus Mozart'],[26350],-0.22934068551993783,-0.5217451517438408,0.5764647974736525,0.06364397053771921,-0.5327860341439841,0.6385427844549448,0.09522026204566668
['Wolfgang Amadeus Mozart'],[26350],-0.1504349160417978,-0.34552480777376776,0.24486693452023087,-0.09250139664220344,-0.11402364627560725,0.4232481812688457,0.11411864270180125
['Wolfgang Amadeus Mozart'],[26350],-0.05548475828271224,-0.33390402732915364,0.2403181825749204,-0.06989568342952429,0.0638430547239759,0.3409245094137651,0.028375507765658253
['Wolfgang Amadeus Mozart'],[26350],-0.15232138744612236,-0.3895792969142112,0.26641076901502364,0.06642170992927866,-0.7977103961155974,0.6321909033921849,-0.09973793528841535
['Wolfgang Amadeus Mozart'],[26350],-0.17867996853235774,-0.2770425901306237,0.4036077351884115,-0.08725273545827326,-0.10457464066646507,0.4423462573104528,-0.08959949857922685
['Wolfgang Amadeus Mozart'],[26350],-0.20243439115887024,-0.460862771331504,0.34266206659508214,-0.0827569677078252,0.08691857840074543,0.538809983993897,0.16003734914370277
['Wolfgang Amadeus Mozart'],[26350],-0.31046637740182814,-0.5569784032531725,0.6868292012819428,0.037785616068777284,-0.5195229926255494,0.7240976779613869,-0.05616874474485387
['Wolfgang Amadeus Mozart'],[26350],-0.1294541576959003,-0.18583293980762353,0.18044099251333498,-0.2510205041269835,-0.5698712153503153,0.7153177658792265,0.1548155510782698
['Wolfgang Amadeus Mozart'],[26350],-0.3275147711133478,-0.6250989703129302,0.5755663640605192,0.08438305118189558,-0.3330660647069121,0.6875546394000241,0.06042552570524104
['Wolfgang Amadeus Mozart'],[26350],-0.1448322603152242,0.05186314249414017,-0.009619323227969745,0.05568020673922888,0.0027927399320397724,0.8668450971599331,-0.47289303196455157
['Wolfgang Amadeus Mozart'],[26350],-0.3012778389676571,-0.2727302282958485,0.18836143809920067,-0.11872763926886205,-0.36634170658819465,0.5751705922091886,0.13990536604575035
['Wolfgang Amadeus Mozart'],[26350],0.09004447151014022,-0.07465827492900348,0.15603275590574134,-0.05668055885405926,-0.19603129006080194,0.47804723146367145,-0.006003877187993953
['Wolfgang Amadeus Mozart'],[26350],-0.0733732284568525,-0.09364496429372422,0.08106618083296126,-0.037083111323097946,0.1386762215585079,0.7539864348596154,-0.1169281632054003
['Wolfgang Amadeus Mozart'],[26350],-0.06899090764701757,-0.2974694200173847,0.12836499778137997,0.13778605107260822,-0.4735595198421937,0.8273777820612224,-0.24090410283214087
['Wolfgang Amadeus Mozart'],[26350],0.2396926842443357,-0.1431572105467531,0.05200970507373899,0.2730808882833851,-0.7314539367373306,0.8513333680414531,-0.5302257367080235
['Wolfgang Amadeus Mozart'],[26350],0.22417275503742262,-0.06649865846297809,0.024371005026532534,0.25470438256538175,-0.44623976800208265,0.900889258577359,-0.44994336201101526
['Wolfgang Amadeus Mozart'],[26350],-0.12032423260959121,-0.3094821768475772,0.04587637310644139,0.25461949161979064,-0.5842510242791822,1.1176852014176324,-0.5815404746274931
['Wolfgang Amadeus Mozart'],[26350],0.19808525730241788,-0.004992661776611869,0.04235958694421198,0.08212505801726029,-0.022769592878907847,0.8033238314233141,-0.383094132720901
['Wolfgang Amadeus Mozart'],[26350],-0.18200182327808734,-0.21397548314466372,0.050461575056211114,0.1939348270249065,-0.4403171989137399,0.8993013955854751,-0.3975610436633394
['Wolfgang Amadeus Mozart'],[26350],-0.32606693981718937,-0.3124636187892735,0.2295875666071193,0.2137069022721097,-0.4172030361712664,0.9826351800786445,-0.6093443837661867
['Wolfgang Amadeus Mozart'],[26350],-0.448780197650809,-0.45039682991206154,0.2056771828917931,0.032834151640386056,-0.7876096100008363,0.6510585700304108,-0.023652208071787143
['Wolfgang Amadeus Mozart'],[26350],-0.24156584150897947,-0.12229563329420173,0.4220709185079009,0.21847016923507062,0.018976032540585025,0.7958240999755739,-0.8219049632006133
['Wolfgang Amadeus Mozart'],[26350],0.17979580719244465,0.22533739099051703,0.2534654289450426,0.10675438183935124,-0.03810248374915722,0.6431447435437163,-0.6162663282178074
['Wolfgang Amadeus Mozart'],[26350],-0.10300762920431406,-0.31357917079642367,0.21205586222025424,0.025326612095043118,-0.723448029183184,0.5689322191565044,-0.027009629918294555
['Wolfgang Amadeus Mozart'],[26350],-0.15344672491104616,-0.2043726909215251,-0.026896460283564377,0.20661808904632828,-0.4098936094046284,1.0725168722133331,-0.5611089736085164
['Wolfgang Amadeus Mozart'],[26350],0.18873555290721558,0.07174722794287428,0.10012685806073506,0.07177488306936852,-0.1464995957481132,0.6063048663641297,-0.31992769486347566
['Wolfgang Amadeus Mozart'],[26350],-0.08890371895155302,-0.23896970846259696,0.16768391916318406,-0.05109731430659715,-0.2701260445711568,0.5624646598634706,0.02063560656231603
['Wolfgang Amadeus Mozart'],[26350],0.003205884435525183,-0.3176931074305114,0.12151591511791518,0.07903557564687126,-0.028236467350433912,0.7645743212647897,-0.3395350146600776
['Wolfgang Amadeus Mozart'],[26350],-0.045659397695420954,-0.1599793933034275,-0.0069902345375598765,0.17504980145516286,-0.7006647989446441,1.0834499455175977,-0.4654432228297416
['Wolfgang Amadeus Mozart'],[26350],-0.06459004572918736,-0.3271532494725039,0.06352801246524022,0.1020756900945255,0.011853244391538568,0.959572491248413,-0.40395628192516136
['Wolfgang Amadeus Mozart'],[26350],0.10952436442432094,-0.10991688479033919,0.04927974296287898,0.17725293718287197,-0.009992361997219958,0.724341576455087,-0.4934054098125042
['Wolfgang Amadeus Mozart'],[26350],-0.18448633997068103,-0.1957674398865386,0.03372532334062534,0.23589071620337362,0.012091380308301624,0.710088008112619,-0.5977217965790844
['Wolfgang Amadeus Mozart'],[26350],-0.013594166453129664,-0.1424431603128099,0.05725017199221822,0.1843562157055039,-0.657301123218314,0.799115379725691,-0.14319943946275882
['Wolfgang Amadeus Mozart'],[26350],-0.26933048324522035,-0.31350108225626205,0.2138916224117289,0.04456673398515151,-0.09767940817411797,0.8780635784323099,-0.3288295381666237
['Wolfgang Amadeus Mozart'],[26350],0.06312135983415368,-0.09459437817104056,0.2034704031628826,-0.1559848450163923,-0.23912826832289888,0.3614087278999493,0.17075703773173195
['Wolfgang Amadeus Mozart'],[26350],-0.21202892524863395,-0.24811814060814913,0.2675441889837791,-0.19443044110924484,0.07100443514476772,0.5031172904493086,0.08716074207374154
['Wolfgang Amadeus Mozart'],[26350],-0.029962366300431562,-0.09756684628840417,0.03302899349606933,0.15074973963280025,0.1719750469875578,0.660070525890278,-0.48831628264099686
['Wolfgang Amadeus Mozart'],[26350],-0.24606233460593227,-0.26348763113922913,0.2481280231543437,-0.07213113149328383,-0.55029182483245,0.5716623903590377,0.09401026400142073
['Wolfgang Amadeus Mozart'],[26350],-0.27840443504099005,-0.4441506882447119,0.1936237907778002,0.07143703627321046,-0.8077463295283389,0.5369717489044724,0.009257533978282996
['Wolfgang Amadeus Mozart'],[26350],-0.20594959332136215,-0.45031586667466234,0.21228021553128454,0.01449739797140433,-0.33872626098902464,0.6213042137952715,-0.08593431134306245
['Wolfgang Amadeus Mozart'],[26350],-0.0418702744042117,0.012055288073486808,-0.027360543924309998,0.1309244267711293,-0.7142776620965345,1.0421759794869965,-0.35312988722456956
['Wolfgang Amadeus Mozart'],[26350],0.16748797675262075,0.08063627416071381,-0.00429925282904887,0.0962712204502585,0.1763682543626355,0.8580672534932121,-0.3320427383524716
['Wolfgang Amadeus Mozart'],[26350],-0.23983780107698716,-0.024946346758177657,0.0974721232171372,-0.25588278817460225,-0.5759986133000509,0.6179276720846707,0.22205551809048232
['Wolfgang Amadeus Mozart'],[26350],-0.23064633276263113,-0.35063026838742717,0.25967110240798547,-0.1428471186978668,-0.10254304714161099,0.5525705563432011,0.1569782449144527
['Wolfgang Amadeus Mozart'],[26350],-0.11893377748157255,-0.11447603055449086,0.22671327169112115,-0.2011923961622733,-0.23536260360647054,0.35005994444760696,0.14492323946722538
['Wolfgang Amadeus Mozart'],[26350],-0.015217089025369944,0.09796568629785038,-0.011927182564343778,0.1953823812158499,-0.45955043545762564,0.7394369731442267,-0.49350961964711454
['Wolfgang Amadeus Mozart'],[26350],-0.10872209211662473,0.07224242450810034,-0.01085888762877804,0.09831474768249739,-0.4532653885930287,0.9005686056452299,-0.42736369626731346
['Wolfgang Amadeus Mozart'],[26350],-0.18318563034974658,-0.1540387146297061,0.32505571462958477,-0.1453889573775747,0.05324915123202982,0.30171846096321525,0.058686855725059384
['Wolfgang Amadeus Mozart'],[26350],-0.009254662616583266,0.03681360841594249,0.013394076330536128,0.09753825904231823,-0.4479534932674747,0.9655335326931027,-0.4775908450156289
['Wolfgang Amadeus Mozart'],[26350],-0.23341603267055855,-0.5392570963210247,0.24716277486164076,-0.023130401171394588,-0.1799634315610443,0.502859487837283,0.0025347007514562245
['Wolfgang Amadeus Mozart'],[26350],-0.20750688612936405,-0.3408674336535262,0.6489298925071957,-0.02485827043370722,-0.8134850489923797,0.7393281186218152,0.054744942777423915
['Wolfgang Amadeus Mozart'],[26350],-0.23918904128180699,-0.08724158389697483,0.3634374418300064,-0.06945290677340461,-0.3329834388805009,0.6928603627309898,-0.21388423264511125
['Wolfgang Amadeus Mozart'],[26350],-0.20995648916698925,-0.5467817341111348,0.4865245342770798,-0.07624374997509764,0.09272499542281638,0.6429485435296194,0.19511568542681515
['Wolfgang Amadeus Mozart'],[26350],-0.028427880925511337,-0.11815421210581718,0.2187517874274304,-0.2712146895505676,-0.395235056567484,0.7145984131682306,0.23265048272210284
['Wolfgang Amadeus Mozart'],[26350],0.23099308255678458,0.009878557367255132,0.052515005568032916,0.04073298920703763,-0.3211427957501117,0.7774279019215953,-0.30512841141641545
['Wolfgang Amadeus Mozart'],[26350],-0.14476752147357425,-0.12942228271502562,0.2592679076136095,-0.14247628765075274,0.14659614376517371,0.9231458124231996,-0.24821607400236126
['Wolfgang Amadeus Mozart'],[26350],0.10543639826902246,0.007469855504277752,0.08181594831203572,0.09981551785182988,-0.1346297075944861,0.6225219956646945,-0.35412912897176985
['Wolfgang Amadeus Mozart'],[26350],-0.28972584544709146,-0.24208915784568447,0.5019092223986614,0.025543771590254054,-0.8262803298243847,0.4658953264978766,-0.03769684643619036
['Wolfgang Amadeus Mozart'],[26350],-0.07303035489632899,-0.4852902821808456,0.09072567673014752,0.21739164143607753,0.03552220809388746,0.9642614740521325,-0.6130950665296306
['Wolfgang Amadeus Mozart'],[26350],-0.12242319414658492,-0.44505034769620366,0.10164780792752331,0.30671625216347326,-0.3962109606526225,1.072628044039578,-0.6391652640770871
['Wolfgang Amadeus Mozart'],[26350],-0.3959279196010311,-0.3868359716286771,0.5634926264520874,-0.1582004548351501,-0.06853863378610343,0.7433195707804178,-0.11754858690193379
['Wolfgang Amadeus Mozart'],[26350],-0.08487277980392322,-0.49206472231012355,0.15790356580698922,0.023359778416414363,-0.3018495236556919,0.9156000321604301,-0.2104418679275878
['Wolfgang Amadeus Mozart'],[26350],-0.029053264668882323,-0.26932747001060814,0.22887439752258476,-0.0459216986911237,-0.3424604735181679,0.7191120852037609,-0.14035153155675048
['Wolfgang Amadeus Mozart'],[26350],0.1622078751583282,0.03220386019607406,0.09636255826974377,0.13624328070933633,-0.4963596616584201,0.6801982845575971,-0.407665847312467
['Wolfgang Amadeus Mozart'],[26350],0.1347722970712878,0.20931695706431008,0.2524515624553885,0.023961389046860005,0.11092111022916715,0.5061685615768005,-0.3371559021992483
['Wolfgang Amadeus Mozart'],[26350],0.017979794545366502,-0.19092488748505881,0.09008471204485174,0.27712606289611885,-0.820492479767152,0.8053292809193949,-0.453972657770396
['Wolfgang Amadeus Mozart'],[26350],-0.03168017090924523,-0.016176404782132177,0.11711278184000484,-0.06623785331742583,-0.3506985109669585,0.6528509196140801,-0.060221997183730745
['Wolfgang Amadeus Mozart'],[26350],-0.167326470059937,-0.1301896683568229,0.1845112490389732,0.25254441959472373,-0.43503392595860596,0.7989793755807002,-0.6853095557926897
['Wolfgang Amadeus Mozart'],[26350],-0.05458878769015303,-0.20824018835038868,0.21952336322508878,-0.01041739234509345,-0.7701312383025459,0.31364329370978555,0.1094521501320307
['Wolfgang Amadeus Mozart'],[26350],0.1666622698533904,0.07231438759705042,0.035924749084272435,0.24406949433884262,-0.7468302889551793,0.723479563212514,-0.4375334409748335
['Wolfgang Amadeus Mozart'],[26350],-0.32831869807579395,-0.3468691702749728,0.3759025779180957,0.08651218108724142,-0.7202194734147478,0.4842493355173452,0.04983712925588687
['Wolfgang Amadeus Mozart'],[26350],-0.1648967194610889,-0.07300931967594944,0.1722268560318671,-0.006560448618382784,-0.5600295867629572,0.38797230205275746,-0.019485302145838202
['Wolfgang Amadeus Mozart'],[26350],-0.012448623240794718,0.11026873412905201,-0.005245480462452496,0.18065339452126666,-0.4660516684401971,0.7164908554605983,-0.4742767606674396
['Wolfgang Amadeus Mozart'],[26350],-0.06123067612482412,-0.060318465023609213,0.064297459646183,0.14387298976051238,-0.488490487021345,0.6915099161792954,-0.3474296281421742
['Wolfgang Amadeus Mozart'],[26350],-0.19865478124327898,-0.3714791769186141,0.376928930402608,0.009104750268231123,-0.558901973778799,0.42568570640118947,-0.0061599697950231605
['Wolfgang Amadeus Mozart'],[26350],0.039882811960723075,0.04679712612772498,0.036508838195069705,-0.028210933607335033,-0.7742849414220132,0.9400960647896617,-0.04016511094370026
['Wolfgang Amadeus Mozart'],[26350],0.22622546598582205,0.10525512516417233,0.05160476442556186,0.005042566383426425,-0.06596282573226897,0.6150499807090931,-0.32794012732452776
['Wolfgang Amadeus Mozart'],[26350],0.11542127320842631,-0.10876883444927582,0.011121060036681346,0.15712865326703224,-0.2622289312174468,0.970094418012155,-0.4427087385602762
['Wolfgang Amadeus Mozart'],[26350],0.07562494982894781,-0.12922581517982898,0.01250653326465659,0.0836296131945115,0.1824186734994227,0.8811025535364825,-0.464098139103587
['Wolfgang Amadeus Mozart'],[26350],0.17352540558004265,0.18747165376641403,0.03776402523999519,-0.04115548742624348,-0.044692007496491395,0.7760446483329777,-0.43404634982072415
['Wolfgang Amadeus Mozart'],[26350],-0.17504361657978407,-0.1383570654911463,0.29496606115797486,-0.10034550944972162,-0.1734213874167244,0.609530880087736,-0.04927438533249415
['Wolfgang Amadeus Mozart'],[26350],-0.020165646831559574,-0.3416272543531934,0.0843620586800902,0.2770568472337724,-0.4306873263237246,0.8796750780354388,-0.6857861359506757
['Wolfgang Amadeus Mozart'],[26350],-0.201227447482921,-0.2128502884531974,0.5938820625699391,-0.020167010729415454,-0.7471640658382903,0.43838128128959164,-0.12072300791129999
['Wolfgang Amadeus Mozart'],[26350],-0.1415340434619049,-0.017495274305261776,-0.06213725763315127,0.09336906413526591,0.2009466949122436,0.9112127496835688,-0.4883940735936059
['Wolfgang Amadeus Mozart'],[26350],-0.02734680299322308,-0.07972679974137396,-0.012562726187324971,0.09016638382046151,0.19698774773745112,0.9414229217804494,-0.4030483165128512
['Wolfgang Amadeus Mozart'],[26350],-0.09356719477547042,-0.3184441404033188,0.06760185911328956,0.14376164573172487,-0.725682581488915,0.9814829241538553,-0.3394598827272055
['Wolfgang Amadeus Mozart'],[26350],-0.09853716942085766,-0.28923125346893636,0.08154883013146061,0.18431244266964286,0.02081892001790206,0.8835755968697376,-0.48513229090289933
['Wolfgang Amadeus Mozart'],[26350],0.02857458148338597,0.1345861069285753,0.02965198399411943,0.06966593644730881,-0.09968943950974693,0.847012175622708,-0.3969717190841901
['Wolfgang Amadeus Mozart'],[26350],-0.015164581047441018,-0.3398654942936329,0.044006498457214126,0.20034760517771008,0.022059861660834786,0.9016370747196603,-0.4665537558715183
['Wolfgang Amadeus Mozart'],[26350],-0.04734094401532345,-0.4538820697068186,0.06925302389941726,0.19597875461152583,0.20921354295573683,0.9098234475468621,-0.5661701421886691
['Wolfgang Amadeus Mozart'],[26350],-0.081708463488285,-0.146287713102203,0.21390283715388445,-0.018482634617114364,-0.7582291716397408,0.4044114106022355,0.1455203442184947
['Wolfgang Amadeus Mozart'],[26350],0.026348981216315192,-0.1357152264852803,-0.01755167866054925,0.2766112847566121,-0.699160599699561,0.9822799073718957,-0.4618200423174738
['Wolfgang Amadeus Mozart'],[26350],-0.2631364550744774,-0.4275971602972561,0.5148747640916955,-0.08008655736672668,-0.3572597238783728,0.6457855493616579,-0.02319354418675973
['Wolfgang Amadeus Mozart'],[26350],0.15852940318345682,0.12188752859557724,0.03839047894312458,0.15705057176589055,-0.4784444805976123,0.749636698377601,-0.4079589459026109
['Wolfgang Amadeus Mozart'],[26350],0.14751389311107824,0.11061098744059016,0.05371488276194208,0.09465313810697339,-0.31727450834743154,0.6607481040125015,-0.37843646181138085
['Wolfgang Amadeus Mozart'],[26350],-0.08350379976713665,-0.20556183463128008,0.2239866960359738,-0.09003192078729687,-0.20426838757553453,0.4374738127784767,0.13274568640828036
['Wolfgang Amadeus Mozart'],[26350],-0.13006275420845315,-0.26347996505653914,0.17894761231495487,0.11145964129356464,-0.7950638917554295,0.5916496286272922,-0.0604338900327289
['Wolfgang Amadeus Mozart'],[26350],0.0021063479583013417,0.02242665745666206,0.08200671422519644,0.07078878491762812,-0.33196802477593934,0.5794977166475884,-0.23105659595631012
['Wolfgang Amadeus Mozart'],[26350],-0.08339213874219487,-0.2282211543046152,0.04834334100291649,0.2979834364068579,-0.6201721217685306,0.8171967853133014,-0.4840634903752367
['Wolfgang Amadeus Mozart'],[26350],0.31823134639913747,0.07070880888188098,0.054875994618499534,0.11835943608076933,-0.13473817120638457,0.6599176276014023,-0.46434626991015
['Wolfgang Amadeus Mozart'],[26350],0.17022521420256864,-0.008125335167993235,0.051066243172394866,0.1807897165773557,-0.11457045965265128,0.6697796404792307,-0.43963334599711074
['Wolfgang Amadeus Mozart'],[26350],0.3130718744946398,0.11568744018232804,0.07490085727719384,0.11544835407294797,0.1321805395193878,0.56438323309585,-0.4109711304528165
['Wolfgang Amadeus Mozart'],[26350],-0.04444172481347969,-0.26354785161673216,0.02971230583940002,0.21428114449446148,-0.06565288508747001,0.9037133863772241,-0.5090544389795028
['Wolfgang Amadeus Mozart'],[26350],-0.39717572050076394,-0.2299760249391589,0.5672837085313536,-0.07071752438008769,-0.5290080953759699,0.6266400218314494,-0.24935045188547902
['Wolfgang Amadeus Mozart'],[26350],0.3374008483486057,0.19656072655279377,0.10960573313231256,0.06838897722716476,-0.15202513375772622,0.583096847443377,-0.5571248048670623
['Wolfgang Amadeus Mozart'],[26350],-0.025796613082068993,0.00837655031120508,0.11001372687534429,0.13781346168280253,0.010382254739633948,0.8777829508841931,-0.5757399852872017
['Wolfgang Amadeus Mozart'],[26350],0.2219922706959628,0.07194481841210283,0.05656697814452602,0.05373184555197895,-0.057713579874529616,0.592058318297102,-0.424354782198794
['Wolfgang Amadeus Mozart'],[26350],-0.3407511889498601,-0.17233463628332807,0.3155023768602988,-0.14459515487012295,-0.37307923773327817,0.5620264142672066,0.0777946129265884
['Wolfgang Amadeus Mozart'],[26350],0.1341370949750812,0.150843596468383,0.03805687096050998,0.06254491618850579,-0.5015648936608591,0.7063071561032659,-0.3917362589312076
['Wolfgang Amadeus Mozart'],[26350],0.007909937124642023,0.05805596778026605,0.12647031611904416,0.11012188733688687,-0.4429326926833933,1.0163734960460398,-0.47075302988990586
['Wolfgang Amadeus Mozart'],[26350],0.35798815244344906,0.10115034804503413,0.048788516417437186,0.10155281873931772,-0.1488390858894697,0.5971873337639109,-0.44350234944991473
['Wolfgang Amadeus Mozart'],[26350],0.3708699875245522,0.17960044318392931,0.017841691536004102,0.15811012031378452,-0.3144407028802225,0.681098533079233,-0.41314916298464616
['Wolfgang Amadeus Mozart'],[26350],0.09440101365507139,-0.08111991499259034,0.157523374467769,-0.07613723543539665,-0.1108667740425958,0.4592935280279277,-0.00872707329640928
['Wolfgang Amadeus Mozart'],[26350],0.012192892732318777,-0.019544536960953356,0.031307615346475554,0.20263772223324092,-0.4525874859341625,0.8262152593840228,-0.4407267863084025
['Wolfgang Amadeus Mozart'],[26350],0.13622506446041469,-0.005330028851648985,0.10879522512156671,-0.04000915997064138,0.09599243811742618,0.5305393329206075,-0.17304419880577138
['Wolfgang Amadeus Mozart'],[26350],0.15025599574336307,0.11438216935449066,0.20293236133615497,-0.09454581521395504,-0.09606148164191584,0.5298939545100725,-0.3217205596539285
['Wolfgang Amadeus Mozart'],[26350],0.07141531324502177,-0.06605070445609851,0.1906865080528762,-0.1495657247394913,-0.418908645312498,0.37225729603743546,0.07933456732069404
['Wolfgang Amadeus Mozart'],[26350],-0.14608940350986674,-0.041527646739290616,0.200891127286336,-0.1954707494040609,-0.5698850361276652,0.6321270715831603,0.2320631887457513
['Wolfgang Amadeus Mozart'],[26350],-0.004605871475848557,-0.007709446538777684,0.04374875841363067,0.04292554187666528,-0.001541174363501013,0.9124830600342957,-0.4811128549695362
['Wolfgang Amadeus Mozart'],[26350],-0.14446456183166329,-0.27847500946576026,0.19144445735910062,-0.07574237888085296,-0.2793953250122553,0.5388244507014539,0.0734209924987765
"['U2', 'B.B. King']","[219203, 59156]",-1.1309078687439722,-0.33566995201432676,0.035392737645357435,0.3630281195197167,-0.6222065383747308,0.5773443057716229,-0.14378689642961878
"['U2', 'Daniel Lanois']","[219203, 955544]",-0.6223994726382825,0.06986646068023707,-0.07829092258249956,0.4677529198216594,-0.7926502396968022,0.6153926940089146,-0.3606595007353724
"['U2', 'Daniel Lanois']","[219203, 955544]",-0.11356285488111584,-0.061476150146035496,0.016806600615040888,0.18608739652960735,-0.03394044743813745,0.555566776827172,-0.3021878221795953
"['U2', 'Green Day']","[219203, 154544]",-1.0661604905223248,0.18846137927996864,-0.015491291922411363,0.051170792300118915,-0.23327855427030875,0.40020345566286786,-0.005395827157554198
"['U2', 'The Edge', 'Johnny Cash']","[219203, 178549, 816890]",-0.5970215584746066,-0.326923273170984,-0.029004194219656425,0.4785922540028588,-0.7113731608945494,1.0746698021695085,-0.7148548850261031
"['U2', 'The Edge', 'Johnny Cash']","[219203, 178549, 816890]",-0.3941772537807126,-0.06686317893270864,-0.06010524103404463,0.43568079438703566,-0.7583708276852269,0.8745222886415933,-0.5322320332188764
['U2'],[219203],-1.0300269630708052,0.3134824775953671,-0.040578237546838467,0.1028719218005725,-0.3709154563983187,0.652396979951256,-0.24955166839326418
['U2'],[219203],-1.064496597994293,-0.04289929341916588,0.03977448304025321,0.40552355297553644,-0.6746860256465217,0.6959740617700667,-0.44177712817173587
['U2'],[219203],-1.3909825793412294,-0.23789008293490335,0.3629478573610919,0.18184886074737217,-0.14709807340611228,0.7616910994063036,-0.3864005310952537
['U2'],[219203],-1.0674601689672256,0.29997213507956255,0.4973341232675899,0.02670760679333131,-0.5888841521437578,0.5501130603263525,-0.32491778201011356
['U2'],[219203],-0.632484323209878,-0.16973157436229472,0.0469056119472716,-0.0017540500570160642,0.0991673710149807,0.37264162334602075,0.10684042217749795
['U2'],[219203],-1.1317615700425319,-0.004470681138612351,0.0015033650811190568,0.13246710255439473,0.15910072478491283,0.42361959527779414,-0.09042603066199167
['U2'],[219203],-1.2751347839474854,0.2780800298457649,0.5016329376444463,-0.000644737599971031,-0.11976993395835522,0.5324307209553065,-0.40939043608048536
['U2'],[219203],-1.0571679576966972,0.25536491223939134,0.5198008687712331,0.12209305382744992,0.05942742309556464,0.37586157076957427,-0.4258542647912278
['U2'],[219203],-0.977951721701145,0.07796379515731137,-0.052907293454317536,0.3027720344430653,-0.665478900346114,0.3517294705863305,-0.11827926833257282
['U2'],[219203],-0.618839530539556,0.08063778303351336,-0.004914608853813474,0.10369688247692885,-0.773001267800383,0.61075395795521,-0.05394360712421239
['U2'],[219203],-1.152837226469724,-0.1460241461254834,0.16455849161134697,0.3900322169022101,-0.5422385951325951,0.47700708447565093,-0.1267919422287681
['U2'],[219203],-0.298857036440064,-0.06541037843980566,0.08354979455450715,-0.038160425025879186,-0.5792708662505379,0.34629505981754666,0.11618471188288312
['U2'],[219203],-0.251528711208365,0.12997591203267544,-0.1424860729783189,0.18165707484082438,-0.46553545710207056,0.7687370215897381,-0.3607309322690551
['U2'],[219203],-0.24759836255852813,-0.08172294020364548,0.09768987438272045,-0.0374506685131688,-0.5852874624583743,0.3182330079502912,0.10410918475832784
['U2'],[219203],-1.041566896463317,-0.07082315039752227,0.16784699576551124,0.19014717163801004,-0.3869761044432278,0.5020783742433074,-0.14370470130890686
['U2'],[219203],-1.2759998243765782,0.17418774702045423,0.5212760652669294,0.15442942366900492,-0.3794738507475308,0.47131802562406155,-0.45923317323044643
['U2'],[219203],-1.2795901940760015,0.14042481474264468,0.4221281420713622,0.25836173220374753,-0.728845278114999,0.5108451560285755,-0.40255297419249275
['U2'],[219203],-0.8203032219780713,0.03156887961709702,0.49950640389559253,0.10865469462089852,-0.8642085719987073,0.5223171440864046,-0.2760482447580068
['U2'],[219203],-1.1132594420163844,0.1771209743238984,0.5591398288110262,0.2163227960013932,-0.8399269003163724,0.4832498773883354,-0.4161275976479599
['U2'],[219203],-0.78713510829755,0.15079064773156609,0.35486407219845584,0.15095741663737525,-0.7832048895204721,0.4439080251392332,-0.22840859738353803
['U2'],[219203],-1.1658454277974417,0.12978194670032245,-0.00256198917747406,0.0400923869514925,0.056530295684979026,0.48883222034832,-0.042679349103146046
['U2'],[219203],-1.1956033268472626,-0.24787010912336874,0.0009331569868808977,0.3267576392280502,-0.5213949987310186,0.6451224687728132,-0.1723316908008467
['U2'],[219203],-1.3512896247958794,0.2345226694571662,0.5513035687115304,0.02645367884312308,-0.10214233742562709,0.605446651588603,-0.43607325730550467
['U2'],[219203],-1.1275698242307701,-0.38671430158371456,0.058400242653984205,0.27967394910812554,-0.3521169478759174,0.5645422704316331,-0.19134673402146124
['U2'],[219203],-1.2334894235771132,-0.27174190035885276,0.04325479140304535,0.20215727026769073,0.09540908924227016,0.5354341883842269,-0.15544149685752606
['U2'],[219203],-1.151486507218196,-0.5780124171789441,0.059163202005648785,0.3840598669127712,-0.7827976593264894,0.6981728071476185,-0.2517276443124804
['U2'],[219203],-1.3500839120335089,0.2949657763646852,0.5171030147689144,0.07393254192800308,-0.5552071633088663,0.6310565269545086,-0.430148264766558
['U2'],[219203],-1.30783086090285,-0.04902572902727343,0.17373143507363628,0.14185853222165667,0.0017906845662688424,0.5628256149933033,-0.2518539778328932
['U2'],[219203],-0.9612691607651704,0.09875302413516122,-0.09143846733911773,0.24175235863057376,-0.7532813781694411,0.49270118476625,-0.04570549076413451
['U2'],[219203],-0.7004810711917057,0.27728397430714785,0.5022874128538865,-0.11237264716648353,-0.016449019194963225,0.27802135581188786,-0.21267606066489028
['U2'],[219203],-1.2783502302219936,0.17637952103693647,0.5291993968714345,0.21658421739531658,-0.8239782441200006,0.5517675678305023,-0.46754438202563775
['U2'],[219203],-1.1642754907196458,0.2832526325836914,0.4966432952035619,0.1167189428245108,-0.5626961512893034,0.5827463162039727,-0.37038239973920256
['U2'],[219203],-1.1681548268437862,0.17157955549565718,-0.05685501565438318,0.25762588025353694,-0.7008530537293602,0.7193111412212506,-0.24824523893782044
['U2'],[219203],-1.222754652980691,0.04037751253089803,0.032743470115055906,0.11913918641076345,0.07165194968310777,0.4576788541940523,-0.07322671415980506
['U2'],[219203],-1.2757421468854386,0.08192861325945336,0.1925094170068993,0.21171013528012492,-0.545294679042684,0.5573338020884181,-0.2552764304639635
['U2'],[219203],-1.3084762408014776,-0.004316302979929758,0.27991307373742896,0.11998438649454818,-0.09715582337859553,0.5449141386186588,-0.3316790751685648
['U2'],[219203],-1.0554149077106576,0.03791752827543796,0.21547475586631948,0.285463423134169,-0.5725619899944577,0.3584475887863185,-0.26542915322212396
['U2'],[219203],-0.489286847603687,0.25055311993416735,0.5230234644015348,-0.26957384693388503,-0.48507461076896374,0.5099901825775078,-0.110519559386644
['U2'],[219203],-1.068058970055367,0.4427111125348602,0.48419891126447134,0.0975145296820266,-0.8702070590859046,0.43979267169816333,-0.3158384721142114
['U2'],[219203],-1.032189180745543,-0.04755667418632091,0.19924485767265646,0.279322506576534,0.02050936567289565,0.5641762068065664,-0.4991833685234579
['U2'],[219203],-1.0701781923535325,-0.09979133248048896,-0.05553565285747086,0.2296079514396447,-0.47062119579844774,0.5109694414552731,-0.04222323467269092
['U2'],[219203],-1.0629734534456283,0.046578987087921714,-0.08597571083218439,0.20549033338580605,-0.08448713506172854,0.57221817776176,-0.2468718484324891
['U2'],[219203],-0.7911493027920684,0.10409651277816256,-0.03765113043884424,0.13058451812690156,-0.4295097076983931,0.3468234484992693,0.006101552429318467
['U2'],[219203],-1.0629734534456283,0.046578987087921714,-0.08597571083218439,0.20549033338580605,-0.08448713506172854,0.57221817776176,-0.2468718484324891
['U2'],[219203],-1.08538270634712,-0.026937553235613143,0.09743401806412083,0.19114310866381665,-0.38859100500568533,0.45837848481473276,-0.17541470839762996
['U2'],[219203],-1.3335068289785197,0.03686344095052206,0.5679106304830004,0.10949245766936215,-0.7122790859772741,0.8091457075989037,-0.481753121934133
['U2'],[219203],-1.064496597994293,-0.04289929341916588,0.03977448304025321,0.40552355297553644,-0.6746860256465217,0.6959740617700667,-0.44177712817173587
['U2'],[219203],-1.1130738939794764,-0.10212083990557742,-0.040918225580067726,0.24524482578882276,-0.6492889549453975,0.5174893515092426,-0.06794709660516762
['U2'],[219203],-1.2168879324283588,0.04110986796647132,0.22032423481446858,0.1607120132035537,-0.7314773643128503,0.6707450773370383,-0.24599600174221103
['U2'],[219203],-1.2425046189387448,-0.06194711359670688,0.01753269897956417,0.38161046795728937,-0.8075170446270743,0.4879059848637255,-0.1966175382893293
['U2'],[219203],-1.1856166841968667,-0.38693698318840497,0.06630410294459015,0.28030714193790696,-0.3483137829675777,0.5523036000248688,-0.20474979790405384
['U2'],[219203],-1.0300269630708052,0.3134824775953671,-0.040578237546838467,0.1028719218005725,-0.3709154563983187,0.652396979951256,-0.24955166839326418
['U2'],[219203],-1.1979782241170087,0.09954859486356771,-0.03721313128366036,0.044882753628956024,-0.12218275167769205,0.501733151791753,-0.07977955833604534
['U2'],[219203],-1.08538270634712,-0.026937553235613143,0.09743401806412083,0.19114310866381665,-0.38859100500568533,0.45837848481473276,-0.17541470839762996
['U2'],[219203],-0.8792176126534261,-0.23930952709568853,0.0621787397232106,0.026544813970878614,0.04963032750366948,0.5152411473253495,-0.01941068741241727
['U2'],[219203],-1.0909058134313652,-0.08328726360946957,0.2668084747211734,0.17688680809135798,-0.20361246104488973,0.464670403578598,-0.22123663661331525
['U2'],[219203],-1.3223368799853652,0.21889209135380885,0.5064604698060879,0.14709260384972023,-0.5448917759388565,0.611816979396622,-0.43741784281350327
['U2'],[219203],-1.3051443726497218,-0.3478275517124169,0.014354596064670997,0.3023674797073513,-0.5085668269230339,0.7260197390700995,-0.19828123832675035
['U2'],[219203],-1.0943042804488947,-0.16558499370473753,-0.015259045377521452,0.2609473117778617,-0.46193993164185626,0.5371285561727677,-0.11798771305717345
['U2'],[219203],-1.109274305561392,-0.10609671536819859,-0.022167702657008893,0.3660098167382042,-0.6152968104917135,0.5937335888246211,-0.23814900336726008
['U2'],[219203],-1.2079481357847195,-0.06030094529144941,0.42582408540673555,0.10218397662708263,-0.014317520216736128,0.5364046779782832,-0.3658180078691702
['U2'],[219203],-0.9352581113682484,0.10159649856307701,0.0766894149081778,0.025291011998810595,0.11803142379698232,0.3525431730911365,-0.02389012731963697
['U2'],[219203],-0.20736325156494612,0.304706688560593,0.37905053158877827,0.03355260093999452,-0.6675819009914195,0.7568156759398436,-0.5768251753451228
['U2'],[219203],-0.5215391917701839,0.09275673792775031,0.01611620651085903,0.043535042339072245,-0.34218622108379526,0.45007475065882324,-0.05982179807971666
['U2'],[219203],-0.2927174063117972,-0.31801923527075876,0.3450024914587558,-0.03728674821110076,-0.09603009000780173,0.4200704645686152,-0.006419224189658924
['U2'],[219203],-0.9803321058483346,0.05930303073558054,-0.10200391733695474,0.28641548858969085,-0.5152261957361007,0.7417871645579275,-0.3177098990481573
['U2'],[219203],-1.0352953958330868,0.18738342409003356,0.2583696855883763,0.13261614250097775,-0.20568588709268562,0.47799491277890493,-0.29620951063839907
['U2'],[219203],-1.0458694289381245,-0.09901451252048299,-0.09843899033799407,0.4381849854667886,-0.3021701771315687,0.6834413135885128,-0.4696859073421384
['U2'],[219203],-1.2228413514277854,-0.14986731034877687,0.14228325411714207,0.12035896787855013,-0.35982324491060763,0.7027456387650411,-0.2046650031957124
['U2'],[219203],-1.1979782241170087,0.09954859486356771,-0.03721313128366036,0.044882753628956024,-0.12218275167769205,0.501733151791753,-0.07977955833604534
['U2'],[219203],-1.3909825793412294,-0.23789008293490335,0.3629478573610919,0.18184886074737217,-0.14709807340611228,0.7616910994063036,-0.3864005310952537
['U2'],[219203],-1.28238526074288,0.2702442737265021,0.48932114352566525,0.05048556541194026,-0.11369970877316753,0.4957346733509342,-0.37371090226792797
['U2'],[219203],-1.2758742451082796,0.1677904361548724,0.5341933775725463,0.15933013025568762,-0.37562065444115794,0.49601652602605834,-0.4043234377427221
['U2'],[219203],-0.9234089666738381,-0.30925059418775425,0.04271937563220624,0.5108875123832978,-0.7351856824323267,0.9185497020200482,-0.5522656666896478
['U2'],[219203],-0.9863092108911315,-0.0029901044598234757,0.07501073238605004,0.02009982051273226,0.13323101268620993,0.43466157692950974,-0.06475381161208556
['U2'],[219203],-0.6506136572711916,0.18739263150671354,-0.03700669855767565,0.1347862305612094,0.11667870133698599,0.2434213487871403,-0.23826950799866675
['U2'],[219203],-0.8712807848968454,-0.13196048396383256,0.04121144357805213,0.22933816010740252,-0.29378362063174435,0.47199993039258686,-0.07712518351789173
['U2'],[219203],-1.239901326368262,-0.34868100941423436,-0.009003113364352321,0.19901386975514082,0.19363470365257196,0.579448872658434,-0.15570138441241121
['U2'],[219203],-0.9050456399518755,-0.04653186458072027,0.03227371533076885,-0.06124220250216171,0.1319085053668922,0.5667769357971816,0.06983178635779512
['U2'],[219203],-1.2228413514277854,-0.14986731034877687,0.14228325411714207,0.12035896787855013,-0.35982324491060763,0.7027456387650411,-0.2046650031957124
['U2'],[219203],-1.3254554396152662,-0.05565605625967325,0.16828537161129722,0.22941192518898626,-0.7083127590953744,0.7100911077318932,-0.27042641079288643
['U2'],[219203],-1.1970329988431705,0.5072006948288661,0.465266481380625,-0.027265996856543327,-0.39945324533197046,0.5612440741535476,-0.371223247644062
['U2'],[219203],-1.2594224469362243,-0.24437528513017046,-0.059379141697643925,0.36927841948313134,-0.7907128905088251,0.6393319738720796,-0.14284262206792395
['U2'],[219203],-1.0122558242041435,0.10051237061834858,-0.13054323017492342,0.34692695448620636,0.24996636517365858,0.7059640933205772,-0.5893701809442496
['U2'],[219203],-1.2039406681650688,0.01922996556281493,0.19682536858432406,0.11999548552207985,-0.014515948759323178,0.5209138575487274,-0.20541172324272244
['U2'],[219203],0.08490785840635548,0.07715774111526787,-0.03699183122711065,0.14604841455501943,-0.29460604590234535,0.7342236557479658,-0.3888583979081164
['U2'],[219203],-0.8686723768169858,-0.24147154363491705,0.014171841888442026,0.10584441358100626,-0.20787330168324236,0.6097436941733251,0.02089103715238135
['U2'],[219203],-1.1826290533750043,-0.20941496131705026,-0.06251619021068244,0.4114379036884005,-0.5820042543505234,0.7053918427775975,-0.4301181222038758
['U2'],[219203],-1.210690913617372,-0.25628908234221004,-0.010034073006267167,0.32543352685766336,-0.15542164743368383,0.5739315542739262,-0.22617709703855063
['U2'],[219203],0.0008430818131844404,-0.06473457014831233,0.011813245562019086,0.10445411178540656,-0.6386038121289671,0.9871410978694154,-0.2944662394185555
['U2'],[219203],-1.0165674607107793,0.30533727608821004,0.35967153126428325,0.05638559638322279,-0.5123055321436072,0.42399294937407306,-0.20987544648012768
['U2'],[219203],-1.1604371395437607,0.1542474039808567,-0.08583456993781864,0.1762315494671884,-0.33490645281814235,0.7715349559887132,-0.3358736502696758
['U2'],[219203],-1.0618109727498528,-0.6012409872551718,0.07783099535049465,0.2188533895601858,0.09855334212802933,0.5855098987791423,-0.21047941433608747
['U2'],[219203],-0.671517391411346,0.1110346593659486,-0.10636877464124983,0.27422433493310033,-0.509152462953308,0.8298971939373647,-0.47712767460481914
['U2'],[219203],-0.632484323209878,-0.16973157436229472,0.0469056119472716,-0.0017540500570160642,0.0991673710149807,0.37264162334602075,0.10684042217749795
['U2'],[219203],-0.19068940143226135,-0.1121580430207497,0.006572012221511087,0.38587209443372994,-0.779739942361036,0.8446094517356261,-0.5308213311093989
['U2'],[219203],-1.2000443248047798,-0.17540071722661607,-0.03237993247325308,0.12556117659643315,0.08177951404349688,0.5481125892978288,-0.0886672713200544
['U2'],[219203],-1.18439990141942,-0.41067194765287507,0.020761735335504256,0.40130009301909886,-0.5242962245056018,0.5405620634102143,-0.19207176309567064
['U2'],[219203],-1.2840404940626289,-0.22212181469597367,0.07496248768977681,0.2639809963031912,-0.43837023693198274,0.6123884150492052,-0.23191520934878654
['U2'],[219203],-0.9541274659931801,-0.37718654094555915,0.05226918762728166,0.4349254762857273,-0.8089063488030013,0.560054829677523,-0.1544754745989953
['U2'],[219203],-1.1239193137793968,0.09152548944979712,-0.06556759321816313,0.24411609206565663,-0.5630828753364695,0.4391430243904804,-0.045753287517238346
['U2'],[219203],-0.7911493027920684,0.10409651277816256,-0.03765113043884424,0.13058451812690156,-0.4295097076983931,0.3468234484992693,0.006101552429318467
['U2'],[219203],-1.1878206011022303,0.12117220703871902,0.12003433576378326,0.2062358795310022,-0.7424714831828633,0.5352861137037344,-0.16883336813835015
['U2'],[219203],-0.23430453401371015,-0.2240328847499262,0.1443045480870042,0.06018875181755749,-0.1599400522959604,0.4448059003080263,-0.1701205510078534
['U2'],[219203],-1.2157019834622795,-0.014265581539351663,0.2841967025656849,0.14123715431726439,-0.5457012081436802,0.682486207226778,-0.2751105193607151
['U2'],[219203],-1.1880589637007688,0.08988135972880305,0.19817797599383882,0.0786222096210579,0.0672391628070457,0.4880313048077642,-0.16145931735539942
['U2'],[219203],-0.9698332856536599,-0.35066550752595155,-0.10656879024167827,0.43058170378866645,0.21046403532027236,0.9926745786821622,-0.7205556115897302
['U2'],[219203],-1.1317615700425319,-0.004470681138612351,0.0015033650811190568,0.13246710255439473,0.15910072478491283,0.42361959527779414,-0.09042603066199167
['U2'],[219203],-1.0604996077104005,-0.49881115397901327,0.0035786805857927033,0.4167017988395769,0.06499676535352082,0.7394471697940794,-0.40897011738973255
['U2'],[219203],-0.8904133599509049,-0.4045162285142518,0.12522411563842092,0.08942318239804464,0.18845403258864063,0.7601238999769074,-0.23543004085362573
['U2'],[219203],-0.5794125032034261,-0.24589939459952087,0.13684461809900225,0.09669152033975144,-0.4311162686367356,0.40710303268652215,0.005432760161998059
['U2'],[219203],-1.2110040199720937,-0.20671212626049124,-0.011203122404775645,0.4389545790149711,-0.5226057845975571,0.4658743591086283,-0.17563167369684604
['U2'],[219203],-1.0368220683953422,-0.2635931071166972,-0.10638984649657454,0.5604850539057322,-0.3481254343554354,0.8639068991139344,-0.5638814200248423
['U2'],[219203],-1.2360008388746295,-0.22220083196078771,0.02196745550739268,0.26740604245664334,-0.4451242181151801,0.5800810924408937,-0.1762805894266537
['U2'],[219203],-0.9715198472868243,-0.28230445738610427,-0.0405441367378127,0.36107917963908,0.13282492066428328,0.6446451990373228,-0.35925647214374784
['U2'],[219203],-1.15557797337493,-0.14115921095893647,0.16067586219115612,0.15825578118597408,-0.10356464191622052,0.4892498878808673,-0.18872670101737926
['U2'],[219203],-1.1983105910718785,-0.20614900757539764,0.00022947570056814793,0.2885429618200587,-0.45098723825594006,0.5223048946254923,-0.13438158192225294
['U2'],[219203],-0.9772602948503079,-0.31567338145561696,0.02584366980601492,0.21865116196170817,0.06531165817135995,0.40773666722019714,-0.03653297849601449
['U2'],[219203],-1.1260444828264518,-0.3799987828883967,0.05944208867977834,0.27605888726876027,-0.35361261180780784,0.5532161817979498,-0.1840811644474808
['U2'],[219203],-1.1260444828264518,-0.3799987828883967,0.05944208867977834,0.27605888726876027,-0.35361261180780784,0.5532161817979498,-0.1840811644474808
['U2'],[219203],-1.2968837447075245,-0.0692552972904241,0.424729347700727,0.18451792207942735,-0.18122608715073474,0.5281452597820144,-0.4468512024892449
['U2'],[219203],-1.1696064882840853,-0.3092655655084261,0.01640185988239096,0.2613382201003047,0.0890776368010157,0.4373733522236949,-0.16746832437010406
['U2'],[219203],-0.7512829335017571,0.03409215480687035,-0.04968195240307059,0.26683190953316144,-0.018549032893021327,0.41088745667972143,-0.21083760001029409
['U2'],[219203],-1.0691673948779676,-0.03373846261285424,0.018289513361475763,0.17684130502813122,-0.029714771019223676,0.38662273911960493,-0.05678963176698738
['U2'],[219203],-1.083591911653819,-0.18360846932953323,0.04658171824521299,0.10625593077431197,0.1570519041594353,0.48967364491843607,-0.06782476747805699
['U2'],[219203],-0.7512829335017571,0.03409215480687035,-0.04968195240307059,0.26683190953316144,-0.018549032893021327,0.41088745667972143,-0.21083760001029409
['U2'],[219203],-1.0524004011500498,-0.025299337574704723,0.013617737157068644,0.17395044404039423,-0.03246492018619384,0.37644686760245527,-0.045665705721750355
['U2'],[219203],-0.8799152420650006,0.012399997083191314,-0.06990704207797828,-0.04322993336112779,0.045600528499017884,0.6223672953725278,0.07640161594684106
['U2'],[219203],-0.9050456399518755,-0.04653186458072027,0.03227371533076885,-0.06124220250216171,0.1319085053668922,0.5667769357971816,0.06983178635779512
['U2'],[219203],-1.2778347395706993,-0.046079376984801634,0.15109324288380682,0.17530531364024363,-0.0044048839428729655,0.4796293554440514,-0.19765012924020875
['U2'],[219203],-1.3305824787507499,-0.041546818388501994,0.079725736269726,0.1923235704613557,-0.5335692727672662,0.6706477252096084,-0.20356340707571918
['U2'],[219203],-1.2332726448870581,-0.14558955664911044,0.11632207377421594,0.20672393922777432,-0.18014372830343076,0.5432403695334336,-0.20468181956068035
['U2'],[219203],-1.1955072129295938,-0.06750152559450255,0.34832949475073305,0.16791444634302716,-0.19338776552793163,0.5138279616207769,-0.3734965821480807
['U2'],[219203],-1.2968837447075245,-0.0692552972904241,0.424729347700727,0.18451792207942735,-0.18122608715073474,0.5281452597820144,-0.4468512024892449
['U2'],[219203],-1.1702166565212693,-0.32906936816445137,0.012158905556880593,0.2645044321186157,0.09124799053500234,0.4497412417816222,-0.17240841566150344
['U2'],[219203],-1.224426625963451,-0.2186311112436809,0.007467486950855356,0.3157296679840576,-0.5382957925002166,0.5250290210320451,-0.19849388191472161
['U2'],[219203],-1.1364048720660085,-0.46449857879380674,0.05898247659602242,0.2059459678077797,0.18545543634288128,0.5496896444092556,-0.22168863992512486
['U2'],[219203],-1.18439990141942,-0.41067194765287507,0.020761735335504256,0.40130009301909886,-0.5242962245056018,0.5405620634102143,-0.19207176309567064
['U2'],[219203],-1.0870990111299352,0.056404664500847065,-0.06918042292549367,0.27115587477122405,-0.7403382055186513,0.4946854115192943,-0.0732115185775381
['U2'],[219203],-0.7655543165855754,0.021570652054915443,-0.0411604987040216,0.2541772186455403,-0.02364168159298105,0.3954001632671572,-0.18047796278748168
['U2'],[219203],-1.2079481357847195,-0.06030094529144941,0.42582408540673555,0.10218397662708263,-0.014317520216736128,0.5364046779782832,-0.3658180078691702
['U2'],[219203],-0.9803321058483346,0.05930303073558054,-0.10200391733695474,0.28641548858969085,-0.5152261957361007,0.7417871645579275,-0.3177098990481573
['U2'],[219203],-0.2927174063117972,-0.31801923527075876,0.3450024914587558,-0.03728674821110076,-0.09603009000780173,0.4200704645686152,-0.006419224189658924
['U2'],[219203],-1.0701781923535325,-0.09979133248048896,-0.05553565285747086,0.2296079514396447,-0.47062119579844774,0.5109694414552731,-0.04222323467269092
['U2'],[219203],-0.941987017060199,-0.13722324851188247,0.07129059578077564,0.0619804630042818,-0.21490000788068436,0.5474688712804905,0.008497082432232052
['U2'],[219203],-1.2694464238052325,-0.19003935474440903,0.012318475568716012,0.3350518217119078,-0.514650696662613,0.6345416455608731,-0.2188758485661792
['U2'],[219203],-0.8712807848968454,-0.13196048396383256,0.04121144357805213,0.22933816010740252,-0.29378362063174435,0.47199993039258686,-0.07712518351789173
['U2'],[219203],-0.9863092108911315,-0.0029901044598234757,0.07501073238605004,0.02009982051273226,0.13323101268620993,0.43466157692950974,-0.06475381161208556
['U2'],[219203],-1.032189180745543,-0.04755667418632091,0.19924485767265646,0.279322506576534,0.02050936567289565,0.5641762068065664,-0.4991833685234579
['U2'],[219203],-0.9223284059524545,0.05838940115167079,-0.05157157623349191,0.2751583678773937,0.08862545962457731,0.4242369053505794,-0.2853912367980572
['U2'],[219203],-0.9480145753417558,-0.4289268172560176,0.02551579520826772,0.33945711878772916,-0.5403248533817893,0.5791264239925306,-0.1763080357434021
['U2'],[219203],-1.180511706559605,-0.05094560716839447,0.0016887127220904003,0.19010584932530467,-0.01884086359900199,0.39256244581108163,-0.09889483343880627
['U2'],[219203],-1.039376435416823,-0.03816025204822416,-0.014560395414464725,0.1790717155930116,-0.04062720884489299,0.3096777540815353,-0.08761508081205156
['U2'],[219203],-1.1854603722295787,-0.17871814741526285,-0.04560293057010386,0.35719528467750783,-0.6345063092514912,0.4565319923224918,-0.11616711397372428
['U2'],[219203],-1.3004974676227947,-0.06953906925777927,0.1703869910930867,0.1987949677247201,-0.5325639904535499,0.6705066753133236,-0.25858818698222336
['U2'],[219203],-1.2694464238052325,-0.19003935474440903,0.012318475568716012,0.3350518217119078,-0.514650696662613,0.6345416455608731,-0.2188758485661792
['U2'],[219203],-1.0094240608385856,-0.0349999148014043,-0.017271902071294237,0.18226933467290318,-0.043051730031620425,0.3039943472376277,-0.0702497357355911
['U2'],[219203],-0.9417347123931942,0.10149725555695513,-0.13159514094536826,0.294336615154524,-0.5094802642717873,0.7685001400768429,-0.3672725063305278
['U2'],[219203],-0.3244845103073489,-0.1115444898029752,0.2608440029155691,-0.26627551138437305,-0.09605981830821479,0.7068437176119913,0.12544187690725242
['U2'],[219203],-0.9150566252079426,-0.07610255087816463,0.14731493313695657,0.12022320650958394,0.12108684656106126,0.23846093398359644,-0.17784247808959547
['U2'],[219203],-1.2031044808832356,-0.09762980885876314,0.41999525772129204,0.10693136016122945,-0.011767736503080179,0.5554788753453815,-0.3656852426697607
['U2'],[219203],-0.8559466412004987,-0.19837331165720898,0.058967005269207666,0.21224602281292287,-0.29555643573444995,0.49232031732909676,-0.058875545675895376
['U2'],[219203],-1.2225171961441135,-0.19275341349674238,0.09771804506107368,0.2490893270946882,-0.003946439891877534,0.41512779371749214,-0.22675862521161247
['U2'],[219203],-1.2895271710739868,-0.13865501097187793,-0.010785453965304857,0.2551431552628209,-0.6258347710741328,0.6137672473257113,-0.15402342811871494
['U2'],[219203],-1.0560977524180286,-0.07888897458411455,0.26913446169298355,0.13571608215088765,0.0691577779042291,0.5794906622956345,0.13435915669884022
['U2'],[219203],-1.3305824787507499,-0.041546818388501994,0.079725736269726,0.1923235704613557,-0.5335692727672662,0.6706477252096084,-0.20356340707571918
['U2'],[219203],-1.3466417789707223,-0.33831990781082966,0.007013253028673451,0.31596781307843935,-0.5047330136791263,0.7247915970503901,-0.20872205963743473
['U2'],[219203],-0.8826223645986844,-0.057958725367758014,-0.008189619560621433,0.15791209549009758,-0.05335910028738127,0.32529189638776385,-0.04228929281918752
['U2'],[219203],-1.0897728341652984,-0.15185129981847395,0.0025390547156016667,0.14469768691715573,0.15043703866480052,0.379380066977657,-0.11766376087720644
['U2'],[219203],-1.2360008388746295,-0.22220083196078771,0.02196745550739268,0.26740604245664334,-0.4451242181151801,0.5800810924408937,-0.1762805894266537
['U2'],[219203],-1.296248758176536,-0.07990314323155892,0.28959380599881973,0.24799627220912027,-0.5281829973580848,0.6352336377432324,-0.344778958420714
['U2'],[219203],-1.0774787832429724,0.011809672305749754,0.36534739595831556,0.19476031455095208,0.07000974828018028,0.386648762563399,-0.29691525014384235
['U2'],[219203],-1.0911359490052992,-0.1546583705364647,-0.018475423813484902,0.1501662918743889,0.15052340374700882,0.37169447670118316,-0.10484676265552322
['U2'],[219203],-0.7972462408761962,0.0738799490662966,0.65200094714901,0.05813636114213168,-0.866601838390649,0.606939383632868,-0.37140681359463995
['U2'],[219203],-1.264589634657179,0.16699029974614701,0.5537970314237337,0.15411850966251586,-0.28675234117942394,0.48264283717782996,-0.4566908836323752
['U2'],[219203],-1.2740251308534576,0.40595514189989046,0.5076335262025056,0.03750616136043692,-0.5736321569118951,0.5695050129736153,-0.35521012802745927
['U2'],[219203],-1.2425046189387448,-0.06194711359670688,0.01753269897956417,0.38161046795728937,-0.8075170446270743,0.4879059848637255,-0.1966175382893293
['U2'],[219203],-1.0102749640233286,-0.21357444282145843,0.02847612834295448,0.3819076280744172,-0.6472306270709396,0.4177829427577105,-0.09604971466198887
['U2'],[219203],-0.8696643869214103,-0.401366752422604,0.1672926674176454,0.16751220347071094,-0.032284364211087754,0.4159861541955109,-0.12131792987800952
['U2'],[219203],-1.2622181124522522,-0.055422963635537385,0.1424606565346622,0.17364514097941589,-0.005488567900088468,0.48051607926254825,-0.18899235049606022
['U2'],[219203],-1.139122409116639,0.0741118754307667,-0.06118704346471772,0.23940578830415774,-0.5643070972240872,0.43701086521913834,-0.03308733666986147
['U2'],[219203],-0.8791584054229614,0.020472033642831507,-0.048179099765494914,0.2497581278846931,-0.025004309108311185,0.3476506378768779,-0.1480121338040559
['U2'],[219203],-1.1658454277974417,0.12978194670032245,-0.00256198917747406,0.0400923869514925,0.056530295684979026,0.48883222034832,-0.042679349103146046
['U2'],[219203],-0.7742063398455857,0.12472422264440577,-0.0809398906850043,0.25110793251532204,-0.5205090471562953,0.7599705873645765,-0.41108078782503377
['U2'],[219203],-1.151486507218196,-0.5780124171789441,0.059163202005648785,0.3840598669127712,-0.7827976593264894,0.6981728071476185,-0.2517276443124804
['U2'],[219203],-1.3466417789707223,-0.33831990781082966,0.007013253028673451,0.31596781307843935,-0.5047330136791263,0.7247915970503901,-0.20872205963743473
['U2'],[219203],-1.179420358839848,-0.06885890666738242,0.07135185769883269,0.25189277690007383,-0.45987639181936035,0.5158208772384838,-0.1768170704102135
['U2'],[219203],-1.0094240608385856,-0.0349999148014043,-0.017271902071294237,0.18226933467290318,-0.043051730031620425,0.3039943472376277,-0.0702497357355911
['U2'],[219203],-0.9931375516411833,-0.028157401431568925,0.3759464010820372,0.17972543983171504,0.06244354193152415,0.4026012542434066,-0.26353876146687316
['U2'],[219203],-1.169350000625607,0.3786437664999118,0.5303777837948157,0.10876269708520783,-0.40028911728426875,0.4177578880603272,-0.32629244001705354
['U2'],[219203],-0.45742180189188525,0.27501402794325047,-0.1647764702880993,0.2417811024621392,-0.0051787618944065875,0.562861148627898,-0.419373845078402
['U2'],[219203],-0.3944742979809538,0.14180065099355607,-0.05022546220315387,0.43785682752334987,-0.6107552963845534,0.6687784174819253,-0.5001140472915979
['U2'],[219203],-0.63482670981777,0.26982555324374385,-0.16608583846363162,0.33459154284548964,-0.08363402855252318,0.4891677497208317,-0.45442703899128994
['U2'],[219203],-0.34187776316533786,-0.1941979075960838,0.5143257572402665,-0.06957073230250582,-0.46108845585721986,0.5040345926311668,-0.11273965511912407
['U2'],[219203],-1.0881424691110038,-0.1791834577224458,-0.13495197463741967,0.47453598306232264,-0.3721684803387335,0.7995378398258849,-0.4838591671761393
['U2'],[219203],-0.6259910641259773,0.3174345494483293,0.03697993646638505,0.3782627278719532,-0.6584467236266226,0.9814237786827689,-0.6092452269205171
['U2'],[219203],-1.1577127510317238,-0.14624097512225487,0.0764700484615752,0.26733032702455,-0.6288741599509253,0.6186797963250747,-0.16169134684845665
['U2'],[219203],-1.2914856352283917,-0.1322109283944139,0.00495134077764106,0.25214785626334424,-0.6259723496737513,0.6152307659114833,-0.1629367125102653
['U2'],[219203],-0.7742063398455857,0.12472422264440577,-0.0809398906850043,0.25110793251532204,-0.5205090471562953,0.7599705873645765,-0.41108078782503377
['U2'],[219203],-1.0909058134313652,-0.08328726360946957,0.2668084747211734,0.17688680809135798,-0.20361246104488973,0.464670403578598,-0.22123663661331525
['U2'],[219203],-0.298857036440064,-0.06541037843980566,0.08354979455450715,-0.038160425025879186,-0.5792708662505379,0.34629505981754666,0.11618471188288312
['U2'],[219203],-1.30783086090285,-0.04902572902727343,0.17373143507363628,0.14185853222165667,0.0017906845662688424,0.5628256149933033,-0.2518539778328932
['U2'],[219203],-0.4003369940477919,0.17522101534759463,-0.04560929631140342,0.4616735229446874,-0.6021770963712888,0.6899107694598097,-0.5568245106964663
['U2'],[219203],-0.46945990883946087,0.2904267448975959,-0.17398205901950795,0.25094354501267535,-0.0034261510634929653,0.5605754038766543,-0.4282157869972892
['U2'],[219203],-1.1696064882840853,-0.3092655655084261,0.01640185988239096,0.2613382201003047,0.0890776368010157,0.4373733522236949,-0.16746832437010406
['U2'],[219203],-1.164840774955997,0.12833339355701884,0.49289038842057464,0.03122284741967781,0.05988830580416794,0.5010489560135365,-0.38303366855865406
['U2'],[219203],-1.2194111559268452,-0.4404473900510165,-0.01136890419426165,0.2796034466605796,0.10774565126528013,0.5432533533075693,-0.18892301590236996
['U2'],[219203],-0.8306303709775538,0.03860282772362673,-0.07693677935951565,0.0711775999696724,-0.6835076267178597,0.6254552413007378,0.10550398234460899
['U2'],[219203],-1.1717805079472843,0.3223948952302863,0.4827190198728352,0.07487385087437981,-0.5721947834774765,0.5795392968086273,-0.3280631266621979
['U2'],[219203],-1.104598990609726,0.006157597045114191,0.5257474267567147,0.1600610729260653,-0.5554503406637952,0.6495669150655143,-0.3971549170011201
['U2'],[219203],-0.7040285686205396,-0.06742281791831486,0.0008211231508676237,0.20943044152711432,-0.052828645772627816,0.3093704947395881,-0.10721206313320686
['U2'],[219203],-1.0143062827797416,-0.18337199100439797,-0.04230168951759223,0.3319544868408107,-0.37229547964383997,0.4490074009418616,-0.027368833786853716
['U2'],[219203],-1.0879768729068768,-0.14996706024999346,-0.10131310409758082,0.464593284039516,-0.07829100701188865,0.8767163814529015,-0.6259163928385233
['U2'],[219203],0.0008430818131844404,-0.06473457014831233,0.011813245562019086,0.10445411178540656,-0.6386038121289671,0.9871410978694154,-0.2944662394185555
['U2'],[219203],-1.3004974676227947,-0.06953906925777927,0.1703869910930867,0.1987949677247201,-0.5325639904535499,0.6705066753133236,-0.25858818698222336
['U2'],[219203],-1.222754652980691,0.04037751253089803,0.032743470115055906,0.11913918641076345,0.07165194968310777,0.4576788541940523,-0.07322671415980506
['U2'],[219203],-1.2728266001578539,0.17934862864741022,0.5536339021160924,0.09664026856579165,0.06838702492543282,0.4139074791780078,-0.45097952333974334
['U2'],[219203],-1.179420358839848,-0.06885890666738242,0.07135185769883269,0.25189277690007383,-0.45987639181936035,0.5158208772384838,-0.1768170704102135
['U2'],[219203],-1.0870990111299352,0.056404664500847065,-0.06918042292549367,0.27115587477122405,-0.7403382055186513,0.4946854115192943,-0.0732115185775381
['U2'],[219203],-1.0691673948779676,-0.03373846261285424,0.018289513361475763,0.17684130502813122,-0.029714771019223676,0.38662273911960493,-0.05678963176698738
['U2'],[219203],-0.8841404637093084,-0.13506665587341593,-0.031388339091488617,0.2847425964130754,-0.2896748887839583,0.45283776489075317,-0.12929198116094817
['U2'],[219203],-0.8945053965844737,-0.0243487715149184,-0.09010145939606704,0.3589530694276666,0.019310192948642415,0.46855683465402276,-0.3878515365399513
['AC/DC'],[574772],-1.0693895189370395,0.47851197671739987,0.26462256506731313,0.3175873503247357,0.060490185326824666,0.6415079770481112,-0.8176734963014168
['AC/DC'],[574772],-1.0725722938440747,0.17081774804177932,0.05588206958157137,0.48054401189524604,-0.36743990129321674,0.7268966534580279,-0.8155528112510231
['AC/DC'],[574772],-1.2491569592093004,-0.20039843273659158,-0.017626710540672243,0.3131543564193144,-0.45526827236528983,0.4257022862188205,-0.20806179838950012
['AC/DC'],[574772],-1.2566522418955945,-0.2288642431715981,0.02272318062942235,0.35309887308837185,-0.5383190380071758,0.44916361417647205,-0.20328349313442798
['AC/DC'],[574772],-1.1729777755085924,0.6994056044945982,0.41796473585718846,0.0008750873083364599,0.003634897136841496,0.6856687372387973,-0.5675733649117068
['AC/DC'],[574772],-1.045095930835979,0.6527617500776883,0.37690201778262883,0.17126920359817618,0.019497489432537946,0.5795076064387512,-0.6896036584284108
['AC/DC'],[574772],-1.2437752189530549,-0.17710604511491726,-0.025059374015641126,0.31472757135540386,-0.42505378847253783,0.6267917881889035,-0.27062195484679197
['AC/DC'],[574772],-1.0946280719194887,0.15405038560305784,-0.018484507179734967,0.41334235406943365,0.08437032126417851,0.710907667708692,-0.7454864148739513
['AC/DC'],[574772],-1.2023851710354643,0.4904619782548019,0.4676951305679329,0.10119537084699592,-0.22155863247261187,0.38949146911870786,-0.21316690871070257
['AC/DC'],[574772],-1.2322603917795982,0.2148309907781916,0.3877625094897314,0.4154244782592218,-0.545517167107456,0.8526569880267939,-0.832969733347105
['AC/DC'],[574772],-1.3125579615896585,-0.009439631445349235,0.13992638853477407,0.14721433834162867,-0.6118644125367009,0.820739983648396,-0.31202311195373766
['AC/DC'],[574772],-1.235625109013047,0.02769121935808136,-0.02564547121532515,0.32300789854204676,-0.647008504597721,0.36152272553887244,-0.16452848709873039
['AC/DC'],[574772],-1.235331117288271,0.08670445302699466,0.24968590858220693,0.12319229418485209,-0.024781556669997217,0.4079966393847955,-0.24941722485495985
['AC/DC'],[574772],-1.2399064243442655,0.034527784834265,-0.01211027728826891,0.3542977220090682,-0.6113713709561746,0.552304102034382,-0.3095425131844739
['AC/DC'],[574772],-0.9954433028722489,0.2173464617665747,-0.031790161947559105,0.53019274434018,-0.5550829413855922,0.674153273466165,-0.7915075526315036
['AC/DC'],[574772],-1.3111207908151905,0.013384126916847948,0.20228661388154998,0.3058003830197484,-0.6032344408801454,0.6711724134208392,-0.32719863822223805
['AC/DC'],[574772],-1.3149169300870378,0.05895073209744707,-0.08636015466558383,0.21573108379195544,-0.6153828474671799,0.698323989575166,-0.18212156230701876
['AC/DC'],[574772],-1.0666119092399775,0.13554006643626704,-0.01449174964788655,0.5357881467122576,-0.3441265497738665,0.8123255619426507,-0.8870043654171089
['AC/DC'],[574772],-1.1992409820052803,0.5040588561373855,0.4872651696785124,0.10947461501878136,-0.21797320048535695,0.40399368987172596,-0.23591160176742507
['AC/DC'],[574772],-1.1845264685551822,-0.004972171581676259,-0.06891501261569669,0.32761947950731374,-0.8219175769635427,0.4673357979808737,-0.10972266624364477
['AC/DC'],[574772],-1.3641141713764284,0.23264872596889583,0.5333339370284053,0.24335438746526697,-0.614860601595061,0.638635848913935,-0.46760550297309433
['AC/DC'],[574772],-1.3504612834946037,0.16766291114998425,0.5395340106261909,0.2652703262162676,-0.6381207093053582,0.4490821615031475,-0.47716953354466296
['AC/DC'],[574772],-1.1401095340471519,0.42281723580292113,0.31497728683665255,0.25719159013802706,0.0784940244468655,0.8402026846141047,-0.912732709433619
['AC/DC'],[574772],-1.3351194685952676,-0.15592790355295272,-0.04933088201993555,0.2669307059660038,-0.6105066308974736,0.6850349252903886,-0.13334001623657724
['AC/DC'],[574772],-1.119676919424161,0.3816609980101328,0.34622988851386594,0.4370617772814124,-0.35147674354710706,0.8485338013610519,-1.0404363380861157
['AC/DC'],[574772],-1.047240418024905,0.48611576371985726,0.34057547592174714,0.25111823967099356,0.032963474364152374,0.5743200645445885,-0.7737719318814611
['AC/DC'],[574772],-1.439728168434105,0.06381113884673799,0.527121569935474,0.1921450060723939,-0.43339607103743594,0.6602797668405702,-0.4730483373109255
['AC/DC'],[574772],-1.226659572623275,0.09965950884139756,-0.01358419187126049,0.30970793900778437,-0.6515652643804769,0.35775906651499184,-0.09467586005168067
['AC/DC'],[574772],-1.1576696718086144,-0.22933938517263416,0.016654962950557455,0.306297693460766,-0.6258043623293938,0.6108615605621258,-0.1546735206073553
['AC/DC'],[574772],-1.2496701708115834,-0.3501840264550121,0.185767870036243,0.2772556929350265,0.012662419082346553,0.5029035198771675,-0.2947957846128463
['AC/DC'],[574772],-1.229307595115465,-0.09790628001221857,0.04395801878310369,0.26099572833530726,-0.19667268857118284,0.33634907671594044,-0.20086469190745598
['AC/DC'],[574772],-1.1658095051707809,-0.237939625548478,0.2180554359452066,0.2597639586751746,-0.2745599145090009,0.46082172491750745,-0.25846480385742293
['AC/DC'],[574772],-1.3522308542036958,0.1558806572181489,0.5220759087202513,0.26410202639694214,-0.6372981408536694,0.45343613592805665,-0.48056462704010566
['AC/DC'],[574772],-1.1877864498923494,-0.28012198929629584,0.2141433009128912,0.4001113591738019,-0.6173118420898747,0.5793309261965095,-0.03609597196719345
['AC/DC'],[574772],-1.2509877674647376,-0.2359643927305715,0.13060481661063258,0.36868964339647403,-0.7909275267387417,0.6371134989493149,-0.11264628712416067
['AC/DC'],[574772],-1.1841975609329176,-0.12658556071649696,-0.0044608239948224285,0.19738075341024833,-0.09103880744948004,0.5264002561247348,-0.11265789069915837
['AC/DC'],[574772],-0.9659221220464932,-0.17341497297556055,0.5228359802632676,0.2132840505834655,-0.657103465012074,0.5488106202652135,-0.22061243654957835
['AC/DC'],[574772],-1.0996879413750293,0.20431657062902497,-0.1466573402735178,0.324497909073249,-0.588147430021107,0.7591951060800317,-0.36859247327131117
['AC/DC'],[574772],-0.9708036042122915,0.031713357762478474,-0.11266564310524092,0.5787479812962077,-0.7488992438361749,0.6479136938395167,-0.5270265623598422
['AC/DC'],[574772],-1.2492909778515535,-0.11953248915905086,0.09709349733510013,0.29759389848565826,-0.363204878329625,0.45014042915306895,-0.13788096556322313
['AC/DC'],[574772],-1.3419323193688142,-0.05976121204269165,0.22552101340514577,0.20682529763200064,-0.17459086249746783,0.5497172165344204,-0.21140875349163332
['AC/DC'],[574772],-1.3181631462107428,-0.13780877430504665,0.16022534103119124,0.2909046126343259,-0.438839003167404,0.5561998312849644,-0.23018977387694856
['AC/DC'],[574772],-1.2782954656540053,0.012724255909266916,0.21077058442819424,0.20126027999644092,0.018055902851301295,0.586599074129094,-0.3177869480828473
['AC/DC'],[574772],-1.262027490194555,-0.14273010888465543,-0.07542119075863568,0.15207139890493915,-0.618734667713246,0.8227118891946015,-0.0818707959620991
['AC/DC'],[574772],-1.2998990102865708,-0.232696489970903,0.18864008844372465,0.2671179160283504,-0.43502041555737303,0.6317586262559384,-0.27862916287073564
['AC/DC'],[574772],-1.2571810576842897,0.03471868522656274,0.161390586673565,0.17619735881641935,0.0039063982912237016,0.5329545856704544,-0.2512658926960927
['AC/DC'],[574772],-1.172350208806409,0.08234716329902546,0.08672386705465436,0.19781075113556826,-0.2113907781631213,0.3298285321852021,-0.16380959210475915
['AC/DC'],[574772],-1.1707448189243406,-0.3796695907241558,-0.002021372789790658,0.3871744417529059,-0.6216181011296951,0.5278845063490386,-0.17705778269708358
['AC/DC'],[574772],-1.2541912635840866,0.10659744217181227,0.333385161208678,0.11353282296465926,-0.021795993546237385,0.42925203997153494,-0.3121127573328868
['AC/DC'],[574772],-1.160835885539059,0.20660856047530426,0.16586729935638717,0.2782404744262964,-0.14203288079526954,0.6585240487089863,-0.5167266420889364
['AC/DC'],[574772],-1.276356024716327,-0.23831470770748997,-0.05085989629562761,0.36324145500117033,-0.6108007317109508,0.5957447546630397,-0.1154709157228939
['AC/DC'],[574772],-1.2964176557893525,-0.2622826366278005,0.12981363723171752,0.27793937633956944,-0.4337226385770679,0.631220703800795,-0.2498607681516708
['AC/DC'],[574772],-1.2089769014944707,-0.028096896765950247,0.26796314791553205,0.20662413122676518,0.21078227641649364,0.614162865840505,-0.5248352414968572
['AC/DC'],[574772],-1.1016948850453996,0.12179881170680425,-0.10315791269058586,0.34925614459043397,-0.13044398993843956,0.6651206255912787,-0.43248717732784353
['AC/DC'],[574772],-1.2078938330523183,0.04724444482034594,0.030603116628179383,0.20272888644357767,-0.19883763861600015,0.4026260516062199,-0.10657684705777715
['AC/DC'],[574772],-1.2906875528909716,-0.16033877237221975,-0.00951382834141924,0.33505783516492077,-0.4444172519959827,0.455228129288796,-0.13810385029326455
['AC/DC'],[574772],-1.1850678822126677,-0.07255476732186746,-0.00448938814411875,0.2696799700376481,-0.4680023785246417,0.4087030969577033,-0.14127107463628383
['AC/DC'],[574772],-1.118158404183988,-0.09189075570723587,-0.12387003069567948,0.44524910674803203,-0.568621951353843,0.752236085582875,-0.3972393280084748
['AC/DC'],[574772],-1.1450852064003334,0.04957496164913622,-0.04729106633189685,0.28947034592485077,-0.47132522685037687,0.37030453630969845,-0.00510609035763048
['AC/DC'],[574772],-0.9899329810342078,0.09718740890369003,-0.002706823502762092,0.3298506181241435,0.1489981704263383,0.6742783522785083,-0.5911567942605314
['AC/DC'],[574772],-1.137181758655823,-0.12799056530474476,0.26439115853470874,0.2898350978794811,-0.6341389998489565,0.5703249011003942,-0.14373366692493791
['AC/DC'],[574772],-1.1846156640857124,0.010623339682380613,0.17852087730878924,0.3550687537440507,-0.6919748285673967,0.6603383747297755,-0.366546232567386
['AC/DC'],[574772],-1.2997964843155727,-0.14814726075608248,0.0018239825982036778,0.35414668763672685,-0.59881598667498,0.6729361793217908,-0.21483150657728534
['AC/DC'],[574772],-0.9734762168397152,0.1470855749306737,-0.15370591285877414,0.4739232983226163,-0.5771919460917896,0.6544655195098815,-0.46072422284348197
['AC/DC'],[574772],-0.9120115292500991,-0.02812772341955777,-0.155727575743749,0.608930413892984,-0.7231292183011657,0.7845764984061795,-0.571591191719228
['AC/DC'],[574772],-1.26925545521385,0.026638653210962173,-0.03638126913725561,0.3491530496316103,-0.6149679436096228,0.5303424698122274,-0.19079340094986155
['AC/DC'],[574772],-1.3385752962490416,0.015779620799077288,0.47754893392341896,0.24642535779336708,-0.42397688142438505,0.675341732608959,-0.5253130149835848
['AC/DC'],[574772],-1.2205746274113758,-0.12099010052510582,0.0789999198272087,0.2089300466665192,0.09066817382991939,0.4659441968312927,-0.22569299375026317
['AC/DC'],[574772],-1.2371247918586574,0.17356810376413492,0.024505076240558525,0.1459031644703531,-0.6472531950139904,0.5978317070592721,-0.12184666722834113
['AC/DC'],[574772],-1.3185186464420104,0.023648048054499788,0.39745834121595247,0.24774176087932598,-0.6294230614329415,0.5646376692707129,-0.3662124301511028
['AC/DC'],[574772],-1.3518584603631636,-0.22412306138582463,0.09877942512788851,0.20065361912318438,0.015696106977683987,0.5665049880603951,-0.2338324867971047
['AC/DC'],[574772],-1.2380346467194274,-0.15218795166623636,0.035216408838925926,0.29264612315139654,-0.632087338426641,0.5153058586584139,-0.2118129850695733
['AC/DC'],[574772],-1.1625492571897762,0.06672962662790972,0.0005597092575617458,0.2103057494813614,-0.2120437473328816,0.31339758224618547,-0.11657618598626594
['AC/DC'],[574772],-1.2322167376407527,0.016660699476887725,-0.1121084147202494,0.23181481877199517,-0.5294828029900128,0.6483182288836962,-0.1676110977796482
['AC/DC'],[574772],-1.3199676255683936,-0.16814037618787323,-0.007392087367794692,0.37327846517903823,-0.6251288575721012,0.4361235984300589,-0.20532052852043464
['AC/DC'],[574772],-1.3565613499351203,-0.20081446857792984,0.124275728109237,0.2468598252056567,0.01528911422538326,0.5034662043242605,-0.2583896218374689
['AC/DC'],[574772],-1.0323748571364204,-0.2142731418034862,0.07858226624941213,0.35078273821014494,-0.6445994673859607,0.47069133433236293,-0.06431727388477097
['AC/DC'],[574772],-0.6332107493218152,-0.29708228762250344,0.11649506567006418,0.07812921715570798,0.11664210049709157,0.3602185734856235,0.06139613945909205
['AC/DC'],[574772],-1.1943502964367128,0.0927877493269402,-0.022578336326435303,0.061579421634749144,-0.3720333956003201,0.7105792474310293,-0.016995652422645013
['AC/DC'],[574772],-1.3414605873042966,-0.044512412761178156,0.12919675906120243,0.15936256247486943,-0.1737381257462614,0.606660237416378,-0.20550798309549068
['AC/DC'],[574772],-1.3181360920965475,-0.2280746286617456,-0.013121110700894226,0.3771022011784505,-0.609800530326694,0.5516736154359253,-0.22972532997433526
['AC/DC'],[574772],-1.28048595158532,-0.19818696469086414,-0.1017307508936441,0.43230996238159464,-0.5610837529896853,0.7801245028845015,-0.4528588562714239
['AC/DC'],[574772],-1.0482123243821666,0.10440017735476456,-0.18421969006204822,0.5470920627961301,-0.16801858690758298,0.7276270815996339,-0.7564290686556626
['AC/DC'],[574772],-1.202301113997912,0.07831573160330582,0.01752506467108652,0.29603167326133933,-0.4521703840817368,0.4440905183190463,-0.2399504548715343
['AC/DC'],[574772],-1.0275355261609083,0.05252100065479111,-0.05817955014830801,0.2524741394293622,-0.1980001767339674,0.38456664765957277,-0.16230139089563592
['AC/DC'],[574772],-1.311432345102588,-0.2833773233401875,0.03121522192413329,0.3164851386452328,-0.43028295384981385,0.5825254321117866,-0.21396866518146662
['AC/DC'],[574772],-1.15618205216477,-0.3974022725563135,0.07989098724815002,0.32327500929472347,-0.6110585037726166,0.6840776233402381,-0.10691418861336174
['AC/DC'],[574772],-1.263249010212467,-0.14519313463394487,-0.047200617171630196,0.40875576638658323,-0.7721301432942828,0.7001421336879228,-0.22174107150368075
['AC/DC'],[574772],-1.1757297662941515,-0.16694275792172686,0.012366409785786662,0.31270972261948915,-0.5335830485079062,0.5758086875465541,-0.11163376362013432
['AC/DC'],[574772],-1.0507308226118341,0.5648115102130671,-0.1458869935224561,0.32165865898078566,-0.5571480006621223,0.9052218826724796,-0.6256416325677684
['AC/DC'],[574772],-1.1998789485633514,-0.05151146233260957,0.058340425841266426,0.22211702611026252,0.08709299542048704,0.43099866251524144,-0.2111128181286113
['AC/DC'],[574772],-1.188411496142351,-0.2645841825675512,-0.10852149500985848,0.43647860538507316,0.0034402352352910803,0.8081604362665993,-0.5813366133576029
['AC/DC'],[574772],-1.1623255797433916,0.10478798987613372,-0.0118959199332256,0.2790009311304648,-0.1858204078002743,0.36877213408752746,-0.2824912391880786
['AC/DC'],[574772],-1.204817602392059,-0.058264043967604484,0.006126648229599124,0.19138681193449042,-0.015087498755603624,0.4171705278319724,-0.10293884549475295
['AC/DC'],[574772],-0.96754904796412,-0.3790080715085138,-0.0030994768432938587,0.24882090311084706,-0.015563969351574865,0.450029777397695,-0.0267620097382272
['AC/DC'],[574772],-0.9770593880036637,-0.10066558233088138,0.07072668669617864,0.21205973230694541,-0.040405810049830765,0.3046674485040133,-0.042800104148984386
['AC/DC'],[574772],-1.1863561347996092,-0.08884915523549182,-0.00475905672061441,0.2076653662892857,-0.0056629493276221686,0.4684435410897324,-0.13171652841947004
['AC/DC'],[574772],-1.3713058290996896,-0.3199128419324115,0.0466923871273241,0.3128755087449808,-0.5956348797469317,0.7380962013772314,-0.2429781531622801
['AC/DC'],[574772],-1.0506041057329838,0.08700408650890375,0.08382401216608693,0.2015101482835623,-0.2040832182461978,0.4120908307017847,-0.13945595974310496
['AC/DC'],[574772],-1.0806594576851756,0.03492188716368478,-0.15352107213135924,0.5165908550491625,-0.5644849312823765,0.6504363144646599,-0.5716617765752031
['AC/DC'],[574772],-1.1335822578319177,0.0426504197140317,-0.14292766848719218,0.43921257059843544,-0.3914969602784559,0.6555958826804235,-0.46948339761785485
['AC/DC'],[574772],-1.1940026041822336,0.06662912635068133,0.01957878509755006,0.2013518886417079,-0.20036013337616354,0.3956751573127244,-0.1043949965833754
['AC/DC'],[574772],-1.0747118091263004,-0.22986390912941398,0.08343627845515274,0.16468852617651078,0.17799974445169178,0.5612717832725302,-0.15067670376854395
['AC/DC'],[574772],-1.1283668874876753,-0.1447615405346249,-0.03095866334927637,0.2849415890971969,0.026129259832489204,0.5712754875540591,-0.3297744219723179
['AC/DC'],[574772],-1.2262581316034056,-0.08590161944275686,0.42911485734310245,0.11406135290754056,-0.009219338087517676,0.5298592792694404,-0.34781411050950967
['AC/DC'],[574772],-1.1925162014643322,-0.06123461925337149,0.07362880513086373,0.30629324968938976,-0.6049034150513236,0.6822554602695396,-0.2831775879751301
['AC/DC'],[574772],-1.0670334180881673,0.050053187028169584,-0.051140677019369446,0.3681350748554807,-0.6002431486314108,0.6614719786505445,-0.28882922215887963
['AC/DC'],[574772],-1.055914090954565,0.12278155477813514,-0.035218310446655535,0.3067114034888414,-0.6348738313313204,0.5102390459805899,-0.19342328381943089
['AC/DC'],[574772],-1.2201372430762523,-0.2613326102180611,-0.139794199754421,0.43877491101986266,0.19518532058648716,0.8159674382945505,-0.6360547875045356
['AC/DC'],[574772],-1.1679783256014102,0.1539502765682555,-0.08709596814653815,0.17458372924223758,-0.6485793708961667,0.5737846079438338,-0.07449379300755685
['AC/DC'],[574772],-1.297641695151173,0.059122143536973704,-0.004871401854025017,0.07405409660866939,-0.18430866573006222,0.6519968913631398,-0.13388354746343664
['AC/DC'],[574772],-1.2320742792809354,-0.02903384814314931,-0.10154926691326159,0.5015116862224278,-0.5258784841476676,0.8907716063403767,-0.6835090113223424
['AC/DC'],[574772],-1.1610194494722268,-0.06286936977089155,-0.07114374898844264,0.3462785787440657,0.24402935062117867,0.6458256730870525,-0.5475528416891671
['AC/DC'],[574772],-1.270045301348157,-0.15879778350016518,-0.0511902209523443,0.22667118919898546,0.01983649389464439,0.5698301441897411,-0.2724855830633211
['AC/DC'],[574772],-1.1553159711798924,0.09562963699846092,0.11059895095667385,0.2756678367201621,0.22779478117441773,0.6172641723112169,-0.5833698404551431
['AC/DC'],[574772],-1.1329792176404898,0.1289539850005335,0.07850359337670848,0.30907268669716137,0.24223154503805042,0.6601348213440842,-0.66136618633651
['AC/DC'],[574772],-1.1540827436896752,-0.08564863350047117,0.018995433109053335,0.3435679739862849,-0.6055495573760862,0.6387705879826061,-0.3402882013176536
['AC/DC'],[574772],-1.1044865238506043,0.35433762508107197,0.3653910978437445,0.27378962298919857,0.042235464757585224,0.6059346025105105,-0.7140495307543416
['AC/DC'],[574772],-1.0672526621765912,0.17084170656041883,-0.2512541425078661,0.522682856354044,-0.5253326434866092,0.8706263144622053,-0.7109661728412269
['AC/DC'],[574772],-1.1844964078948819,-0.2258265734667516,-0.05379651456477128,0.438688501082996,-0.5933636064173985,0.5949922521169917,-0.42661662964973734
['AC/DC'],[574772],-1.0847903498077993,0.25129356483345244,-0.005789922054097101,0.2334675170471743,0.021666990702976636,0.5505786344896464,-0.48140919475737104
['AC/DC'],[574772],-1.035656377290204,0.32024191485554987,-0.23947766880728177,0.44713536621569994,-0.556182539068417,0.7729264827184679,-0.5998175332393335
['AC/DC'],[574772],-0.7594431432052567,-0.37220026735883444,0.11437062636271215,0.16877609310754685,0.13865017684480904,0.36845199029766174,0.03408840854470002
['AC/DC'],[574772],-0.779113974223218,0.11269482531969749,-0.14449068192333547,0.47578210210083344,-0.198880371185489,0.7229490569072796,-0.7352220552806412
['AC/DC'],[574772],-1.2395106301754422,-0.152523589095971,-0.007426629911768924,0.20055870858519112,0.17632097633164318,0.4176554548791947,-0.13820024799146483
['AC/DC'],[574772],-1.2966374877720375,-0.42240062204471895,0.003207491079620816,0.4251831867946987,-0.6022880085035266,0.5657095973352589,-0.23705047434553805
['AC/DC'],[574772],-1.3211577750727679,-0.24988693827743533,-0.01690212710440905,0.4323285720470922,-0.561558303673457,0.7873132552349815,-0.4103356290791055
['AC/DC'],[574772],-1.250851893322215,0.022360810807714245,0.1380908358466867,0.17936266790087835,0.00495616865270731,0.5381889003142543,-0.246963452918536
['AC/DC'],[574772],-1.3204307238408062,0.25274506483496356,0.49193160883471276,0.2194503146811648,-0.42052013124817245,0.6994142357902837,-0.6163946454117711
['AC/DC'],[574772],-1.1110801373044774,0.20106304006032047,-0.20174805163577295,0.437482877083368,-0.5262067873823377,0.9699066607361719,-0.7505665461463825
['AC/DC'],[574772],-1.0658056512350864,0.16907612728549487,-0.09744583817611836,0.34208783448839886,0.03673231479699468,0.5006591026173355,-0.5601722465141673
['AC/DC'],[574772],-0.8681739782078582,0.2343468699483606,-0.1836551904724392,0.40214433836185737,0.05467379075900283,0.5829095173218029,-0.6783836434685824
['AC/DC'],[574772],-1.192508739314216,-0.1617350144331652,0.053147810108521897,0.32329151716092697,0.23000350075517859,0.6198763718643475,-0.4220306715346088
['AC/DC'],[574772],-1.2872194220582034,-0.26813812234439616,0.05059151624997099,0.34003089351656585,-0.141900584357189,0.6276683990511376,-0.2316975637511543
['AC/DC'],[574772],-1.1832592269510371,0.033673161284922495,-0.06356456399599558,0.2855892416686046,-0.6563948170836006,0.36631792636623667,-0.09042636737609669
['AC/DC'],[574772],-1.3379015840800537,-0.16013709344010105,-0.02149871575538563,0.15000828691236062,0.011827582764720602,0.6308116806444383,-0.1102250165730573
['AC/DC'],[574772],-1.2091232515092496,0.42963780527651285,0.33850176647585917,0.11464043017222368,0.026413595890874712,0.7115867830664092,-0.5649948504220983
['AC/DC'],[574772],-1.216094758066517,0.683266118814491,0.5316956183683043,-0.06459130477431947,0.15240818459560124,0.5696209599095923,-0.2807934243951358
['AC/DC'],[574772],-1.1484478805137326,-0.08232430391822562,-0.10488274056080293,0.3463710975635131,0.04232882788547184,0.5736421576987043,-0.3499745674224206
['AC/DC'],[574772],-1.381958725344797,-0.10086215765949164,-0.01949207824443292,0.16293823774150715,-0.6085804090752024,0.8200721505699196,-0.16605185697395058
['AC/DC'],[574772],-1.2944514672038794,0.020391364817878614,0.14454540619951645,0.09605625880779906,-0.007184486127051773,0.5640585021966922,-0.16061914822703324
['AC/DC'],[574772],-1.3380208221767387,-0.23717487580421795,-0.027591940093373027,0.2669847189855082,-0.16324734449692607,0.5458166438995254,-0.15691642687641302
['AC/DC'],[574772],-1.1320978134192992,0.23281446095611855,0.5536023452889149,0.24729177298152571,-0.6574673504856557,0.4056130263493441,-0.5364748373754264
['AC/DC'],[574772],-1.0747745861686882,0.7574322738222256,0.3467647566321701,0.11237856407007477,0.03954613434252131,0.7716321557730305,-0.7416485505738186
['AC/DC'],[574772],-1.2298630520597107,0.15603632917477603,0.20613420376236238,0.08888665492150911,0.14577591065914747,0.3185433675069209,-0.2585529875893929
['AC/DC'],[574772],-1.2780516361588348,-0.19055054911777541,-0.028685294345061906,0.37224792273743934,-0.5816560188912654,0.7439235946175478,-0.33741967585980626
['AC/DC'],[574772],-1.0929448448236307,-0.3899442591960952,-0.00014455596662030898,0.36303971934814644,-0.6180864657010957,0.6233256879263526,-0.12233122986971523
['AC/DC'],[574772],-1.0172175136287027,-0.20625831812748388,-0.011492551282744647,0.37032552403587454,0.029471919104154167,0.4746728599401316,-0.42307838365155714
['AC/DC'],[574772],-1.3067558496237566,-0.2194003167337141,-0.08823059735103102,0.08028820497453489,0.014198100988236546,0.7532477127218445,-0.03708613027697706
['AC/DC'],[574772],-1.2398909456608798,-0.09444368146052588,-0.034573118953701076,0.030863071866778332,-0.003851612669921759,0.7110812756966093,-0.0019174270290922201
['Aerosmith'],[604852],-1.2582389053688994,-0.2345717349325966,-0.011971100499415497,0.2014933949444708,0.09913918457130881,0.5428417344725606,-0.20088428890770296
['Aerosmith'],[604852],-1.2502276765242317,0.06073393203352371,0.09769257727657914,0.032266324543595626,0.16537894901696362,0.563720004584895,-0.12866501972516406
['Aerosmith'],[604852],-1.3821929954971839,-0.20891254652940194,0.18772248945254985,0.2040553660713818,0.02351904390284328,0.6109261561649232,-0.28721751706303805
['Aerosmith'],[604852],-1.3297677594318318,-0.22045258450167343,0.14699130904668445,0.23036742092547685,-0.42851132759200616,0.70213378684245,-0.31847674320197517
['Aerosmith'],[604852],-1.1968203970558913,0.10029658049330176,0.026746712511222865,0.22430776243758943,-0.03743831695375749,0.19054729250462443,-0.10564208521464223
['Aerosmith'],[604852],-1.163959620084704,-0.12534324774691769,-0.01530255270211911,0.34520047899588563,-0.6508842664492959,0.3431272840124481,-0.17983114184160298
['Aerosmith'],[604852],-1.3897672517924453,-0.25418796990033865,0.20289385996918635,0.22036746600300705,0.0256489534782203,0.5967635339503166,-0.32206632372676736
['Aerosmith'],[604852],-1.1962280361575224,0.04549853278424347,-0.09846057769603561,0.05591433719573421,-0.45953097158399364,0.7729717164887046,-0.0018271139268032943
['Aerosmith'],[604852],-1.2499582877225373,-0.46893874657951795,0.008723146392219341,0.3478477024139614,-0.24363559437221885,0.6018144011654986,-0.2121140101272005
['Aerosmith'],[604852],-1.0576309337970946,-0.480955389526787,0.033066231777434736,0.35926300226682734,-0.5387118567066536,0.5315954970440168,-0.18701530550028791
['Aerosmith'],[604852],-1.1839489028448678,0.015094983197056874,0.06194085695620756,0.10885207385043484,-0.025204680514021253,0.4255805149155975,-0.13033754504351394
['Aerosmith'],[604852],-1.1569915588316948,-0.003931904079605063,0.028869640820744405,0.14329390174990092,0.15281480000078013,0.3501567983477119,-0.07579722414249232
['Aerosmith'],[604852],-1.176034972929247,0.16907196965491697,0.4182346786887038,0.10332801700688812,-0.473267591748096,0.5935956849023106,-0.34155421592269064
['Aerosmith'],[604852],-1.0357572854621078,-0.026824376364054207,0.12521756565121794,0.07180123931238094,-0.651965792584557,0.7852712402549706,-0.08518746520435774
['Aerosmith'],[604852],-1.1749994706492528,-0.016407906948939486,0.09295646798950116,0.21943469875416782,-0.1725969604680546,0.5752084292412752,-0.26972533140695837
['Aerosmith'],[604852],-1.2645291092387925,0.009990635181527664,0.07850111141671003,0.19777343200109715,-0.014737254440414413,0.3847377467796606,-0.12837744581821858
['Aerosmith'],[604852],-1.36599041223078,0.008127455454193308,0.2252773866866828,0.2622117513230883,-0.44264120631227877,0.5323845202148723,-0.2683598467021639
['Aerosmith'],[604852],-1.1975598186561935,-0.3614012304247313,0.11206662234064468,0.36250871526839196,-0.7932868245546665,0.6650136247539891,-0.2900601902170554
['Aerosmith'],[604852],-1.3191912873450635,-0.04910430340219961,0.18041876497909012,0.28537936050643276,-0.6322708372710186,0.47539273495677103,-0.321572079356966
['Aerosmith'],[604852],-1.2260087661111985,-0.14313124028782384,0.03811791470434755,0.2709091268702625,-0.010179604061592596,0.3380704116229214,-0.13788912543491733
['Aerosmith'],[604852],-0.5253183827384253,-0.16464095360064826,0.1129437079884762,0.06672693830490498,0.07988200028335231,0.16622114601721175,0.05417032389403343
['Aerosmith'],[604852],-0.9375317324747807,0.030353559252499152,0.16600346121359685,-0.16885286004444877,0.13302361909770494,0.7030989445968221,-0.009400675563789937
['Aerosmith'],[604852],-1.1160663355144387,0.1260922919671988,-0.03477231147670573,0.34323366311673975,-0.5688423724127577,0.8348504298700492,-0.5854621316974395
['Aerosmith'],[604852],-1.283887452298622,-0.23010487279159234,-0.021506317685153292,0.30316558722093434,-0.6105540662264394,0.6756935036015477,-0.17672634231070314
['Aerosmith'],[604852],-1.1776517507875812,0.2648190295353849,0.37381811397754255,0.14886542185633256,-0.22235760242142139,0.2993654156673945,-0.23273047717163503
['Aerosmith'],[604852],-0.9525483274482461,0.3488061378839849,-0.17113952219017076,0.220695172239506,-0.1490587139307278,0.6849511598431068,-0.41201622997297593
['Aerosmith'],[604852],-1.211205338748609,0.2371475880364609,0.26868647514374705,0.23643708219995732,-0.8428270548942814,0.4104472638905017,-0.30263864939643925
['Aerosmith'],[604852],-1.2511689987854349,0.2811547721225724,0.10839687637415127,0.062469587726638916,-0.034802553084396344,0.4225459750589653,-0.02192819102287319
['Aerosmith'],[604852],-1.2946451467156268,-0.04247550975052972,0.18788441793362246,0.2574538820669431,-0.1858846696194438,0.39570823582967773,-0.28562650939127565
['Aerosmith'],[604852],-1.2321243694255706,-0.1998314542101023,0.07902941880734637,0.17829738111299856,-0.1771396345574425,0.5987646539754721,-0.19863490814032508
['Aerosmith'],[604852],-1.3131477740810744,-0.24836228425815293,0.17532700006576202,0.149583638604947,-0.16305148318561125,0.7150624030842582,-0.28454650264623427
['Aerosmith'],[604852],-1.1774866352382205,-0.4149741504534569,0.123197342892678,0.3979629690330266,-0.5922651068607923,0.7206386198877267,-0.365918906642071
['Aerosmith'],[604852],-1.215708920601958,-0.12449271843429399,0.0519030129253575,0.329100937908588,-0.6317716492096227,0.4882022904070036,-0.11265152224719849
['Aerosmith'],[604852],-1.2772353136927592,0.03212637668452053,0.15112621569145487,0.19243243212961927,-0.011422666376047011,0.3941952580905639,-0.20259193710393783
['Aerosmith'],[604852],-1.2517749715264401,-0.3091531465149687,0.007176493038191439,0.40117137399967323,-0.6160517711898208,0.48297431534722357,-0.193199097022943
['Aerosmith'],[604852],-1.1976063695476058,-0.03794648142121478,0.07927630016450157,0.3592731394233243,-0.6175977055540572,0.5207294159260863,-0.32939584007994055
['Aerosmith'],[604852],-1.2286097199114852,-0.028516715223294634,-0.039415726648901146,0.16968820450671657,-0.36723677314409897,0.5800428363191585,-0.062182470241188656
['Aerosmith'],[604852],-1.1812988197000756,0.22037565153159824,0.031045209950059847,0.03170849408905917,-0.47508401776653947,0.6784711530226906,-0.017352826611693885
['Aerosmith'],[604852],-1.2081252621605916,-0.10153428889269511,0.1685734721880963,0.18179201247612647,-0.009666776886893236,0.4770190225206844,-0.21663324506531514
['Aerosmith'],[604852],-1.110327615406053,-0.07953779183356824,-0.022243396768838717,0.0861574753199028,-0.020089103484269177,0.5608564747458006,0.024465130201195402
['Aerosmith'],[604852],-1.175437948602311,0.08269334491084099,0.2224538801123525,0.20085656793885162,-0.032314114814377154,0.26404077692141814,-0.26544457838730173
['Aerosmith'],[604852],-1.2929918988214737,-0.12887821098841526,-0.04434132478298269,0.27496159725910396,-0.6147954825346295,0.6638240818077868,-0.17878720633077053
['Aerosmith'],[604852],-1.2708254941930792,0.20165674298707353,0.5073855752967341,0.14569688920544602,-0.44657656609515256,0.6595157662611819,-0.5496080695849418
['Aerosmith'],[604852],-1.1242927536302205,-0.35276818768043244,0.0682133779839323,0.3465432104465091,-0.6243814387032818,0.5390844130344364,-0.20567850508303978
['Aerosmith'],[604852],-1.2271938473550545,-0.08402511172151393,0.07751774198851613,0.3240095216015083,-0.6298172437334695,0.49507309315041303,-0.2503505657574449
['Aerosmith'],[604852],-1.086930994774292,-0.036486429630030216,0.3825206803583936,0.26343243783587406,-0.655087923173355,0.45913079206323537,-0.3689260538496046
['Aerosmith'],[604852],-1.094319508212817,0.026607381832650427,-0.07436303952414171,0.21334412926592417,-0.6612178259950907,0.48399268905059395,-0.05646897017290362
['Aerosmith'],[604852],-1.1949352924963508,-0.21364287257692272,0.13103978805229757,0.16075727767294515,-0.0006308094191380588,0.5783488092643223,-0.21916478918260954
['Aerosmith'],[604852],-1.1347561223837117,-0.06014399971161657,0.009835160063815497,0.23568790133102066,-0.4706305105611504,0.4830686884710837,-0.10992186857163529
['Aerosmith'],[604852],-1.4198565648217176,-0.2804297859608518,-0.052814044481777164,0.2039803325753746,-0.4196107421889082,0.7754476287478557,-0.1946390318720684
['Aerosmith'],[604852],-1.3923426609357579,0.08849524679545705,0.11945680966498926,0.19397169167079556,-0.620598879141404,0.6838904114132753,-0.1407829443480123
['Aerosmith'],[604852],-1.138445999816077,0.05380142516446206,-0.0777477684306596,0.04949098511164888,-0.1188436489042383,0.548112738182373,0.0003591552363049779
['Aerosmith'],[604852],-0.967843189997692,0.23785545594600135,-0.057140519809879026,0.3528140764380457,0.022710842953461294,0.4230625253864291,-0.5344837470210781
['Aerosmith'],[604852],-1.1296423549227201,0.06166422288321743,-0.017753203148383297,0.3058421004878115,-0.6668172665847281,0.28657751257543845,-0.12731296586412788
['Aerosmith'],[604852],-1.1229385705873396,0.4560408285410328,0.478616476405538,0.16253372258046764,-0.6648432124198016,0.4517946824873807,-0.46877952004864115
['Aerosmith'],[604852],-1.1056494566998178,0.24854299829730445,0.3858411319275152,0.12934063522890696,-0.47332035069272055,0.5379333611748268,-0.3810740877778339
['Aerosmith'],[604852],-1.191369992814125,-0.08823077025885777,0.07884742905086577,0.19245141648193412,-0.02013812672116952,0.3868029626721521,-0.22591778871083118
['Aerosmith'],[604852],-1.0028085472335169,0.07644806969186785,0.044873649760515215,0.11971213268555805,-0.32245601496288806,0.37755127693302015,-0.0697996091928263
['Aerosmith'],[604852],-1.372395993670999,-0.5369565532797094,0.027216687879691254,0.44510812858659626,-0.31035349465882384,0.6106849583603305,-0.23433740241208814
['Aerosmith'],[604852],-1.1242952848447854,0.1808640711897916,0.1435773569366987,0.035176009676959046,0.13508138369394115,0.3657119245201315,-0.11598020065922304
['Aerosmith'],[604852],-1.3766845544503619,-0.44427101941474445,-0.010497590902239349,0.2762257614719206,0.03827398811036065,0.6306535504191654,-0.22324221040451211
['Aerosmith'],[604852],-1.2300912229379752,-0.06583831625414654,0.11910269048155882,0.15553708016005732,-0.6305195639600815,0.727815363790233,-0.16748237299067545
['Aerosmith'],[604852],-0.7320404325526169,0.0352005734574345,0.1717035874706936,-0.12295906925243565,0.012206678412965027,0.4983025140378317,0.02847396241592716
['Aerosmith'],[604852],-1.1632448040027128,-0.2741982095917592,0.18587087623555223,0.27066015750482875,-0.6214890181014803,0.6846726776252765,-0.23348494077878265
['Aerosmith'],[604852],-1.2259347112809378,0.14908133840842283,0.4384212472665522,0.2615417388103524,-0.8249354783119847,0.5101343941014214,-0.43063225718449216
['Aerosmith'],[604852],-1.1061682448769161,-0.09168649321738459,-0.019177897262226188,0.3068585496660777,-0.6463186112616682,0.4641212684530155,-0.17360629832967456
['Aerosmith'],[604852],-1.2407047566408502,-0.5003444487446128,0.022947772751870113,0.3551474907970329,-0.24166536671962305,0.6151846701835969,-0.21583960107890496
['Aerosmith'],[604852],-1.260599610269835,-0.22815444665006912,-0.006749936572393069,0.20023772543025214,0.09722815840516982,0.5349684120526891,-0.19731573909347613
['Aerosmith'],[604852],-1.1761266258342362,-0.6280647055365839,0.034380603527803116,0.4273801849734081,-0.3219614831111271,0.6612185731992682,-0.1880757703103309
['Aerosmith'],[604852],-1.227294420343526,-0.44437874273322103,0.0559976456731921,0.21088752191457974,-0.15747241512142562,0.6608227286142205,-0.19777971658928967
['Aerosmith'],[604852],-1.0666800798363336,0.029345974657198154,-0.02232121400831744,-0.020572858214983288,-0.12570852796621385,0.5773184857233521,-0.004576811868017675
['Aerosmith'],[604852],-1.0344920441563958,-0.33142129990391156,0.16369207131399274,0.20310617039874101,-0.19315889432643046,0.4568713874886143,-0.17846787327243518
['Aerosmith'],[604852],-1.2182454836125614,0.018808576135727693,-0.026006269541239187,0.14145089431099162,-0.3725549275843542,0.5705778270485373,-0.06421115561131678
['Aerosmith'],[604852],-1.25617485084633,-0.023100400367638316,0.13639501002165294,0.3025229947859283,-0.6358774833825274,0.46487078155905937,-0.2597514944518223
['Aerosmith'],[604852],-0.9453224347493234,0.09170516778333844,0.08973187334941751,0.06573930846313378,-0.06260861748320669,0.3037045027358771,-0.03656222499500168
['Aerosmith'],[604852],-0.9355858770229757,0.07159491040674289,0.07335145993420988,0.07010050566052435,-0.06224134528864323,0.30612341574160923,-0.023244604360301006
['Aerosmith'],[604852],-1.2984147671239779,0.2012601608047724,0.06352166122372187,0.09073992706377942,-0.8197247102689175,0.7638166868104934,-0.13051645970262102
['Aerosmith'],[604852],-1.1593080028241989,-0.1905222158917501,0.339342366607775,0.14939055053614403,-0.5346872952237509,0.8108991688621473,-0.26758426257821666
['Aerosmith'],[604852],-1.1034858200349018,-0.11791447779551334,0.20645009398588743,0.12282373289789136,-0.6377685996500819,0.7887392822463944,-0.18184900248955502
['Aerosmith'],[604852],-1.0792888873455397,0.16743840856524342,0.17533107560034758,0.01178574118167456,0.13184844993910155,0.38903387341376156,-0.1212793776705221
['Aerosmith'],[604852],-1.151506780977744,0.11125131238968163,0.16814594990306048,0.2010922459779921,-0.038003573864960484,0.22871291337781458,-0.21963548608474734
['Aerosmith'],[604852],-1.2004527979994182,-0.18283419397873324,0.053693418197412295,0.30377627230176835,-0.26995369840644723,0.4456930311483388,-0.1434702327275174
['Aerosmith'],[604852],-1.2082123443711157,-0.2866558504775115,0.11641377354330153,0.1444888216815122,-0.16630977589780538,0.7493259890414354,-0.21151343780829365
['Aerosmith'],[604852],-1.2437936018478575,-0.12672809646834288,0.12009559059887988,0.219983445758311,-0.16286450111514503,0.63345343209228,-0.313875139187686
['Aerosmith'],[604852],-1.0420873735682243,-0.3730782862688335,0.08366688225563276,0.11101890602329573,-0.6272617732776745,0.8800066956361395,-0.06676954947983914
['Aerosmith'],[604852],-0.9481709327821545,-0.019000605338111824,-0.01727723315192478,0.1437791972970034,-0.3185361120509076,0.4163836938941478,-0.026404446451692484
['Aerosmith'],[604852],-1.1037587354217437,0.11061812957178539,0.09299214075393578,0.09429455761656971,0.14319321262446127,0.3568114266116101,-0.03069295168800354
['Aerosmith'],[604852],-1.141071266951475,-0.1586336701045452,0.03260695544631921,0.28268728221882755,-0.28003227866719027,0.41637985476545836,-0.09695341912875573
['Aerosmith'],[604852],-1.3023332633924187,-0.08417630823185875,0.17304829424485343,0.273348798021789,-0.1806332172681463,0.415740250004021,-0.2889142268745407
['Aerosmith'],[604852],-1.2694358431713881,-0.22797699251381193,-0.008376813324809258,0.0787297482650743,0.18706166597918644,0.6718537837818874,-0.10650745653826535
['Aerosmith'],[604852],-1.1478839641056826,-0.19116450752556643,0.029984416857852227,0.2356812941082052,-0.26832712798726605,0.5867580176167981,-0.13116750494033377
['Aerosmith'],[604852],-1.102524146574313,-0.3560306802611029,-0.020219000810673203,0.34035279383431294,-0.24980558629529076,0.5962709812945581,-0.2556250061729249
['Aerosmith'],[604852],-1.0065705446924749,0.0625919665090724,0.14808975066913335,0.20475821453216886,-0.49393376759713536,0.38013305772754175,-0.1602889280672295
['Aerosmith'],[604852],-0.9881837943296551,-0.1408568791729829,0.12273260926375532,0.11611170229180359,-0.034808043103373425,0.46308979538035017,-0.11881090033801517
['Aerosmith'],[604852],-1.2451620207479785,-0.03377749553439511,0.10513933543805279,0.27246947764965446,-0.19259270078448615,0.351327807346401,-0.19902880999691147
['Aerosmith'],[604852],-1.3909099236480449,-0.1875293932209378,0.15963016008531078,0.3710445083922345,-0.7817266975335423,0.636468487835377,-0.30250400884564516
['Aerosmith'],[604852],-1.1699213335127057,-0.06915802532925237,0.17193730987934241,0.10943241609198986,0.16464342657421474,0.4858727462294518,-0.15659593986128395
['Aerosmith'],[604852],-1.3161884537672255,-0.2126423592352144,-0.01893139176520675,0.34248214038325286,-0.617288098195603,0.5473487261137492,-0.1833626226803231
['Aerosmith'],[604852],-1.085991778262245,-0.19050153320721813,0.023500600367592737,0.18396882702045456,0.18672139452614117,0.5726059676268304,-0.2168493740829842
['Aerosmith'],[604852],-1.28710865154131,-0.22873249287773637,0.019000744649464517,0.3466853076967071,-0.6116926303139639,0.6020143496231032,-0.2074723286698909
['Aerosmith'],[604852],-0.7857237180749008,0.02325347106979295,0.08231045301203341,0.06259587040163606,0.09980490257690953,0.21354752330950452,-0.06490695063268627
['Aerosmith'],[604852],-1.2421309215671599,-0.15874827856387616,0.0753277606611038,0.16922093634615984,-0.1766055592171457,0.62549699536925,-0.2229913326284494
['Aerosmith'],[604852],-1.1251620791567465,0.13770305112962894,-0.035030049508493616,0.37031843898390626,-0.558036007148883,0.8661408530559752,-0.6429418809089018
['Aerosmith'],[604852],-1.1493595899142695,-0.22791619806559346,0.004575041809367589,0.2206388626086447,-0.014723354524078873,0.41466302743204536,-0.17326040793193376
['Aerosmith'],[604852],-1.0222787659175576,-0.005277607926135577,0.07103995741204856,0.20187508413398392,0.12963531028306674,0.15599233153458875,-0.1152854224403113
['Aerosmith'],[604852],-1.1754028192452866,-0.3012845306678681,0.03493412040029616,0.44366120227193145,-0.5696963847401759,0.7824659718862625,-0.40466896119515927
['Aerosmith'],[604852],-0.9759415665487609,-0.21188149087705735,0.02329778489321582,0.07278302258190544,-0.02193734227080743,0.619739622088897,-0.0032245637484642833
['Aerosmith'],[604852],-1.0953000949180323,-0.13144528966895216,-0.040086141076071315,0.05137669647338696,-0.011999509259191514,0.7058260017825588,-0.02614006012406406
['Aerosmith'],[604852],-1.3166001439194235,-0.33260039149631787,0.03113520777397213,0.2605098158272403,-0.5123012503861488,0.7599900531461251,-0.22402738364365182
['Aerosmith'],[604852],-1.0757657712311466,0.10922698551296914,0.3035483740388552,0.14505058682030667,-0.6579971117670949,0.5966612263529554,-0.24255787166324458
['Aerosmith'],[604852],-1.2533843604717014,0.0017728645932145026,0.052035416249990044,0.08579454260544084,-0.2728146829081955,0.7007771803892991,-0.13432546503036447
['Aerosmith'],[604852],-1.1861089264746814,-0.06371114771751152,0.09171229410250013,0.2160921047617327,0.11109794609092985,0.5864056816781931,-0.44933644842999815
['Aerosmith'],[604852],-0.9683119992484557,0.04542017784123424,0.2902228785327257,-0.17829140455578518,0.13642975355070022,0.7295751392769587,-0.09467604631245369
['Aerosmith'],[604852],-1.1421786030218297,-0.18880927736639735,0.20217186304445878,0.21333751406707788,-0.6345948270537171,0.640657183999948,-0.22849279760038957
['Aerosmith'],[604852],-1.170472020577215,-0.4054128196475085,-0.013408785991231884,0.2917479275910907,0.012989913577954863,0.5330231244826122,-0.13241409024542072
['Aerosmith'],[604852],-0.9943383354118664,-0.005600223211149198,0.04445607416621888,0.11777879047797352,-0.044660896944547085,0.39452195421610065,-0.05432264154243175
['Aerosmith'],[604852],-1.320727171585518,-0.21848739532417183,0.18915140094929492,0.22124217073435767,-0.07520848526002659,0.5904640624219133,-0.30836793885279745
['Aerosmith'],[604852],-1.1479219236354634,-0.13967078696847468,0.017960307768616984,0.22807737584903373,0.1494679338741903,0.2202702199036965,-0.17241395066736057
['Aerosmith'],[604852],-1.0526648578239777,-0.09536455118003612,0.060243736245022696,0.12884246148031292,0.04863514630550802,0.35292083352359793,-0.1771439719992069
['Aerosmith'],[604852],-1.407120738513057,-0.1992653547401019,0.24440055186200477,0.19806895087681306,-0.3303989952326738,0.759113907252652,-0.36461367246604787
['Aerosmith'],[604852],-0.9401950352802906,-0.01243970644773014,0.04943331211883939,0.06892791678475108,-0.32381255063070497,0.44570134951604096,-0.0760241486971073
['Aerosmith'],[604852],-1.191314217842878,-0.12635786981451527,0.0033330708851411193,0.2211829257520373,-0.16829372019073402,0.6181373190561522,-0.18602743155203802
['Aerosmith'],[604852],-1.0533608659197993,-0.3148030836499548,0.3408910952523904,0.25123729660288185,-0.4531075304343842,0.5533466000504988,-0.2891280702757757
['Aerosmith'],[604852],-1.367079353464847,-0.41552590969012415,0.016838550804127123,0.3592273292033289,-0.41468560343094296,0.6314706093473546,-0.2557375846891202
['Aerosmith'],[604852],-1.0163629848825877,-0.29069517905872244,0.22358196844255387,0.20388695902702142,-0.8126395697587784,0.7482178714366033,-0.17674867096814575
['Aerosmith'],[604852],-0.8896761065049078,-0.41302387952425185,0.10344396625525927,0.020959440173888916,0.15799390284340914,0.6307771076623524,-0.07224956338885713
['Aerosmith'],[604852],-0.8434434115406134,0.07798999322004019,-0.035381763608253514,0.1545747477347239,-0.6223934359103853,0.2500183280212637,-0.06023936599787123
['Aerosmith'],[604852],-1.3419003958271227,-0.11901011731238754,0.14990507524610214,0.1893097544659789,0.007378297843117863,0.5112284589670053,-0.2501248506647109
['Aerosmith'],[604852],-1.3954032312235636,-0.3550610452665744,0.08645433062619767,0.4063098247380986,-0.5938646026925988,0.6028765190311128,-0.30045842557055547
['Aerosmith'],[604852],-0.6574243730971571,-0.09320319860508074,0.23228855229781084,0.023113953447541646,0.003348892186254712,0.265430934401663,-0.09994391673019733
['Aerosmith'],[604852],-1.0893016800414046,-0.04986446036499039,-0.0494826335330892,0.14841145592312882,-0.03162035009811125,0.3995304918605347,-0.014396905327897069
['Aerosmith'],[604852],-0.9953780111932623,0.06740183981567008,-0.009745014367098225,0.09240010357950475,-0.22987415446577372,0.39831861593406764,0.018684888907257943
"['Al Green', 'Annie Lennox']","[607448, 585249]",-1.143955995633759,-0.3926555805425336,0.014713436290862723,0.3174987901204878,-0.35298726368596883,0.5659680038660495,-0.20020870824897805
"['Al Green', 'Anthony Hamilton']","[607448, 581713]",-0.8326240628835535,-0.16878372343179485,0.03700166109110148,0.20148508823231767,-0.4982564480081787,0.4294592920718204,0.03298832933616873
"['Al Green', 'Corinne Bailey Rae']","[607448, 733717]",-0.6729019450514918,-0.16335469247770723,0.07765205146427111,-0.00455501636572961,0.10551393500227242,0.38161021111652105,0.06878554153593672
['Al Green'],[607448],-0.6208632434725231,-0.6068223787280435,0.23765148980960862,0.2361648074297111,-0.6650454223295035,0.5875099360218003,-0.08527531511842965
['Al Green'],[607448],-1.0114154361863317,-0.5473003943326995,0.08896840787474605,0.39081056338537645,-0.2617123485518682,0.5303195153670921,-0.1208605438697972
['Al Green'],[607448],-1.01917858248576,-0.6758052734221842,0.10952209682249651,0.30626965676911305,0.019181863581057924,0.6120957326982143,-0.20154986550691342
['Al Green'],[607448],-0.7733925082771183,-0.5149356799641941,0.08002724117891846,0.06872997991846849,-0.6427169004138945,0.9057823451347216,0.04826665898173286
['Al Green'],[607448],-0.7765764996451278,-0.4848320980682505,0.07838377737078295,0.2305404367844185,0.14387690951870716,0.4017720892274472,-0.03209094558848904
['Al Green'],[607448],-0.9135908636811575,-0.4885570410989509,0.09586265836404924,0.22691497990264026,-0.46400413187654493,0.5775069669332031,-0.12858868720168048
['Al Green'],[607448],-0.8852145069059242,-0.7831452979187938,0.1378571021803866,0.3993698866585612,-0.6185101055530083,0.6487759410196504,-0.1404715384781017
['Al Green'],[607448],-0.7218646647181142,-0.5670125161897706,0.17505503905872166,0.28073974152184933,-0.481523465903643,0.5052367138891964,-0.09211705752287401
['Al Green'],[607448],-0.9151675598404262,-0.5113942465621824,0.07523113894551876,0.3465385042864767,-0.6378331794398264,0.5492027812181991,-0.08089022898102989
['Al Green'],[607448],-0.7914147007763372,-0.3168841712444107,0.162595583993424,0.2900994291760727,-0.6663671490934937,0.5078496097271762,-0.01926823074051148
['Al Green'],[607448],-0.9755931843123533,-0.7213367060139064,0.13753497823682112,0.22674718786037754,0.1108467418775621,0.6630061945349264,-0.2219318606894272
['Al Green'],[607448],-0.9041275449829171,-0.806424543250518,0.1750315777073331,0.32713731181849076,-0.4313477985320908,0.7094068588214133,-0.1642336505199233
['Al Green'],[607448],-0.5718740696093402,-0.31358116069194303,0.10177043288219728,0.007380350287701927,0.11545393322978256,0.5154156050554881,0.08011373716642872
['Al Green'],[607448],-0.7050378721148526,-0.524302779264626,0.1289853264275287,0.15786035496880338,0.14068018421060746,0.44458499393903933,-0.04884839891325695
['Al Green'],[607448],-1.0005426517510259,-0.5670971066240366,0.0554615105563091,0.3163674375199893,-0.2701159833659283,0.5508622855667986,-0.1622298712460988
['Al Green'],[607448],-0.7990297566428854,-0.7020936478084726,0.1797252718435474,0.2310569115818552,-0.010027394365550255,0.5726503120656169,-0.13300746803725458
['Al Green'],[607448],-0.687558979354978,-0.2986099574282853,0.07928576345479812,-0.09978678951037483,0.12613812011032519,0.6718386638239123,0.10564055628207196
['Al Green'],[607448],-0.7118937926035376,-0.07977641118969588,-0.01602636422858918,0.1362209904747232,-0.31317106760037033,0.550999652624861,-0.008242854356902283
['Al Green'],[607448],-0.9538827929902907,-0.7095715417887491,0.10908999531219392,0.44381498688927284,-0.7906737713092057,0.6941679890510087,-0.1714125599822113
['Al Green'],[607448],-0.7051870765749976,-0.27930065942045706,0.007321870449984718,0.1858451862821429,-0.676106428359512,0.626349159877745,0.06486531567840795
['Al Green'],[607448],-0.9596932504903836,-0.6204629450307027,0.1259327501988856,0.38745378160461535,-0.3528972611388752,0.5646534005668777,-0.136777503211049
['Al Green'],[607448],-0.9608928830901926,-0.38695195630405727,0.04727021376687036,0.12728795406363716,-0.28024573194520885,0.7273188019570642,-0.026221480884370027
['Al Green'],[607448],-1.0072865378311975,-0.46928162601616163,0.05471489082429018,0.22863950648661424,0.07384397672621094,0.45094794508443337,-0.18805230967839504
['Al Green'],[607448],-1.128843907311915,-0.5451250399538716,0.08738362714962739,0.4031736790268215,-0.2490467778462897,0.5446705474925089,-0.17581678472156492
['Al Green'],[607448],-1.0387345923770641,-0.7770216329576775,0.07651897030976754,0.3163253381108515,-0.15444648770152822,0.6984836763356002,-0.14541349753016908
['Al Green'],[607448],-0.5762587703571501,-0.38002000375246586,0.07236859196164766,0.10700576506373864,-0.4905587980059971,0.6993650450430713,0.015655706113846406
['Al Green'],[607448],-0.8717728137720733,-0.30135016504619516,-0.07838659850689782,0.5237017188773099,0.19901052769295907,0.861179723179236,-0.6172591150400089
['Al Green'],[607448],-0.8765921409984213,-0.5740290711524593,0.09821522553796845,0.3082752108558494,-0.4616169968666657,0.5403282313685343,-0.08817856684811347
['Al Green'],[607448],-0.7207559158479255,-0.5526503360264924,0.13209180816016705,0.24609925491203863,-0.4771436800851951,0.5438703284686702,-0.02989491025819151
['Al Green'],[607448],-0.9939937868777402,-0.6018257829050928,0.22539491024499886,0.4135883996358058,-0.3440662864163421,0.6098913669201819,-0.06967681585697526
['Al Green'],[607448],-0.7345341435089027,-0.22207416908692124,0.05911814387396481,0.04482041921379165,-0.23038412956690624,0.5488305998333946,0.08405113895705527
['Al Green'],[607448],-0.962191421096738,-0.6040567384429973,0.08287318816894577,0.23101010023301488,0.173327482186381,0.5069730683130028,-0.12907391675577923
['Al Green'],[607448],-1.0427660438069908,-0.693890737927408,0.11348306071968521,0.3743489272046845,-0.6017132222304433,0.7621936251204392,-0.16534832154442514
['Al Green'],[607448],-0.9024340657193146,-0.5547783147410338,0.10507439329240195,0.6225008109862612,-0.7228489775522174,0.8411765952860477,-0.5882008351503111
['Al Green'],[607448],-0.5845686465030151,-0.38877728365030345,0.20944018253785998,0.10545324624180313,-0.6763702661832949,0.7229170832513173,0.07686002119180069
['Al Green'],[607448],-0.7196966366724845,-0.3757137119856562,0.14799427665341727,0.07450721812243463,-0.47650791277827376,0.7963257365160007,0.07136553876765706
['Al Green'],[607448],-0.9299717578086782,-0.7231400566472707,0.0989656067961926,0.4335459314462724,-0.7924209180920511,0.6849752560852264,-0.14352053862940262
['Al Green'],[607448],-1.003886268171106,-0.5911296658675467,0.14423979881466117,0.24303896871579295,0.18799711949156298,0.5971527520878692,-0.1949224699969227
['Al Green'],[607448],-1.0633707228561464,-0.46082827799351445,0.02895644073518964,0.3007103774919817,-0.2708102579764177,0.5437204476671899,-0.12938557899379052
['Al Green'],[607448],-0.8701335085944457,-0.5089558636784891,0.09947216388838902,0.21329355025923283,0.16084744992256897,0.4826669847969767,-0.02280906172603669
['Al Green'],[607448],-0.9862275338989358,-0.5145893564370208,0.16229084663125076,0.30700216380732526,-0.7203556982743664,0.6382279568259825,-0.20968091799924518
['Al Green'],[607448],-1.0484390714353586,-0.6810928541875038,0.1753693730702194,0.3439931006565043,0.013625391019512451,0.5413143554144553,-0.18032754659080538
['Al Green'],[607448],-0.7458964158586872,-0.40899158018256254,0.1628948035493493,0.0047972641094301315,0.13889285935570816,0.5605239911211378,0.019212698322601113
['Al Green'],[607448],-0.7426580991178473,-0.5706646940207232,0.23108625850087397,0.24735737938419602,-0.7407006442780363,0.6500245925533858,-0.14036461036142087
['Al Green'],[607448],-0.7763958865302725,-0.5171935544020906,0.08922836433741253,0.21320653522166638,-0.19564860581363036,0.6530471824111874,0.03467038596362846
['Al Green'],[607448],-0.8597644850313703,-0.5453723231845978,0.17951482999009094,0.2621412361090647,-0.4632161804385636,0.6094599643076194,-0.11270114422893172
['Al Green'],[607448],-1.047366515572162,-0.5546819854507163,0.11375296073555743,0.2142991707209245,0.1793690494146602,0.4940014976578064,-0.16765424035803053
['Al Green'],[607448],-0.8061158206396807,-0.5145399794430069,0.14348553664052704,0.2374000828013123,-0.4709752657698322,0.5751215636678563,-0.0785283355344138
['Al Green'],[607448],-0.5305778403887955,-0.3718289219411233,0.13223487725322627,-0.0028715906924416,0.11048853649595236,0.4760785198418558,0.12249804906510553
['Al Green'],[607448],-0.8741359149084139,-0.17489223015407193,0.037539833537889665,0.0741737266012746,-0.048094771623224924,0.4775602394628321,0.017554784456592747
['Al Green'],[607448],-0.8905982647412137,-0.34285009317937115,0.12243425878729854,0.07187577677247489,-0.02414452393350791,0.6231216502459742,0.003985703693974182
['Al Green'],[607448],-0.8490889410805799,-0.4368083154648033,0.07541618964904966,0.19954861921082415,0.054116055426777984,0.3643501325704804,-0.06645500406586655
['Al Green'],[607448],-0.5832072478614154,0.012358332493013699,-0.04174531047538513,0.07791476115687912,-0.49698508214864917,0.6575106612562533,0.07337374710139892
['Al Green'],[607448],-0.9811541768148905,-0.6987276758514664,0.2635705734553219,0.23425739254040676,0.18757868363501226,0.5678224672276533,-0.22486678273901073
['Al Green'],[607448],-0.7198540386821345,-0.45208571646362905,0.2024563033947626,0.24714100532964844,-0.671566277926527,0.45281865926774434,-0.09639057231750071
['Al Green'],[607448],-0.980393615625918,-0.49947050090387735,0.0930502443593849,0.08750245321502112,0.17274441931136422,0.6413168130325237,-0.08439388936783741
['Al Green'],[607448],-0.8589440236494504,-0.637848654151059,0.14278997318856448,0.28312794476324243,-0.4590785094915175,0.5821187881500692,-0.10489678793189142
['Al Green'],[607448],-0.9459085152059193,-0.6345438899245996,0.17665406980546647,0.40966298073227647,-0.5257646067783001,0.6360193154477471,-0.09009829027904673
['Al Green'],[607448],-1.1974845573048907,-0.49470020069410925,0.33933769065837016,0.33488615498398727,-0.6005768394142467,0.7492621742740889,-0.3599665446067863
['Al Green'],[607448],-0.5329512315436503,-0.5893476757544023,0.05714748113111762,0.4469955632594498,-0.40098742770057627,0.7775805125086065,-0.4700897596646894
['Al Green'],[607448],-0.9167561286049022,-0.6135619273213361,0.10086747702309225,0.36912019669322543,-0.8048105919168108,0.6722550301980589,-0.09753361634932144
['Al Green'],[607448],-1.1772542905603027,-0.5863131191742121,-0.0049132962764139206,0.287962237328054,-0.12806013702249416,0.8727627429262661,-0.1423413296602462
['Al Green'],[607448],-0.8056003716286104,-0.5474524338756159,0.20963631426971935,0.210245072253096,-0.20706418650624578,0.46891263139976225,-0.14535891869694934
['Al Green'],[607448],-0.7663731094470551,-0.5700260966966356,0.12040691656488739,0.18110291938599257,-0.029018131821692536,0.48987931040568666,-0.027352054853575034
['Al Green'],[607448],-0.9879621535414069,-0.6880137057939969,0.057830497627589024,0.2739673000048015,0.18399210653767648,0.5349384923254916,-0.1256475595649809
['Al Green'],[607448],-1.0685023488662138,-0.6963307730913184,0.06604505250343781,0.47163045736936354,-0.7805966946442767,0.6669027928338738,-0.18212203087736248
['Al Green'],[607448],-1.0493755774419558,-0.6319113580729894,0.11632237940641017,0.28536822198724926,0.021050564076874147,0.6374852150108024,-0.16213740614736094
['Al Green'],[607448],-0.7779991934105177,-0.6905868745427961,0.14479928827524946,0.3300890301863979,-0.4622243543692022,0.5714158516401391,-0.1384312087772154
['Al Green'],[607448],-0.8107182254300673,-0.6075050598100895,0.2026843590427861,0.2575509977331502,-0.7309095381098889,0.6718458100786557,-0.1593214886672078
['Al Green'],[607448],-0.9755617270822392,-0.4602917864380499,0.17190287019995032,0.25903208917318643,0.17032939054037977,0.46881122737551506,-0.015238183781185561
['Al Green'],[607448],-0.4111492174361694,-0.5095937446370995,0.20608222221880573,0.11724380553643551,-0.6149499587802814,0.4709503392601306,-0.02843637497356368
['Al Green'],[607448],-0.8431651228743201,-0.7401013159566943,0.18735086633860698,0.22872551265230504,0.1772088416638087,0.5813482504779832,-0.13759330609682846
['Al Green'],[607448],-0.718377655704772,-0.5838579202429423,0.13932025103163417,0.2583221741709261,-0.2934745371771346,0.5392683045402036,-0.04351357347900643
['Al Green'],[607448],-1.010132164581966,-0.5075702681152859,0.048665829707404615,0.3136005455171137,-0.4501536595609605,0.57493950416275,-0.121248847098384
['Al Green'],[607448],-1.0717237170999736,-0.5223678930783564,0.044165957848742624,0.37421099085409154,-0.7110372563715092,0.6184110541597376,-0.18824957327079245
['Al Green'],[607448],-0.8464131881215965,-0.34728689751615394,0.18623524288466892,0.11028478646626677,-0.2914823288685201,0.6944350702329135,-0.06317421185369149
"['Alan Jackson', 'George Strait']","[605375, 944084]",-1.206739573542569,-0.3283345911460623,0.18646834099149334,0.3166110071763959,-0.4353001514599365,0.6035151262079034,-0.228603059667195
"['Alec Wilder', 'Frank Sinatra']","[568622, 792507]",0.12647102250041853,0.18609450005233166,0.034008736676677094,0.04753592024958209,0.03571896005231786,0.5270215758661637,-0.479563057885112
"['Alec Wilder', 'Frank Sinatra']","[568622, 792507]",0.20381336070675773,0.18255890988977524,0.006126051632709521,0.026922938598858515,-0.05732731260093664,0.6027035401035211,-0.4400326590745524
"['André Previn', 'Frank Sinatra']","[30250, 792507]",-0.2592114620151194,0.16833264075899212,-0.051878850609695895,0.27232654826351377,-0.611391308434931,0.8086948761858738,-0.5458578806445733
"['Andrea Bocelli', 'Stevie Wonder']","[751613, 622805]",-0.5607990566724449,-0.3518802080505061,0.35619063770332343,0.03184566204923793,0.11366500779243559,0.3805800780426245,-0.12154952780933727
"['Antonio Carlos Jobim', 'Frank Sinatra']","[781837, 792507]",-0.5158793380987278,-0.32510435407719296,0.20272742055145013,0.044993966670714494,-0.5280267655827884,0.4786905643578464,-0.011200777251196477
"['Antonio Carlos Jobim', 'Frank Sinatra']","[781837, 792507]",-0.23304842764796496,-0.17788558822719563,0.21939235490219794,-0.15195149776282346,-0.043755559090669235,0.2710779752833245,0.07654146933608989
"['Antonio Carlos Jobim', 'Frank Sinatra']","[781837, 792507]",-0.5508755566321124,-0.30312243045297715,0.15654394489074738,0.06574986303524101,-0.8793929859881646,0.598038109394468,0.0039593520567431624
"['Antonio Carlos Jobim', 'Frank Sinatra']","[781837, 792507]",-0.34358190540323996,-0.16234839058902795,0.1374062492047155,0.03319988313991891,-0.8334120375488645,0.3472763976332972,0.034171080371176034
"['Antonio Carlos Jobim', 'Frank Sinatra']","[781837, 792507]",-0.3650643364655279,-0.3903814929774396,0.2668983446860839,-0.05112777446198698,-0.3512708435603363,0.6014199999298805,0.06884680836566638
"['Antonio Carlos Jobim', 'Frank Sinatra']","[781837, 792507]",-0.28412218794812333,-0.23706223328244985,0.1687466006887601,-0.14666432974190885,0.07023964359167234,0.4180877643497709,0.055493154694337556
"['Antonio Carlos Jobim', 'Frank Sinatra']","[781837, 792507]",-0.37818087493887315,-0.15908450354901402,0.30128808315971417,-0.10084817123880957,-0.5494798714605728,0.5621907767217565,0.029939882661529433
"['Antonio Carlos Jobim', 'Frank Sinatra']","[781837, 792507]",-0.47091438611005587,-0.47263853220614416,0.17477041611674063,-0.09253086934053169,0.10881312532346293,0.5930010637494677,0.03879645869882686
"['Antonio Carlos Jobim', 'Frank Sinatra']","[781837, 792507]",-0.24874178331850097,-0.2492009963021734,0.17275996514194733,-0.05668086160941756,-0.5645197520346776,0.44999309378513264,0.10795640084632994
"['Antonio Carlos Jobim', 'Frank Sinatra']","[781837, 792507]",-0.1713401272656898,-0.1706630028084515,0.2439983709450906,-0.0766607292571001,-0.40305642955585846,0.3371607609811848,0.04495208648444781
"['Antonio Carlos Jobim', 'Frank Sinatra']","[781837, 792507]",-0.44343877016060007,-0.24614809656575198,0.16210383748516421,0.0083516285594151,-0.7126878210435265,0.5744142231697489,0.06172906997141257
"['Antonio Carlos Jobim', 'Frank Sinatra']","[781837, 792507]",-0.28640639385060745,-0.21828658864827205,0.1497284625952912,-0.03434701842680657,-0.279845638250985,0.4578919266893555,0.033453714923675194
"['Antonio Carlos Jobim', 'Frank Sinatra']","[781837, 792507]",-0.5832987097560656,-0.46454179095682957,0.15082053364243145,0.034200257439765,-0.3202503258492431,0.6475008426558098,0.018840923890703312
"['Antonio Carlos Jobim', 'Frank Sinatra']","[781837, 792507]",-0.5384817797128945,-0.2241461548596388,0.2635532713259304,-0.017935751239145384,-0.5261377217106897,0.5744130204692394,-0.010265185751889755
"['Antonio Carlos Jobim', 'Frank Sinatra']","[781837, 792507]",-0.3365812943591945,-0.25373815565411545,0.14321375893520844,-0.09592421316772523,0.08164023373450473,0.41249053558634363,0.039960932701625894
"['Antonio Carlos Jobim', 'Frank Sinatra']","[781837, 792507]",-0.5743535547274075,-0.4308581357286616,0.18536611259306948,0.08827030299139195,-0.5956342830069435,0.5918134970356184,-0.007265597809128301
"['Antonio Carlos Jobim', 'Frank Sinatra']","[781837, 792507]",-0.4394340333877994,-0.20397501807133256,0.10335968580241067,0.04242583845074836,-0.2605113762456576,0.4460700439219022,-0.004201892593794685
"['Antonio Carlos Jobim', 'Frank Sinatra']","[781837, 792507]",-0.3116529554061584,-0.2586976482556525,0.17655648523030623,-0.03861620731854586,-0.5562687441051588,0.4543446321508428,0.0837181363223746
"['Antonio Carlos Jobim', 'Frank Sinatra']","[781837, 792507]",-0.6718109111186436,-0.5685758793620779,0.15760841456797003,-0.015397579061235176,0.13990384646724302,0.648140800106335,-0.037757540692326175
"['Antonio Carlos Jobim', 'Frank Sinatra']","[781837, 792507]",-0.7802993336698523,-0.5038277309025829,0.1494534636191857,0.18838793501040757,-0.6445775831227031,0.6980700688063539,-0.10679514772877811
"['Antonio Carlos Jobim', 'Frank Sinatra']","[781837, 792507]",-0.4856266391261494,-0.25294528336941224,0.15991617451194437,-0.0349401405855705,-0.3488340156352781,0.5425039962540059,0.04186066833895356
"['Antonio Carlos Jobim', 'Frank Sinatra']","[781837, 792507]",-0.6933957344637653,-0.5639156873299197,0.1982904437245144,0.07453311538201698,-0.47874730346210365,0.7473655011423739,-0.03235555960148113
"['Antonio Carlos Jobim', 'Frank Sinatra']","[781837, 792507]",-0.5803022365827893,-0.37445132385876434,0.10094648995627147,0.1568254221911612,-0.6611141017215184,0.692150972650989,-0.07188314955662839
"['Antonio Carlos Jobim', 'Frank Sinatra']","[781837, 792507]",-0.2909510261185094,-0.1782801230317739,0.2610903820761516,-0.05029574092534518,-0.11030711577312012,0.33060863779206673,-0.042459849523490745
"['Antonio Carlos Jobim', 'Frank Sinatra']","[781837, 792507]",-0.33917163475514067,-0.0744355062447786,0.07974368303058224,-0.1646173958116776,-0.7302959064197599,0.6989379219804778,0.1805139232735818
"['Antonio Carlos Jobim', 'Frank Sinatra']","[781837, 792507]",-0.2501682743206848,-0.17896365164165215,0.17189569512457578,-0.16339822756454148,0.04740342440078438,0.2944266768227619,0.11026510388348613
"['Antonio Carlos Jobim', 'Frank Sinatra']","[781837, 792507]",-0.5589307770330957,-0.30257997233314315,0.14656803657643497,0.07425723544940736,-0.8775206000880545,0.5911688587037018,0.01890500486473186
"['Antonio Carlos Jobim', 'Frank Sinatra']","[781837, 792507]",-0.4154539296481901,-0.26840039776487007,0.15994242108235243,-0.01279731460177447,-0.06670465739175487,0.5246026407082507,-0.059030389541824296
"['Aretha Franklin', 'Duane Allman']","[927555, 807028]",-0.49488262981678127,-0.4967568573109363,0.14964056889228336,0.11420221300850104,-0.4921965658908911,0.6631069763811209,0.009092291193739967
"['Aretha Franklin', 'James Cleveland']","[927555, 668448]",-1.0917888333963015,-0.17116458173668891,0.2984605079011531,0.17035075594754778,-0.5456872180620249,0.6773575676187797,-0.2024105681563383
['Aretha Franklin'],[927555],-0.8749120934157866,-0.6491481925842376,0.23657337220523952,0.09086606922557627,-0.09021262456701973,0.805732728578583,-0.0789322706176072
['Aretha Franklin'],[927555],-0.3540283724106405,-0.6105834919284311,0.2759811929295663,0.023247859087549172,0.09284434890213047,0.3424534173780648,-0.045773185204513234
['Aretha Franklin'],[927555],-0.8334973753093582,-0.604193677489351,0.4662321576145414,0.15329472031786623,0.1638549076642738,0.5403183344891502,-0.18033747994124802
['Aretha Franklin'],[927555],-0.49991850686746153,-0.5832883394046818,0.23568125922797195,0.07208643756770182,-0.3285866328130758,0.5465930294439332,-0.035817945891464975
['Aretha Franklin'],[927555],-0.9193867479044217,-0.7664723542285826,0.2136039413094888,0.17279983128749188,0.012078228175054044,0.734500607474238,-0.14758042021873524
['Aretha Franklin'],[927555],-0.6760522068824684,-0.0765691098030619,0.624286175372589,0.03885338296145196,-0.7781759037973379,0.6134249328377526,-0.2337941778137511
['Aretha Franklin'],[927555],-0.4391834120969628,-0.19985074891136229,0.2450494219828256,0.027934578051695417,-0.8083350496344077,0.5311060648304714,0.03211214171216878
['Aretha Franklin'],[927555],-0.25988479522282976,-0.1848227179575836,0.2928401390417733,0.020347809466845314,-0.8236750587051324,0.48144284817060834,0.0337853219606762
['Aretha Franklin'],[927555],-0.5077289475452792,-0.1688062270017661,0.6078212242649108,0.008205464762410025,-0.7926335898370057,0.6189366323305344,-0.21397208853491204
['Aretha Franklin'],[927555],-1.280468251556331,-0.2797461912447585,0.046878385534758975,0.4018342238707321,-0.7776212244315226,0.6882743897409616,-0.24843357494771162
['Aretha Franklin'],[927555],-0.6364224307836952,-0.4940775169755356,0.37977019227637315,0.011473085922885613,0.12308556195906731,0.4646395880144255,-0.1770343869165799
['Aretha Franklin'],[927555],-0.7420806759055216,-0.6083858424677879,0.4598088043156868,0.10971489131132559,-0.4664890878322245,0.753254257481933,-0.2234039079698876
['Aretha Franklin'],[927555],-0.29736583121982585,-0.10383905295912232,0.22231894000550284,-0.16316291081191914,0.04591690098252567,0.2428842214024295,0.056352869787388314
['Aretha Franklin'],[927555],-1.1365541831885582,-0.49323714634625176,0.04432836191519487,0.20832868878857924,-0.6969859029963388,0.8873139172671433,-0.14742961685485184
['Aretha Franklin'],[927555],-0.9705302017761727,-0.5822942867482678,0.21916467230395933,0.18810907288739895,-0.2672138928113957,0.6856457272258439,-0.20540867649722364
['Aretha Franklin'],[927555],-0.9775451377714963,-0.6102919286763336,0.29900271620608254,0.18344800612882947,0.18548205826340466,0.6809578613447497,-0.2511834750592787
['Aretha Franklin'],[927555],-0.6378763047471072,-0.1214682001901796,0.29837514773654006,0.08208473119699244,-0.7694664579312551,0.6909013662611355,-0.009048385305027046
['Aretha Franklin'],[927555],-1.1850983501797692,-0.6074834426713609,0.15887585431824813,0.4270392449356428,-0.49943246831443694,0.733965855350935,-0.14136677735900835
['Aretha Franklin'],[927555],-1.3116554921218069,-0.41800467336600977,0.282269968680599,0.36835044726547705,-0.685252947557061,0.7155493148798779,-0.3703498175105244
['Aretha Franklin'],[927555],-0.608694548781877,-0.7410384903697868,0.2718360821399172,0.16194767373624872,-0.2980166118436072,0.6388354143727265,-0.015529312658710229
['Aretha Franklin'],[927555],-0.3549269313498292,-0.375363039297699,0.20803852362419853,-0.14389442391354273,0.08273245936419608,0.4829237138786951,0.12292255464161149
['Aretha Franklin'],[927555],-0.3822135069439558,-0.2062763696723273,0.11700364026065158,-0.2884025650576536,0.07659278790904966,0.6187070200280879,0.18123062344014404
['Aretha Franklin'],[927555],-0.31072859324355573,-0.35581099755236306,0.26422209351834275,-0.06593234470631301,-0.10640801738276706,0.37180157699552596,0.014871269245334554
['Aretha Franklin'],[927555],-0.7157340910174746,-0.32939833170974037,0.2126757010166155,0.07703623134824497,0.12238206373719855,0.4073188091501477,-0.04148914645228726
['Aretha Franklin'],[927555],-0.7682649038481214,-0.2995132137550656,0.12199458855931405,0.09978497658552754,0.12305982436697632,0.35546699052699193,-0.0001464561289307657
['Aretha Franklin'],[927555],-0.46564162526506014,-0.2819428056818932,0.13313349156614251,0.03687912466465816,-0.7971490615541874,0.5827605445897082,0.05776007974901401
['Aretha Franklin'],[927555],-0.6677795320368349,-0.4805569859470327,0.1824885906129507,0.039265328572324294,0.13204411706059085,0.5027601451676116,-0.04045868780952071
['Aretha Franklin'],[927555],-0.34911228367025254,-0.1341980304991776,0.5948835388227522,-0.09089253137532176,-0.6363914515739557,0.5905265800578343,-0.1251327302127444
['Aretha Franklin'],[927555],-0.6931492598392083,-0.31723556394901214,0.2353842503779679,0.16650888394111824,-0.6827469944595705,0.48996399080528275,-0.11554986001013327
['Aretha Franklin'],[927555],-1.3047913885375588,-0.48489369862144666,0.09391419942458569,0.3662659708253652,0.13192747617282086,0.5996607863804595,-0.12320863579113796
['Aretha Franklin'],[927555],-0.4630358889292486,-0.21049570926248962,0.1262831313061895,-0.09929215619901803,-0.1821242703028469,0.4792793460852213,0.12319110858371941
['Aretha Franklin'],[927555],-0.7494636963407838,-0.6389456549564229,0.3639963737889676,0.03540254773326442,-0.018663003533620205,0.714009741976392,-0.1651040610664652
['Aretha Franklin'],[927555],-0.5210803159975115,-0.5409363908642014,0.2582402190533132,0.02694866310316961,0.11495690190767444,0.4576039730320042,-0.007580225758901358
['Aretha Franklin'],[927555],-0.4538008354144199,-0.013869785224180945,0.45807503663943583,-0.08785373423332166,-0.5634144456140798,0.37864770267545955,-0.14428445556801583
['Aretha Franklin'],[927555],-0.22900780444200827,-0.17950891151655507,0.27395122393506854,-0.15471520584760376,-0.135120784178435,0.29224418961051546,0.03381031500612249
['Aretha Franklin'],[927555],-1.2039444140839148,-0.6294678454216722,0.09699346537638381,0.29485687837167557,-0.23726748332292355,0.6867687179846413,-0.2263439101169689
['Aretha Franklin'],[927555],-0.5196017317132283,-0.18879309058678564,0.1323649679126337,-0.07176843176697394,-0.1758589502900558,0.4733129780094934,0.10144741709965466
['Aretha Franklin'],[927555],-0.5024175540972665,-0.34647696932086086,0.15856117746270543,0.07015963380834143,-0.2622197111154389,0.38068502052674125,-0.02300297050283934
['Aretha Franklin'],[927555],-0.7437777697324246,-0.5625008996241326,0.17860943386842798,0.11546602552717257,-0.03144566954424562,0.5125315986721946,-0.09611644219437145
['Aretha Franklin'],[927555],-0.4377468772407598,-0.3116408508395038,0.22263029805039802,-0.15705724855471284,0.0933936294779574,0.536375460284817,0.07181495850332181
['Aretha Franklin'],[927555],-0.7311304145326394,-0.19264743576947335,0.4979511170080401,0.11613471458730494,-0.7764904366354495,0.5473540898428737,-0.29563141534576837
['Aretha Franklin'],[927555],-0.3732052339576752,-0.31480489026427155,0.1394749165478579,0.05444116000092698,-0.8056078288904948,0.5675773824363933,0.09379476937660965
['Aretha Franklin'],[927555],-0.805469544241148,-0.24943928634752638,0.3962316821211352,0.034350011924362385,0.12649988195858863,0.4406527752189021,-0.18082412250452437
['Aretha Franklin'],[927555],-0.49525341526854194,-0.5014837961484874,0.37195929068223044,0.017587664456733345,0.11170715823056757,0.43719144132756926,-0.0929424093211903
['Aretha Franklin'],[927555],-0.9285490494483769,-0.15198148672297992,0.4389339912242928,-0.06682350186778935,-0.2974482507080676,0.8096991232184884,-0.22705650209038186
['Aretha Franklin'],[927555],-0.5807698427869027,-0.6510641916966808,0.2097584505754328,0.1744152759498155,-0.4855590308817794,0.6246860346893146,-0.022915297492833414
['Aretha Franklin'],[927555],-0.7309431105736631,-0.5853732336337832,0.699111446754027,0.10079325564202495,-0.2884564103290228,0.7241895441526252,-0.29748793859831263
['Aretha Franklin'],[927555],-0.9571172282429368,-0.06116863637304252,0.5277773672242293,0.0873929743624307,-0.29824729571518405,0.5505435824843883,-0.28020794897054585
['Aretha Franklin'],[927555],-0.5820767293954205,-0.6376137414902464,0.15386108734070192,0.14095672822718966,-0.3067301325187499,0.6097349501030601,0.01541993426629341
['Aretha Franklin'],[927555],-0.32852617044537163,0.08283972347621392,0.43119400599902946,-0.16332483561015193,-0.7255806289155697,0.7427366885470913,0.07974172985651942
['Aretha Franklin'],[927555],-1.0063481872743552,-0.4254526283717637,0.3089607098209355,0.268448103515578,-0.3636157091477697,0.5659474204342797,-0.23883823423697237
['Aretha Franklin'],[927555],-0.5859869844706589,-0.46624422290511996,0.12819189800953162,0.14304556502051316,-0.6720064931776427,0.6943749013410369,0.0258947197290793
['Aretha Franklin'],[927555],-0.7140939229988915,-0.18748798040656933,0.24922790338684253,0.00916541596828675,-0.7764990620450246,0.6976365954343665,-0.07848431276821116
['Aretha Franklin'],[927555],-0.37542549637078193,-0.12396593926980871,0.2468869064975224,-0.32418146043844287,0.0690973752447456,0.6020779303814977,0.12715238430192874
['Aretha Franklin'],[927555],-0.3646639996243361,-0.06050089497003291,0.2933590046212646,-0.19510615884722887,-0.8248796740385738,0.7171929622253201,0.08462030100923285
['Aretha Franklin'],[927555],-0.5134785097941695,-0.3130151509242873,0.22006491064305475,-0.16525913974813963,0.09906720399569813,0.5521611662846719,0.06038075122985349
['Aretha Franklin'],[927555],-0.963279637331693,-0.21614165477293096,0.7100217989899008,0.07188288718059313,-0.29109925208896603,0.6280110733335523,-0.4694797350278572
['Aretha Franklin'],[927555],-0.75974332734984,-0.058673094389463346,0.22262470769212336,0.1017911404773368,-0.5840273236771361,0.5999719679564254,0.04913002616016757
['Aretha Franklin'],[927555],-0.6294684584861376,-0.3027101343864544,0.4522998041771998,0.05886835865085388,-0.7707332580886667,0.6730953443411186,-0.13264273649941405
['Aretha Franklin'],[927555],-0.9388258908698157,-0.36459975159578284,0.11448062709187214,0.16133996291389932,-0.10790720651496578,0.5637318173372798,-0.06019695774573543
['Aretha Franklin'],[927555],-0.8889839651912033,-0.41278558909263613,0.3438822393211498,0.2555935855965995,-0.015148422400700823,0.51327624011721,-0.08918944487373923
['Aretha Franklin'],[927555],-1.0613594576578165,-0.27891030358041413,0.12134347018721077,0.06008394036558026,-0.008142873590437924,0.7266253290912207,-0.09598555267145809
['Aretha Franklin'],[927555],-0.6915483389565877,-0.5691898647128307,0.1681659046537406,0.17160976431718195,-0.03367803713284797,0.508721645062363,-0.040830735301478585
['Aretha Franklin'],[927555],-1.048773071477567,-0.2975444286815185,0.4675470739945917,0.2310123880470469,-0.5460943339174542,0.5725650478922262,-0.3244689956500766
['Aretha Franklin'],[927555],-1.2499786183498065,-0.5000200883044343,0.08556251055039016,0.28768898359496264,0.027815703786719173,0.6047833439025285,-0.22004665717673158
['Aretha Franklin'],[927555],-0.40948490058107473,-0.3790030602616325,0.2113620244856784,0.07151369035473809,-0.7162415620857181,0.4643810712729663,-0.011661415485756855
['Aretha Franklin'],[927555],-0.3181387578779522,-0.12234731509765247,0.35239793589739543,-0.08884436605165194,-0.568483568670629,0.40876410198541263,-0.0285892611609467
['Aretha Franklin'],[927555],-0.8865373334671204,-0.5076924602945775,0.20243557558303965,0.11463557661404564,-0.2842534393046314,0.6609377834079769,-0.13936859612112693
['Aretha Franklin'],[927555],-0.8250549553313323,-0.495560358665753,0.5255626693426324,0.05991377847189996,-0.28780017249279766,0.7241824185263582,-0.27948351743598016
['Aretha Franklin'],[927555],-0.5260356800317015,-0.4993205463014978,0.15491459807320793,0.08422326381338341,-0.503015407818181,0.6227268815402129,0.06356394369375748
['Aretha Franklin'],[927555],-0.8330268027181021,-0.4969659731773861,0.21242420583121907,0.056628354034854965,0.15124315663978657,0.5644019010340665,-0.14600227733390764
['Aretha Franklin'],[927555],-0.9922182553469397,-0.003160546433095103,0.532172795492678,-0.07244562853244817,-0.29300674203755356,0.7903361314411481,-0.24674339058993539
['Aretha Franklin'],[927555],-1.1218164658533145,-0.7257916575760273,0.06291747938946121,0.2781730196304802,0.2040350189360855,0.6200421291249445,-0.15272988390247283
['Aretha Franklin'],[927555],-0.27152927563367646,-0.24913685570055455,0.2841321875161284,-0.05390139796322561,-0.7480475988362186,0.43186278361399094,-0.007625661922448006
['Aretha Franklin'],[927555],-0.5579223541923287,-0.2982619047553423,0.12966237781439885,-0.06563837530740474,-0.42521486660358504,0.6735975592221977,0.1199705632273955
['Aretha Franklin'],[927555],-0.24735562990058524,-0.1302249935382713,0.22155896944807738,-0.16109793139931358,0.041359438999895505,0.23202477921248227,0.0909432618567034
['Aretha Franklin'],[927555],-0.6421954078312079,-0.4643686462854073,0.35895647629023886,0.07424021721815761,-0.499364421674681,0.5919486285858019,-0.14116489393354167
['Aretha Franklin'],[927555],-0.2802959299694208,-0.10855002743852502,0.7401017809243258,-0.25740267114826687,0.060428018944471806,0.4748466219285639,-0.1728534087725864
['Aretha Franklin'],[927555],-1.258896585199745,-0.5770801425890104,0.06181478901637059,0.2815485116841075,-0.05397278981768033,0.7018112382432988,-0.21048641269906454
['Aretha Franklin'],[927555],-0.5942700260530887,-0.19932431471121434,0.14689406708894737,-0.04287258089750288,0.011792382536388712,0.4392806802284604,0.03302961901903949
['Aretha Franklin'],[927555],-0.38687468004641984,-0.14658695575072417,1.1002859402991534,0.054881278821346746,-0.44436615591935047,0.6306579082226776,-0.007735935588988796
['Aretha Franklin'],[927555],-0.8526544850238451,-0.25452992617772097,0.45901086373785327,0.10914208350277475,-0.7504187813771738,0.6990606396633349,-0.25849309166847617
['Aretha Franklin'],[927555],-1.2310519509717297,-0.757622688717784,0.037307941315002945,0.521846203885468,-0.7534940695798583,0.7853139520245713,-0.17565316267177356
['Aretha Franklin'],[927555],-0.9278776987480273,-0.7277975413297971,0.26025809101712705,0.20384228742068658,0.18790107973605427,0.6841769176670253,-0.19892792753264432
['Aretha Franklin'],[927555],-0.608297890287332,-0.5120811068367074,0.2545548169970542,-0.019097083914864147,0.13249723649470163,0.5984138506793248,-0.03395199669698548
['Aretha Franklin'],[927555],-0.7493980735101109,-0.5742441367313587,0.5151419937551713,-0.007063867290606023,0.15727024576966087,0.7041738473534352,-0.23650622684201847
['Aretha Franklin'],[927555],-0.4831808623507683,-0.21770429084669504,0.18992178865076745,0.11329314840816909,-0.8862315220387819,0.6086917467986447,0.09047372104098966
['Aretha Franklin'],[927555],-0.4969346000357685,-0.46738386791031783,0.19261263518826355,-0.06504275666903507,-0.06772035208384353,0.5878922886294656,0.06194432625330911
['Aretha Franklin'],[927555],-0.6995021889117291,-0.13102980230613043,0.3064022457765211,-0.09549773111105365,-0.6871661238293774,0.8017770099344997,-0.036060588876447454
['Aretha Franklin'],[927555],-0.7276937228737557,-0.5030348532149589,0.45578817513531533,0.15172893018412562,-0.4849153871030623,0.5834606133389769,-0.28612818109986293
['Aretha Franklin'],[927555],-0.39624013904347544,-0.11092307893962289,0.15198827732815967,-0.10458355278952426,-0.3832748043913494,0.39011112909283285,0.08547598156857855
['Aretha Franklin'],[927555],-0.8320365396039546,-0.2382969465634251,0.6090359976651077,-0.16310706272313322,-0.03258960770415152,0.8522735451059242,-0.21841135971745956
['Aretha Franklin'],[927555],-0.5996468100549968,-0.331879879374102,0.1006637731476349,0.13076658408975086,0.10375958422820783,0.26204333192216006,-0.0034522267466153464
['Aretha Franklin'],[927555],-0.6470923147140857,-0.44861290595020714,0.2167426691221786,0.16829801935801256,0.047199549592076326,0.4023327998242773,-0.04627459990240022
['Aretha Franklin'],[927555],-0.2159141016828134,-0.3504618416461736,0.21214075096048635,0.03415850339804644,-0.8253415904697816,0.47354691160154716,0.11570198715382056
['Aretha Franklin'],[927555],-0.7966825498640793,-0.48099649831847235,0.24623621465167445,0.10498861614039855,0.14817575175315717,0.5085934975896784,-0.1203968073132682
['Aretha Franklin'],[927555],-0.638331561579898,0.00675024304149645,0.05871377171019069,-0.0369954738806522,-0.3113647392476021,0.7080136191586678,-0.08003473426013784
['Aretha Franklin'],[927555],-0.7551553731210622,-0.7334680479046618,0.26845566472960103,0.188164524704492,-0.28195176502764596,0.6421938446936961,-0.14553168089672724
['Aretha Franklin'],[927555],-0.40392515509665217,-0.022482606472128155,0.35392148343918,-0.030127154406249003,-0.8381058840916911,0.370411271112978,-0.08569100390664532
['Aretha Franklin'],[927555],-0.9140093771075649,-0.2722652197528984,0.1517959529804085,0.01753286572152796,-0.2900931493228312,0.7619516580625694,-0.0605371764401828
['Aretha Franklin'],[927555],-0.5387394087827349,-0.33362396975731873,0.18005568560831942,-0.040033399381640015,0.10458828108267318,0.4477687835737453,0.027730238832539014
['Aretha Franklin'],[927555],-0.32794111173103313,-0.12375920058290242,0.15793699085811497,-0.13978481273261542,-0.38238225349256094,0.4840891136567657,0.15822475879296288
['Aretha Franklin'],[927555],-0.7609773493824421,-0.35821988963901713,0.6652953850824671,0.0031999060518827925,-0.03844069221889553,0.6168331894708126,-0.2923169748985901
['Aretha Franklin'],[927555],-0.5303925288086621,-0.1582832107960743,0.331209021376361,-0.07685294081111273,0.09924182938718387,0.453568837721612,-0.013261335063398064
['Aretha Franklin'],[927555],-0.67695279737319,-0.31085703652606456,0.18455733560959595,0.021046765559487018,0.025203687235081203,0.4125434431016764,-0.02147531738517571
['Aretha Franklin'],[927555],-1.070328030840939,-0.523742032093028,0.2550242279188344,0.22919924565119357,-0.16197215968263495,0.690465317686702,-0.1464297919352926
['Aretha Franklin'],[927555],-1.2335727316011151,-0.5657659081996048,0.08697589638955487,0.3375859617709392,0.1245775519642976,0.6205199389438302,-0.1333648708734582
['Aretha Franklin'],[927555],-1.1525940376751653,-0.7052015424639076,0.06724243082694141,0.2685557272699088,0.20511236735712438,0.6112011240358071,-0.1669758389909633
['Aretha Franklin'],[927555],-0.7248974187991477,-0.41992230158708116,0.06971046209951808,0.1774334705932813,-0.6634420099845147,0.6489562316815902,0.016330575016290858
['Aretha Franklin'],[927555],-0.7807744879288079,-0.2782449323876598,0.11852451976750956,0.10368310748752735,0.12252318874884183,0.3448409880306225,-0.001226725467775871
['Aretha Franklin'],[927555],-1.1072717345733185,-0.5771859449556601,0.16717005335250457,0.2880392605364867,-0.3416859368119023,0.6804435453538497,-0.24866354021408396
['Aretha Franklin'],[927555],-1.1549048843257608,-0.6361901415174473,0.10579604558859816,0.39455339704392733,-0.6847938797651281,0.7532540849452636,-0.21456825772065036
['Aretha Franklin'],[927555],-0.627085792986732,-0.4991597815716083,0.1398414181555258,0.06781884537759227,-0.14349184690609446,0.5345984059556746,-0.0406718145420655
['Aretha Franklin'],[927555],-0.3749612569146744,-0.3193044914302988,0.2056533455756824,-0.151973775923206,0.09075342632795226,0.5518784969425762,0.15158548772168287
['Aretha Franklin'],[927555],-0.8263183793116129,-0.4857247646160647,0.42904963079662056,0.11993963982628475,-0.46907408141668405,0.688913291424946,-0.25260711104505307
['Aretha Franklin'],[927555],-0.5838926681390914,-0.6257444073354277,0.18406017259972857,0.076627247901197,0.1303946070083286,0.47831348030149057,-0.014735858786394255
['Aretha Franklin'],[927555],-0.8706461249662651,-0.5064247272774991,0.12022694884418421,0.1752324502949264,-0.27815677780870374,0.6855993709840656,-0.1032340601303005
['Aretha Franklin'],[927555],-0.7132917669403119,-0.2575885027318817,0.06295665688294316,0.16854025117655835,-0.7695064068111936,0.5666341296694386,0.05110365578145679
['Aretha Franklin'],[927555],-0.9112812838771419,-0.38082336342667145,0.45330306161578565,-0.09767887626895526,0.16483666736375158,0.8454332275769418,-0.19899151021817807
['Aretha Franklin'],[927555],-0.6879593120252406,-0.417590445020912,0.12628705547402103,0.11130738162009972,-0.05639189569815162,0.3984854774774114,-0.06686926204773976
['Aretha Franklin'],[927555],-1.2671973968556898,-0.47822033370271294,0.16963659083786803,0.45019161752118625,-0.3994202227900373,0.6859766670966592,-0.33335544130948674
['Aretha Franklin'],[927555],-0.48215543987829806,-0.39168100077775153,0.16433430491309906,0.18076141751071403,-0.7881541241088195,0.46322119986865956,-0.005095397112232957
['Aretha Franklin'],[927555],-0.8360422915376495,-0.5135409175165543,0.252662100361812,0.13300374462429515,-0.02502727890883244,0.5038542846105365,-0.16124692381257297
['Aretha Franklin'],[927555],-1.2036318639174546,-0.6336062276308312,0.045184222281199206,0.2664745292978502,0.2049093106508958,0.5979133245771814,-0.19126693178273216
['Aretha Franklin'],[927555],-0.7246445229015097,-0.6450071702172693,0.2911594289047792,0.13342146802246288,-0.289875186368809,0.7244100000882867,0.010939589484721126
['Aretha Franklin'],[927555],-0.6310208628621458,-0.49900345116914335,0.17123778294116315,0.13356123861905445,-0.6690698435932437,0.6726928131887316,0.024915063751956484
['Aretha Franklin'],[927555],-0.7957132614236214,-0.30437051286944355,0.12485464022688224,0.14459931300543008,-0.48796840969470734,0.5786013017399322,0.009970185120765475
['Aretha Franklin'],[927555],-0.8115370830203723,-0.5581294811905246,0.12666960056714435,0.16867210155820817,-0.28574058633324967,0.6699565105854685,-0.04184227751709999
['Aretha Franklin'],[927555],-0.7719639588931329,-0.19213780102456712,0.09871740574174648,0.12885555024029244,-0.5028667564148888,0.4984935764688105,0.020038761728365544
['Aretha Franklin'],[927555],-1.0256723935658876,-0.658955350765601,0.09981218666503638,0.2198868160444953,-0.07274094882158472,0.6852745562057707,-0.19373373647141182
['Aretha Franklin'],[927555],-0.40061151752941215,-0.2476066201669003,0.15078514259558504,-0.11037289846948993,-0.1845399811265546,0.5094211292776049,0.1260334838467254
['Aretha Franklin'],[927555],-0.878130015526318,-0.4131983419737835,0.3263322593122323,0.034074109683692615,-0.10173069325630395,0.8298554129816785,0.031076450079588792
['Aretha Franklin'],[927555],-1.0591443867595116,-0.5844128367098761,0.08515704216026215,0.2407306590836272,0.01425140128776442,0.6468786470045844,-0.17259135965477276
['Aretha Franklin'],[927555],-1.1299000226786504,-0.46783269760988444,0.09763984799839905,0.2398186845765148,0.19316674542573023,0.5546154639288552,-0.09406386586894047
['Aretha Franklin'],[927555],-1.2436584194956113,-0.4786935060684976,0.040959727366324736,0.2912490468593868,0.0326842331982435,0.6217001146283629,-0.14505965047256245
['Aretha Franklin'],[927555],-0.9446003444151267,-0.36849536777660785,0.16040798918736598,0.13524128938686217,-0.2759367670407272,0.6558586994311364,-0.22561970363560152
['Aretha Franklin'],[927555],-0.5021791001297189,-0.5770849648623398,0.2651310238346005,0.14464408424726818,-0.5033830390020031,0.5460599006731157,-0.03249202453556725
['Aretha Franklin'],[927555],-0.47379781055011505,-0.2547724430468064,0.15267786634880556,-0.1470183196160127,-0.5313707412640911,0.6927293168929458,0.10690571757887261
['Aretha Franklin'],[927555],-0.23548709850808003,-0.19680173193859798,0.24229087496034188,-0.02074918520398765,-0.5559781918824386,0.40529465188030356,-0.07286063438705889
['Aretha Franklin'],[927555],-0.7530010580283155,-0.7559747281925406,0.3274852066846076,0.19166852169010334,-0.2780343410650396,0.6702296868098525,-0.1690347084378242
['Aretha Franklin'],[927555],-0.6347011928668526,-0.4835558986698942,0.35806057611485237,0.04947931857232603,-0.4997344033288003,0.6227658116659036,-0.1997242516225081
['Aretha Franklin'],[927555],-0.7740567117350039,-0.5186234877628164,0.1378842660198108,0.2703719458818165,-0.5731585920342503,0.49346113386883844,-0.10711137441036317
['Aretha Franklin'],[927555],-0.9817385797655339,-0.4050103013825772,0.12038703505559752,0.07016212424900163,-0.4541148291254405,0.8467311919675248,-0.11238210876059822
['Aretha Franklin'],[927555],-0.8383178738361242,-0.5070383885644822,0.22414711794110048,0.04822822417999105,0.15263249230424844,0.5824020295992679,-0.16359588204385683
['Aretha Franklin'],[927555],-0.27253239102914817,-0.0315693690483951,0.36039235034294376,-0.0016646385131894705,-0.6467408592362112,0.4317635798274313,0.008004828423792399
['Aretha Franklin'],[927555],-1.3166291824527878,-0.489351311891458,0.18114302564664747,0.43734922355870287,-0.40021120789776055,0.6790998509271718,-0.3261562958586712
['Aretha Franklin'],[927555],-0.8729141975978282,-0.3596301064437939,0.31313493109053364,0.14719617783198047,0.1570396888483371,0.5194028873198064,-0.1727689145812729
['Aretha Franklin'],[927555],-0.9883632448370796,-0.6688148286009462,0.09398031362319591,0.3594639695488927,-0.5198115208802412,0.6884914433458078,-0.13222318740977626
['Aretha Franklin'],[927555],-0.34535805698403943,-0.05366825795442888,0.2891829206966096,-0.07297920485540926,-0.8100527744403218,0.6097362096168596,-0.035283687036049075
['Aretha Franklin'],[927555],-0.36151992136505384,-0.26405977695882815,0.20013101983295098,-0.13830404858104112,-0.8062562006630476,0.7834145807289136,0.15736785922806817
['Aretha Franklin'],[927555],-0.8267001711691471,-0.7138075905150354,0.261634503883797,0.25212279611279276,-0.806860554554118,0.7959349958992386,-0.16096078212452714
['Aretha Franklin'],[927555],-1.1730989378577834,-0.577298453917892,0.052067583660863045,0.3016589397314582,-0.4188256499199229,0.7609880098311399,-0.17785927571804178
['Aretha Franklin'],[927555],-0.6042691037582261,-0.2099684844865887,0.35679653014730156,0.036206034573377927,-0.5176940795985254,0.5301600832509632,-0.08063406625154582
['Aretha Franklin'],[927555],-0.5445118906251767,-0.33913989233175934,0.439469014236163,-0.25117921336608556,0.1117498004496937,0.7668974638695114,-0.07745158416075473
['Aretha Franklin'],[927555],-0.46818753866846635,-0.5256912643751817,0.24847442024280247,-0.0640546326701035,0.10746135303106945,0.4912424203669469,0.009238964136147892
['Aretha Franklin'],[927555],-0.4474602048568569,-0.40858742950063703,0.25344064485179596,-0.09912738445993312,-0.07804965321647023,0.5669112181680356,0.05815998263586548
['Aretha Franklin'],[927555],-0.526174645776603,-0.04270270967952561,0.2084606745518733,-0.25321892075767644,-0.1870767094790031,0.6323431431897054,0.08476753748322174
['Aretha Franklin'],[927555],-0.8374917515271902,-0.40332740012485047,0.10005315270983725,0.055142690396419676,-0.03178788497725918,0.6227186436727122,-0.003703566599012992
['Aretha Franklin'],[927555],-0.9410674518383677,-0.5444525414210739,0.09439711352211765,0.24081034372271456,-0.09803349913833415,0.5497023421197201,-0.03873887540886665
['Aretha Franklin'],[927555],-0.6851399882073944,-0.5050596042636513,0.15410421738522695,0.12543043032811763,-0.046662961977799074,0.44749240108223776,-0.05903692718681451
['Aretha Franklin'],[927555],-0.9499756328908597,-0.18945259557739708,0.06049086829383417,-0.02847955943422456,-0.28946132428265553,0.8484651694125641,0.01771540184825884
['Aretha Franklin'],[927555],-0.697604019624584,-0.45899354709106804,0.1291887671428511,0.0635945583090651,-0.31267351691807815,0.6415860594608446,-0.05497567626551406
['Aretha Franklin'],[927555],-0.9357458662451807,-0.47188732040570436,0.17592376217560152,0.16598901803679458,-0.27689978787854647,0.699039209668053,-0.091995283455287
['Aretha Franklin'],[927555],-0.6095096186013598,-0.6880401777592505,0.2953524542962681,0.08732979760156569,0.14275049037780116,0.573517039891047,-0.13504899526192107
['Aretha Franklin'],[927555],-1.27150444820999,-0.3999256793818157,0.13055357229127992,0.29285925240294775,-0.4985474966235048,0.8739672774730888,-0.0479011889739856
['Aretha Franklin'],[927555],-0.288574107617069,-0.07610005441667583,0.18671692223123273,-0.01867731859972137,-0.8407603570585699,0.35143761058925643,0.026041016306305568
['Aretha Franklin'],[927555],-0.357998579851774,-0.3594147313625582,0.20644264394541545,-0.17804581858782748,0.08403763008547119,0.5171182368267946,0.14057516907033984
['Aretha Franklin'],[927555],-0.2717426730685576,-0.41887190519654166,0.19126172777021086,-0.016429329211123465,-0.5474631267646849,0.5187709034754961,0.1266033819570696
['Aretha Franklin'],[927555],-0.2986187771092822,-0.21913303698791156,0.29645985850804824,0.009093618810011622,-0.8331464030136946,0.4085142074018238,-0.02767753058524218
['Aretha Franklin'],[927555],-0.38823549187996437,-0.37919091019719503,0.32772533149160415,0.0035245718945388607,-0.8039123961868775,0.5960832403286009,-0.014858788850577394
['Aretha Franklin'],[927555],-0.5885077500238506,-0.6455595038648532,0.3804381550834918,0.011993179171634036,0.13554219510936596,0.5941337312149761,-0.08989277864919051
['Aretha Franklin'],[927555],-0.6654036894562457,-0.49727597963101067,0.2077019016438215,0.13571482233363147,-0.49828913341656167,0.5109823901983778,-0.12428955484132455
['Aretha Franklin'],[927555],-1.1012765223973804,-0.6434998234463108,0.047229009199517696,0.3939313273049354,-0.6954036013157866,0.6871627655880226,-0.16239159285288512
['Aretha Franklin'],[927555],-0.824118571137384,-0.5750710239141934,0.1458860352621445,0.2782836726835809,-0.6407830442763086,0.6307907945372524,-0.04709033646769412
['Aretha Franklin'],[927555],-0.5681568079556049,-0.4287833958826773,0.123706956315121,0.10904915180139983,-0.6844145890019885,0.5971431705410754,0.0641303608741032
['Aretha Franklin'],[927555],-0.8769709789616332,-0.16484798370735432,0.5006988597723194,0.11236639109906263,-0.28756397005096024,0.649932794961181,-0.3718188937958052
['Aretha Franklin'],[927555],-0.45532916884435704,-0.31241321514878545,0.4348067551516438,-0.011280843077940184,-0.35341897275959594,0.47791360012403716,-0.11069396356479408
['Aretha Franklin'],[927555],-0.5334271257171928,-0.36476292225217377,0.6882720876241799,0.020335408802679925,0.03308628658991598,0.5276522180567823,-0.28155879835137726
['Aretha Franklin'],[927555],-1.196007793130681,-0.5722071988485206,0.19704589843495177,0.44891027601550465,-0.4936641450289342,0.7287975648320323,-0.17480952298321295
['Aretha Franklin'],[927555],-0.8403807195006541,-0.3483512851658516,0.09586085990493348,0.1662145599048582,-0.6585234626091447,0.6123763945229853,-0.026765474122615925
['Aretha Franklin'],[927555],-0.5998659806432992,-0.4790288427699221,0.24139685610685405,-0.048178269038267024,0.12325215811107106,0.5196088409873142,-0.04461733338633649
['Aretha Franklin'],[927555],-0.3091143535874747,-0.16796239064855917,0.15409357637322726,-0.31266294262970745,0.0656038734533273,0.591509237912462,0.20349485732190895
['Aretha Franklin'],[927555],-0.6477345406177938,-0.5337091009584806,0.20780252879200192,0.1525497635585808,-0.31307568440805417,0.5376757938015144,-0.07376651270304144
['Aretha Franklin'],[927555],-0.6990987905559757,-0.3668924789900516,0.09155624878166366,0.12009282601949323,-0.4971336943323979,0.5489201731275435,0.0178663435959575
['Aretha Franklin'],[927555],-1.0577138803044863,-0.6812633038500371,0.08350306348112119,0.3720991392466131,-0.6962596776164619,0.731635957450194,-0.20728780272543174
['Aretha Franklin'],[927555],-0.2539696365935952,-0.00316662657951795,0.7294014865776433,-0.1093879592505546,-0.6578163257979879,0.4872793568961511,-0.18424420002887365
['Aretha Franklin'],[927555],-1.027730074897659,-0.2530893013624036,0.4723567057670008,0.017104537373921185,-0.27207425676575714,0.8480581948824839,-0.2704560315885023
['Aretha Franklin'],[927555],-0.6105636281324665,-0.6343845209579029,0.27434588304390595,0.07783649252784586,0.1374290698213206,0.5121753422878834,-0.059927112266550106
['Aretha Franklin'],[927555],-0.5820160502727599,-0.5020388721135667,0.3508557815294086,0.03954818131887518,0.12035501903368134,0.4448111777420432,-0.07976337876345606
['Aretha Franklin'],[927555],-0.6959869602442407,-0.42490532563970584,0.4362740419293984,-0.0033212554352068683,-0.3098850986753134,0.689747389394761,-0.1734638213186327
['Aretha Franklin'],[927555],-0.6559041320571787,-0.6501014663186827,0.15729587594752806,0.14295830836311932,-0.30614708992215645,0.5924598439508915,-0.08159789208835203
['Aretha Franklin'],[927555],-0.9524536556294259,-0.7726968889546997,0.16511143344541138,0.1946152896862889,0.19056714674902114,0.657393751276243,-0.14485180512544713
['Aretha Franklin'],[927555],-0.6412457507222857,-0.5256169536627635,0.26223648908041275,0.12028367261995022,-0.6632602011693637,0.7437162823132026,-0.05729996056396421
['Aretha Franklin'],[927555],-0.7919213626771646,-0.46326371113223996,0.23665462981588264,0.1007063751305449,0.06156093772980717,0.5370322685686421,-0.06445248544872106
['Aretha Franklin'],[927555],-1.0657346060807549,-0.5340665450949171,0.14552303603266362,0.28906911142951297,-0.4446173566431544,0.6206676038008028,-0.2787763235888183
['Aretha Franklin'],[927555],-1.1100507064943146,-0.43903559332981545,0.165611225323376,0.026722439593766356,0.19157320378109016,0.8153134512359945,-0.13360404998057254
['Aretha Franklin'],[927555],-1.322114509229469,-0.34976925920594304,0.18476773108072841,0.053102726670441996,0.11766750848127115,0.8365369020758345,-0.19956406910141086
['Aretha Franklin'],[927555],-0.6448260276069901,-0.24584603666405538,0.6996685899018831,-0.036516265892905214,-0.3211938510106194,0.670541337206198,-0.3284141919364658
['Aretha Franklin'],[927555],-0.5733107641365356,-0.06145824183360557,0.5834338879464883,-0.07678879877965826,-0.5211654981552827,0.6679178833378988,-0.12852366657910083
['Aretha Franklin'],[927555],-0.6690083629821355,0.026978783090632553,0.056312263000570226,0.15226988584750953,-0.8963778749823667,0.33811718774920463,0.03588473434655153
['Aretha Franklin'],[927555],-0.9680007534566896,-0.7214849507973472,0.3136307137039752,0.16816791792345673,0.19003344120340485,0.6711942585612589,-0.22529041440328224
['Aretha Franklin'],[927555],-0.38217411069259155,-0.2997973216961828,0.2782260627204795,0.03386093955422945,-0.5233532016559802,0.4970561532862643,-0.20775185761617881
['Aretha Franklin'],[927555],-0.4116594105109579,-0.2537834677389288,0.2288294384506581,-0.15837548113850308,-0.019592625230967012,0.3635394957387953,-0.019907504847409503
['Aretha Franklin'],[927555],-0.4129654068574651,-0.6214210910058665,0.30541053717760486,0.02463642053782758,0.10854444776498368,0.4268506992157448,-0.018764600633511094
['Aretha Franklin'],[927555],-0.47041326372172343,-0.27847307684282235,0.13216966397608867,-0.09922219857066002,-0.7948656259411223,0.7698274962097345,0.13958676424225683
['Aretha Franklin'],[927555],-0.414935024266518,-0.3080220911879312,0.19313144865048165,-0.1876845815559715,0.086373309385999,0.5222490466208852,0.10249380578260373
['Aretha Franklin'],[927555],-1.103438313297269,-0.6076584624844857,0.1854937513240238,0.32516404575244606,-0.6945820039792361,0.7748159136831327,-0.2426384788360246
['Aretha Franklin'],[927555],-0.3696786784367045,-0.31684254729665,0.20033150620033474,-0.14963110095566928,0.08994904564635889,0.542972746820246,0.15591626006580783
['Aretha Franklin'],[927555],-1.2384541193825065,-0.5468568069430644,0.19942218214271062,0.5052998883796425,-0.7580173290825772,0.7551692451896739,-0.19202508512585353
['Aretha Franklin'],[927555],-1.2291939302940411,-0.49966646194352093,0.08637947161795288,0.35215730793273176,0.12385675346073582,0.5982989659541806,-0.10102871072467993
['Aretha Franklin'],[927555],-0.7949146239888963,-0.5946662509320804,0.17958877425103764,0.15755044668927107,-0.02229300499405795,0.5314787480345697,-0.12365611439812342
['Aretha Franklin'],[927555],-1.1718537274110497,-0.4572061954056577,0.42679691643943496,0.2291384265612073,-0.34216369574088107,0.6875186830553618,-0.3924721497230758
"['Art Blakey & the Jazz Messengers', 'Thelonious Monk']","[597266, 490416]",-0.647116607900765,-0.4490545314240695,0.1371977111742421,0.31624564979385256,-0.7516797356701279,0.5197089391326606,-0.03851849926914177
"['Art Blakey & the Jazz Messengers', 'Thelonious Monk']","[597266, 490416]",-0.8867800287561118,-0.3031238108639623,0.1984980420444896,0.19144544517381928,-0.46327880342505273,0.6652382975189854,-0.0566751468727397
"['Art Blakey & the Jazz Messengers', 'Thelonious Monk']","[597266, 490416]",-0.8627770562734158,-0.37105148783774716,0.1395435366180404,0.19100150121192574,-0.45660177146308945,0.721704014151429,-0.0410290508238203
"['Art Blakey & the Jazz Messengers', 'Thelonious Monk']","[597266, 490416]",-0.24268118297750607,-0.16291535679370883,0.34273091846009657,0.24621352656962261,-0.10402869825754932,0.5789453897679162,-0.45379191333865465
"['Art Blakey & the Jazz Messengers', 'Thelonious Monk']","[597266, 490416]",-0.6261193450806802,-0.41144069852844445,0.1489634843520212,0.279166341345909,-0.5784799348755407,0.47396233350390365,-0.011470096607865642
"['Art Blakey & the Jazz Messengers', 'Thelonious Monk']","[597266, 490416]",-0.38455248222247357,-0.4521895784446929,0.1806315711689344,0.17000235549479945,-0.3215618496564201,0.5261229241538619,-0.007500653799681993
"['Art Blakey & the Jazz Messengers', 'Thelonious Monk']","[597266, 490416]",-0.7542731040544661,-0.37632495853598874,0.090282278859086,0.23154564915536804,-0.7320064524157762,0.748338491274835,0.043876145663994635
"['Art Blakey & the Jazz Messengers', 'Thelonious Monk']","[597266, 490416]",-0.6481823929946854,-0.47885312552994946,0.16212248208041038,0.14135459481729817,-0.12243562656897168,0.5714098594756076,-0.03378475095338547
"['Art Blakey & the Jazz Messengers', 'Thelonious Monk']","[597266, 490416]",-0.1791455256654331,-0.16998263234778843,0.19795577119397997,0.345228688483815,-0.44906433484813396,0.6492728105630483,-0.4353416754762983
"['Artie Shaw', 'Billie Holiday']","[511029, 79016]",-0.46212013326330825,-0.5988721319488975,0.3693656809257856,-0.04326145324883942,0.11873140331411645,0.5633218582659207,-0.02992019126419752
"['Asha Bhosle', 'Lata Mangeshkar']","[615026, 132940]",-0.5137440419335655,-0.8104413056035696,0.3165871710217181,0.07167840707643292,0.04800592074191936,0.5702355891254799,-0.09867575068223737
"['B.B. King', ""D'Angelo""]","[59156, 134600]",-1.1900855886460333,-0.6091364770100592,0.04387346628210893,0.34228680967703284,0.11869864132087651,0.542524887902466,-0.21394910221437596
"['B.B. King', 'Tracy Chapman']","[59156, 16281]",-0.931407018089905,-0.25823954513372066,0.051908279900724316,0.3777855394623763,-0.6569435750955002,0.36962346517261846,-0.06669751904530245
"['B.B. King', 'Bobby ""Blue"" Bland']","[59156, 81194]",-0.47974698610580263,-0.5606798474328898,0.37014895840263556,0.05492095253895215,0.03423663333688527,0.5778398020435574,-0.07253133551676684
"['B.B. King', 'Bobby ""Blue"" Bland']","[59156, 81194]",-0.5608522550248768,-0.2999771330243318,0.571081148671604,-0.1325931047252291,-0.0492394156459109,0.8685303588501744,-0.06264867692982856
"['B.B. King', 'Bobby ""Blue"" Bland']","[59156, 81194]",-0.6900652485732683,-0.38336716939704063,0.6029422828213297,-0.03427483872166536,0.04519963228882416,0.6512436567486973,-0.2911407573553598
"['B.B. King', 'Bobby ""Blue"" Bland']","[59156, 81194]",-0.611215121465259,-0.44686194065339363,0.6120564945885736,0.1062928515068166,0.0606454911874656,0.6372840692405248,-0.2364329034193983
"['B.B. King', 'Bobby ""Blue"" Bland']","[59156, 81194]",-0.8599047447753629,-0.40325544189730844,0.7479453121992705,0.0599253756363086,-0.1900541420904157,0.8073375922888073,-0.41517934288420283
"['B.B. King', 'Bobby ""Blue"" Bland']","[59156, 81194]",-0.5578689072048532,-0.17849800732433502,0.6570331429546103,0.04998164793324841,-0.7815501638750263,0.7286674154941378,-0.21189070549927655
"['B.B. King', 'Bobby ""Blue"" Bland']","[59156, 81194]",-0.696204467711673,-0.15443467825675708,0.5622510049252702,0.25754874014742607,-0.6588961736034045,0.6079299449434424,-0.24939179088545757
"['B.B. King', 'Eric Clapton']","[59156, 187478]",-1.1650324229246272,-0.36882258676346974,-0.0039694450221568625,0.3312830304116186,-0.4147925942207999,0.7710132484522934,-0.0711586292810961
"['B.B. King', 'Leon Russell']","[59156, 816387]",-0.8192175371639879,-0.5874063557273732,0.05463178513532986,0.34582005408372474,-0.6210451155645513,0.6967435925633133,-0.15279322294703107
"['B.B. King', 'Robert Cray']","[59156, 830425]",-1.2279995154211905,-0.42551250341309577,0.08828592819145974,0.33529537461205455,-0.24235133256850305,0.6249864928399687,-0.19937820395864955
"['B.B. King', 'The Rolling Stones']","[59156, 894465]",-1.3100725925382697,-0.4033784991495488,0.01997607495773765,0.3476454040566943,-0.2419113536289806,0.5822617171750417,-0.1892793549095449
"['B.B. King', 'Van Morrison']","[59156, 307461]",-0.7708014969415954,0.011663303327508761,0.06917990454500482,0.2554593997634476,-0.11361357864914548,0.4069447082187542,-0.27265169551958945
['B.B. King'],[59156],-0.6612057284780459,-0.4658755607866267,0.17600376898939532,0.14748409701666346,-0.5939332828445203,0.4704805560434127,-0.10059818934430716
['B.B. King'],[59156],-0.6538678621463225,-0.19384435512885675,-0.027558157460840706,0.3775985084209273,0.038870993967341734,0.6649123554312335,-0.4865233039470442
['B.B. King'],[59156],-0.6045455669248783,-0.4221155151514226,0.17534157466334468,0.015687023718363113,0.020732536809730643,0.40727365397049975,-0.06010241045862492
['B.B. King'],[59156],-0.720609535625589,-0.5248533757926084,0.3190455750856592,0.15962339243510626,-0.21431020468670853,0.5089056747329216,-0.07649111247469301
['B.B. King'],[59156],-0.626007693794106,-0.48033468032859383,0.19922928398158277,0.25816280736635294,-0.8568453084544658,0.48353397628316075,-0.06964430559066857
['B.B. King'],[59156],-0.8458461838848667,-0.6136121758949127,0.16507070744404245,0.3509223579987337,-0.6423595921663613,0.5175199226180611,-0.11413207735316487
['B.B. King'],[59156],-1.17361039288386,-0.45438235090372786,0.23733716809858205,0.27056977970451634,-0.41817493543244855,0.7713709368187274,-0.23211781545782809
['B.B. King'],[59156],-0.7243528444153012,-0.17265380327499508,0.6903160163456183,0.09682789898916301,0.04839360338325397,0.5340170315705107,-0.19299531044267929
['B.B. King'],[59156],-1.1831068713217026,-0.07721320041365667,0.6502405999640302,0.12006173318170196,-0.5321450309961154,0.8154180023535281,-0.39824159482816
['B.B. King'],[59156],-0.7351348131309071,-0.6407281548398999,0.2872154563186,0.2597083705915409,-0.6457540225437307,0.637411143342175,-0.08510142876037181
['B.B. King'],[59156],-1.0099849149670381,-0.651354713513486,0.15631492803940292,0.4230683929800337,-0.6152566410884447,0.6174501311934889,-0.14442781519042946
['B.B. King'],[59156],-0.7537660461879715,-0.16096146080952448,0.515396261148485,-0.024547209723070573,0.03036111674684433,0.48041028006525577,-0.27767446384425587
['B.B. King'],[59156],-0.9281739842387415,-0.5464622532386564,0.2056515924098326,0.13751252634468505,-0.10797668496964974,0.5325962227517187,-0.24659569352594565
['B.B. King'],[59156],-0.8376956555523307,-0.5259936727760821,0.28664044247793063,0.05072834922105938,0.0667877056847662,0.6168168878521245,-0.1516601767512889
['B.B. King'],[59156],-0.6646454185026361,-0.43781468463214407,0.25981883229365804,0.07580817285953136,-0.05899770006505023,0.4108108122968749,-0.08228517462874964
['B.B. King'],[59156],-0.832899911910696,-0.05510580896699675,0.13932913231061514,-0.12694051046321356,-0.49935696897972215,0.8013115218503789,0.10117417455307241
['B.B. King'],[59156],-0.9010696528635935,-0.5572243571349673,0.16601384879210584,0.18778635917036193,-0.46082707633378006,0.6495023463465921,-0.1273413224064556
['B.B. King'],[59156],-0.5608326458114601,-0.6259184762629169,0.2196914303988302,0.21294980138707403,-0.49767406111408147,0.495687889483596,-0.03782888294771527
['B.B. King'],[59156],-1.0799441260299953,-0.4593035400665318,0.04538839425951116,0.02236640104131964,0.09929306953503239,0.8430683867614096,-0.07137814933003576
['B.B. King'],[59156],-1.109730943543311,-0.37344294581462195,0.1797588520069225,0.20960615221743045,-0.09776437819501445,0.5309716682319884,-0.2596297129075347
['B.B. King'],[59156],-0.6464422122546352,-0.6074621578898499,0.2056880155097792,0.036390030789330945,-0.04016832971892239,0.600492528828719,-0.029468310018707623
['B.B. King'],[59156],-0.7949964233585791,-0.48540925112998057,0.30655395365842236,0.05252482550283987,-0.2984980867340543,0.6856552790294649,-0.15087113577825811
['B.B. King'],[59156],-0.5959140331569245,-0.0916794628713919,0.42792600427396343,-0.08384943899541597,-0.092077694659775,0.3816498289262721,-0.1509038763662887
['B.B. King'],[59156],-0.674265913012679,-0.38017023850436105,0.14254578363869194,0.052055806160607475,-0.23539570668276555,0.5195205972853933,-0.02422592313196168
['B.B. King'],[59156],-0.5296515525000365,-0.573348543038959,0.2729659945959061,0.09552714086522728,-0.3280792718658203,0.49315063730531045,-0.05812769334125907
['B.B. King'],[59156],-0.8767813215016779,-0.38729480332548216,0.08294180102960749,0.21622799066211723,-0.029657650400009276,0.3989656923912865,-0.058660876566592884
['B.B. King'],[59156],-0.7243812458283,-0.20450000994042944,0.5116292928649865,0.12708760612347092,-0.49553124731601683,0.5684607618573443,-0.21060977792820884
['B.B. King'],[59156],-0.6005136412074876,-0.4257153104261347,0.18939552140472812,0.20656886396267704,-0.7692795086658599,0.4991284396856332,-0.042029199770887246
['B.B. King'],[59156],-0.8549968646111632,-0.6138735838953012,0.18760456596381803,0.16382069261928886,-0.45881715527208444,0.7158846846242131,-0.12409589089236227
['B.B. King'],[59156],-0.6357632045165444,-0.48715334127461224,0.24325633646038258,0.03959755114529599,-0.32485360299968696,0.555194403118767,-0.13695841588977783
['B.B. King'],[59156],-0.930907168256706,-0.48181987976566765,0.22397413275670988,0.1730056564250338,-0.5498438427687046,0.6985227746050859,-0.15483576290317935
['B.B. King'],[59156],-0.7821947324176342,-0.7974202011737389,0.32819923025801584,0.10812963184598583,0.17151414222791175,0.6376018512342152,-0.2082796298911298
['B.B. King'],[59156],-0.7149064911467267,-0.25367965600078207,0.31040388262214136,-0.18976002936767664,-0.05341756465254868,0.7620989872421958,-0.04460206454244564
['B.B. King'],[59156],-0.7664915965340411,-0.6826724097646115,0.2407693966097827,0.15250967372936994,0.16007815530875805,0.5508052598376918,-0.05767514801951971
['B.B. King'],[59156],-0.5922453411000268,-0.2836050553722181,0.20663517963585865,-0.012411166856814263,-0.6736584193259023,0.8681335340794258,0.19384835219028093
['B.B. King'],[59156],-0.9765294051812852,-0.39046999107066604,0.246058308524552,0.16228805162498097,-0.006675577999337762,0.5633410185613403,-0.18206557877036206
['B.B. King'],[59156],-0.17937898051205825,-0.5020315738591673,0.23898729420145737,0.07541120402478362,-0.6309195385191079,0.5023298001224777,-0.03242899201768573
['B.B. King'],[59156],-0.8854134496397785,-0.1724570662337336,0.22787953942921393,0.22657778412138294,-0.5790255921784497,0.5191232487615702,-0.09358784432867219
['B.B. King'],[59156],-1.101536583773696,-0.2986076837449737,0.2681073567555609,0.10419808146457099,-0.6226159929670891,0.8872632281813863,-0.11650001982534347
['B.B. King'],[59156],-0.667753052840869,-0.5408954459414966,0.14267784841362458,0.036263095472828986,-0.045041577514919426,0.5662030850797241,-0.0443810266495092
['B.B. King'],[59156],-0.7128725399139603,-0.43993312672893464,0.24580156908370626,0.0373755325353578,0.13379126257645402,0.49936554137354994,-0.05661986948903985
['B.B. King'],[59156],-0.89878012069382,-0.5566106536369049,0.152751449007476,0.20374053623827698,-0.08452005925320684,0.6536388417665568,-0.2032545580870404
['B.B. King'],[59156],-0.4810770761082272,-0.23505482605299938,0.039333806286375735,0.42407460860118656,-0.7766917199208889,0.7870534602766622,-0.4907302897507431
['B.B. King'],[59156],-1.0499702174721894,-0.4071839171001818,0.15280380645612693,0.06014185795392111,-0.7082810641258265,1.0397882583422364,-0.02903328637521329
['B.B. King'],[59156],-0.9350304345657388,-0.38248242879754873,0.10626126510756084,0.2644486929008313,-0.7514099943181756,0.4576456152779938,-0.2361569526193086
['B.B. King'],[59156],-0.5809335557824419,-0.36489311693696247,0.12055397524077792,-0.04870613151964261,0.016816141858205756,0.4684218907549115,0.02098808818822127
['B.B. King'],[59156],-0.45848907748526724,-0.22235463285092721,0.6090643717520602,0.08790238677135787,-0.003855655127595586,0.37135632814951164,0.07348844614366218
['B.B. King'],[59156],-1.0156610278105693,-0.5002757870797403,0.4993513963188285,0.35260957832142814,-0.68447610084118,0.8185117443115568,-0.44581373375441086
['B.B. King'],[59156],-0.8568778388453302,-0.591741552644024,0.21358904106567866,0.20454905841063703,-0.5478676659916203,0.686274098177235,-0.13709127273826982
['B.B. King'],[59156],-0.696556948753091,-0.6132941200250543,0.17510399939767757,0.08326307246265953,0.05239980172197294,0.5248088813915027,-0.07857374147338514
['B.B. King'],[59156],-0.7713376320093076,-0.4164288291974654,0.3434810188884735,-0.0013829486650147296,-0.04483235509226424,0.547876744254961,-0.20102780301602569
['B.B. King'],[59156],-0.747439830261516,-0.3615454268876225,0.298179529662523,0.2312622079723188,0.025098797462681472,0.7043234809030168,-0.4330852028443888
['B.B. King'],[59156],-0.8432808597155272,-0.3476371039946593,0.24265542981390847,-0.02767824098728339,-0.4723832081968438,0.8486619947643778,-0.03246591059367246
['B.B. King'],[59156],-0.8592114508261054,-0.34739277449097955,0.17073478097255318,0.004263802191352159,0.1383539251888592,0.4958388552679701,-0.10971238891427415
['B.B. King'],[59156],-0.7091306453715875,-0.6266655353732962,0.10912976068927692,0.2601513336039799,0.27158307335372406,1.0574475949440016,-0.543004134481633
['B.B. King'],[59156],-0.8401402908961993,-0.7210324324419153,0.17444864657761225,0.17007668191071226,0.22625218989146234,0.884480490223574,-0.27920897840886283
['B.B. King'],[59156],-0.6674271984196393,-0.5053153483895098,0.16066412765750127,0.2112944942334874,-0.6250271466739366,0.8268758113676666,-0.17124268608544038
['B.B. King'],[59156],-0.766165916040257,-0.4999695310237813,0.14341833146416907,0.10009648187946175,0.14284112972003943,0.48534607886505415,-0.04913274149962772
['B.B. King'],[59156],-0.6935091866396355,-0.22010540326231556,-0.011205385424129617,0.14695846658500616,-0.6140999449773981,0.9371207120102963,-0.243474017465366
['B.B. King'],[59156],-0.9701532318392372,-0.22899841889397812,-0.01832657724614861,0.3957194800337034,0.05431722338541601,0.6604660950051873,-0.368456641853997
['B.B. King'],[59156],-1.0842537184069285,-0.5997108303507682,0.06424895454057657,0.44942275156468264,-0.7025622323047634,0.5739148804749621,-0.18537154868080097
['B.B. King'],[59156],-0.5403527981755053,-0.42212454245085285,0.2664012232333193,0.09636618260686663,-0.7884559719147758,0.5084097178470076,-0.13082195340665448
['B.B. King'],[59156],-0.7646363349256389,-0.5546998955782854,0.3985027287682655,0.0225447724746221,0.15244258651482342,0.6011364063287545,-0.11907389524227416
['B.B. King'],[59156],-0.7308396149616354,-0.2498750920740718,-0.015331313574330022,0.43758785683744694,-0.7839186934139497,0.6801560928865106,-0.39001887283889264
['B.B. King'],[59156],-1.054959271534597,-0.34829486302305546,0.06279931066338608,0.23523615796553482,-0.7296122099929438,0.5827167514191604,-0.17670714424963999
['B.B. King'],[59156],-0.6999541706223098,-0.4669329807263531,0.23197777501898298,0.14997112485118927,-0.4102703653708932,0.42165276662710394,-0.13674386985962983
['B.B. King'],[59156],-1.1145567450874787,-0.18636468907881998,0.0745645671805597,0.028760049765870856,-0.017390836311194254,0.6141167806257384,-0.11066369620716068
['B.B. King'],[59156],-0.9611254234361334,-0.566778197260565,0.09098614383038052,0.2873512712976935,0.19294115954627908,0.5743174660797236,-0.047560732027304986
['B.B. King'],[59156],-0.42918124657887524,-0.3394490616186302,0.13362224773285075,0.17858728304302848,-0.23153009474939748,0.4513035841770305,-0.1215381321580538
['B.B. King'],[59156],-0.9082807904483683,-0.43862733019740785,0.21662049534383207,0.10358061400279678,-0.11444700058651655,0.5326520604108256,-0.16393746156382774
['B.B. King'],[59156],-0.8373558408734221,-0.273536162819977,0.5717027169317256,0.11037918286510165,-0.4833010076556675,0.635432754618977,-0.2871334034454831
['B.B. King'],[59156],-0.8089448163058277,-0.2947000004347331,0.19817443311504998,0.13946708097851243,-0.4037852493232415,0.5072208428040269,-0.14616601736589727
['B.B. King'],[59156],-0.7478395405741721,-0.7338786486567125,0.0884299292148158,0.39727470936248177,0.23765262134231077,0.7708723843506019,-0.29990860931133484
['B.B. King'],[59156],-0.6460146328605253,-0.17901679567670334,0.6927640900034591,-0.05166209692351168,-0.06040857066975149,0.5591220295189375,-0.2898850773882221
['B.B. King'],[59156],-0.8419415707164539,-0.24919995978069,0.5689135551077841,0.0709810829646305,-0.3990630820547594,0.6122736693405334,-0.3418296178872173
['B.B. King'],[59156],-0.6798885095030139,-0.4928818491169016,0.1636436745908263,0.15946380362393112,-0.11219831368944956,0.5918772106575463,0.01931770311762336
['B.B. King'],[59156],-0.9254948526612493,-0.17127436479860247,0.5261657432425778,0.15245826777058194,-0.4753126356377764,0.6120969005548486,-0.30425586606365534
['B.B. King'],[59156],-1.0432663075563482,-0.4495801478241943,0.3439237656381082,0.2567343232004163,-0.534836911333266,0.6434513665480389,-0.22783491275944376
['B.B. King'],[59156],-0.9273219136103679,-0.19512460775407117,0.33715200293282976,-0.011070329304717179,-0.29690784667360465,0.7526598262865302,-0.11009879352759673
['B.B. King'],[59156],-0.6758225767165575,-0.2947590148507977,0.5597700353627528,-0.013142717466871946,-0.05455561544679282,0.550870775449719,-0.23847303659477473
['B.B. King'],[59156],-0.8652890510849953,-0.6258235589355872,0.259062783465132,0.19827131862161237,0.0909934832943277,0.6144155509391223,-0.12216364384899227
['B.B. King'],[59156],-0.8829886560701589,-0.4207480810015743,0.28661785490845115,0.18319662218354435,-0.7431858894328638,0.6166230334901958,-0.23907609965115717
['B.B. King'],[59156],-0.7290682643061497,-0.4605968969324185,0.16567189260404386,-0.006862402588896813,0.133167551373512,0.5061938617323626,-0.060600683161738556
['B.B. King'],[59156],-0.7902694126001621,-0.38959992929525167,0.6420711654708235,0.04799224847579628,0.13843223936636712,0.507804287308217,-0.3255778158161854
['B.B. King'],[59156],-1.1132871853975523,-0.07572316944382222,0.5172875521740087,-0.05275521407052159,-0.28195477734980323,0.8033781991913941,-0.33820411656098587
['B.B. King'],[59156],-0.7424213463058477,-0.5378500455612829,0.5454701457554386,0.0135065371728425,-0.02720060587818518,0.6960132673642705,-0.256253338291454
['B.B. King'],[59156],-0.6736432394355296,-0.048138373423156994,0.08985936299828694,-0.010030424565685632,-0.7836331005366978,0.6688768534506954,0.10659766091600822
['B.B. King'],[59156],-0.9620325511858913,-0.22506996942728258,0.48808881273994104,0.07071202334108583,0.06243912657119943,0.5471675544841363,-0.2920886098864503
['B.B. King'],[59156],-1.144012001632511,-0.3387382726142923,0.1826085917408029,0.24038935207482517,-0.44096550676195634,0.6875941556572828,-0.2008592858315716
['B.B. King'],[59156],-0.7781137169047622,-0.2615027447253743,0.41950779696387425,0.22117562720837908,-0.48544357012696715,0.5306400051397259,-0.113411550972045
['B.B. King'],[59156],-0.5567628634034357,-0.34130338806866434,0.10615439892684983,0.14436296154322725,-0.6038008923315962,0.5235085118102064,0.006611629966572428
['B.B. King'],[59156],-0.8370351787632682,-0.5547429234375199,0.36065357759166106,0.2008481194506633,-0.6438946389326975,0.6549720705495512,-0.20294571748446427
['B.B. King'],[59156],-0.968232411371701,-0.629397040454949,0.28346513980699733,0.149194205091858,0.08815792252025567,0.5765120714224429,-0.24773739136928888
['B.B. King'],[59156],-0.9749062212834159,-0.2597736078267374,0.6581107085150336,-0.18196965851670946,0.16097139186207607,0.8558323515214632,-0.3579434927822465
['B.B. King'],[59156],-1.011126745685925,-0.4551913252598248,0.3455362293195421,0.255683659291357,-0.8072447768971133,0.7190420573864295,-0.2435108004259071
['B.B. King'],[59156],-0.6433692001519289,-0.4528520976625634,0.13402480994203703,0.319075722680137,-0.4498481308002316,0.6130370859131141,-0.2881429078141336
['B.B. King'],[59156],-0.5119904860769874,-0.5702815613511281,0.22889823630947775,0.06262100532870123,0.021119157595709065,0.3791995812061917,-0.032928697901677996
['B.B. King'],[59156],-0.946165896309164,-0.5344896750421847,0.2753113473293985,0.03739102044668405,0.08535089398977268,0.7392829827698127,-0.08916503542712381
['B.B. King'],[59156],-0.9531332722623639,-0.4829404382670372,0.2196025453088365,0.1633993732623106,-0.28289743406396795,0.5772576117111112,-0.21285616083127354
['B.B. King'],[59156],-1.0882075968061455,-0.06160762717480657,0.3030047400698332,0.04446325179146592,-0.46943493960154337,0.6829194719825369,-0.16008535734452323
['B.B. King'],[59156],-0.7026918378064608,-0.48779192966001217,0.16567900220952403,0.07732737375529596,0.03783120545166945,0.4274576822609967,-0.08347216428030764
['B.B. King'],[59156],-0.7777152213089742,-0.5773690739030987,0.21785068969535853,0.05906464714048287,-0.030531045989200988,0.5890101308608232,-0.15093736687491416
['B.B. King'],[59156],-0.6386870450840042,-0.3779416288451713,0.14199811389136052,0.09224841445334721,-0.6722113922518447,0.6375717621775284,-0.054690483675472704
['B.B. King'],[59156],-0.6211466045567821,-0.6191380970454108,0.18101620685505518,0.023403798344513962,0.13434639964383116,0.5424830240020048,0.019326844915330658
['B.B. King'],[59156],-0.959830342465289,-0.34147830209270624,0.14868515221317719,0.09501280048264386,-0.8221463459331734,0.7942568630853795,-0.1180547635739901
['B.B. King'],[59156],-0.7106066538451941,-0.35258162097369145,0.12868019166925693,0.13070840818227683,-0.6001013707111578,0.43981077417946857,-0.10928406218753069
['B.B. King'],[59156],-0.5960931142950898,-0.11864216756000977,0.14026583409963242,0.15684368375309404,-0.05828012647719442,0.34702016592278234,-0.18642911616046492
['B.B. King'],[59156],-0.461094147559015,-0.27764759096991287,0.21505213020099131,0.03387761314555593,-0.45684791408516684,0.3217951497525233,-0.039865031189382984
['B.B. King'],[59156],-0.9887412936865266,-0.3549560447397527,0.05102822362405646,0.1984935140920367,-0.11814130599386365,0.4157100707359533,-0.12143194515503813
['B.B. King'],[59156],-1.0440632491257809,-0.37978214868619886,0.17429052525306432,0.09093899966607993,-0.09475328311344657,0.7239253398088128,-0.04571571933033474
['B.B. King'],[59156],-0.7961549792503558,-0.3723624037285941,0.3051084288883207,0.01671386336075175,-0.04700598875679782,0.5094763265767632,-0.18989423225116261
['B.B. King'],[59156],-0.838808190695423,-0.4171736219334084,0.14211701729605297,0.0960763031030722,-0.1232668458843505,0.5393592126504931,-0.04638228995879634
['B.B. King'],[59156],-0.7899312995390867,-0.5147467408242733,0.17287212267230814,0.11427148041643435,0.06518564643940673,0.5533344956739001,-0.05474511012371127
['B.B. King'],[59156],-0.6517200637128033,-0.5633605786495298,0.23120065973745751,0.21726377840116934,-0.4922310718390293,0.47545655670306575,-0.07799437745546813
['B.B. King'],[59156],-0.5265519503590105,-0.34263534414254265,0.26963597015669477,0.09708243819926872,-0.254937240391475,0.35800068424105397,-0.0035047854957604464
['B.B. King'],[59156],-0.8630477647670095,-0.6508858843914673,0.28857588402848644,0.1028910767818868,0.17197443214290006,0.6146356816492218,-0.1699854209642725
"['Babyface', 'Stevie Wonder']","[61226, 622805]",-0.9764576890385182,-0.21312325344818622,0.018573433130314433,0.3155329446745295,-0.21311694816998583,0.27128992328081575,-0.06983633495401291
"['Barbara Mandrell', 'George Jones']","[788569, 944310]",-1.050677964067288,-0.11767994690111754,0.5648477175396993,0.10115645580858416,0.15266476280137434,0.459195727425193,-0.38220294125121757
"['Ben Webster', 'Oscar Peterson']","[793227, 489316]",-0.13731986886508757,-0.2692477923581449,0.17407559596759514,-0.26470517639409646,-0.1155409401599696,0.6614808002572176,0.25060352795297236
"['Ben Webster', 'Oscar Peterson']","[793227, 489316]",-0.6221709800044594,-0.6651252142870444,0.2974448583938186,0.0630479306094207,0.1479958988212204,0.631126187632854,-0.11657778021340086
"['Ben Webster', 'Oscar Peterson']","[793227, 489316]",-0.09398780631337636,-0.39878787133033006,0.2370279719670658,-0.10490825285583415,0.07844950752712418,0.49505643116436704,0.07962428369091781
"['Ben Webster', 'Oscar Peterson']","[793227, 489316]",-0.19416117963807367,-0.45955006411672217,0.18233358813725614,0.06334502027779648,0.12650360221791396,0.5263892772604256,-0.17632690436710804
"['Benjamin Britten', 'Leonard Bernstein']","[796872, 239859]",0.11287151826307035,-0.12772408325807216,0.10992488385585941,0.09661367777990025,-0.8809072147002912,0.6896772378991833,-0.32304501940457603
"['Benjamin Britten', 'Leonard Bernstein']","[796872, 239859]",-0.13682294018397728,-0.21717174922121774,0.15902880327944155,-0.08186357220005684,-0.5183194885746629,0.8297663959527846,-0.039748248087655653
"['Benjamin Britten', 'Leonard Bernstein']","[796872, 239859]",0.05998291504129224,-0.103453537276945,0.17502832466273568,-0.14630928673519947,-0.4990887344732054,0.44705290250854673,0.008109449176655213
"['Benjamin Britten', 'Leonard Bernstein']","[796872, 239859]",-0.3241311481744876,-0.40655522747318035,0.19574229978468466,-0.10188949212043659,-0.0921519641544352,0.5213887285230663,0.02288621426654301
"['Benjamin Britten', 'Leonard Bernstein']","[796872, 239859]",-0.3169079888461345,-0.3729930216892561,0.45207695421658634,-0.24234202115377781,-0.35157966970029825,0.9156399225287686,-0.02639391861522659
"['Benjamin Britten', 'Leonard Bernstein']","[796872, 239859]",0.25572403495008683,-0.16401320002071962,0.12555415012609147,0.1837924160462955,-0.2971634980142015,0.7428408251450129,-0.5870660001498034
"['Benjamin Britten', 'Leonard Bernstein']","[796872, 239859]",-0.3496766243348849,-0.3809566184956675,0.8812256478190745,-0.016225739945327528,-0.08829830070116405,0.5429814169543438,-0.08195619684958984
"['Benjamin Britten', 'Leonard Bernstein']","[796872, 239859]",-0.2596720104508629,-0.43064109479411194,0.4768246355688329,-0.12264876409180128,-0.3613276679223015,0.7075711690688092,0.027363829325748434
"['Benjamin Britten', 'Leonard Bernstein']","[796872, 239859]",-0.5786681984898244,0.011183279514649203,0.5746079485373567,-0.10721041407379032,-0.8036228569726165,0.6662557506837138,-0.20634021633040686
"['Benjamin Britten', 'Leonard Bernstein']","[796872, 239859]",-0.3346030321818248,-0.4148844676175969,0.22421696763029947,-0.15546272383809953,-0.7987510530730562,0.9101294469705326,0.0912267571061502
"['Benjamin Britten', 'Leonard Bernstein']","[796872, 239859]",-0.28834305128791593,-0.2620927791082783,0.3038018311939425,-0.06122932705856081,-0.09511632392243437,0.4578441507197531,-0.06099669888736104
['Billie Holiday'],[79016],-0.5148098927941379,-0.4738757631350969,0.5324739236437742,0.12031857206214708,-0.6914829244315155,0.5831843592828839,-0.17651950126328173
['Billie Holiday'],[79016],-0.48460608531456656,-0.42775393967396186,0.2304209676537221,0.10418130942369605,-0.3349306933582703,0.4665115346443207,-0.03700149992725345
['Billie Holiday'],[79016],-0.6563074184107023,-0.4149525682107964,0.5763335974266961,0.07477354221924921,-0.6688697678819513,0.7590414605178029,-0.1387497938881705
['Billie Holiday'],[79016],-0.4578826752554969,-0.4063897517446877,0.3461926340361852,0.02976005808674085,-0.5212040526746284,0.5637582113403603,-0.012265324204264029
['Billie Holiday'],[79016],-0.39693494307728905,-0.06403933901415516,0.385344515096943,0.08022012991689655,-0.809007234757632,0.4988378415349269,-0.04881201736944235
['Billie Holiday'],[79016],-0.42211450039841536,-0.10644230732710931,0.4699321223493555,-0.0844700078816146,-0.7236932796071583,0.635260470092025,-0.09977124036574216
['Billie Holiday'],[79016],-0.41571665793967977,-0.47817598436553693,0.22602311117129534,0.1457026470928115,-0.5261737994122562,0.445641407146299,0.04408743162759665
['Billie Holiday'],[79016],-0.3398859395067973,-0.5120244145625295,0.18895561093233085,0.14184280789379058,-0.29351913160818144,0.6827066523713322,-0.2179152581069921
['Billie Holiday'],[79016],-0.20098737379534948,-0.21402438157576287,0.2923373903469734,0.08536719453248744,0.15986842732236645,0.6335998950746521,-0.4998236035073295
['Billie Holiday'],[79016],-0.587088655576983,-0.7052705558193475,0.2321092439336361,0.08610501597500911,-0.6315107637406842,0.9969118104920867,-0.08030953945339822
['Billie Holiday'],[79016],-0.263436855012931,-0.3500684003340292,0.2939094995871128,-0.015029038181529137,-0.561419442429414,0.38749317047898174,0.02236009321581633
['Billie Holiday'],[79016],-0.5195330087178301,-0.09682344085713492,0.7825855764820737,-0.1849944499468001,-0.7908533850985238,0.921863718618978,-0.17615895373414484
['Billie Holiday'],[79016],-0.29401593436183787,-0.40981440488565596,0.22781237546829416,0.055931238244788656,-0.7993010635152507,0.6182315686469534,0.08459227222415623
['Billie Holiday'],[79016],-0.6556333287283544,-0.28674147002991557,0.7573042327527664,0.03324968225621597,-0.3275930145050737,0.5604349014385817,-0.31858091607276956
['Billie Holiday'],[79016],-0.5936593384943043,-0.39821145445509953,0.13839559301648177,0.07947063002262993,-0.5095909948422549,0.5736078406086599,0.018432397839029436
['Billie Holiday'],[79016],-0.23139456268718406,-0.3464278923031698,0.23032155645783267,-0.11357690768172751,0.06009699727822843,0.3271225268184623,0.07352435460127793
['Billie Holiday'],[79016],-0.379055792896137,-0.10432815297240781,0.08845620199599906,-0.19176480578184096,-0.6414794676919712,0.7000898748436003,0.1784094878247284
['Billie Holiday'],[79016],-0.34559292620157656,-0.5688677549723017,0.27262215677174995,0.167061539961432,-0.6553642277588004,0.7676023812379369,-0.18503762348068387
['Billie Holiday'],[79016],-0.7551164034080767,-0.3405467688018642,0.7907411768469844,0.13421799849874824,-0.6664480156520178,0.719355434147716,-0.2601111649179247
['Billie Holiday'],[79016],-0.19888199041855487,-0.4912636789813347,0.27488260622802607,-0.07048147488318357,0.0705552908965701,0.3665807066606794,0.06016751190901924
['Billie Holiday'],[79016],-0.2533081116699557,-0.20187803563792667,0.4072101947114115,-0.10209061636506017,-0.3940919797096627,0.3724580229442015,-0.025918951386951508
['Billie Holiday'],[79016],-0.9594952867118065,-0.06705338668076263,1.1950219642714912,0.11062067031868857,-0.4667646087373337,0.8390125673267326,-0.22860384084514668
['Billie Holiday'],[79016],-0.3050259238967823,-0.18408645428790463,0.7824369847468221,-0.1794505145292913,-0.0224524544288766,0.45655731386424636,-0.25104501013809244
['Billie Holiday'],[79016],-0.4193835550019821,-0.18156084665303562,0.5129641810018274,-0.284854234289689,0.0882663171016828,0.6803665467887258,0.012232906989220058
['Billie Holiday'],[79016],-0.43382091303202497,-0.2686950533618186,0.325372731676898,0.015994928371826995,-0.6307216879243978,0.48647476839638626,-0.06715443690270852
['Billie Holiday'],[79016],-0.09536122627803242,-0.4182484002286859,0.23642871636653834,0.03722648629580028,-0.5633800681508562,0.38026894748204043,0.030895492097044477
['Billie Holiday'],[79016],-0.5440320575450325,-0.2457354516573174,0.8488104012094572,-0.1281173849309722,0.020555522330996168,0.6348779931874967,-0.23968213477152203
['Billie Holiday'],[79016],-0.3258701454593556,-0.15999737949297937,0.5826095260558602,-0.09667052506922023,-0.5548432137776262,0.5236784933183589,-0.0901998575949047
['Billie Holiday'],[79016],-0.30155522381320216,-0.11668544378407758,0.17216931583989334,-0.039787876781460944,-0.8433840982228137,0.37411035439554946,0.05582252372597128
['Billie Holiday'],[79016],-0.45223852190428854,-0.1002084089679254,0.602843710324064,-0.20942592535734136,-0.35780784265477195,0.7190122404103226,-0.029474966124614328
['Billie Holiday'],[79016],-0.4363460660611883,-0.3936852541274133,0.503832101725378,-0.11296237640546539,-0.5177058754143153,0.7936790859534292,-0.09146968617251423
['Billie Holiday'],[79016],-0.5851485338505701,-0.18511628647844622,0.7974528976377663,-0.04002280473904314,-0.5994906513316197,0.7273218218764612,-0.2999564608366389
['Billie Holiday'],[79016],-0.42785837118706005,-0.21492860335097813,0.7253493908081683,-0.06515908907385311,-0.7998941966655665,0.7120887758646235,-0.21658275553652942
['Billie Holiday'],[79016],-0.18281175399483968,-0.40502663125232774,0.31060908311055596,-0.10242733643278933,0.06368918260861103,0.3619170979925795,0.06755758523444068
['Billie Holiday'],[79016],-0.2405123864852769,-0.21924963896745864,0.38017654150458075,-0.02194535187678224,-0.5679448691449752,0.37075723673344124,-0.006306964624855986
['Billie Holiday'],[79016],-0.6402685915886216,-0.7894509847816443,0.4008148554588774,0.22674504303779308,-0.2657066958902104,0.7720282502839299,-0.20278002901500794
['Billie Holiday'],[79016],-0.4188779968431875,-0.6992487492813327,0.2716087109169565,0.16449775853847357,-0.7729327845416626,0.6297820636397408,-0.05673882129915808
['Billie Holiday'],[79016],-0.3450661760976607,-0.5008203824812036,0.22400507389607274,0.09971021395911885,-0.49197335568741574,0.725225043424273,-0.04656024444107604
['Billie Holiday'],[79016],-0.7467827979526109,-0.4238020704461411,0.6933474017926405,-0.0405547992965532,0.1381256618786393,0.6540939191826592,-0.28328990963151235
['Billie Holiday'],[79016],-0.5149612851771644,-0.7249266462969225,0.4830546961998547,0.1540790731334579,-0.7523862352109728,0.8425011538041863,-0.002327998557772799
['Billie Holiday'],[79016],-0.517423503840437,-0.7187809527148533,0.4730736926350741,0.2507634194965456,-0.7559557376674811,0.7341449482260822,0.02972236310447218
['Billie Holiday'],[79016],-0.36373308271694416,-0.2457441599721773,0.2338103510336857,-0.18433955403878224,0.07033282677057562,0.4110542679053369,0.041868499521155594
['Billie Holiday'],[79016],-0.4796925291217984,-0.3423953990763618,0.4547391256144498,0.03725618628342269,-0.6973318011311015,0.6294584804574846,-0.0739474316735388
['Billie Holiday'],[79016],-0.5278771187342787,-0.31877761888455164,0.6602542523465943,0.013692330611972975,-0.4322933278334026,0.5274182789924693,-0.2122326283191603
['Billie Holiday'],[79016],-0.27700790345406,-0.0980498409567406,0.2835407992080887,-0.21044348838612206,0.04463322156576426,0.31696416374982045,0.06892698327526206
['Billie Holiday'],[79016],-0.4661961898957191,-0.7483309739008764,0.3191518286375574,0.09843647861006868,-0.13436028897614355,0.6081721419784865,-0.013417399015818612
['Billie Holiday'],[79016],-0.16533266470287275,-0.3508811764190384,0.34972544649884507,-0.015668257546710446,-0.6585247331095565,0.41036551267016597,0.013735283909551964
['Billie Holiday'],[79016],-0.5369844624320688,-0.5226835299753019,0.2629505268989652,0.11007247989456614,-0.7739746205171726,0.6248920527729506,-0.07503433282685991
['Billie Holiday'],[79016],-0.36694694117511933,-0.6495703024626069,0.5768020346769751,0.12796496268028365,-0.3303328017424023,0.6593920895397447,0.06530628697293753
['Billie Holiday'],[79016],-0.4337235019282724,-0.4309009245022623,0.8187463449897177,0.1092315708593109,-0.761398941390701,0.9911183715197883,0.2703325095253793
['Billie Holiday'],[79016],-0.6784964322810204,-0.37225613955950787,0.1914733382629848,0.14199640193672877,-0.5012854422151164,0.5448995988150592,-0.02984368264057398
['Billie Holiday'],[79016],-0.1892870257017839,-0.43152503223734984,0.2679715016062631,0.04707202683920548,-0.5573874570552619,0.38761402749682144,0.0725960209301337
['Billie Holiday'],[79016],-0.3205542349259739,-0.5162137530713523,0.7943778472902747,0.24281506324551433,-0.7800704309927883,0.7216304494033776,0.1730958740298717
['Billie Holiday'],[79016],-0.40194026445967457,-0.5052569111660347,0.8869051658438628,0.2414083216121862,-0.594951833690762,0.6992044947920998,0.18034860420181978
['Billie Holiday'],[79016],-0.29530230459903345,-0.4257165023372135,0.22520766855245275,-0.023905867859970918,-0.43248725929145837,0.6779143392302477,0.09035312644990812
['Billie Holiday'],[79016],-0.5014677385675333,-0.46785139877604826,0.6178579958042412,0.08843599741846371,-0.3203833973912668,0.704991113077823,0.07386209434223132
['Billie Holiday'],[79016],-0.6264206349355633,-0.5926495779241304,0.16685770122622712,0.0924309642510495,0.1375638927327411,0.5259297914529568,-0.010321233107855338
['Billie Holiday'],[79016],-0.43277903534960566,0.07818709329285428,0.27431622627465646,-0.21454187431957078,-0.7380946364443065,0.633175580843386,0.09546201035975359
['Billie Holiday'],[79016],-0.25065833806090226,-0.4817623744612777,0.2813616750622384,-0.09616759521772238,-0.09808579657743871,0.5056144801052164,0.07053539056684784
['Billie Holiday'],[79016],-0.46673452328801945,-0.6835465288909683,0.26295977875403526,0.13281628040195906,-0.5906913047369113,0.6114598800628491,-0.03716440433483243
['Billie Holiday'],[79016],-0.2650479667518099,-0.33003933819883086,0.22915411410633477,-0.07348408385062308,-0.5537337693250484,0.5286474663209552,0.13971460075552208
['Billie Holiday'],[79016],-0.7437014602628311,-0.6624262687545293,0.19978014726813845,0.0455576383670152,-0.10284190350911088,0.811846311579574,-0.02171696680980183
['Billie Holiday'],[79016],-0.2837498278129422,-0.350030432894155,0.3174092594586679,-0.004869026081875374,-0.5520574579401137,0.44441223365841687,0.0179229384237734
['Billie Holiday'],[79016],-0.5640218921991415,-0.5951966769416243,0.2266019108336116,0.09264824028279407,-0.13695744043039051,0.5561653333290615,0.001850706452128318
['Billie Holiday'],[79016],-0.3041463571295399,-0.5478994446027281,0.24656318404162014,0.05762735231913297,-0.6167051157690575,0.585784462405797,0.059777561378981964
['Billie Holiday'],[79016],-0.8031486598144817,-0.7251767162732317,0.23575609513417908,0.1863217562160621,-0.44675532181197475,0.7989060937672724,-0.09605096049364233
['Billie Holiday'],[79016],-0.4315068702206436,-0.517182313631879,0.3659318301033996,0.05375917881427791,-0.5167400296598691,0.5786805067409169,-0.07169205922764309
['Billie Holiday'],[79016],-0.5266933703029267,-0.7568853228255945,0.2672694765482881,0.18589484412466115,-0.7503321651206777,0.7257048652987019,-0.01666546981957602
['Billie Holiday'],[79016],-0.47294547355961686,-0.6155484209552,0.26373798974132273,0.13877218803262453,-0.7706054543661356,0.6533114858948996,-0.04879094385305415
['Billie Holiday'],[79016],-0.44439947804824,-0.6493639750084846,0.27680118209984667,0.05296398611129501,-0.14836190064162344,0.5382052777688778,-0.011044739707052912
['Billie Holiday'],[79016],-0.6235376683748103,-0.6049176359379768,0.24609513048021422,0.02117092862208492,-0.5676130759643294,0.880043470855878,-0.0007645734764282532
['Billie Holiday'],[79016],-0.302325799211789,-0.38210115187457205,0.3099454371966452,-0.02751176511882976,-0.6364315888005037,0.5343287965042834,-0.006357998514630086
['Billie Holiday'],[79016],-0.4915270370127039,-0.6783809954089474,0.22211206798506472,0.1004919162693302,-0.31587376556509866,0.6187406118203622,0.013955012392400419
['Billie Holiday'],[79016],-0.23878049378419802,-0.4275816909333146,0.23908497450174082,0.022370189949248304,-0.5565907412544921,0.3926512892672254,0.06086734238331053
['Billie Holiday'],[79016],-0.5977242239589226,-0.7816739254394498,0.2892334521288685,0.11264451989248771,0.056880564124563646,0.5765445104861578,-0.09277154816453728
['Billie Holiday'],[79016],-0.5622557241398871,-0.6844850814558944,0.3572889905235923,0.14846398234064415,-0.47621991179871703,0.6901182031304706,-0.20442595016954035
['Billie Holiday'],[79016],-0.5257873274480516,-0.6415397553842137,0.213703000486463,0.1141683371655622,-0.49353085934346375,0.6413231954901907,-0.015261614524145341
['Billie Holiday'],[79016],-0.39096768577199464,-0.572417173801608,0.2903066223348257,0.13541360282782874,-0.7861042379697541,0.5666348688506376,-0.016227519830798353
['Billie Holiday'],[79016],-0.46491550387498426,-0.6232759330193743,0.23824972319928372,0.08208355851557131,-0.764884960344968,0.771161302994525,0.0400350715180644
['Billie Holiday'],[79016],-0.23165300956905005,-0.397596035839531,0.2463876868099026,0.0021018311524021384,-0.6494926333135139,0.42279656536949706,0.05769476645415161
['Billie Holiday'],[79016],-0.6081149753663501,-0.737793466688989,0.3334502972270658,0.20494196240686732,-0.7431178746423015,0.7221261457086823,-0.1424443818156484
['Billie Holiday'],[79016],-0.5291443517733371,-0.6304955655420438,0.23923833571924533,0.038160984736888885,-0.3163583557859715,0.6954380674154277,-0.013620063355292521
['Billie Holiday'],[79016],-0.20157545732166854,-0.39693142493217326,0.2652375278534693,-0.05068846426735586,-0.38328071062885966,0.411217096981599,0.07923342293186132
['Billie Holiday'],[79016],-0.5828064695464957,-0.6380452406466273,0.1451420974087538,0.13610205374058737,-0.7522710184527521,0.7733240056212292,0.006473014407330975
['Billie Holiday'],[79016],-0.2960179338635577,-0.5171112375804449,0.3850746824394303,-0.06568665430726044,0.0877639123900922,0.43235924195447795,0.001099684953964896
['Billie Holiday'],[79016],-0.17847690890408482,-0.4301561280417957,0.27235775939881257,0.00536292362488866,-0.5583560624176483,0.4370038730813035,0.05877415576304373
['Billie Holiday'],[79016],-0.2657374668402403,-0.39710551540010836,0.2715109157692901,-0.024094440789282665,-0.3774676895506149,0.3831414398276601,0.04451121941972673
['Billie Holiday'],[79016],-0.351105194621115,-0.6280241647983775,0.23445734908058538,0.02531133574107298,0.10529407591941736,0.4352206699656944,0.06729146492169805
['Billie Holiday'],[79016],-0.3071933034737645,-0.37665107129799946,0.32418504478719756,-0.01667493160030584,-0.37199795322857043,0.3975873987257366,0.00625299754752448
['Billie Holiday'],[79016],-0.4664260051621569,-0.630931679922292,0.37238406127729173,0.017135631309044667,-0.14450816343908315,0.6076704415347199,-0.08542727522677546
['Billie Holiday'],[79016],-0.2467376418872288,-0.4559541833309682,0.2695089156886358,0.018122503062081324,-0.46254448481478,0.40483522725532634,0.041508433874873275
['Billie Holiday'],[79016],-0.6517917252595119,-0.7005584779068951,0.4078090308390961,0.05984558619624722,-0.11535662643679494,0.6988655081183315,-0.14671712096225392
['Billie Holiday'],[79016],-0.5208304733013164,-0.7981845294561191,0.27134411461420194,0.10986617836156257,-0.300350214586213,0.717488219812015,-0.02801738978134734
['Billie Holiday'],[79016],-0.4468000280959434,-0.6130526230222478,0.5367249111243061,0.010533413271961752,-0.1463708970451506,0.6145358098176548,-0.13503088069552052
['Billie Holiday'],[79016],-0.47262325839466046,-0.7699897635572688,0.27066416535189597,0.10625130761933607,-0.13339374129939965,0.601285875984101,0.001342304837540775
['Billie Holiday'],[79016],-0.4540473134339933,-0.673845818159793,0.2938483311339895,0.027914066238418352,-0.05476792527081237,0.5909733519065922,-0.03219513121400065
['Billie Holiday'],[79016],-0.48000672535489214,-0.6611068532197537,0.3041338707893319,-0.0026666323280837025,-0.132302785973058,0.7278865336626121,0.03459380052579433
['Billie Holiday'],[79016],-0.647578569394088,-0.8130675702553432,0.4476067550541458,0.09960654807152605,0.16365418182146732,0.6987830937294114,-0.1010339350156096
['Billie Holiday'],[79016],-0.5244697876957196,-0.768110492586009,0.26140836097560183,0.04584401862791312,0.05104592977580847,0.636771687311804,-0.044179443775989466
['Billie Holiday'],[79016],-0.6529877123238731,-0.6568735428608992,0.29722810633874264,0.15860989892627078,-0.2879920487079862,0.6591619193774427,-0.1812361583218757
['Billie Holiday'],[79016],-0.281710558816355,-0.5298343433758282,0.34432912671603155,-0.06439100570601962,-0.09099631875677988,0.5015664573384063,0.015219129979891034
['Billie Holiday'],[79016],-0.5994351011790054,-0.6780508758145473,0.15834883092286633,0.09144931169657251,-0.47961878872085634,0.7848915771331126,-0.0015595730978033991
['Billie Holiday'],[79016],-0.5940443985351326,-0.6969461966009199,0.2500392792664409,-0.0992797148482903,0.14816292206151252,0.8408011578221933,0.03990093348756175
['Billie Holiday'],[79016],-0.415797472505763,-0.6736508295054914,0.26174093170976753,0.02004555941974366,0.11639752076780371,0.49739437230166494,0.005415282311437067
['Billie Holiday'],[79016],-0.7556666994840529,-0.7836123820030864,0.2864550166700936,0.2095441427512167,-0.4429703452607103,0.8035543687064511,-0.19963810691369727
['Billie Holiday'],[79016],-0.47294547355961686,-0.6155484209552,0.26373798974132273,0.13877218803262453,-0.7706054543661356,0.6533114858948996,-0.04879094385305415
['Billie Holiday'],[79016],-0.647578569394088,-0.8130675702553432,0.4476067550541458,0.09960654807152605,0.16365418182146732,0.6987830937294114,-0.1010339350156096
['Billie Holiday'],[79016],-0.5371330642035637,-0.5968513751674359,0.21333874972833244,0.11184555784308071,-0.30451931532142923,0.6435987196171823,-0.04620358682307465
['Billie Holiday'],[79016],-0.2535969698231328,-0.1781973476283216,0.3382754713712704,-0.19282834321193326,-0.5629587794819054,0.6171720980652285,0.11769920661938758
['Billie Holiday'],[79016],-0.3638565078904748,-0.5891191423123024,0.31342124829731954,0.05960689351743947,-0.344089767647128,0.5050645698520236,-0.01846788932969738
['Billie Holiday'],[79016],-0.5329156636773328,-0.5433072815952255,0.17137275403636204,-0.05551499047505866,-0.316324590745807,0.7740081734970672,0.04589250013289218
['Billie Holiday'],[79016],-0.8031486598144817,-0.7251767162732317,0.23575609513417908,0.1863217562160621,-0.44675532181197475,0.7989060937672724,-0.09605096049364233
['Billie Holiday'],[79016],-0.5801698622326293,-0.6555620551104645,0.3015656142201284,-0.07616625483558763,-0.12295228190906693,0.86042055783001,-0.027288742007053595
['Billie Holiday'],[79016],-0.43922582651072234,-0.6704666236640051,0.3237925726622923,-0.03957803777603852,0.033973819112592875,0.6454201662786047,-0.023725827039458514
['Billie Holiday'],[79016],-0.6529877123238731,-0.6568735428608992,0.29722810633874264,0.15860989892627078,-0.2879920487079862,0.6591619193774427,-0.1812361583218757
['Billie Holiday'],[79016],-0.3039693208483832,-0.5639403730258592,0.3356795423728381,-0.0474974539858642,-0.1743558043184164,0.5481040155293982,0.0027978001806586825
['Billie Holiday'],[79016],-0.47969436331888493,-0.7083227576493887,0.40778256278464264,0.1377724330282358,-0.4971662055423288,0.6074407557479125,-0.13672933244028818
['Billie Holiday'],[79016],-0.6063790895700556,-0.6636421298471571,0.21745017915544196,0.07963695435380698,-0.30109619850900043,0.7156378339113746,-0.01704526625484082
['Billie Holiday'],[79016],-0.41288874811934645,-0.6246178879233334,0.21037432590542476,0.16744738769709702,-0.7789010730292866,0.5755024695819615,0.01218997077348291
['Billie Holiday'],[79016],-0.5640218921991415,-0.5951966769416243,0.2266019108336116,0.09264824028279407,-0.13695744043039051,0.5561653333290615,0.001850706452128318
['Billie Holiday'],[79016],-0.3853775262626605,-0.6469516412885117,0.2746038729823468,0.12685418317587946,-0.7791856572362759,0.6404205714026067,-0.035971091240243135
['Billie Holiday'],[79016],-0.7437014602628311,-0.6624262687545293,0.19978014726813845,0.0455576383670152,-0.10284190350911088,0.811846311579574,-0.02171696680980183
['Billie Holiday'],[79016],-0.5140707709610793,-0.7112016573853488,0.40216129784642235,0.0022999122339456154,-0.1280353805165423,0.7513989261850478,-0.08061964707197158
['Billie Holiday'],[79016],-0.68969151787837,-0.7748601249116773,0.3080535461338245,0.23253848485477768,-0.6448294257444057,0.685977071860731,-0.16752926032706514
['Billie Holiday'],[79016],-0.5631042255934973,-0.5861232694931633,0.34046614977508133,-0.016611198923399406,-0.3100793152485901,0.786842066115706,-0.05173026792309519
['Billie Holiday'],[79016],-0.6350191969151635,-0.3521741580361138,0.5157793969936093,0.02888227571493106,-0.5213715282673106,1.118213586253074,-0.3824398678796046
['Billie Holiday'],[79016],-0.6796062951062632,-0.830940466178394,0.32833486937308765,0.2631836082311269,-0.7186568380741399,0.7941761062881465,-0.16606258395807616
['Billie Holiday'],[79016],-0.6235376683748103,-0.6049176359379768,0.24609513048021422,0.02117092862208492,-0.5676130759643294,0.880043470855878,-0.0007645734764282532
['Billie Holiday'],[79016],-0.5508696287969252,-0.6601471460965795,0.25237890204093655,0.10183887255234542,-0.3074822967777079,0.6757363902590114,0.002497548944112763
['Billie Holiday'],[79016],-0.24398412121381113,-0.3596067830062108,0.263574999782317,-0.001897869481677589,-0.6519357686218039,0.3997089917917692,0.04859603236591992
['Billie Holiday'],[79016],-0.5841177280137172,-0.7259278049660921,0.23797213562173528,-0.10429635043160448,0.15164113515787855,0.8867078555221549,0.04757033111939385
['Billie Holiday'],[79016],-0.5412178799395271,-0.7220827019101725,0.3593749820950504,9.659786705963813e-05,0.14151843483836016,0.667879312343975,-0.0681639618669153
['Billie Holiday'],[79016],-0.702647298077801,-0.8597942247566742,0.25786960086827365,0.19508762269037946,-0.4531445586191723,0.7725511155644539,-0.12674952934143263
['Billie Holiday'],[79016],-0.5140707709610793,-0.7112016573853488,0.40216129784642235,0.0022999122339456154,-0.1280353805165423,0.7513989261850478,-0.08061964707197158
['Billie Holiday'],[79016],-0.4315068702206436,-0.517182313631879,0.3659318301033996,0.05375917881427791,-0.5167400296598691,0.5786805067409169,-0.07169205922764309
['Billie Holiday'],[79016],-0.2560510098908766,-0.40578328687786647,0.316184433100765,0.03319069615237275,-0.6414987650107646,0.42799948138283533,0.027031273560670113
['Billie Holiday'],[79016],-0.5622557241398871,-0.6844850814558944,0.3572889905235923,0.14846398234064415,-0.47621991179871703,0.6901182031304706,-0.20442595016954035
['Billie Holiday'],[79016],-0.3041463571295399,-0.5478994446027281,0.24656318404162014,0.05762735231913297,-0.6167051157690575,0.585784462405797,0.059777561378981964
['Billie Holiday'],[79016],-0.5929789040643492,-0.5800362510925311,0.1800962351211789,0.07898141425146564,-0.48474081819355863,0.7692784973889479,0.06912889698291959
['Billie Holiday'],[79016],-0.5774879013931147,-0.7591040885445428,0.24552109239348302,0.19601501491430742,-0.6566279500470666,0.7051506273390213,-0.07463079730320503
['Billie Holiday'],[79016],-0.41791993812420325,-0.6092818168667186,0.44909785067072017,0.07408393202141993,-0.5079643456346501,0.6236971903378056,-0.08906666922362208
['Billie Holiday'],[79016],-0.38846070867138777,-0.5514493085798873,0.2703292747992376,0.020726992492716038,-0.605168557195023,0.6891106857918424,0.05406896161943975
['Billie Holiday'],[79016],-0.6312545929634846,-0.5410023847156491,0.38840345250264424,-0.058311610724978404,-0.30320899659576733,0.8556153537085712,-0.06706833152139693
['Billie Holiday'],[79016],-0.5474344055444563,-0.5382351694755633,0.1459028572721096,-0.023603730929986244,-0.3222957272080717,0.7016057039534332,0.06460557726175387
['Billie Holiday'],[79016],-0.690541780538141,-0.7462695615370795,0.4934439151362091,0.12630945062076063,-0.2821378358419895,0.7563415566055302,-0.18884167007522415
['Billie Holiday'],[79016],-0.4212213888394821,-0.6337676581333684,0.2184982612367962,0.11022111126523486,-0.5099446155785147,0.5739510915447326,0.03046024724213411
['Billie Holiday'],[79016],-0.4742511309756758,-0.6301365344594192,0.22578862620607942,0.10430031100992683,-0.33175279114897277,0.4828134391221431,-0.039593840803655064
['Billie Holiday'],[79016],-0.23548903359321283,-0.4128133230289393,0.2633819800501384,-0.08324882183803274,-0.019461336288449805,0.3787378852305386,0.0805536363372477
['Billie Holiday'],[79016],-0.4792882293792176,-0.6037580760363479,0.271926459139651,-0.018987779522246905,0.11837842476097091,0.5447940389875789,-0.01758171874258432
['Billie Holiday'],[79016],-0.29059381927121175,-0.3636698118119102,0.33176534490947507,-0.12012504885505244,0.06828359137674252,0.3529119818423086,-0.002762440100673036
['Billie Holiday'],[79016],-0.32000938629606135,-0.2989864078866082,0.39508296573537266,-0.03578640949162425,-0.37604633945165566,0.3780071899046342,-0.03507790083687579
['Billie Holiday'],[79016],-0.41548083227272925,-0.6250951506538203,0.2307119527643909,0.011002181289486076,-0.3297712257293002,0.6610304047554881,0.04006763536654029
['Billie Holiday'],[79016],-0.40355399072350207,-0.7268919436307102,0.2519636419145623,0.13699804883937994,-0.6798590228292128,0.6675803122246254,0.01698026802791699
['Billie Holiday'],[79016],-0.588372377067813,-0.5310171175043763,0.15006011265380362,0.03067770007346146,-0.5843118079200091,0.7404865531126495,0.03859510372883224
['Billie Holiday'],[79016],-0.42125808796669145,-0.3703041634936803,0.6299970101708785,-0.08147095446409,0.09726798436337535,0.4887775185337689,-0.13547890496109738
['Billie Holiday'],[79016],-0.33022647939531097,-0.41464587428653105,0.4209379763544705,0.03646442747363882,-0.7175080567938265,0.5262806083233743,-0.07581479237338086
['Billie Holiday'],[79016],-0.3220645303212903,-0.4864700608902776,0.42435265006322487,0.0639950622922683,-0.7101785886126675,0.5608110339801924,-0.07563252331095754
['Billie Holiday'],[79016],-0.479982941552482,-0.6475350904896909,0.3055101074986755,0.07877170629746026,-0.3283588981288535,0.534334337104915,-0.11357298644747099
['Billie Holiday'],[79016],-0.3869554235759879,-0.6406307778990736,0.2918887130407614,0.0031690413778766363,-0.06469764422185922,0.5703615797112696,0.047031475140099685
['Billie Holiday'],[79016],-0.6398959665760556,-0.4787064794330681,0.30083363060143403,-0.08415387730569932,-0.395306647694748,0.8923427833458167,-0.013201858236511533
['Billie Holiday'],[79016],-0.3470765083425876,-0.616139766946481,0.23721037557169183,0.03373700364394326,-0.3414030668049683,0.5710659492075222,0.06524969692766815
['Billie Holiday'],[79016],-0.2833835806768227,-0.40129704809735756,0.30872440416302643,-0.003750046146044484,-0.6359034649301362,0.5157049908808927,0.008922200143126372
['Billie Holiday'],[79016],-0.48901954946413495,-0.6834537926082543,0.23385285543233328,0.09269205828629588,-0.314641019540823,0.6381982672934381,0.006877668550091233
['Billie Holiday'],[79016],-0.5801698622326293,-0.6555620551104645,0.3015656142201284,-0.07616625483558763,-0.12295228190906693,0.86042055783001,-0.027288742007053595
['Billie Holiday'],[79016],-0.5018927121420055,-0.6591153957489663,0.21967222783802423,0.13172322820113908,-0.5868392308287457,0.6166236752200888,-0.029902046424542115
['Billie Holiday'],[79016],-0.514771268122631,-0.7717793997506291,0.22337929935556244,0.156978928409184,-0.6622194540295206,0.7282818224681425,-0.015941142390369104
['Billie Holiday'],[79016],-0.41544033111607487,-0.6147049236302075,0.23672478788398668,0.15012219776236752,-0.7802669876090739,0.5789278698231621,0.010918283305828906
['Billie Holiday'],[79016],-0.40094650320774106,-0.6264729757213024,0.46927275723716094,-0.008653772950434634,0.11350339460137078,0.5145616323245565,-0.09634940613857534
['Billie Holiday'],[79016],-0.4623681063338257,-0.7648112259856159,0.2561861402786194,0.12020295449892639,-0.4892153248495858,0.7114783510888946,-0.01721812433736323
['Billie Holiday'],[79016],-0.36368749675065737,-0.6556538445576661,0.23967701068876235,0.050409526992424646,0.019531736183289898,0.4695347345762986,0.057186876951186565
['Billie Holiday'],[79016],-0.5409332443083303,-0.7063936161956813,0.3441943089113868,0.06976483990212169,-0.13238968363453263,0.6058230502265157,-0.11514474870860343
['Billie Holiday'],[79016],-0.46317734162658225,-0.7613688557801568,0.3078728756842254,0.16369389648055666,-0.7591074807149679,0.7113031762076546,-0.03516231221994029
['Billie Holiday'],[79016],-0.5308327494262809,-0.764656824926919,0.29193965758812357,0.17885438937511222,-0.6581737841558969,0.7228907706365667,-0.05154068515358247
['Billie Holiday'],[79016],-0.2672297495611788,-0.4529241231286187,0.2488300016281168,0.04990368570028037,-0.7264910097778826,0.4714899943031255,0.020406071275563244
['Billie Holiday'],[79016],-0.4391978688037743,-0.741030164629576,0.2040660306474234,0.16532510705604042,-0.586519017070672,0.6210932434330995,0.010641418845209768
['Billie Holiday'],[79016],-0.5907724536442789,-0.8117382350764605,0.2654489568771067,0.1269883542939432,-0.20164725835755218,0.7092644691779358,-0.019450767838034302
['Billie Holiday'],[79016],-0.5693056509065845,-0.6043124182076551,0.6558742774677152,0.010415320050455408,-0.3068504269260183,0.7592556728717945,-0.24043591629956096
['Billie Holiday'],[79016],-0.6416045294420775,-0.6485183818899828,0.3401140463633021,0.018073257050572198,-0.3834289852127951,0.8509237019835783,-0.04907208079251453
['Billie Holiday'],[79016],-0.5148840187073875,-0.6478024142867578,0.2755750744720264,0.04527350652342703,-0.49118680586491326,0.7545516449681516,0.010361584946782992
['Billie Holiday'],[79016],-0.1566127519966868,0.052570607818001214,0.26064586712006566,-0.022795848434121368,-0.8916779022776774,0.035472624551546136,-0.09245656220772397
['Billie Holiday'],[79016],-0.46590863059360144,-0.4268201704979435,0.25486853372077023,0.09762829792702232,-0.33652194974879884,0.4745774705677681,-0.045516159958943335
['Billie Holiday'],[79016],-0.5915755689597514,-0.64026024759625,0.27411824906600757,0.01863048716058799,-0.6556373326408279,0.92513513411903,-0.026798786180978727
['Billie Holiday'],[79016],-0.3265703171103814,-0.3760355804983029,0.316116692071412,0.0034171317400035726,-0.5458873214701868,0.4571879296676451,-0.0026519198355244543
['Billie Holiday'],[79016],-0.5525958340991145,-0.5582929474196806,0.2240544316661573,-0.08321414890015212,-0.4878080426378815,0.9359933884853043,0.04489705663773017
['Billie Holiday'],[79016],-0.2842492006339946,-0.4790379211756367,0.264753170699694,-0.050976058107575994,0.0807800187523257,0.38093073399666555,0.05609157495808971
['Billie Holiday'],[79016],-0.638419820106279,-0.6105649670539357,0.27434060242143454,0.04881047044883759,-0.7432383625047649,0.9134319847556667,-0.05106255141242536
['Billie Holiday'],[79016],-0.5688806448784713,-0.7745317624330805,0.253183042830859,0.24812092382958015,-0.6578585016815467,0.6185141204807568,-0.0745562065803826
['Billie Holiday'],[79016],-0.31279426090407125,-0.5362526847104183,0.3675840473953487,-0.03851524090498267,0.09280254912127557,0.44278667558668977,-0.007267716049352992
['Billie Holiday'],[79016],-0.6063790895700556,-0.6636421298471571,0.21745017915544196,0.07963695435380698,-0.30109619850900043,0.7156378339113746,-0.01704526625484082
['Billie Holiday'],[79016],-0.48706886333348987,-0.6140832547644445,0.2888193096173824,0.13373045413462453,-0.7670225878644715,0.6863045579733961,-0.011490030469357149
['Billie Holiday'],[79016],-0.5266933703029267,-0.7568853228255945,0.2672694765482881,0.18589484412466115,-0.7503321651206777,0.7257048652987019,-0.01666546981957602
['Billie Holiday'],[79016],-0.5778859290901597,-0.7094837660703436,0.2657423426878003,0.17646313325445434,-0.5737263463078988,0.637083116778796,-0.10470464077158613
['Billie Holiday'],[79016],-0.38798706170020675,-0.6252043302212882,0.24604515635522642,0.08589655280084325,-0.514472041575825,0.5842178119216808,0.022189338469053264
['Billie Holiday'],[79016],-0.476355207788602,-0.7112604468345338,0.24082518585667304,0.12545565987148488,-0.32291938157554273,0.536603052546612,-0.045817667571999315
['Billie Holiday'],[79016],-0.5841177280137172,-0.7259278049660921,0.23797213562173528,-0.10429635043160448,0.15164113515787855,0.8867078555221549,0.04757033111939385
['Billie Holiday'],[79016],-0.33121568424562065,-0.6831496808579808,0.30178889595838443,0.031793581978635535,-0.2453310130418347,0.6043885844580197,0.03726564258516978
['Billie Holiday'],[79016],-0.5455761307661144,-0.803425416830672,0.25893742588166235,0.08587822896115314,-0.470629233471106,0.8755938550923372,-0.0006813088699545345
['Billie Holiday'],[79016],-0.3036269546973581,-0.31973463872858154,0.3151457704794926,-0.030871574438015723,-0.6410971589924314,0.5028556523554558,-0.0042510245004531415
['Billie Holiday'],[79016],-0.4488767328229515,-0.5574842738525206,0.2207601817458659,0.015176308549389058,-0.33420372484436167,0.6000521928301954,0.037946529345273934
['Billie Holiday'],[79016],-0.43865994906321853,-0.5291822530704774,0.22647215510222848,0.11688622820138464,-0.7854707854059677,0.5765874219120276,-0.007422885578992616
['Billie Holiday'],[79016],-0.4520380719902047,-0.6427717472009092,0.23289400955570502,-0.08276836921363258,0.1242260124057896,0.6861862719565383,0.09235018303526128
['Billie Holiday'],[79016],-0.3927384391544436,-0.5830554041882506,0.42304048314150106,0.0628936321465679,-0.5146298653971387,0.5951889519422836,-0.05893351340467065
['Billie Holiday'],[79016],-0.4202458026237944,-0.5310282175134237,0.3228054721372764,-0.06907636241778731,-0.3326220551734908,0.7370659954881674,0.015091429016581295
['Billie Holiday'],[79016],-0.4138427789948073,-0.5215403100443805,0.4363127543130994,0.051272235267710776,-0.6930540875223665,0.6620240665741156,-0.07354375044387047
['Billie Holiday'],[79016],-0.3351627838871819,-0.6644603349326026,0.2568172581588532,-0.02428692184640612,-0.06864158410721072,0.6029209638516453,0.030376795899029328
['Billie Holiday'],[79016],-0.29389681135209655,-0.4078811428639042,0.4745215209144347,-0.12195536437098818,-0.09305952547345692,0.5477423459326483,-0.04260510104397565
['Billie Holiday'],[79016],-0.31310271592514594,-0.528068262835022,0.23976275715629894,-0.02058391198966085,-0.35479392160248663,0.5455937790697639,0.06749917873716418
['Billie Holiday'],[79016],-0.38681935292881525,-0.5329885951333536,0.21394055525650954,-0.028913358386998957,-0.3378290368144919,0.6624056567209937,0.12430234493670299
['Billie Holiday'],[79016],-0.3766783958977967,-0.6763774399459364,0.2687360041677548,0.11861387282893955,-0.3373015210800736,0.4727524044026383,-0.01525795688274271
['Billie Holiday'],[79016],-0.25529810099680345,-0.42972771551397987,0.21611609569157464,-0.04631301882017256,-0.5404863789948894,0.6132533560341141,0.15037277022190718
['Billie Holiday'],[79016],-0.2810819506445772,-0.4034559151909407,0.2693360140572545,0.02350594978898484,-0.803903475930849,0.6284412793153755,0.07651384452124296
['Billie Holiday'],[79016],-0.3625617605140235,-0.7170980449798015,0.31108916579649404,0.0015681661611703318,0.11182373153737198,0.5138005779140316,-0.03598653902666987
['Billie Holiday'],[79016],-0.18226369623121963,-0.47033164461793686,0.27293909905989044,-0.1445194408814963,0.07649354766851713,0.5256651614853507,0.1324068589775709
['Billie Holiday'],[79016],-0.22594255872914445,-0.5814986680364864,0.29274890986569646,0.054613602796505296,-0.1779860462876068,0.4218941798826313,0.0293067758784597
['Billie Holiday'],[79016],-0.17688570578788285,-0.4394401336953717,0.3006619307520705,-0.09923041251287106,0.06512776313856826,0.37142325501277346,0.07531796258605036
['Billie Holiday'],[79016],-0.37644420582344196,-0.6292116114205489,0.28165966156059585,-0.04189126751670923,0.12848455380006607,0.6785549352517845,-0.03375204385683726
['Billie Holiday'],[79016],-0.4454848532868397,-0.5386307722315443,0.24090860368698228,0.10195648173310423,-0.577121547233863,0.728008001503211,-0.0521722511769099
['Billie Holiday'],[79016],-0.15859946214266077,-0.44266226565247263,0.2530943509479288,-0.09419256407458897,0.060120725030631726,0.32568789700776224,0.06554390003920052
['Billie Holiday'],[79016],-0.2508430323437312,-0.4914741812128204,0.2612856036869877,0.13152165083211675,-0.8108617558605453,0.4506054955396876,0.050631457756792494
['Billie Holiday'],[79016],-0.24908171013651886,-0.3371755975261192,0.22121066776864232,-0.004183198648995277,-0.645712300564051,0.45560699715261366,0.10771897257574305
['Billie Holiday'],[79016],-0.5672352901129434,-0.5092068391369686,0.2750081155379059,0.16457906443123296,-0.6767033112421542,0.6373168957145551,0.06822645492065421
['Billie Holiday'],[79016],-0.21919328362925186,-0.34918221893597057,0.237751205959749,0.01066732969914048,-0.5632072380262358,0.3693407753992881,0.08744679180579239
['Billie Holiday'],[79016],-0.30284511969352484,-0.29347781525658917,0.2751948820835468,-0.04229605101980177,-0.6433510042624847,0.4969548052133416,0.0545360809638648
['Billie Holiday'],[79016],-0.3294874160966334,-0.3688730606704162,0.21406271894273707,-0.12278900148981234,-0.011503204973926975,0.4493814549792576,0.06858934199298448
['Billie Holiday'],[79016],-0.19670399069352587,-0.4402349767462511,0.28434730585450246,0.0644980505858878,-0.646283915613965,0.38938517204420653,0.048645490027342794
['Billie Holiday'],[79016],-0.21332428649565216,-0.3872228542747395,0.27911156301578993,-0.028541157339741097,-0.3821574634554604,0.3850098589353015,0.05448733244556293
['Billie Holiday'],[79016],-0.24297536171249737,-0.4477331968448354,0.2837607455181504,-0.027270806218994092,-0.19652832029013959,0.3687871814221172,0.037037388231259606
['Billie Holiday'],[79016],-0.05667358290747137,-0.3077482111831742,0.2293447010563545,-0.14409349581957848,-0.03816766031807609,0.3860699084121442,0.09572349889706243
['Billie Holiday'],[79016],-0.019755156891104422,-0.15490262318435039,0.23914882156270634,-0.09675930217217778,-0.4823841945033896,0.4714054944683692,0.027410414591405582
['Billie Holiday'],[79016],-0.4122454058680693,-0.7090574783382686,0.26352533401017597,0.0873137176672416,-0.587864220040263,0.7257018546892349,0.018774074000761476
['Billie Holiday'],[79016],-0.2511574429212318,-0.45309563856920765,0.24271290018639805,-0.007770502278757472,-0.37277086044016355,0.41122787393884774,0.053649185713481345
['Billie Holiday'],[79016],-0.3607941335942099,-0.24311552937507344,0.13410248580515668,-0.06700512521098982,-0.6202556481973978,0.7186009604494845,0.23595803165793008
['Billie Holiday'],[79016],-0.40749853553037896,-0.4728282806436185,0.2371910579279726,0.019221059664100416,-0.6996525781027778,0.6515062935766369,0.05176312523130781
['Billie Holiday'],[79016],-0.1955419390297128,-0.32514618647829663,0.23989421096689595,-0.040066701469361046,-0.39104359656277704,0.34266099622226137,0.08350261584613514
['Billie Holiday'],[79016],-0.6664895801852133,-0.5631479823019483,0.3201554906447554,0.09727050782693128,0.14573140106377078,0.5346260251026256,-0.12039104491381929
['Billie Holiday'],[79016],-0.28461822065961684,-0.3780649665187892,0.2942006515896463,-0.04640817322125644,-0.01913398282860014,0.32218064444383143,0.015065842170335226
['Billie Holiday'],[79016],-0.21509422149882587,-0.38741770126937114,0.25701515974784495,-0.07654263594367834,0.061921479911839605,0.29086041369157245,0.076059705469671
['Billie Holiday'],[79016],-0.3813810899526886,-0.13939323787683566,0.2608871351859754,0.014023434426361081,-0.7390850125223235,0.4016541633950119,-0.04457661569105556
['Billie Holiday'],[79016],-0.4350674498305538,-0.5711685075475058,0.23324160270943842,-0.026233931638676166,0.11709755716328615,0.5522384197318653,0.05545996464808801
['Billie Holiday'],[79016],-0.2124982962795623,-0.3381815491926488,0.23711927007040753,-0.10050580082789687,0.053266546510671545,0.25558161448405325,0.060199382560211984
['Billie Holiday'],[79016],-0.5454160357383963,-0.5083240682847164,0.2144189816918486,-0.01347533066777175,0.12264148409361203,0.545085839157377,0.04435769606024083
['Billie Holiday'],[79016],-0.4628014586651076,-0.02013953897295716,0.1894971037199104,-0.06301389783787639,-0.7316977908809015,0.5265990472337957,0.0750949574365825
['Billie Holiday'],[79016],-0.3232314961069872,-0.5745260735938054,0.31827687215372136,0.0547799539826118,-0.5294993166787404,0.5272709759383872,-0.04353551686821355
['Billie Holiday'],[79016],-0.6001876838728052,-0.7348674658637756,0.211713995167121,0.058955965199098896,-0.6418042065158455,0.9764853122941788,0.024583961497441686
['Billie Holiday'],[79016],-0.5819004541485325,-0.5677375474452488,0.3461202287886857,0.1441027930053819,-0.7583837197260396,0.6970119348348572,-0.108527155784937
['Billie Holiday'],[79016],-0.5276534905569708,-0.5818527637945687,0.24929187854510737,0.12824668047860507,-0.5838125749619892,0.6493711126537973,0.020206956077098496
['Billie Holiday'],[79016],-0.690541780538141,-0.7462695615370795,0.4934439151362091,0.12630945062076063,-0.2821378358419895,0.7563415566055302,-0.18884167007522415
['Billie Holiday'],[79016],-0.2842492006339946,-0.4790379211756367,0.264753170699694,-0.050976058107575994,0.0807800187523257,0.38093073399666555,0.05609157495808971
['Billie Holiday'],[79016],-0.6947423109338124,-0.7309094014723878,0.3197406465376623,0.30035701409775534,-0.5004320578772268,0.9511381523414232,-0.24992674281459423
['Billie Holiday'],[79016],-0.546871110510392,-0.6384492771744389,0.422737193597534,0.07214157024935526,-0.31788889740221354,0.5980952641121555,-0.1807745422627898
['Billie Holiday'],[79016],-0.7168457956902569,-0.44526934871909735,0.7017797565833384,-0.037594437372982424,-0.7389740248218764,1.0131584248616536,-0.24467468662841524
['Billie Holiday'],[79016],-0.39688613813712886,-0.6866310251827137,0.2304243429132415,0.0815648161213311,-0.3290742662663851,0.5823800640636523,0.03706052266363928
['Billie Holiday'],[79016],-0.5929789040643492,-0.5800362510925311,0.1800962351211789,0.07898141425146564,-0.48474081819355863,0.7692784973889479,0.06912889698291959
['Billie Holiday'],[79016],-0.35741066092396906,-0.6123235319613188,0.4461604303007702,0.06827195858131582,-0.34157825753237375,0.5102638099422627,-0.1028441983489688
['Billie Holiday'],[79016],-0.6745314909637307,-0.6533207383746994,0.2056441320375273,0.060014546190990135,-0.6437034768048061,0.9134575491104204,-0.006311659499136834
['Billie Holiday'],[79016],-0.5160845135181866,-0.7050485327995586,0.2694203914070367,0.05776247453591537,-0.30835670090057177,0.7324432985205768,-0.01714810985590447
['Billie Holiday'],[79016],-0.5083393549042271,-0.6441388523360632,0.2486639742147022,0.041750554110315606,-0.3123897445830998,0.7223350823492255,0.02791612960430925
['Billie Holiday'],[79016],-0.702647298077801,-0.8597942247566742,0.25786960086827365,0.19508762269037946,-0.4531445586191723,0.7725511155644539,-0.12674952934143263
['Billie Holiday'],[79016],-0.5329156636773328,-0.5433072815952255,0.17137275403636204,-0.05551499047505866,-0.316324590745807,0.7740081734970672,0.04589250013289218
['Billie Holiday'],[79016],-0.5397356728674761,-0.7235983243266416,0.32938768815152425,0.07779826880780935,-0.13141567962634995,0.6042331365703932,-0.10316139353585059
['Billie Holiday'],[79016],-0.4664260051621569,-0.630931679922292,0.37238406127729173,0.017135631309044667,-0.14450816343908315,0.6076704415347199,-0.08542727522677546
['Billie Holiday'],[79016],-0.40143700628229595,-0.5748548381315964,0.22953471814877707,0.12025069053883265,-0.7863933967836337,0.5762145220777399,0.010667427382593409
['Billie Holiday'],[79016],-0.5018927121420055,-0.6591153957489663,0.21967222783802423,0.13172322820113908,-0.5868392308287457,0.6166236752200888,-0.029902046424542115
['Billie Holiday'],[79016],-0.5412178799395271,-0.7220827019101725,0.3593749820950504,9.659786705963813e-05,0.14151843483836016,0.667879312343975,-0.0681639618669153
['Billie Holiday'],[79016],-0.4446251112589787,-0.7763182738370709,0.2986440038411482,0.12477648187802243,-0.49318826284099737,0.669820159334838,-0.013434977906995209
['Billie Holiday'],[79016],-0.39066725142664477,-0.3891189014348767,0.5239152849015047,0.06046767078046212,-0.8019745372150243,0.5319088618571206,-0.15162132355129526
['Billie Holiday'],[79016],-0.5631042255934973,-0.5861232694931633,0.34046614977508133,-0.016611198923399406,-0.3100793152485901,0.786842066115706,-0.05173026792309519
['Billie Holiday'],[79016],-0.7556666994840529,-0.7836123820030864,0.2864550166700936,0.2095441427512167,-0.4429703452607103,0.8035543687064511,-0.19963810691369727
['Billie Holiday'],[79016],-0.6871872596911455,-0.7896215046391886,0.2525892532038217,0.13784968803081232,-0.7136881211747268,0.9936374760101943,-0.07600600102633136
['Billie Holiday'],[79016],-0.38846070867138777,-0.5514493085798873,0.2703292747992376,0.020726992492716038,-0.605168557195023,0.6891106857918424,0.05406896161943975
['Billie Holiday'],[79016],-0.2980100128280553,-0.42417870441890343,0.20782222457258814,-0.032877259196279936,-0.8051093763473004,0.6900983070380364,0.11335345884691764
['Billie Holiday'],[79016],-0.5244697876957196,-0.768110492586009,0.26140836097560183,0.04584401862791312,0.05104592977580847,0.636771687311804,-0.044179443775989466
['Billie Holiday'],[79016],-0.6350191969151635,-0.3521741580361138,0.5157793969936093,0.02888227571493106,-0.5213715282673106,1.118213586253074,-0.3824398678796046
['Billie Holiday'],[79016],-0.4540473134339933,-0.673845818159793,0.2938483311339895,0.027914066238418352,-0.05476792527081237,0.5909733519065922,-0.03219513121400065
['Billie Holiday'],[79016],-0.2833835806768227,-0.40129704809735756,0.30872440416302643,-0.003750046146044484,-0.6359034649301362,0.5157049908808927,0.008922200143126372
['Billie Holiday'],[79016],-0.2824475265285375,-0.5601803830252708,0.2637448386267523,-0.0388894674335346,0.08666923903543064,0.39654823251631904,0.05641949574248206
['Billie Holiday'],[79016],-0.4543346328417329,-0.7570482925577166,0.25231099323397804,0.12328656149977274,-0.49040712361425387,0.7066581939627417,-0.01333612948647764
['Billie Holiday'],[79016],-0.41468143318468315,-0.5149277200406968,0.3849282923013034,-0.021819630503555686,0.10034864441914626,0.4257108839294562,-0.07062295836385128
['Billie Holiday'],[79016],-0.674028998555036,-0.6774887650819255,0.2727752041774627,-0.05219225387929372,0.1598557910983761,0.8356413114799033,-0.001910840022022277
['Billie Holiday'],[79016],-0.6796062951062632,-0.830940466178394,0.32833486937308765,0.2631836082311269,-0.7186568380741399,0.7941761062881465,-0.16606258395807616
['Billie Holiday'],[79016],-0.6517917252595119,-0.7005584779068951,0.4078090308390961,0.05984558619624722,-0.11535662643679494,0.6988655081183315,-0.14671712096225392
['Billie Holiday'],[79016],-0.48706886333348987,-0.6140832547644445,0.2888193096173824,0.13373045413462453,-0.7670225878644715,0.6863045579733961,-0.011490030469357149
['Billie Holiday'],[79016],-0.5621821626382738,-0.5904528107878119,0.39627895284777476,-0.011341696610243859,-0.13505069784162643,0.6798032941336432,-0.07678434470240329
['Billie Holiday'],[79016],-0.6947423109338124,-0.7309094014723878,0.3197406465376623,0.30035701409775534,-0.5004320578772268,0.9511381523414232,-0.24992674281459423
['Billie Holiday'],[79016],-0.5069115489794693,-0.7177774975642452,0.22232684762064092,0.16169108638920446,-0.7588539150853172,0.688254848155057,-0.028576520054476834
['Billie Holiday'],[79016],-0.4686673505971618,-0.7327889937639532,0.26235888967201554,0.019046096747849687,0.12869530697686737,0.5798260953451513,-0.013198763171003379
['Billie Holiday'],[79016],-0.514771268122631,-0.7717793997506291,0.22337929935556244,0.156978928409184,-0.6622194540295206,0.7282818224681425,-0.015941142390369104
['Billie Holiday'],[79016],-0.5618925484756007,-0.831224925552767,0.23012828052145526,0.17067832834813815,-0.11427073738613293,0.6236756600967605,-0.05116667759680613
['Billie Holiday'],[79016],-0.600870255720131,-0.8114447966284607,0.24600951575852778,0.17053120643254824,-0.4678420787829312,0.7515297450437971,-0.017040208836878245
['Billie Holiday'],[79016],-0.5915755689597514,-0.64026024759625,0.27411824906600757,0.01863048716058799,-0.6556373326408279,0.92513513411903,-0.026798786180978727
['Billie Holiday'],[79016],-0.39571511887340066,-0.6029203061198634,0.47241106666030985,-0.012400048995806502,0.11089816278541038,0.5003756757124547,-0.09145227794532025
['Billie Holiday'],[79016],-0.388981238132873,-0.6234709145683839,0.23382927077453228,0.05459029657675698,0.019456604609559152,0.45971669924195435,0.0515832329875948
['Billie Holiday'],[79016],-0.6540574288756568,-0.7241500856784429,0.17232111954998774,0.049782625210313576,-0.2869052338687966,0.8642712433142935,0.018652537990720072
['Billie Holiday'],[79016],-0.601199125376875,-0.6339339729736919,0.5998343723887262,0.040894624335961915,-0.3011433310540755,0.7547633637878622,-0.22644687556671522
['Billie Holiday'],[79016],-0.5515553090594619,-0.7407261210373786,0.26804986901664063,0.18235059811185544,-0.6592224676314611,0.6958949303508396,-0.037378314071556645
['Billie Holiday'],[79016],-0.3876097278095413,-0.447997434368129,0.31403601915547574,0.007958045017025177,-0.530270654200558,0.5460958578413118,0.0061019564841314836
['Billie Holiday'],[79016],-0.3743493433091816,-0.605203007654587,0.27517124167580187,0.10880044158583237,-0.7836802561162136,0.6467715331551196,0.017659189038589727
['Billie Holiday'],[79016],-0.6506846667602467,-0.607717521477997,0.35662495298262525,0.008437071498637845,-0.3858274341036865,0.8408270427852405,-0.05888795615728121
['Billie Holiday'],[79016],-0.5618925484756007,-0.831224925552767,0.23012828052145526,0.17067832834813815,-0.11427073738613293,0.6236756600967605,-0.05116667759680613
['Billie Holiday'],[79016],-0.4520380719902047,-0.6427717472009092,0.23289400955570502,-0.08276836921363258,0.1242260124057896,0.6861862719565383,0.09235018303526128
['Billie Holiday'],[79016],-0.5631231935887615,-0.5115716207190989,0.21543412669629466,-0.12894099983375465,0.03855130509050969,0.752525540017892,0.02829176647909667
['Billie Holiday'],[79016],-0.2095974751003575,-0.3662258610078107,0.1925044666276898,-0.061161308518394276,-0.5588367207479155,0.5062043157202495,0.14874009573539665
['Billie Holiday'],[79016],-0.5688806448784713,-0.7745317624330805,0.253183042830859,0.24812092382958015,-0.6578585016815467,0.6185141204807568,-0.0745562065803826
['Billie Holiday'],[79016],-0.25633145637954186,-0.381843522143517,0.32470566869038653,0.0012859260127533394,-0.5566605645202823,0.4123086345697748,0.016718690952221463
['Billie Holiday'],[79016],-0.36529116521113175,-0.5216623208532989,0.4928377768649072,-0.06022131007001503,0.010890178383813749,0.5289927216964482,-0.07153525984905433
['Billie Holiday'],[79016],-0.31773047324881637,-0.18706184163257905,0.2402535763493432,0.07803148435110469,-0.29107282989741606,0.7492263358125076,-0.3501984171134307
['Billie Holiday'],[79016],-0.38798706170020675,-0.6252043302212882,0.24604515635522642,0.08589655280084325,-0.514472041575825,0.5842178119216808,0.022189338469053264
['Billie Holiday'],[79016],-0.5028850469313128,-0.49526203176463085,0.3555395642567932,0.07986097112463225,-0.7785693484924925,0.6323719770359112,-0.12006504311906281
['Billie Holiday'],[79016],-0.4585897416684854,-0.7167520696713195,0.3009952772769416,0.04381790065062596,-0.05230341634163247,0.5758647534549106,-0.058116343007443776
['Billie Holiday'],[79016],-0.5290115728589132,-0.6508508084484035,0.27444891868262156,0.047549427361181736,-0.4895017294247118,0.7566480232378997,0.0038261000385860786
['Billie Holiday'],[79016],-0.30865260279467366,-0.5302367688091394,0.30707748444725774,-0.04020456378306889,0.08685240232269853,0.3902036518430056,0.01096559230462978
['Billie Holiday'],[79016],-0.43865994906321853,-0.5291822530704774,0.22647215510222848,0.11688622820138464,-0.7854707854059677,0.5765874219120276,-0.007422885578992616
['Billie Holiday'],[79016],-0.5166941288260717,-0.7458016136478022,0.28659721375875175,-0.0598105247556308,0.05713000967367364,0.823581207739851,0.012809305199278
['Billie Holiday'],[79016],-0.31279426090407125,-0.5362526847104183,0.3675840473953487,-0.03851524090498267,0.09280254912127557,0.44278667558668977,-0.007267716049352992
['Billie Holiday'],[79016],-0.4391978688037743,-0.741030164629576,0.2040660306474234,0.16532510705604042,-0.586519017070672,0.6210932434330995,0.010641418845209768
['Billie Holiday'],[79016],-0.3036269546973581,-0.31973463872858154,0.3151457704794926,-0.030871574438015723,-0.6410971589924314,0.5028556523554558,-0.0042510245004531415
['Billie Holiday'],[79016],-0.39480706418095785,-0.48800466355329,0.21802483333251238,-0.02554724679051075,-0.0880086431442466,0.4124622814183433,7.506251068775823e-05
['Billie Holiday'],[79016],-0.476355207788602,-0.7112604468345338,0.24082518585667304,0.12545565987148488,-0.32291938157554273,0.536603052546612,-0.045817667571999315
['Billie Holiday'],[79016],-0.4713798857379704,-0.5778156019566614,0.28774904982364985,-0.010462892467348566,-0.3243951588834314,0.6985998849349196,0.008351547414740512
['Billie Holiday'],[79016],-0.4363460660611883,-0.3936852541274133,0.503832101725378,-0.11296237640546539,-0.5177058754143153,0.7936790859534292,-0.09146968617251423
['Billie Holiday'],[79016],-0.5778859290901597,-0.7094837660703436,0.2657423426878003,0.17646313325445434,-0.5737263463078988,0.637083116778796,-0.10470464077158613
['Billie Holiday'],[79016],-0.3985201522283908,-0.651887507870406,0.25607131614149664,0.1322132443855914,-0.5973998364551288,0.6086043038003532,0.020286068580756406
['Billie Holiday'],[79016],-0.28567937937963084,-0.40070311012290294,0.30542831517792435,0.024306245690514414,-0.7291058507322357,0.4716895280303433,-0.021932747781687058
['Billie Holiday'],[79016],-0.2771161414663357,-0.49755170976369634,0.29661435571167155,-0.07859875331870726,0.08173722165245266,0.41591417734015534,0.02375351345049007
['Billie Holiday'],[79016],-0.21071139028688632,-0.3802926146699127,0.3359205763278224,-0.08473391730331166,-0.20245639490816272,0.4118491462869675,0.04389532063888785
['Billie Holiday'],[79016],-0.48835455621103924,-0.7130995854014597,0.2707903692190055,-0.004696512711023251,0.12992603862343183,0.6026713962274604,-0.017200433082963557
['Billie Holiday'],[79016],-0.48901954946413495,-0.6834537926082543,0.23385285543233328,0.09269205828629588,-0.314641019540823,0.6381982672934381,0.006877668550091233
['Billie Holiday'],[79016],-0.2781508255519216,-0.5333904125074397,0.31547178773021073,-0.07383983250454004,0.08892378974778208,0.4776452812669256,0.06465685578672709
['Billie Holiday'],[79016],-0.26620677807524784,-0.411919379186654,0.23555502131822467,0.015871775521103297,-0.5522359056845224,0.4234074149688753,0.06213462524641226
['Billie Holiday'],[79016],-0.37525007055987347,-0.6872204167323538,0.25496754139026506,0.13134136302793875,-0.7749994147437693,0.6754151166214735,-0.004679604872227633
['Billie Holiday'],[79016],-0.31310271592514594,-0.528068262835022,0.23976275715629894,-0.02058391198966085,-0.35479392160248663,0.5455937790697639,0.06749917873716418
['Billie Holiday'],[79016],-0.432531195142541,-0.5180805221862567,0.40297072398263073,0.05285292988285851,-0.6924313514075653,0.6538435075639392,-0.06555717684907045
['Billie Holiday'],[79016],-0.3927384391544436,-0.5830554041882506,0.42304048314150106,0.0628936321465679,-0.5146298653971387,0.5951889519422836,-0.05893351340467065
['Billie Holiday'],[79016],-0.4607880088905544,-0.5330458925890229,0.4370667579764444,0.021537537942112682,-0.5099916330910164,0.6705051099224021,-0.08618255816305474
['Billie Holiday'],[79016],-0.17433988305725803,-0.436669729403331,0.06284206972985674,0.28612267181728995,-0.23056355869319278,0.9248112079171666,-0.49029730781324354
['Billie Holiday'],[79016],-0.24398412121381113,-0.3596067830062108,0.263574999782317,-0.001897869481677589,-0.6519357686218039,0.3997089917917692,0.04859603236591992
['Billie Holiday'],[79016],-0.25633145637954186,-0.381843522143517,0.32470566869038653,0.0012859260127533394,-0.5566605645202823,0.4123086345697748,0.016718690952221463
['Billie Holiday'],[79016],-0.2960179338635577,-0.5171112375804449,0.3850746824394303,-0.06568665430726044,0.0877639123900922,0.43235924195447795,0.001099684953964896
['Billie Holiday'],[79016],-0.2560510098908766,-0.40578328687786647,0.316184433100765,0.03319069615237275,-0.6414987650107646,0.42799948138283533,0.027031273560670113
['Billie Holiday'],[79016],-0.2535969698231328,-0.1781973476283216,0.3382754713712704,-0.19282834321193326,-0.5629587794819054,0.6171720980652285,0.11769920661938758
['Billie Holiday'],[79016],-0.2824475265285375,-0.5601803830252708,0.2637448386267523,-0.0388894674335346,0.08666923903543064,0.39654823251631904,0.05641949574248206
['Billie Holiday'],[79016],-0.35741066092396906,-0.6123235319613188,0.4461604303007702,0.06827195858131582,-0.34157825753237375,0.5102638099422627,-0.1028441983489688
['Billie Holiday'],[79016],-0.20157545732166854,-0.39693142493217326,0.2652375278534693,-0.05068846426735586,-0.38328071062885966,0.411217096981599,0.07923342293186132
['Billie Holiday'],[79016],-0.5166941288260717,-0.7458016136478022,0.28659721375875175,-0.0598105247556308,0.05713000967367364,0.823581207739851,0.012809305199278
['Billie Holiday'],[79016],-0.25065833806090226,-0.4817623744612777,0.2813616750622384,-0.09616759521772238,-0.09808579657743871,0.5056144801052164,0.07053539056684784
['Billie Holiday'],[79016],-0.47969436331888493,-0.7083227576493887,0.40778256278464264,0.1377724330282358,-0.4971662055423288,0.6074407557479125,-0.13672933244028818
['Billie Holiday'],[79016],-0.44505415583198304,-0.534719970642842,0.20445178796585933,0.15701258717387676,-0.7801008393670188,0.5460158211388497,0.005488782482902065
['Billie Holiday'],[79016],-0.6232835578708773,-0.7211984343819239,0.3375598092854422,0.007616643625443827,-0.11727276112527639,0.7618154741208399,-0.0972382956516723
['Billie Holiday'],[79016],-0.2467376418872288,-0.4559541833309682,0.2695089156886358,0.018122503062081324,-0.46254448481478,0.40483522725532634,0.041508433874873275
['Billie Holiday'],[79016],-0.2650479667518099,-0.33003933819883086,0.22915411410633477,-0.07348408385062308,-0.5537337693250484,0.5286474663209552,0.13971460075552208
['Billie Holiday'],[79016],-0.5069115489794693,-0.7177774975642452,0.22232684762064092,0.16169108638920446,-0.7588539150853172,0.688254848155057,-0.028576520054476834
['Billie Holiday'],[79016],-0.4686673505971618,-0.7327889937639532,0.26235888967201554,0.019046096747849687,0.12869530697686737,0.5798260953451513,-0.013198763171003379
['Billie Holiday'],[79016],-0.4468000280959434,-0.6130526230222478,0.5367249111243061,0.010533413271961752,-0.1463708970451506,0.6145358098176548,-0.13503088069552052
['Billie Holiday'],[79016],-0.6745314909637307,-0.6533207383746994,0.2056441320375273,0.060014546190990135,-0.6437034768048061,0.9134575491104204,-0.006311659499136834
['Billie Holiday'],[79016],-0.37525007055987347,-0.6872204167323538,0.25496754139026506,0.13134136302793875,-0.7749994147437693,0.6754151166214735,-0.004679604872227633
['Billie Holiday'],[79016],-0.47262325839466046,-0.7699897635572688,0.27066416535189597,0.10625130761933607,-0.13339374129939965,0.601285875984101,0.001342304837540775
['Billie Holiday'],[79016],-0.35322735965133795,-0.5281745620156284,0.34259766035530437,0.0833418147930081,-0.7900596515619096,0.6235676254984301,-0.009941055746723222
['Billie Holiday'],[79016],-0.5257873274480516,-0.6415397553842137,0.213703000486463,0.1141683371655622,-0.49353085934346375,0.6413231954901907,-0.015261614524145341
['Billie Holiday'],[79016],-0.43922582651072234,-0.6704666236640051,0.3237925726622923,-0.03957803777603852,0.033973819112592875,0.6454201662786047,-0.023725827039458514
['Billie Holiday'],[79016],-0.6707293753767105,-0.6896355738135646,0.29437800263645786,0.05293005953969348,-0.3756282592887847,0.8724656643849145,-0.04067115374314361
['Billie Holiday'],[79016],-0.281710558816355,-0.5298343433758282,0.34432912671603155,-0.06439100570601962,-0.09099631875677988,0.5015664573384063,0.015219129979891034
['Billie Holiday'],[79016],-0.39066725142664477,-0.3891189014348767,0.5239152849015047,0.06046767078046212,-0.8019745372150243,0.5319088618571206,-0.15162132355129526
['Billie Holiday'],[79016],-0.40901112288429786,-0.753155088521784,0.22706478691431126,0.08355566800132008,-0.32154875669918687,0.6369568572471948,0.012156255984409267
['Billie Holiday'],[79016],-0.4446251112589787,-0.7763182738370709,0.2986440038411482,0.12477648187802243,-0.49318826284099737,0.669820159334838,-0.013434977906995209
['Billie Holiday'],[79016],-0.600870255720131,-0.8114447966284607,0.24600951575852778,0.17053120643254824,-0.4678420787829312,0.7515297450437971,-0.017040208836878245
['Billie Holiday'],[79016],-0.5940443985351326,-0.6969461966009199,0.2500392792664409,-0.0992797148482903,0.14816292206151252,0.8408011578221933,0.03990093348756175
['Billie Holiday'],[79016],-0.5160845135181866,-0.7050485327995586,0.2694203914070367,0.05776247453591537,-0.30835670090057177,0.7324432985205768,-0.01714810985590447
['Billie Holiday'],[79016],-0.5515553090594619,-0.7407261210373786,0.26804986901664063,0.18235059811185544,-0.6592224676314611,0.6958949303508396,-0.037378314071556645
['Billie Holiday'],[79016],-0.5397356728674761,-0.7235983243266416,0.32938768815152425,0.07779826880780935,-0.13141567962634995,0.6042331365703932,-0.10316139353585059
['Billie Holiday'],[79016],-0.6540574288756568,-0.7241500856784429,0.17232111954998774,0.049782625210313576,-0.2869052338687966,0.8642712433142935,0.018652537990720072
['Billie Holiday'],[79016],-0.49751578709308797,-0.6757559695267218,0.4059196035025838,-0.0011635950056016202,0.12842006978392986,0.5814929241197613,-0.11640253626918853
['Billie Holiday'],[79016],-0.41288874811934645,-0.6246178879233334,0.21037432590542476,0.16744738769709702,-0.7789010730292866,0.5755024695819615,0.01218997077348291
['Billie Holiday'],[79016],-0.4607880088905544,-0.5330458925890229,0.4370667579764444,0.021537537942112682,-0.5099916330910164,0.6705051099224021,-0.08618255816305474
['Billie Holiday'],[79016],-0.39096768577199464,-0.572417173801608,0.2903066223348257,0.13541360282782874,-0.7861042379697541,0.5666348688506376,-0.016227519830798353
['Billie Holiday'],[79016],-0.4818341477643316,-0.6094577862070247,0.33980522744915037,-0.015285681980431096,0.1199376138636519,0.5482502573975274,-0.04974990173425384
['Billie Holiday'],[79016],-0.351105194621115,-0.6280241647983775,0.23445734908058538,0.02531133574107298,0.10529407591941736,0.4352206699656944,0.06729146492169805
['Billie Holiday'],[79016],-0.674028998555036,-0.6774887650819255,0.2727752041774627,-0.05219225387929372,0.1598557910983761,0.8356413114799033,-0.001910840022022277
['Billie Holiday'],[79016],-0.3853775262626605,-0.6469516412885117,0.2746038729823468,0.12685418317587946,-0.7791856572362759,0.6404205714026067,-0.035971091240243135
['Billie Holiday'],[79016],-0.5371330642035637,-0.5968513751674359,0.21333874972833244,0.11184555784308071,-0.30451931532142923,0.6435987196171823,-0.04620358682307465
['Billie Holiday'],[79016],-0.3743493433091816,-0.605203007654587,0.27517124167580187,0.10880044158583237,-0.7836802561162136,0.6467715331551196,0.017659189038589727
['Billie Holiday'],[79016],-0.39688613813712886,-0.6866310251827137,0.2304243429132415,0.0815648161213311,-0.3290742662663851,0.5823800640636523,0.03706052266363928
['Billie Holiday'],[79016],-0.3039693208483832,-0.5639403730258592,0.3356795423728381,-0.0474974539858642,-0.1743558043184164,0.5481040155293982,0.0027978001806586825
['Billie Holiday'],[79016],-0.5290115728589132,-0.6508508084484035,0.27444891868262156,0.047549427361181736,-0.4895017294247118,0.7566480232378997,0.0038261000385860786
['Billie Holiday'],[79016],-0.39571511887340066,-0.6029203061198634,0.47241106666030985,-0.012400048995806502,0.11089816278541038,0.5003756757124547,-0.09145227794532025
['Billie Holiday'],[79016],-0.601199125376875,-0.6339339729736919,0.5998343723887262,0.040894624335961915,-0.3011433310540755,0.7547633637878622,-0.22644687556671522
['Billie Holiday'],[79016],-0.5276534905569708,-0.5818527637945687,0.24929187854510737,0.12824668047860507,-0.5838125749619892,0.6493711126537973,0.020206956077098496
['Billie Holiday'],[79016],-0.4713798857379704,-0.5778156019566614,0.28774904982364985,-0.010462892467348566,-0.3243951588834314,0.6985998849349196,0.008351547414740512
['Billie Holiday'],[79016],-0.6506846667602467,-0.607717521477997,0.35662495298262525,0.008437071498637845,-0.3858274341036865,0.8408270427852405,-0.05888795615728121
['Billie Holiday'],[79016],-0.6871872596911455,-0.7896215046391886,0.2525892532038217,0.13784968803081232,-0.7136881211747268,0.9936374760101943,-0.07600600102633136
['Billie Holiday'],[79016],-0.46673452328801945,-0.6835465288909683,0.26295977875403526,0.13281628040195906,-0.5906913047369113,0.6114598800628491,-0.03716440433483243
['Billie Holiday'],[79016],-0.5621821626382738,-0.5904528107878119,0.39627895284777476,-0.011341696610243859,-0.13505069784162643,0.6798032941336432,-0.07678434470240329
['Billie Holiday'],[79016],-0.23926619158366288,-0.5172729413533407,0.2630846329558617,-0.02782964185382161,-0.2760180386891991,0.4839556630781023,0.07974323203585779
['Billie Holiday'],[79016],-0.5828064695464957,-0.6380452406466273,0.1451420974087538,0.13610205374058737,-0.7522710184527521,0.7733240056212292,0.006473014407330975
['Billie Holiday'],[79016],-0.649557492957106,-0.7424222419275164,0.2996913161273691,0.20486196588047045,-0.6558698496820481,0.6467325792532045,-0.16202311141647913
['Billie Holiday'],[79016],-0.3822183011768814,-0.6637126225822377,0.25233881012288434,0.1503025962580359,-0.7776562042123605,0.6278687461358291,0.02446226166628514
['Billie Holiday'],[79016],-0.5813195957943998,-0.5657199672760985,0.3770983517523191,0.02144226978040728,-0.6588929373379754,0.9168959435096377,0.0024672448760747847
['Billie Holiday'],[79016],-0.21071139028688632,-0.3802926146699127,0.3359205763278224,-0.08473391730331166,-0.20245639490816272,0.4118491462869675,0.04389532063888785
['Billie Holiday'],[79016],-0.2781508255519216,-0.5333904125074397,0.31547178773021073,-0.07383983250454004,0.08892378974778208,0.4776452812669256,0.06465685578672709
['Billie Holiday'],[79016],-0.47370794968198393,-0.49923988007583997,0.38346799021035194,-0.003205241478710399,-0.33303313063581524,0.6073285277017186,-0.05510568864234967
['Billie Holiday'],[79016],-0.5705612286067344,-0.774242796544517,0.2686450383234929,0.1900241392032139,-0.563069513286287,0.7410562489720496,-0.02302978505995694
['Billie Holiday'],[79016],-0.3985201522283908,-0.651887507870406,0.25607131614149664,0.1322132443855914,-0.5973998364551288,0.6086043038003532,0.020286068580756406
['Billie Holiday'],[79016],-0.37211509804096193,-0.5628211737648032,0.22718972441913868,-0.008565330493942744,-0.07528287439735447,0.5034611319289621,0.1087784539338032
['Billie Holiday'],[79016],-0.2833912970909383,-0.5601682525224687,0.2613235913532199,-0.0395045380478648,-0.08623966278704538,0.5019119856164487,0.09309396964393159
['Billie Holiday'],[79016],-0.48835455621103924,-0.7130995854014597,0.2707903692190055,-0.004696512711023251,0.12992603862343183,0.6026713962274604,-0.017200433082963557
['Billie Holiday'],[79016],-0.34586811687514846,-0.4653592485368867,0.18409596040640464,-0.047253845330849184,-0.059956368151111356,0.6469841707442116,0.03540058840985378
['Billie Holiday'],[79016],-0.26022549859450594,-0.4992278236596904,0.2539142196147863,-0.08879526911524932,0.07739868200293021,0.402074806661676,0.04669855226390679
['Billie Holiday'],[79016],-0.2095974751003575,-0.3662258610078107,0.1925044666276898,-0.061161308518394276,-0.5588367207479155,0.5062043157202495,0.14874009573539665
['Billie Holiday'],[79016],-0.5840925997849276,-0.5876666681943405,0.23920132560866167,-0.02156504326562655,-0.487336071024765,0.853597423008467,0.000878690529328633
['Billie Holiday'],[79016],-0.23878049378419802,-0.4275816909333146,0.23908497450174082,0.022370189949248304,-0.5565907412544921,0.3926512892672254,0.06086734238331053
['Billie Holiday'],[79016],-0.3987741360032921,-0.5143768222658495,0.3768854924568433,0.060141682010713654,-0.5270869419143827,0.49586122195063737,-0.08554570705151292
['Billie Holiday'],[79016],-0.464914952036349,-0.26670396532004537,0.7760429003976014,0.007568011254482693,-0.7925703613590025,0.6373469987243662,-0.2527490083832973
['Billie Holiday'],[79016],-0.23165300956905005,-0.397596035839531,0.2463876868099026,0.0021018311524021384,-0.6494926333135139,0.42279656536949706,0.05769476645415161
['Billie Holiday'],[79016],-0.25237430723052684,-0.4912957956740124,0.21838011082816433,-0.15861817362073388,0.08415982673446763,0.5570467432184995,0.15326251201618682
['Billie Holiday'],[79016],-0.4928891994563707,-0.5975004054410976,0.2266779412185261,-0.02071310785701346,-0.4994298558422387,0.7907567487725116,0.01745613223209064
['Billie Holiday'],[79016],-0.24470765440825878,-0.3688709093138597,0.5047663499884346,-0.014301581722839986,-0.5516888210535874,0.47431716793933065,-0.06430729454695801
['Billie Holiday'],[79016],-0.18195702933546534,-0.3607509058253893,0.25816524526703294,-0.13952201761079644,-0.03758864091517372,0.33040094064846776,0.06767685339072824
['Billie Holiday'],[79016],-0.24814852567274662,-0.28423816257012324,0.49906712769257733,-0.06342408912401776,-0.5599959428025733,0.46810617443823305,-0.06885180704219918
['Billie Holiday'],[79016],-0.4529623614891239,-0.1782123271876695,0.7647082779031477,-0.28300500540882745,0.013049735132751523,0.7958944224498206,-0.10207710209344499
['Billie Holiday'],[79016],-0.5209408734279438,-0.5913506110456591,0.24972822002079825,-0.002011183053918257,-0.4940758173747915,0.7998517384480479,0.029742601698764134
['Billie Holiday'],[79016],-0.27198500310074775,-0.4912206686639844,0.2402541611522866,0.047482681535241225,-0.5478120641611971,0.4157348397912772,0.02960901636551189
['Billie Holiday'],[79016],-0.1588650639889623,-0.4340306482895983,0.25132573716477524,0.021668477440936845,-0.5602409482837922,0.4152083957959271,0.08405761724834926
['Billie Holiday'],[79016],-0.17002372923356412,-0.32270198008532025,0.22830142501883594,0.004527207483071837,-0.663447476361072,0.3451887252924215,0.07992255525397476
['Billie Holiday'],[79016],-0.3448519510559642,-0.3609872566485344,0.2134013983815333,-0.04378986947493275,-0.6248183849816097,0.6278982510072111,0.11549391818751636
['Billie Holiday'],[79016],-0.24015176056362025,-0.3526206148559833,0.2095723800738223,0.001613149968586204,-0.8170651542156104,0.5701229910730703,0.14417205281280912
['Billie Holiday'],[79016],-0.38429576469584176,-0.48495986619931164,0.2002892253128157,0.052494729490357536,-0.6967687253515136,0.6331734526590168,0.0623220482468592
['Billie Holiday'],[79016],-0.22999754701215694,-0.5369151460191067,0.2651587606352433,-0.04713280641133683,0.08034789829034887,0.3858599449382419,0.07283335770650423
['Billie Holiday'],[79016],-0.4167484678441993,-0.3595542796877553,0.12144958125623183,0.0708966944725569,-0.4632901202147332,0.8609074349585668,-0.19099690926145443
['Billie Holiday'],[79016],-0.3742657391352607,-0.5640911019831328,0.2439642099642878,-0.01815720704165669,-0.3367397708740068,0.6662814636511929,0.09707122537969536
['Billie Holiday'],[79016],-0.2692493128748864,-0.409462357558887,0.20539262034120473,0.045985166208865176,-0.720863695645711,0.5439000150466261,0.1041585521151884
['Billie Holiday'],[79016],-0.13002605393042807,-0.3279847767549648,0.24153301917013348,-0.12894727466101583,-0.04247493770288281,0.30427782296148503,0.10040055565173799
['Billie Holiday'],[79016],-0.4193782992483527,-0.5872917524660664,0.22005924105858657,0.07054239112512016,-0.5116692398252204,0.6131442554543971,0.028112505916369424
['Billie Holiday'],[79016],-0.3684779741294768,-0.5430788913329975,0.23080567573232152,0.05570259963247859,-0.31846440866231807,0.66427706306883,-0.03334450396140841
['Billie Holiday'],[79016],-0.2002036328165769,-0.47748385058095844,0.30009713805226257,-0.05277170148801806,-0.01969294770489761,0.3531787123384079,0.04811747185943245
['Billie Holiday'],[79016],-0.14263150797331609,-0.22181147814359573,0.20226135912277673,-0.23415994818568903,0.05748940623471463,0.4719464660833021,0.13902256243055325
['Billie Holiday'],[79016],-0.275746743931525,-0.6405632729180953,0.30253211234758504,-0.02030829221139153,0.10035565831364046,0.5020552563573234,0.03188322653277441
['Billie Holiday'],[79016],-0.2503853546299168,-0.4773443779450993,0.2854265856972155,-0.095006772830858,-0.09912112724617465,0.4946918689190242,0.06785966550582068
['Billie Holiday'],[79016],-0.649557492957106,-0.7424222419275164,0.2996913161273691,0.20486196588047045,-0.6558698496820481,0.6467325792532045,-0.16202311141647913
['Billie Holiday'],[79016],-0.47370794968198393,-0.49923988007583997,0.38346799021035194,-0.003205241478710399,-0.33303313063581524,0.6073285277017186,-0.05510568864234967
['Billie Holiday'],[79016],-0.2928229433060124,-0.4656770173098059,0.23048958625488014,0.07507055195090297,-0.8053343621485313,0.5500492173396084,0.06496436984601542
['Billie Holiday'],[79016],-0.4818341477643316,-0.6094577862070247,0.33980522744915037,-0.015285681980431096,0.1199376138636519,0.5482502573975274,-0.04974990173425384
['Billie Holiday'],[79016],-0.2293706138415523,-0.4711372411205478,0.25253500272874263,-0.06727485454162675,0.07123374326962115,0.33737924115789486,0.08049791060344165
['Billie Holiday'],[79016],-0.638419820106279,-0.6105649670539357,0.27434060242143454,0.04881047044883759,-0.7432383625047649,0.9134319847556667,-0.05106255141242536
['Billie Holiday'],[79016],-0.40901112288429786,-0.753155088521784,0.22706478691431126,0.08355566800132008,-0.32154875669918687,0.6369568572471948,0.012156255984409267
['Billie Holiday'],[79016],-0.2833912970909383,-0.5601682525224687,0.2613235913532199,-0.0395045380478648,-0.08623966278704538,0.5019119856164487,0.09309396964393159
['Billie Holiday'],[79016],-0.5455761307661144,-0.803425416830672,0.25893742588166235,0.08587822896115314,-0.470629233471106,0.8755938550923372,-0.0006813088699545345
['Billie Holiday'],[79016],-0.464914952036349,-0.26670396532004537,0.7760429003976014,0.007568011254482693,-0.7925703613590025,0.6373469987243662,-0.2527490083832973
['Billie Holiday'],[79016],-0.3220645303212903,-0.4864700608902776,0.42435265006322487,0.0639950622922683,-0.7101785886126675,0.5608110339801924,-0.07563252331095754
['Billie Holiday'],[79016],-0.23926619158366288,-0.5172729413533407,0.2630846329558617,-0.02782964185382161,-0.2760180386891991,0.4839556630781023,0.07974323203585779
['Billie Holiday'],[79016],-0.40355399072350207,-0.7268919436307102,0.2519636419145623,0.13699804883937994,-0.6798590228292128,0.6675803122246254,0.01698026802791699
['Billie Holiday'],[79016],-0.6707293753767105,-0.6896355738135646,0.29437800263645786,0.05293005953969348,-0.3756282592887847,0.8724656643849145,-0.04067115374314361
['Billie Holiday'],[79016],-0.4792882293792176,-0.6037580760363479,0.271926459139651,-0.018987779522246905,0.11837842476097091,0.5447940389875789,-0.01758171874258432
['Billie Holiday'],[79016],-0.24470765440825878,-0.3688709093138597,0.5047663499884346,-0.014301581722839986,-0.5516888210535874,0.47431716793933065,-0.06430729454695801
['Billie Holiday'],[79016],-0.20098737379534948,-0.21402438157576287,0.2923373903469734,0.08536719453248744,0.15986842732236645,0.6335998950746521,-0.4998236035073295
['Billie Holiday'],[79016],-0.43543033507316914,-0.690028080381696,0.34022079146913425,0.02263357754788717,0.12251181973069632,0.5490570933361555,-0.04016089340822741
['Billie Holiday'],[79016],-0.41548083227272925,-0.6250951506538203,0.2307119527643909,0.011002181289486076,-0.3297712257293002,0.6610304047554881,0.04006763536654029
['Billie Holiday'],[79016],-0.41509631438325095,-0.5308404938946323,0.22616127561733845,0.08597322386403067,-0.5216730924049994,0.5148491192880289,0.003631657595566262
['Billie Holiday'],[79016],-0.23548903359321283,-0.4128133230289393,0.2633819800501384,-0.08324882183803274,-0.019461336288449805,0.3787378852305386,0.0805536363372477
['Billie Holiday'],[79016],-0.6232835578708773,-0.7211984343819239,0.3375598092854422,0.007616643625443827,-0.11727276112527639,0.7618154741208399,-0.0972382956516723
['Billie Holiday'],[79016],-0.34586811687514846,-0.4653592485368867,0.18409596040640464,-0.047253845330849184,-0.059956368151111356,0.6469841707442116,0.03540058840985378
['Billie Holiday'],[79016],-0.4219824378175839,-0.6117615893091604,0.27198518423130763,-0.02417277711615661,0.1123463351705698,0.5304844154237823,-0.004897854703899802
['Billie Holiday'],[79016],-0.6312545929634846,-0.5410023847156491,0.38840345250264424,-0.058311610724978404,-0.30320899659576733,0.8556153537085712,-0.06706833152139693
['Billie Holiday'],[79016],-0.3822183011768814,-0.6637126225822377,0.25233881012288434,0.1503025962580359,-0.7776562042123605,0.6278687461358291,0.02446226166628514
['Billie Holiday'],[79016],-0.18195702933546534,-0.3607509058253893,0.25816524526703294,-0.13952201761079644,-0.03758864091517372,0.33040094064846776,0.06767685339072824
['Billie Holiday'],[79016],-0.5989928232580795,-0.6567872449163655,0.1882517341533643,0.02307250677723186,-0.30019363574557967,0.8168217883230188,0.015493341629374425
['Billie Holiday'],[79016],-0.4742511309756758,-0.6301365344594192,0.22578862620607942,0.10430031100992683,-0.33175279114897277,0.4828134391221431,-0.039593840803655064
['Billie Holiday'],[79016],-0.587088655576983,-0.7052705558193475,0.2321092439336361,0.08610501597500911,-0.6315107637406842,0.9969118104920867,-0.08030953945339822
['Billie Holiday'],[79016],-0.44385464282505005,-0.4857506415893479,0.33557781549173904,-0.07136307194832046,-0.3342266075183479,0.7211975497566678,-0.003352181372688034
['Billie Holiday'],[79016],-0.3748242301666657,-0.6401702126120816,0.23704333763492547,0.08222539663225759,-0.68797969189246,0.6844394046250869,0.001372732001517237
['Billie Holiday'],[79016],-0.42125808796669145,-0.3703041634936803,0.6299970101708785,-0.08147095446409,0.09726798436337535,0.4887775185337689,-0.13547890496109738
['Billie Holiday'],[79016],-0.5813195957943998,-0.5657199672760985,0.3770983517523191,0.02144226978040728,-0.6588929373379754,0.9168959435096377,0.0024672448760747847
['Billie Holiday'],[79016],-0.5474344055444563,-0.5382351694755633,0.1459028572721096,-0.023603730929986244,-0.3222957272080717,0.7016057039534332,0.06460557726175387
['Billie Holiday'],[79016],-0.4608635336034427,-0.6763685677240855,0.2222641538018762,0.17957321118232591,-0.7660916133559564,0.6572001105794498,-0.004922364695755544
['Billie Holiday'],[79016],-0.34559292620157656,-0.5688677549723017,0.27262215677174995,0.167061539961432,-0.6553642277588004,0.7676023812379369,-0.18503762348068387
['Billie Holiday'],[79016],-0.39594731311960285,-0.5712676814668554,0.26514269459639234,-0.028216809904783872,-0.3376349960524086,0.6545399722185968,0.05087836409235934
['Billie Holiday'],[79016],-0.5269644409506333,-0.6143279168357353,0.2574203291367839,-0.044390585991098463,-0.3113700333125775,0.8440293246283004,0.056095683900958565
['Billie Holiday'],[79016],-0.3766783958977967,-0.6763774399459364,0.2687360041677548,0.11861387282893955,-0.3373015210800736,0.4727524044026383,-0.01525795688274271
['Billie Holiday'],[79016],-0.4138427789948073,-0.5215403100443805,0.4363127543130994,0.051272235267710776,-0.6930540875223665,0.6620240665741156,-0.07354375044387047
['Billie Holiday'],[79016],-0.44505415583198304,-0.534719970642842,0.20445178796585933,0.15701258717387676,-0.7801008393670188,0.5460158211388497,0.005488782482902065
['Billie Holiday'],[79016],-0.4991327232181995,-0.569522004819098,0.36027735861382365,0.11765030672208182,-0.7677832291906981,0.6940872377963476,-0.076015073029289
['Billie Holiday'],[79016],-0.33121568424562065,-0.6831496808579808,0.30178889595838443,0.031793581978635535,-0.2453310130418347,0.6043885844580197,0.03726564258516978
['Billie Holiday'],[79016],-0.29389681135209655,-0.4078811428639042,0.4745215209144347,-0.12195536437098818,-0.09305952547345692,0.5477423459326483,-0.04260510104397565
['Billie Holiday'],[79016],-0.38681935292881525,-0.5329885951333536,0.21394055525650954,-0.028913358386998957,-0.3378290368144919,0.6624056567209937,0.12430234493670299
['Billie Holiday'],[79016],-0.42844657553755133,-0.4829454914654406,0.2903549597148881,0.00891921786914363,-0.34305857235149373,0.5440031638452865,0.013940901731207893
['Billie Holiday'],[79016],-0.24814852567274662,-0.28423816257012324,0.49906712769257733,-0.06342408912401776,-0.5599959428025733,0.46810617443823305,-0.06885180704219918
['Billie Holiday'],[79016],-0.3470765083425876,-0.616139766946481,0.23721037557169183,0.03373700364394326,-0.3414030668049683,0.5710659492075222,0.06524969692766815
['Billie Holiday'],[79016],-0.29059381927121175,-0.3636698118119102,0.33176534490947507,-0.12012504885505244,0.06828359137674252,0.3529119818423086,-0.002762440100673036
['Billie Holiday'],[79016],-0.263436855012931,-0.3500684003340292,0.2939094995871128,-0.015029038181529137,-0.561419442429414,0.38749317047898174,0.02236009321581633
['Billie Holiday'],[79016],-0.27638627783794173,-0.26972997646401403,0.3622616994758108,-0.05516565746741412,-0.38486000724106567,0.3595394138578904,-0.012089956272517069
['Billie Holiday'],[79016],-0.5113332104969648,-0.7961102438490584,0.37936810001744664,0.0983777338261433,-0.2991199278839979,0.7553656618903759,-0.07434104706946285
['Billie Holiday'],[79016],-0.4488767328229515,-0.5574842738525206,0.2207601817458659,0.015176308549389058,-0.33420372484436167,0.6000521928301954,0.037946529345273934
['Billie Holiday'],[79016],-0.5705612286067344,-0.774242796544517,0.2686450383234929,0.1900241392032139,-0.563069513286287,0.7410562489720496,-0.02302978505995694
['Billie Holiday'],[79016],-0.33022647939531097,-0.41464587428653105,0.4209379763544705,0.03646442747363882,-0.7175080567938265,0.5262806083233743,-0.07581479237338086
['Billie Holiday'],[79016],-0.25237430723052684,-0.4912957956740124,0.21838011082816433,-0.15861817362073388,0.08415982673446763,0.5570467432184995,0.15326251201618682
['Billie Holiday'],[79016],-0.479982941552482,-0.6475350904896909,0.3055101074986755,0.07877170629746026,-0.3283588981288535,0.534334337104915,-0.11357298644747099
['Billie Holiday'],[79016],-0.37211509804096193,-0.5628211737648032,0.22718972441913868,-0.008565330493942744,-0.07528287439735447,0.5034611319289621,0.1087784539338032
['Billie Holiday'],[79016],-0.35322735965133795,-0.5281745620156284,0.34259766035530437,0.0833418147930081,-0.7900596515619096,0.6235676254984301,-0.009941055746723222
['Billie Holiday'],[79016],-0.32000938629606135,-0.2989864078866082,0.39508296573537266,-0.03578640949162425,-0.37604633945165566,0.3780071899046342,-0.03507790083687579
['Billie Holiday'],[79016],-0.5101491796838704,-0.6960397155996376,0.23542323437974205,0.12724681980383531,-0.32194020682148367,0.5180241771096702,-0.06281514231699037
['Billie Holiday'],[79016],-0.45702007624654595,-0.4356084572993261,0.31812159745115,0.09192291743235952,-0.7908484006790923,0.549339548567382,-0.03947174991937406
['Billie Holiday'],[79016],-0.26022549859450594,-0.4992278236596904,0.2539142196147863,-0.08879526911524932,0.07739868200293021,0.402074806661676,0.04669855226390679
['Billie Holiday'],[79016],-0.41791993812420325,-0.6092818168667186,0.44909785067072017,0.07408393202141993,-0.5079643456346501,0.6236971903378056,-0.08906666922362208
['Billie Holiday'],[79016],-0.3647666460257001,-0.5765998037991615,0.3483385920714457,0.05288996106117957,-0.3417585219500987,0.5372283515457551,-0.03175139124910199
['Billie Holiday'],[79016],-0.3869554235759879,-0.6406307778990736,0.2918887130407614,0.0031690413778766363,-0.06469764422185922,0.5703615797112696,0.047031475140099685
['Billie Holiday'],[79016],-0.49751578709308797,-0.6757559695267218,0.4059196035025838,-0.0011635950056016202,0.12842006978392986,0.5814929241197613,-0.11640253626918853
['Billie Holiday'],[79016],-0.2950541630422798,-0.434599868139187,0.22150612188983534,0.03366298632251954,-0.3679598060444637,0.3799651356342029,0.07902555498210143
['Billie Holiday'],[79016],-0.4529623614891239,-0.1782123271876695,0.7647082779031477,-0.28300500540882745,0.013049735132751523,0.7958944224498206,-0.10207710209344499
['Billie Holiday'],[79016],-0.6398959665760556,-0.4787064794330681,0.30083363060143403,-0.08415387730569932,-0.395306647694748,0.8923427833458167,-0.013201858236511533
['Billie Holiday'],[79016],-0.4212213888394821,-0.6337676581333684,0.2184982612367962,0.11022111126523486,-0.5099446155785147,0.5739510915447326,0.03046024724213411
['Billie Holiday'],[79016],-0.5697131347914991,-0.8054836391070258,0.25079091396195574,0.16269098063825152,-0.29440273589940663,0.6863394975327641,-0.05154378349129864
['Billie Holiday'],[79016],-0.17433988305725803,-0.436669729403331,0.06284206972985674,0.28612267181728995,-0.23056355869319278,0.9248112079171666,-0.49029730781324354
['Billie Holiday'],[79016],-0.4202458026237944,-0.5310282175134237,0.3228054721372764,-0.06907636241778731,-0.3326220551734908,0.7370659954881674,0.015091429016581295
['Billie Holiday'],[79016],-0.3351627838871819,-0.6644603349326026,0.2568172581588532,-0.02428692184640612,-0.06864158410721072,0.6029209638516453,0.030376795899029328
['Billie Holiday'],[79016],-0.4928891994563707,-0.5975004054410976,0.2266779412185261,-0.02071310785701346,-0.4994298558422387,0.7907567487725116,0.01745613223209064
['Billie Holiday'],[79016],-0.5209408734279438,-0.5913506110456591,0.24972822002079825,-0.002011183053918257,-0.4940758173747915,0.7998517384480479,0.029742601698764134
['Billie Holiday'],[79016],-0.3987741360032921,-0.5143768222658495,0.3768854924568433,0.060141682010713654,-0.5270869419143827,0.49586122195063737,-0.08554570705151292
['Billie Holiday'],[79016],-0.5840925997849276,-0.5876666681943405,0.23920132560866167,-0.02156504326562655,-0.487336071024765,0.853597423008467,0.000878690529328633
['Billie Holiday'],[79016],-0.27198500310074775,-0.4912206686639844,0.2402541611522866,0.047482681535241225,-0.5478120641611971,0.4157348397912772,0.02960901636551189
['Billie Holiday'],[79016],-0.31773047324881637,-0.18706184163257905,0.2402535763493432,0.07803148435110469,-0.29107282989741606,0.7492263358125076,-0.3501984171134307
['Billie Holiday'],[79016],-0.2980100128280553,-0.42417870441890343,0.20782222457258814,-0.032877259196279936,-0.8051093763473004,0.6900983070380364,0.11335345884691764
['Billie Holiday'],[79016],-0.5697131347914991,-0.8054836391070258,0.25079091396195574,0.16269098063825152,-0.29440273589940663,0.6863394975327641,-0.05154378349129864
['Billie Holiday'],[79016],-0.5819004541485325,-0.5677375474452488,0.3461202287886857,0.1441027930053819,-0.7583837197260396,0.6970119348348572,-0.108527155784937
['Billie Holiday'],[79016],-0.44439947804824,-0.6493639750084846,0.27680118209984667,0.05296398611129501,-0.14836190064162344,0.5382052777688778,-0.011044739707052912
['Billie Holiday'],[79016],-0.6001876838728052,-0.7348674658637756,0.211713995167121,0.058955965199098896,-0.6418042065158455,0.9764853122941788,0.024583961497441686
['Billie Holiday'],[79016],-0.7168457956902569,-0.44526934871909735,0.7017797565833384,-0.037594437372982424,-0.7389740248218764,1.0131584248616536,-0.24467468662841524
['Billie Holiday'],[79016],-0.5977242239589226,-0.7816739254394498,0.2892334521288685,0.11264451989248771,0.056880564124563646,0.5765445104861578,-0.09277154816453728
['Billie Holiday'],[79016],-0.4915270370127039,-0.6783809954089474,0.22211206798506472,0.1004919162693302,-0.31587376556509866,0.6187406118203622,0.013955012392400419
['Billie Holiday'],[79016],-0.5291443517733371,-0.6304955655420438,0.23923833571924533,0.038160984736888885,-0.3163583557859715,0.6954380674154277,-0.013620063355292521
['Billie Holiday'],[79016],-0.48000672535489214,-0.6611068532197537,0.3041338707893319,-0.0026666323280837025,-0.132302785973058,0.7278865336626121,0.03459380052579433
['Billie Holiday'],[79016],-0.5208304733013164,-0.7981845294561191,0.27134411461420194,0.10986617836156257,-0.300350214586213,0.717488219812015,-0.02801738978134734
['Billie Holiday'],[79016],-0.41468143318468315,-0.5149277200406968,0.3849282923013034,-0.021819630503555686,0.10034864441914626,0.4257108839294562,-0.07062295836385128
['Billie Holiday'],[79016],-0.20752361317153878,-0.45609163210196213,0.22218500379792924,-0.046099295024616876,-0.3674376543111527,0.5370462261250151,0.11267436433400635
['Billie Holiday'],[79016],-0.4543346328417329,-0.7570482925577166,0.25231099323397804,0.12328656149977274,-0.49040712361425387,0.7066581939627417,-0.01333612948647764
['Billie Holiday'],[79016],-0.68969151787837,-0.7748601249116773,0.3080535461338245,0.23253848485477768,-0.6448294257444057,0.685977071860731,-0.16752926032706514
['Billie Holiday'],[79016],-0.415797472505763,-0.6736508295054914,0.26174093170976753,0.02004555941974366,0.11639752076780371,0.49739437230166494,0.005415282311437067
['Billie Holiday'],[79016],-0.388981238132873,-0.6234709145683839,0.23382927077453228,0.05459029657675698,0.019456604609559152,0.45971669924195435,0.0515832329875948
['Billie Holiday'],[79016],-0.46491550387498426,-0.6232759330193743,0.23824972319928372,0.08208355851557131,-0.764884960344968,0.771161302994525,0.0400350715180644
['Billie Holiday'],[79016],-0.5994351011790054,-0.6780508758145473,0.15834883092286633,0.09144931169657251,-0.47961878872085634,0.7848915771331126,-0.0015595730978033991
['Billie Holiday'],[79016],-0.6962770328308968,-0.5822806111740007,0.2501951193971348,0.05105694949891392,-0.6538101465962097,0.8518670640325691,-0.0359077822205681
['Billie Holiday'],[79016],-0.5508696287969252,-0.6601471460965795,0.25237890204093655,0.10183887255234542,-0.3074822967777079,0.6757363902590114,0.002497548944112763
['Billie Holiday'],[79016],-0.39480706418095785,-0.48800466355329,0.21802483333251238,-0.02554724679051075,-0.0880086431442466,0.4124622814183433,7.506251068775823e-05
['Billie Holiday'],[79016],-0.45702007624654595,-0.4356084572993261,0.31812159745115,0.09192291743235952,-0.7908484006790923,0.549339548567382,-0.03947174991937406
['Billie Holiday'],[79016],-0.6081149753663501,-0.737793466688989,0.3334502972270658,0.20494196240686732,-0.7431178746423015,0.7221261457086823,-0.1424443818156484
['Billie Holiday'],[79016],-0.5101491796838704,-0.6960397155996376,0.23542323437974205,0.12724681980383531,-0.32194020682148367,0.5180241771096702,-0.06281514231699037
['Billie Holiday'],[79016],-0.432531195142541,-0.5180805221862567,0.40297072398263073,0.05285292988285851,-0.6924313514075653,0.6538435075639392,-0.06555717684907045
['Billie Holiday'],[79016],-0.26620677807524784,-0.411919379186654,0.23555502131822467,0.015871775521103297,-0.5522359056845224,0.4234074149688753,0.06213462524641226
['Billie Holiday'],[79016],-0.546871110510392,-0.6384492771744389,0.422737193597534,0.07214157024935526,-0.31788889740221354,0.5980952641121555,-0.1807745422627898
['Billie Holiday'],[79016],-0.17847690890408482,-0.4301561280417957,0.27235775939881257,0.00536292362488866,-0.5583560624176483,0.4370038730813035,0.05877415576304373
['Billie Holiday'],[79016],-0.2837498278129422,-0.350030432894155,0.3174092594586679,-0.004869026081875374,-0.5520574579401137,0.44441223365841687,0.0179229384237734
['Billie Holiday'],[79016],-0.39594731311960285,-0.5712676814668554,0.26514269459639234,-0.028216809904783872,-0.3376349960524086,0.6545399722185968,0.05087836409235934
['Billie Holiday'],[79016],-0.3876097278095413,-0.447997434368129,0.31403601915547574,0.007958045017025177,-0.530270654200558,0.5460958578413118,0.0061019564841314836
['Billie Holiday'],[79016],-0.3071933034737645,-0.37665107129799946,0.32418504478719756,-0.01667493160030584,-0.37199795322857043,0.3975873987257366,0.00625299754752448
['Billie Holiday'],[79016],-0.302325799211789,-0.38210115187457205,0.3099454371966452,-0.02751176511882976,-0.6364315888005037,0.5343287965042834,-0.006357998514630086
['Billie Holiday'],[79016],-0.2293706138415523,-0.4711372411205478,0.25253500272874263,-0.06727485454162675,0.07123374326962115,0.33737924115789486,0.08049791060344165
['Billie Holiday'],[79016],-0.2950541630422798,-0.434599868139187,0.22150612188983534,0.03366298632251954,-0.3679598060444637,0.3799651356342029,0.07902555498210143
['Billie Holiday'],[79016],-0.2771161414663357,-0.49755170976369634,0.29661435571167155,-0.07859875331870726,0.08173722165245266,0.41591417734015534,0.02375351345049007
['Billie Holiday'],[79016],-0.7092909953325905,-0.6628792138702254,0.24652664679668532,0.0484545927144157,-0.287388956557713,0.80290682307191,-0.08715774327979987
['Billie Holiday'],[79016],-0.30557896989505545,-0.46382758460628365,0.24289523427369056,0.022951865709201116,-0.5441277043195096,0.46172541043124526,-0.0031757030160863577
['Billie Holiday'],[79016],-0.7377611404713175,-0.5893304351512928,0.30537483738112375,0.14464103826041472,-0.47475196984676304,0.7123540244405501,-0.11393970977317856
['Billie Holiday'],[79016],-0.6778478893215936,-0.607465254804754,0.24528082760987124,0.10171575511538242,-0.5661076220351574,0.7794630448773006,-0.06324329667188716
['Billie Holiday'],[79016],-0.21920655519076837,-0.27006447276396967,0.21823773474953564,-0.1528697190801308,0.0507108740473683,0.2943745350957765,0.06950744403355683
['Billie Holiday'],[79016],-0.2946971835212454,-0.21988285812966216,0.17106696018805484,-0.30265323202788036,0.07334512882461017,0.6415782894161179,0.21791757143195134
['Billie Holiday'],[79016],-0.23702130937977284,-0.35156596790032163,0.3321440979726499,0.016897047996624996,-0.6494737665356213,0.40968667103739215,-0.015041811347021167
['Billie Holiday'],[79016],-0.27090684409817445,-0.5544191385830476,0.24999774386675364,0.12293658521161299,-0.7158397929719376,0.4809204195678417,0.0573057023850926
['Billie Holiday'],[79016],-0.3539785196636355,-0.4783367390834339,0.1922142773861115,0.07863852656935065,-0.5313265817757723,0.48364799494795047,0.10759272564258618
['Billie Holiday'],[79016],-0.26624557017374634,-0.20049453525901195,0.17069873583992676,-0.26576178204370166,-0.022965221071516894,0.5763338793653611,0.24505062862838603
['Billie Holiday'],[79016],-0.4545855497196156,-0.6264676701597711,0.44196320645630155,0.020793908574693404,-0.3222216025331253,0.6774519972689085,-0.07918439642140898
['Billie Holiday'],[79016],-0.35012379233436275,-0.20598078124437208,0.12481889252857233,-0.1443399306948978,-0.17887976957748827,0.6462795719055592,0.23980625067182038
['Billie Holiday'],[79016],-0.43571382691971705,-0.2652328478499389,0.20302757445590072,0.0464325025910893,0.08132003614817017,0.22192493935961247,0.028411822130979963
['Billie Holiday'],[79016],-0.1513707330659514,-0.3270793211569907,0.22757877617437428,0.0014588350524149464,-0.663874531235287,0.3518852272409891,0.08596338797815886
['Billie Holiday'],[79016],-0.3569615170368629,-0.6440859356499063,0.3822422092765328,0.09010395298208168,-0.6021113581677696,0.6340090062004238,-0.07265992605128968
['Billie Holiday'],[79016],-0.588372377067813,-0.5310171175043763,0.15006011265380362,0.03067770007346146,-0.5843118079200091,0.7404865531126495,0.03859510372883224
['Billie Holiday'],[79016],-0.2915925406444588,-0.6350777131426928,0.39745654022454285,0.02638151450651224,0.026586904793698077,0.5520257109164973,-0.07546258018101536
['Billie Holiday'],[79016],-0.4219824378175839,-0.6117615893091604,0.27198518423130763,-0.02417277711615661,0.1123463351705698,0.5304844154237823,-0.004897854703899802
['Billie Holiday'],[79016],-0.2928229433060124,-0.4656770173098059,0.23048958625488014,0.07507055195090297,-0.8053343621485313,0.5500492173396084,0.06496436984601542
['Billie Holiday'],[79016],-0.40143700628229595,-0.5748548381315964,0.22953471814877707,0.12025069053883265,-0.7863933967836337,0.5762145220777399,0.010667427382593409
['Billie Holiday'],[79016],-0.5269644409506333,-0.6143279168357353,0.2574203291367839,-0.044390585991098463,-0.3113700333125775,0.8440293246283004,0.056095683900958565
['Billie Holiday'],[79016],-0.4608635336034427,-0.6763685677240855,0.2222641538018762,0.17957321118232591,-0.7660916133559564,0.6572001105794498,-0.004922364695755544
['Billie Holiday'],[79016],-0.5774879013931147,-0.7591040885445428,0.24552109239348302,0.19601501491430742,-0.6566279500470666,0.7051506273390213,-0.07463079730320503
['Billie Holiday'],[79016],-0.20952615411463055,-0.2335937385539862,0.2458534222153863,-0.17148461414716232,-0.2135670833176761,0.4474282451892038,0.1432936550365062
['Billie Holiday'],[79016],-0.3618112924906357,-0.3506136601619281,0.2283151174866702,-0.05238681058567979,-0.6263952778970757,0.6246015195707182,0.0855312595761997
['Billie Holiday'],[79016],-0.5363227338793778,-0.6712233885997424,0.25097829040365,0.09496754151133736,-0.4917403348923524,0.6994314183951754,-0.027143625229995437
['Billie Holiday'],[79016],-0.3329399703668809,-0.4332735921329318,0.20567031056541488,-0.09941070809823549,-0.08955635674405413,0.5365590481529923,0.12723105073338095
['Billie Holiday'],[79016],-0.5487113715151262,-0.5746341943809664,0.22766012048934317,0.03359025447324502,-0.3219649237335704,0.6285024148560941,-0.03910369777547769
['Billie Holiday'],[79016],-0.3694930175727321,-0.463185852277985,0.2671404851192329,-0.003523985861681727,-0.5270982416509578,0.6019625265217828,0.029572699706854215
['Billie Holiday'],[79016],-0.2166673816714526,-0.239609049528503,0.16407782191316708,-0.2972556346140503,0.06180771661219959,0.5860067547173674,0.2543875099547379
['Billie Holiday'],[79016],-0.6260145657992344,-0.45975356359547087,0.154486761656159,0.0854417986000319,0.12634292993886986,0.45219672079657075,0.011848976415470664
['Billie Holiday'],[79016],-0.6244799538958816,-0.5590387563981251,0.23191314675470917,-0.04486440050126862,0.13963770567847913,0.6883290093482789,0.01480108470857901
['Billie Holiday'],[79016],-0.38958473179639996,-0.20864396963112733,0.2854386569930179,-0.13110448577108097,0.07120861585294871,0.3667161546576982,-0.01374203407899435
['Billie Holiday'],[79016],-0.5590414886908057,-0.510719371934387,0.28127876430437665,0.03621275613760533,-0.1419306571734194,0.5968823004440218,-0.008145939624042435
['Billie Holiday'],[79016],-0.27669197162892095,-0.4377853767431886,0.21248682837343716,-0.029532105452023946,-0.3616936533518933,0.543723963454609,0.11643590997433906
['Billie Holiday'],[79016],-0.5113332104969648,-0.7961102438490584,0.37936810001744664,0.0983777338261433,-0.2991199278839979,0.7553656618903759,-0.07434104706946285
['Billie Holiday'],[79016],-0.41509631438325095,-0.5308404938946323,0.22616127561733845,0.08597322386403067,-0.5216730924049994,0.5148491192880289,0.003631657595566262
['Billie Holiday'],[79016],-0.5083393549042271,-0.6441388523360632,0.2486639742147022,0.041750554110315606,-0.3123897445830998,0.7223350823492255,0.02791612960430925
['Billie Holiday'],[79016],-0.3638565078904748,-0.5891191423123024,0.31342124829731954,0.05960689351743947,-0.344089767647128,0.5050645698520236,-0.01846788932969738
['Billie Holiday'],[79016],-0.43543033507316914,-0.690028080381696,0.34022079146913425,0.02263357754788717,0.12251181973069632,0.5490570933361555,-0.04016089340822741
['Billie Holiday'],[79016],-0.5989928232580795,-0.6567872449163655,0.1882517341533643,0.02307250677723186,-0.30019363574557967,0.8168217883230188,0.015493341629374425
['Billie Holiday'],[79016],-0.5028850469313128,-0.49526203176463085,0.3555395642567932,0.07986097112463225,-0.7785693484924925,0.6323719770359112,-0.12006504311906281
['Billie Holiday'],[79016],-0.42844657553755133,-0.4829454914654406,0.2903549597148881,0.00891921786914363,-0.34305857235149373,0.5440031638452865,0.013940901731207893
['Billie Holiday'],[79016],-0.4585897416684854,-0.7167520696713195,0.3009952772769416,0.04381790065062596,-0.05230341634163247,0.5758647534549106,-0.058116343007443776
['Billie Holiday'],[79016],-0.16780327828004382,-0.2998459600864323,0.20786500995937296,-0.0004552929956755265,-0.8407522759562158,0.419501410685151,0.09184160492648226
['Billie Holiday'],[79016],-0.5818999350854948,-0.58012809328792,0.22396135852645405,0.029984636727240364,-0.30988638491383025,0.7155695472682755,0.025279625675515487
['Billie Holiday'],[79016],-0.2325582103472968,-0.3053726325022922,0.1740903802359758,-0.10005156044611112,-0.8188091434537154,0.7039643952822384,0.21630512030732768
['Billie Holiday'],[79016],-0.28112186817734625,-0.20484864708077258,0.4528225652590439,0.0026349441783502553,-0.8338736208949006,0.406078101249603,-0.09706284797197111
['Billie Holiday'],[79016],-0.2345702322153458,-0.26825460561491565,0.21351510094528173,0.010441358765872268,-0.8331046472887583,0.42820844759608967,0.09400793226713813
['Billie Holiday'],[79016],-0.5868392569080761,-0.6118900127002586,0.1833246175153967,0.09089223191498592,0.13565763780216747,0.5234942529024261,0.004078926046173142
['Billie Holiday'],[79016],-0.5742550014105503,-0.35870155731547304,0.27840631452021575,0.11953496566786122,-0.5121862681698554,0.5098034831496983,-0.062011428889115865
['Billie Holiday'],[79016],-0.2859711796319639,-0.40748348151129277,0.21470868350207123,0.14680205115011763,-0.5415049894654623,0.35330934861639224,0.0703965835543695
['Billie Holiday'],[79016],-0.5959467893373741,-0.5552356212410454,0.19781323028057418,0.06251094892478637,-0.30827124358021735,0.6920911288478911,0.03362252330381498
['Billie Holiday'],[79016],-0.1640258251373681,-0.4064623380551453,0.2247536040392009,-0.08687275538358513,-0.3779498902998065,0.5325487654820441,0.14962373146859353
['Billie Holiday'],[79016],-0.5810222141732642,-0.3672851171642914,0.21723566215105097,0.10153744369049857,-0.6759498598646182,0.6871611034948002,0.0543979809745108
['Billie Holiday'],[79016],-0.1792960135005694,-0.3686618001490183,0.18755324283586544,-0.0195025855632546,-0.7393283848241063,0.5123473760241726,0.14473890731857483
['Billie Holiday'],[79016],-0.14731881248781833,-0.4542098679571906,0.2576101135465075,-0.12474987745958514,0.06515010915668254,0.41809383011003426,0.1235348355336768
['Billie Holiday'],[79016],-0.3351809289503892,-0.3000307443870554,0.23372010299300436,-0.01954441719908434,-0.5411084241980695,0.5336051438013675,0.1272506330693624
['Billie Holiday'],[79016],-0.47560359821949405,-0.38451054738651463,0.2691108760698099,-0.07636325985278788,0.10651927825287356,0.5367309418155409,0.06953038136526432
['Billie Holiday'],[79016],-0.4000595861820037,-0.25964323656263577,0.15985308530287806,-0.012673034991227452,-0.6311952762729851,0.5444867863794334,0.07688685432331777
['Billie Holiday'],[79016],-0.3020798718534618,-0.23012524203480123,0.16741275455522775,-0.07337167865490092,-0.8983193842094075,0.7435158919232617,0.23856501266935992
['Billie Holiday'],[79016],-0.3082429094049402,-0.08997914267927622,0.2802575796644711,-0.0579691596159961,-0.5692683122512872,0.38918116569435407,0.006356238635435679
['Billie Holiday'],[79016],-0.6434625797525733,-0.7396626025993522,0.3508819828523323,0.20176001795759727,-0.6554578612003598,0.658531582357018,-0.18574501971308424
['Billie Holiday'],[79016],-0.2091779657999544,-0.38167481972052913,0.28948822168193494,0.003191681854691294,-0.5533539942582519,0.45258318659598124,0.03660704381173268
['Billie Holiday'],[79016],-0.4991327232181995,-0.569522004819098,0.36027735861382365,0.11765030672208182,-0.7677832291906981,0.6940872377963476,-0.076015073029289
['Billie Holiday'],[79016],-0.3647666460257001,-0.5765998037991615,0.3483385920714457,0.05288996106117957,-0.3417585219500987,0.5372283515457551,-0.03175139124910199
['Billie Holiday'],[79016],-0.3748242301666657,-0.6401702126120816,0.23704333763492547,0.08222539663225759,-0.68797969189246,0.6844394046250869,0.001372732001517237
['Billie Holiday'],[79016],-0.29906327282161715,-0.3297695406898082,0.24609508903957003,-0.028180860670052304,-0.8132404210641229,0.6114608308986162,0.09949326829274541
['Billie Holiday'],[79016],-0.30274469600512965,-0.019107827682612485,0.3092969530058591,-0.05790762352741404,-0.7569833374762133,0.365700538450209,-0.007266475005436893
['Billie Holiday'],[79016],-0.24551920628635857,-0.37050183906837747,0.22210473703199876,-0.07049281698581353,-0.09640756625091343,0.47847845092680125,0.1839444398964478
['Billie Holiday'],[79016],-0.6522513737497145,-0.3512855313547324,0.32588893304411265,-0.07314154141165934,-0.04989850957305374,0.6727111848428914,-0.016323753062623684
['Billie Holiday'],[79016],-0.30214866729669515,-0.5427439359819485,0.23034897653942177,0.11371000146086581,-0.7124937781352365,0.4955981112044417,0.02868250812828314
['Billie Holiday'],[79016],-0.6173134355651437,-0.16772866864366917,0.10414896116898661,0.15988754983925557,-0.6219638600250615,0.36004821408201243,-0.06448217671083718
['Billie Holiday'],[79016],-0.5534342101804838,-0.41055117760267373,0.360998193401833,0.014767795705897875,-0.32613386188857785,0.6148382851732993,-0.06509766921501604
['Billie Holiday'],[79016],-0.17910246382777348,-0.4257941273217213,0.24203585484445728,0.06950541241748927,-0.8246890515897249,0.4552947001240112,0.08462379255634556
['Billie Holiday'],[79016],-0.21891828847496067,-0.23954901511151647,0.17355631992329265,-0.12306217288204735,-0.5672361332750658,0.5155708997773548,0.1858435251497508
['Billie Holiday'],[79016],-0.4002022296278552,-0.21025871198365662,0.26799360267449984,-0.03588776848736177,-0.5429600744346061,0.5504178921530604,-0.007361386032973804
['Billie Holiday'],[79016],-0.2769424982300014,-0.3746317529361505,0.2637694394095947,-0.0615100278203002,0.06999150983467291,0.3026015199634975,0.0871621222337457
['Billie Holiday'],[79016],-0.6892016842573806,-0.3605976210321007,0.26039058378873753,0.12415040936892562,-0.4981382802016764,0.5933504022282097,-0.070999105495119
['Billie Holiday'],[79016],-0.2408711058929897,-0.4688125044108663,0.2540070288385697,-0.09324209449490214,-0.10163627314839348,0.4757625085276941,0.09450851975505191
['Billie Holiday'],[79016],-0.450612020444971,-0.6352065070622738,0.3231385546474796,-0.15164799059675543,0.043689485143744766,0.88319676089134,0.05133409383588357
['Billie Holiday'],[79016],-0.3763668868169607,-0.5745344230739977,0.3446208141714255,0.10155131749349651,-0.7690814233093602,0.7226518329467748,-0.1458702520318645
['Billie Holiday'],[79016],-0.5019762828986167,-0.47877994699872645,0.22867075438002113,-0.1029464185870036,-0.06470458097215928,0.6462460430358045,0.042473901599766356
['Billie Holiday'],[79016],-0.30865260279467366,-0.5302367688091394,0.30707748444725774,-0.04020456378306889,0.08685240232269853,0.3902036518430056,0.01096559230462978
['Billie Holiday'],[79016],-0.27638627783794173,-0.26972997646401403,0.3622616994758108,-0.05516565746741412,-0.38486000724106567,0.3595394138578904,-0.012089956272517069
['Billie Holiday'],[79016],-0.5631231935887615,-0.5115716207190989,0.21543412669629466,-0.12894099983375465,0.03855130509050969,0.752525540017892,0.02829176647909667
['Billie Holiday'],[79016],-0.36529116521113175,-0.5216623208532989,0.4928377768649072,-0.06022131007001503,0.010890178383813749,0.5289927216964482,-0.07153525984905433
['Billie Holiday'],[79016],-0.5512627681176607,-0.4862389890053677,0.23377947092747392,0.18201322552781998,-0.5034229098366066,0.4939971918082226,-0.04698468690108468
['Billie Holiday'],[79016],-0.5670229191752119,-0.2135215199222072,0.10734174768520773,-0.08883387062377437,0.022089801900630448,0.6155910429942311,0.19802360682555048
['Billie Holiday'],[79016],-0.41515053730503654,-0.35746862610651314,0.29346377088372416,0.012397385951100319,0.09541831356638109,0.3585707926215457,0.016549231457223833
['Billie Holiday'],[79016],-0.50956509710448,-0.49250025998228036,0.21081186947584807,-0.0174159881173702,0.12888162528938685,0.596318770055627,0.08120012722428477
['Billie Holiday'],[79016],-0.12667446244576638,-0.38970236399344144,0.24582561527831995,-0.05901075761214706,-0.2152354220128868,0.32096118771548043,0.09812262301968659
['Billie Holiday'],[79016],-0.2588071692257345,-0.19972308428949942,0.1703342819976401,-0.14942305792672528,-0.3867430459947991,0.505463411369966,0.15637706480411923
['Billie Holiday'],[79016],-0.3140932432600648,-0.137462014375105,0.2260739249047297,-0.10903754001649228,-0.3882263881162811,0.4258439635624759,0.051701253270096545
['Billie Holiday'],[79016],-0.27932016941679394,-0.3634963915685836,0.2151748396296337,-0.21928296485205065,-0.004621090496322239,0.6545158530611925,0.1746555902271357
['Billie Holiday'],[79016],-0.44088051059041333,-0.11734691430076791,0.26793105329290096,-0.13596437180645896,-0.8067092500657933,0.7630746743965736,0.0531388745629725
['Billie Holiday'],[79016],-0.4930088730139805,-0.1749392000212341,0.2365251040203136,0.0166702571003872,-0.1871880670345551,0.3286349435130788,-0.08052042046404706
['Billie Holiday'],[79016],-0.18595207925638385,-0.5637472715708776,0.2698467619925266,0.02682194654080432,-0.281163527878309,0.3968461575495628,0.06420948445315856
['Billie Holiday'],[79016],-0.44385464282505005,-0.4857506415893479,0.33557781549173904,-0.07136307194832046,-0.3342266075183479,0.7211975497566678,-0.003352181372688034
['Billie Holiday'],[79016],-0.7582988956020744,-0.41823161729850256,0.13512322277951994,0.06218437732545915,0.1386285505591045,0.54593611670435,-0.0028477588154778148
['Billie Holiday'],[79016],-0.23615765713479672,-0.23208298572749841,0.18760299764607377,-0.02799984800861273,-0.5721602310503071,0.3531950881999452,0.052826899298725714
['Billie Holiday'],[79016],-0.2121895436583141,-0.5153967692746142,0.26415229535917334,0.09778273095072276,-0.812548675092947,0.5016014841741666,0.03146098892848236
['Billie Holiday'],[79016],-0.20548875300134364,-0.4194570286323237,0.2251239954509265,-0.02220985999403264,-0.382842095451723,0.38501742689403123,0.039613456538178375
['Billie Holiday'],[79016],-0.5062442027947808,-0.3055984440138949,0.21061076992080685,-0.25064212080716863,0.01823188449595789,0.7839923378481758,0.15034800261035944
['Billie Holiday'],[79016],-0.31954316038915925,-0.23105948255011224,0.18368268770695972,0.09373330455398804,-0.8334911123508362,0.2937278286012196,0.02163731020616662
['Billie Holiday'],[79016],-0.28567937937963084,-0.40070311012290294,0.30542831517792435,0.024306245690514414,-0.7291058507322357,0.4716895280303433,-0.021932747781687058
['Billie Holiday'],[79016],-0.43544120129092534,-0.681584944206427,0.2764517026433789,0.07574109842531589,-0.3206924344724095,0.6405396906018139,0.00355992872020235
['Billie Holiday'],[79016],-0.24318758857135736,-0.2766273600033311,0.2625959801207162,-0.04788475146710455,-0.6510624689494077,0.49510655208652676,0.09799769421963742
['Billie Holiday'],[79016],-0.46363488006020154,-0.15576620185290763,0.2353191609644127,0.05944690346738953,-0.8122128551394238,0.46172309388990057,-0.06144278753176578
['Billie Holiday'],[79016],-0.5328410592624002,-0.6134659195845318,0.3410450140415755,0.11679360364756056,-0.49771444928231534,0.623009823739423,-0.0851547038897261
['Billie Holiday'],[79016],-0.5452379721675216,-0.6415216761933401,0.32254474146249323,0.20572461561715968,-0.6717622710552629,0.6087603601802114,-0.07703921349973485
['Billie Holiday'],[79016],-0.27528058392703186,-0.4126514475028534,0.2077512379728466,0.031122065194424408,-0.36108662026466143,0.44108329190672513,0.1064094389263311
['Billie Holiday'],[79016],-0.24814529153766857,-0.3581790746815862,0.25637384297184257,0.009830315130843878,-0.38256711939642096,0.3290723125506801,0.04363247179606813
['Billie Holiday'],[79016],-0.3013009925153716,-0.19560444074755629,0.20571506582285468,-0.04119126733984467,-0.7461916974387912,0.41209967138196496,0.026223571410963497
['Billie Holiday'],[79016],-0.2725671312234336,-0.2677065284428209,0.17115980592757618,-0.22392773856784703,0.0837612114273562,0.6329661235579869,0.262453802311811
['Billie Holiday'],[79016],-0.39814430498881,-0.5377829522569374,0.29982741520459005,0.09402510358107057,-0.3468101381479243,0.4410727157646798,-0.037592833079833354
['Billie Holiday'],[79016],-0.4643691924035159,-0.05887462556595862,0.07088268534010342,-0.20492528303137217,-0.10343332707584532,0.5426937424044695,0.1948514910901164
['Billie Holiday'],[79016],-0.5910956060185576,-0.37991506692086874,0.27659278560637923,0.11250869650677996,-0.06648839784384158,0.3819332341656848,-0.044367079856295795
['Billie Holiday'],[79016],-0.3005243390652861,-0.5593000904708736,0.4127759848070788,-0.04956905199603183,-0.17175040960332735,0.5771066890319548,-0.04370667598238206
['Billie Holiday'],[79016],-0.49391525570888234,-0.47658922146190585,0.3589447184976846,0.07523907584241066,-0.7810866099072183,0.6242190814842292,-0.11025018576788063
['Billie Holiday'],[79016],-0.2657374668402403,-0.39710551540010836,0.2715109157692901,-0.024094440789282665,-0.3774676895506149,0.3831414398276601,0.04451121941972673
['Billie Holiday'],[79016],-0.39005514412503284,-0.23564114271273667,0.5766569795257597,-0.23676425185386307,0.0823383599457475,0.577719596790533,-0.11642779061825544
['Billie Holiday'],[79016],-0.28440086481658894,-0.30621592702421124,0.27572754645537917,-0.0992638679467771,0.07364171628867523,0.38380930344480524,0.10523246081521734
['Billie Holiday'],[79016],-0.4451369083440473,-0.5027451779561684,0.30194512098745085,-0.07389887982679273,0.1113506376548394,0.5786777195215767,0.07517822782931652
['Billie Holiday'],[79016],-0.5101473717344235,-0.43513576668606535,0.3308507549230985,-0.1202045374459357,0.11615834210308691,0.6363915968820756,-0.006066667107663104
['Billie Holiday'],[79016],-0.47688059438035124,-0.10595725274634005,0.23032992165810848,-0.0719573878856887,-0.5391755942829579,0.5726093230547664,0.03335980813416526
['Billie Holiday'],[79016],-0.42842306549431924,-0.03683110158821856,0.22241205665531746,-0.14213815957871334,-0.7282486206318223,0.6746097100943462,0.08329484896266043
['Billie Holiday'],[79016],-0.21265309314527367,-0.4934670287556123,0.2443847878369979,0.12008090396713592,-0.8151999041168616,0.44857604912903387,0.06895008137411644
['Billie Holiday'],[79016],-0.3250367263496168,-0.44378811542722946,0.39778863861159725,0.068684859879415,-0.8026962549162099,0.5506757915907304,-0.04523219381483843
"['Billy Eckstine', 'Sarah Vaughan']","[82584, 204901]",-0.24399909163318084,-0.15336983155785458,0.39009855248070946,-0.15031831582383504,-0.1274379627408224,0.337358260422981,-0.00125500160609605
"['Billy Eckstine', 'Sarah Vaughan']","[82584, 204901]",-0.28925564892176814,-0.08664818660899724,0.1331994650089832,-0.281380371553918,-0.037752093855207516,0.4807038997160318,0.1889140431544264
"['Billy Eckstine', 'Sarah Vaughan']","[82584, 204901]",-0.18502441698428415,-0.16092013801945199,0.19213841963194603,-0.12522196537125602,-0.40667979951515065,0.33940268999884643,0.10210090173220897
"['Billy Joel', 'Ray Charles']","[85915, 46861]",-0.511602746658224,-0.10510977488206233,0.133621921327598,0.06883599549427973,-0.3736380409371381,0.228697994987483,0.002762684972408773
"['Billy May', 'Frank Sinatra']","[769388, 792507]",-0.05442491810529257,0.17280937008843875,0.021240530633491586,0.0034350462168533276,0.013590468945635785,0.4195944199707959,-0.32153236180243744
"['Billy Strayhorn', 'Leonard Bernstein', 'Pete Johnson', 'Phil Woods']","[359199, 239859, 315909, 848572]",-0.32879457829516706,-0.33752926101453695,0.8698029857648399,0.4772105448522663,-0.47056541804830426,0.634850945981204,0.3495243489737867
['Black Flag'],[91650],-0.5301705847576644,0.4180851781217587,0.05339749456494831,0.25959403997865127,0.024205014082907178,0.6411668719234612,-0.6971694900538223
['Black Flag'],[91650],-0.6951113055342084,0.564863398516002,0.39911920775046816,0.29982423936592856,-0.5809513218594262,0.8462349956385372,-1.028686913670419
['Black Flag'],[91650],-0.79440875088967,0.4287545704637329,0.10150306266649876,0.23674968418167808,0.13414661223579374,0.6984395549435382,-0.8203366323967618
['Black Flag'],[91650],-1.0713247452478003,0.13533671528528857,0.3351934025453076,0.22999835590929466,-0.8452498272084897,0.515238739122633,-0.27000794165556563
['Black Flag'],[91650],-1.0283541114436887,0.1739492419409669,-0.01806848307248111,0.022261465009081147,-0.6643086360744714,0.7319210524473184,0.05722147473231237
['Black Flag'],[91650],-1.2021040046703404,0.2282047600930731,0.3388954475816944,-0.09617665121731227,0.151063657810957,0.6466941342395193,-0.2534636458446275
['Black Flag'],[91650],-1.2283422300605527,-0.04054424855007255,0.17314273608113678,0.22850142167894855,-0.80848239060354,0.7204240402160609,-0.1829255614194221
['Black Flag'],[91650],-0.6308826162765114,0.03674670666885714,0.0918634459484729,-0.1931942889657668,0.12010783587162902,0.6750920713214753,-0.03423933363264666
['Black Flag'],[91650],-1.2261789919364703,0.026457801886330193,0.35489735283919693,0.14659606157292404,-0.2064466704247961,0.4238155988532691,-0.3745823996480396
['Black Flag'],[91650],-1.018586398010532,0.16949144197308655,0.5090787387197485,0.14896592397829111,-0.8617183353382432,0.41307343275453723,-0.35872088922188994
['Black Flag'],[91650],-0.11040710612115999,-0.026198150621667284,-0.04050662480819617,0.20238798016413048,0.09958521152438142,0.7871682404313168,-0.44545671013452215
['Black Flag'],[91650],-0.18801471380513182,-0.049731337691703625,0.110775465741363,0.008665904094369292,-0.23617637236413827,0.6620331118516806,-0.13503885491392884
['Black Flag'],[91650],-1.0420415755421346,-0.11940340214781255,0.01130999471546241,0.023355641864760718,0.1354259421195607,0.4568382288241119,-0.10065727803453696
['Black Flag'],[91650],-0.7869401390967096,-0.052804050185438975,0.02848665926903508,-0.03435809528730422,-0.4126796723506317,0.710927942837472,0.0848791391793483
['Black Flag'],[91650],-1.0773714729029173,-0.16312802126683876,-0.03800942843063639,0.27386095179121345,-0.6426055001558776,0.5758521510872122,-0.07794394480458473
['Black Flag'],[91650],-1.177554445287422,-0.11387644277776707,0.09416749804384729,0.14692498600086548,0.15599708105420587,0.3879817959297265,-0.18886934990169896
['Black Flag'],[91650],-0.7753697004999617,0.1950706025094636,-0.022941195428491167,0.3269542602100827,-0.814533476186297,0.5785911893725252,-0.37997781286691396
['Black Flag'],[91650],-0.8260693970162046,-0.1326526444650348,1.0214075309524242,0.33867397380569586,-0.8311233590888704,0.8013049624163889,0.013319383676615481
['Black Flag'],[91650],-1.1743846853932554,-0.3476512651421838,0.04756745793304547,0.22919337453544836,0.18000041039883263,0.4720479972475,-0.20294474294577824
['Black Flag'],[91650],-1.1805152519976956,0.17465689921782515,0.34200476404904656,0.1887941309843163,-0.7553116247523236,0.47807732208263454,-0.29788969944502985
['Black Flag'],[91650],-1.1997633118525555,0.12697084878013618,0.17438158308282098,0.19151445800759548,-0.4839153558579117,0.38584952540100154,-0.19941567568340035
['Black Flag'],[91650],-1.0757505668597982,0.0028903008408822104,0.24528832386679028,0.11463290681663517,-0.2254349022840686,0.3737569665837768,-0.22143852430769756
['Black Flag'],[91650],-0.929446630226876,0.2523369925594902,0.4434177632843052,-0.18265238026175462,-0.33661134015086613,0.6105208106045684,-0.14272822777547786
['Black Flag'],[91650],-0.8773384408579463,0.011988632718779256,0.0987066418902065,0.2241632577082303,-0.6888639460782925,0.37369859667340033,-0.06852203204451336
['Black Flag'],[91650],-0.9920725503104455,-0.17570017261616844,0.03996481316300869,0.36129842472532875,-0.8404008777690396,0.40472128783455796,-0.1366171795901306
['Black Flag'],[91650],-1.0214000695746124,-0.07893599617467931,0.23487461943715657,0.1744195446809347,-0.6692382149546382,0.45183973554817836,-0.259394598449966
['Black Flag'],[91650],-1.2130346056149672,-0.021411242198166074,0.008358288913546945,0.2751560600293976,-0.6500432734284642,0.43598394392234036,-0.17504593864249812
['Black Flag'],[91650],-0.954343253379395,0.06064936091820044,0.006097443831630442,0.10928565511166721,-0.06291669100099541,0.26358288244504324,-0.046484463999704226
['Black Flag'],[91650],-0.9744440855970633,0.1901644552300043,0.4174418597599636,0.03385052027728939,-0.06283007751167187,0.3783673997761274,-0.18308481614320773
['Black Flag'],[91650],-0.9851255445111028,0.09204203393117227,0.08271688623593701,0.11011313600580967,0.03017449480372772,0.25636391539580183,-0.058076077171481826
['Black Flag'],[91650],-0.613428692338789,-0.05786022610660475,0.06797291586606755,-0.20941185579689175,0.015774121143313648,0.6697620285534136,0.10145712117353654
['Black Flag'],[91650],-0.9493119405655555,-0.1271611411082798,0.2597618989675451,0.249759372120819,0.07879304249342618,0.469376562892304,-0.25113940364960347
['Black Flag'],[91650],-0.9901187946552217,0.4697428503569415,0.5019798634938435,0.1239115720602137,-0.2930162967016581,0.4949496940159156,-0.6095139625286161
['Black Flag'],[91650],-1.1215010394255172,0.19367224098742486,0.11833636171329723,0.1411264437326138,-0.8354095142212922,0.6264914939374286,-0.1193681771422963
['Black Flag'],[91650],-0.9796808231825113,0.22222743409576584,0.5470947160219294,-0.033116712583692656,-0.07581800790583783,0.3008482619340406,-0.41374969996591965
['Black Flag'],[91650],-1.0701379500957668,0.23833989594755228,0.15790865049764824,0.2977869759259009,-0.84448910375721,0.3870082680572804,-0.2191230708203536
['Black Flag'],[91650],-0.9369435297193167,-0.006955867781078416,0.3419245484045301,0.169975401280093,-0.8576326140151403,0.45301029107037105,-0.2642022463486508
['Black Flag'],[91650],-0.8004612135203012,0.7956224697981361,0.3018335699651878,0.15196437226280174,0.12288940899194796,0.6993217749848056,-0.9277925470276482
['Black Flag'],[91650],-1.0235848882833791,-0.08746175668071861,0.03104693769051668,0.1511749850783458,0.04884637163833602,0.3555982093867746,-0.05873966098866103
['Black Flag'],[91650],-0.5662938602241734,-0.011654166216437941,0.09845171183953814,-0.08175479548276818,-0.23506851193739312,0.677154437799962,-0.023115591579480635
['Black Flag'],[91650],-0.8017245960398116,0.6686828601167828,0.2756665887804203,0.32617492267502596,-0.2277934097052028,0.6409341807412784,-0.9653555683997906
['Black Flag'],[91650],-0.5766514700385885,-0.09200659536921947,0.10341210788697354,0.18213509973327163,-0.6552314669410214,0.6456640967045876,-0.3118845104732696
['Black Flag'],[91650],-1.001994756266449,0.20991407434960663,0.4013013927003912,0.16091334010508043,-0.8634215155700082,0.42230937236659977,-0.2711038311170591
['Black Flag'],[91650],-0.8146468581448896,-0.04778859971564522,0.09148165900863055,0.08663901085991316,0.032657611744050366,0.3559112387637832,-0.12718478864910002
['Black Flag'],[91650],-0.23370543466129912,-0.07811969903762694,0.07031678305599022,0.039551594594211564,-0.23042301572749402,0.653418789948398,-0.13959491216967418
['Black Flag'],[91650],-0.6668836935684658,0.5106343810438317,0.038311554662636416,0.2836987105988248,0.21490042093379397,0.5693439313586287,-0.7997037728339531
['Black Flag'],[91650],-0.7055488350085006,0.08032950822099767,0.136578870646,0.13678633064322895,-0.04851453742681534,0.34432604750812773,-0.29388482095729723
['Black Flag'],[91650],-0.9508089858095121,0.403690980482262,-0.007315904802358447,0.12733905405600246,-0.16025447205951177,0.7827366146346962,-0.39210036578092594
['Black Sabbath'],[771438],-0.03482452777850032,0.22807635819712746,-0.022722215926467726,0.25334541711882086,-0.7357011844976624,0.6974892505036979,-0.611319554228576
['Black Sabbath'],[771438],-1.2298436189419577,0.16403360309634202,0.039111832904556054,0.032362769685333366,-0.02672098024557267,0.552886386378267,-0.03218508623799281
['Black Sabbath'],[771438],-1.0803711486985366,-0.021293191406863567,-0.006406387725710725,0.28023952756277737,-0.3004014041979832,0.30529208987520595,-0.1366524974502002
['Black Sabbath'],[771438],-1.1398736827502944,0.29852985135170224,-0.005650462447564819,-0.01398035768419238,0.04572868055134404,0.4631952854340937,0.041208222199690545
['Black Sabbath'],[771438],-1.0853745407225488,-0.11068111624468312,-0.04530820199779861,0.06091600956318741,-0.0006206283835495505,0.7207245391743612,-0.15304681324053712
['Black Sabbath'],[771438],-0.9160012477934099,-0.05703402233960667,-0.07793267068419829,0.3279645714961648,-0.6182216821691517,0.6459366594036229,-0.27472389135084446
['Black Sabbath'],[771438],-0.7899082234914117,-0.12043232466060662,-0.04595490355085873,0.26599984484600686,-0.6486856560608296,0.5961291797313584,-0.18018535626625398
['Black Sabbath'],[771438],-1.1845294261385404,-0.04840384631078783,-0.009957437559254111,0.1801522706684914,-0.19441823760331048,0.4962708934532254,-0.11468121753197187
['Black Sabbath'],[771438],-1.2775874243140835,0.5159434702026977,0.48965641211147476,0.03715192068578207,-0.5661706974185968,0.6153660396221943,-0.33283804835985764
['Black Sabbath'],[771438],-0.40984633422178235,-0.17594718456463146,0.1239309889210773,0.12078834760431564,-0.9042472160021356,0.40633761606901103,0.09916599467320084
['Black Sabbath'],[771438],-1.1221303212279232,-0.05099280154106132,0.19287911543703085,0.18001522606404713,-0.647503826402624,0.5682493387005387,-0.19853173801301244
['Black Sabbath'],[771438],-1.000396902118318,0.019855164278493192,-0.11386623059678974,-0.015440358246557323,-0.39455037130883064,0.7526970504504448,0.08510335172965844
['Black Sabbath'],[771438],-0.9915815142455872,0.023064885324505742,0.1110818608740039,0.1090879602919368,-0.6502026640873949,0.740539974374898,-0.004809456893069317
['Black Sabbath'],[771438],-1.0910636373098899,0.23985303865111213,0.32718576782601666,0.1038985016942398,-0.5027738104521325,0.3994730362705092,-0.30417780946175715
['Black Sabbath'],[771438],-0.9374695922054986,0.06961563040967217,0.026343206505295744,0.2337320415886048,-0.12184817690383568,0.36270064363531407,-0.11130782352606308
['Black Sabbath'],[771438],-0.9191808154403577,0.026468888748947247,-0.009110993999208684,0.194263996596089,-0.5024600604245425,0.36087513777278646,-0.02485802190322222
['Black Sabbath'],[771438],-1.1017920749948438,-0.06576594286645299,0.029705847047699244,0.10049297156398575,-0.20313254604277625,0.5947999435146066,-0.05096193351541417
['Black Sabbath'],[771438],-1.0429718288432246,-0.004282953677183853,0.17160720162345677,0.26354128205692956,-0.6633650151291701,0.43974158907598326,-0.15892993455612492
['Black Sabbath'],[771438],-0.6981150346645079,0.2880876079062276,0.16304087140551643,0.35697299265639787,-0.5817486175599506,0.8177613687768098,-0.8317278692507869
['Black Sabbath'],[771438],-1.0696685787687494,0.1064427518112613,-0.11206986187263318,-0.027865787232879944,0.14048785870107428,0.5423159337549415,0.059566507935300654
['Black Sabbath'],[771438],-0.9063889687610808,0.04216273765848548,-0.014958144798242168,0.14946706905468884,-0.5972097269627482,0.40148985082483335,0.015395473350551933
['Black Sabbath'],[771438],-0.9581325718490243,0.4064078412112643,0.19785438782343998,0.3680067229018905,-0.46988334815155064,0.8569789755436532,-0.8492970800048336
['Black Sabbath'],[771438],-0.9264989092477772,0.3941781333294755,0.09281501561754182,0.3655253241105899,-0.029086627641754233,0.6705133791703246,-0.8053961191628765
['Black Sabbath'],[771438],-0.790143710849606,0.11598805717819818,0.0593334422622458,0.056440849147328845,-0.06681723223584646,0.38481458415254904,0.0025484626443545476
['Black Sabbath'],[771438],-1.1374563129361641,-0.20064441010577536,0.03001744645500533,0.23710974969920898,-0.2659415373141101,0.6170663926805022,-0.13025148475897938
['Black Sabbath'],[771438],-1.024620512450614,0.1542787966406462,-0.0910176644947062,0.41955130431761006,-0.22797675464898695,0.5485146693611643,-0.5444346237820856
['Black Sabbath'],[771438],-0.9572920135547648,-0.17565240767721482,0.057276057745562096,0.22793254742683763,-0.21193098857809575,0.41086396785347357,-0.06474666395298326
['Black Sabbath'],[771438],-1.0647150444132398,-0.1769114704359835,-0.03346745391925477,0.12725190879773415,-0.010523212792023225,0.6167029019838277,-0.09023668953137812
['Black Sabbath'],[771438],-0.8851386277145625,-0.18906296070219653,0.03180422003136281,0.03037742097345697,0.05031021737985114,0.526676409581749,-0.013715407522633854
['Black Sabbath'],[771438],-0.6528656570572344,-0.04089684903954183,0.024727387585118273,0.06110193690854601,0.0831705116555212,0.18686292066913646,0.026788520645419072
['Black Sabbath'],[771438],0.13734836546365092,0.06743800221349096,0.023553514971422714,0.17796089449594985,-0.48793641179644326,0.6555691337747358,-0.5226619504187834
['Black Sabbath'],[771438],-1.138283050718931,-0.18436335167128995,-0.021421398087533426,0.2724963233572198,-0.36397318587707056,0.5322947988523484,-0.14227670055087613
['Black Sabbath'],[771438],-0.9525054225640446,0.031954317321398445,-0.06172217731462764,0.15645693217648743,-0.38078939910928633,0.5960071082970607,-0.09778078479633664
['Black Sabbath'],[771438],-1.157278656971306,0.010208289320964873,-0.06546612375470635,0.22346728288261591,-0.6414298645245341,0.6077922918921238,-0.02513840016706452
['Black Sabbath'],[771438],-1.166370266420721,0.06644845968607486,0.05265937934925958,0.10700489664254441,0.15064418402971694,0.3875038192453888,-0.11195537014643002
['Black Sabbath'],[771438],-1.0319512403124886,0.06271961957354745,0.04095334622239386,0.24108377839332562,-0.5816612403125635,0.3261604628631722,-0.11616989027446574
['Black Sabbath'],[771438],-0.8762203553537643,0.01728515136858416,0.012534515090344254,0.167553343389336,0.15473684687368244,0.46747081003700375,0.03523726560324296
['Black Sabbath'],[771438],-1.1492839970788165,0.12133484299594223,0.029543982888349536,0.13966294886965017,-0.3010055710661459,0.46313920454120083,-0.1010530258276114
['Black Sabbath'],[771438],-1.1908230744363881,0.12243192506329763,0.1385635557230289,0.16299277956076677,-0.29520202435981563,0.4401605194060923,-0.13632748767328842
['Black Sabbath'],[771438],-1.0475315549859607,0.09121757872641394,-0.0695922643840329,0.19643226301140554,-0.1296771078577234,0.30603832327117153,0.016559950172308793
['Black Sabbath'],[771438],-1.1017920749948438,-0.06576594286645299,0.029705847047699244,0.10049297156398575,-0.20313254604277625,0.5947999435146066,-0.05096193351541417
['Black Sabbath'],[771438],-1.157278656971306,0.010208289320964873,-0.06546612375470635,0.22346728288261591,-0.6414298645245341,0.6077922918921238,-0.02513840016706452
['Black Sabbath'],[771438],-0.9915815142455872,0.023064885324505742,0.1110818608740039,0.1090879602919368,-0.6502026640873949,0.740539974374898,-0.004809456893069317
['Black Sabbath'],[771438],0.13380082758140835,-0.16680538594075334,0.027684699971985634,0.26389759218028214,-0.6324411973559245,0.8722160163997797,-0.5119781926110579
['Black Sabbath'],[771438],-0.9525054225640446,0.031954317321398445,-0.06172217731462764,0.15645693217648743,-0.38078939910928633,0.5960071082970607,-0.09778078479633664
['Black Sabbath'],[771438],-1.0647150444132398,-0.1769114704359835,-0.03346745391925477,0.12725190879773415,-0.010523212792023225,0.6167029019838277,-0.09023668953137812
['Black Sabbath'],[771438],-0.9606017468290764,0.038555991417931666,-0.009100725250149173,0.22158752337115836,-0.12482232679268576,0.32476338704177204,-0.1604658609104575
['Black Sabbath'],[771438],-1.0429718288432246,-0.004282953677183853,0.17160720162345677,0.26354128205692956,-0.6633650151291701,0.43974158907598326,-0.15892993455612492
['Black Sabbath'],[771438],-0.7154309398729716,-0.07275858258932649,0.1773568429796761,0.01753233192175127,-0.24850441900313985,0.46388726868974905,-0.022358998174166467
['Black Sabbath'],[771438],-0.790143710849606,0.11598805717819818,0.0593334422622458,0.056440849147328845,-0.06681723223584646,0.38481458415254904,0.0025484626443545476
['Black Sabbath'],[771438],-1.1374563129361641,-0.20064441010577536,0.03001744645500533,0.23710974969920898,-0.2659415373141101,0.6170663926805022,-0.13025148475897938
['Black Sabbath'],[771438],-0.9457157209234645,-0.010528572360477079,0.009822614674579951,0.10913783488222287,0.13779259858708276,0.4085480503618366,0.05382290855372382
['Black Sabbath'],[771438],-0.9646380758703547,-0.09285682992633047,0.13807255886171768,0.3301789392288256,-0.8303613799548539,0.5303691355017205,-0.13515258014480697
['Black Sabbath'],[771438],-0.9362487161526072,-0.17103625188170807,0.0419219182914825,0.29895191025000845,-0.38805529136169126,0.3992711517310643,-0.17189542099273092
['Black Sabbath'],[771438],-0.017117214168869334,-0.2735810039225105,0.07123683099200752,0.17381277308059764,-0.45843137137817885,0.9124065680412251,-0.39699239394951374
['Black Sabbath'],[771438],-1.0273140956192985,-0.22679914534524492,0.020821142997154214,0.12691820003744508,0.07097009253358795,0.5559599173940478,-0.07539982168310537
['Black Sabbath'],[771438],-0.6528656570572344,-0.04089684903954183,0.024727387585118273,0.06110193690854601,0.0831705116555212,0.18686292066913646,0.026788520645419072
['Black Sabbath'],[771438],-1.138283050718931,-0.18436335167128995,-0.021421398087533426,0.2724963233572198,-0.36397318587707056,0.5322947988523484,-0.14227670055087613
['Black Sabbath'],[771438],-1.1988894979419553,-0.16433497452882267,-0.03290336914801158,0.26534078713717146,-0.45233341976555513,0.5557361848200565,-0.14521735148016024
['Black Sabbath'],[771438],-0.8851386277145625,-0.18906296070219653,0.03180422003136281,0.03037742097345697,0.05031021737985114,0.526676409581749,-0.013715407522633854
['Black Sabbath'],[771438],-1.0408777972349026,0.03001911044636331,-0.03946141515315787,0.10151824142790071,-0.37614207165942715,0.6923379693647488,-0.03794357588009388
['Black Sabbath'],[771438],-1.330862958959664,0.12139802040744703,0.06914081126088104,-0.03538210852008718,0.07997709849184727,0.6668724338457913,-0.15732264154133288
['Black Sabbath'],[771438],-1.018257493410353,0.016723199740492124,-0.0008098907435670901,0.211623459641535,-0.6166640641609155,0.8164962748703167,-0.24098517095038965
['Black Sabbath'],[771438],-0.7867641133256746,0.08790334772997384,-0.019404300905348407,0.5850424723529486,-0.725113977459048,0.8451502454999612,-0.7769623289313332
['Black Sabbath'],[771438],-1.038608860438306,-0.11211097762045646,0.008669035201677697,0.27535082296593577,-0.47667010193690124,0.4239356233773273,-0.1369608113247201
['Black Sabbath'],[771438],-0.09081434692616236,-0.3676401698532886,0.061160672363317126,0.3397232541813518,-0.780681706975099,1.018403667521525,-0.5825823167249871
['Black Sabbath'],[771438],-0.9136417283902671,-0.006073055250037141,0.13644120636415286,0.10515666752207287,0.03399774001749033,0.3342186881632533,-0.12156806553098545
['Black Sabbath'],[771438],-1.0330769147838963,-0.05710276613226321,-0.03201271867347164,0.15347791550557116,-0.030698995278664046,0.4395786268761231,-0.0692245651887984
['Black Sabbath'],[771438],-0.9632539269289985,-0.12260194409245619,0.021306134769405995,0.23668523076452685,-0.4834181065301917,0.4462461433808933,-0.10097311507040238
['Black Sabbath'],[771438],-0.9895494059990181,-0.14821369915105959,0.20219592587077698,0.27044910316406745,-0.3887475845594624,0.40639079151567453,-0.24045151189947095
['Black Sabbath'],[771438],-1.0646418259750419,-0.0855804856068709,0.0371193682979995,0.1647765983355826,-0.3414495802000158,0.838475953520966,-0.26216256819555683
['Black Sabbath'],[771438],-1.1927268815878131,0.1810808122908822,0.5116410917996884,0.20139105397878557,-0.83426805720084,0.545124947178797,-0.402940191952297
['Black Sabbath'],[771438],-1.0249827159516867,0.0971097602588795,-0.06620678612736293,0.2584932486358857,-0.8360311830535484,0.5481412209658707,0.022499521997522528
['Black Sabbath'],[771438],-1.10721041053713,0.02508103187995712,0.04760874708285026,0.17288020848021016,-0.3858835129230471,0.4958071684551047,-0.08187239038969216
['Black Sabbath'],[771438],-1.0133272382742295,0.16320222025461714,-0.05861167968365008,0.14649340872581174,-0.1501921545409168,0.22741295803665498,-0.032314131017309684
['Black Sabbath'],[771438],-0.8762203553537643,0.01728515136858416,0.012534515090344254,0.167553343389336,0.15473684687368244,0.46747081003700375,0.03523726560324296
['Black Sabbath'],[771438],-0.7158941164480997,0.06158043223924296,0.018097524605435518,-0.02057888512021172,-0.07096987094417714,0.45418275670282027,0.0021136780684360944
['Black Sabbath'],[771438],-1.0508377150372201,-0.033355326951913344,-0.004216828520717836,0.2701346969109295,-0.8259765352995281,0.5895284103256264,-0.13025455712253917
['Black Sabbath'],[771438],-1.0926341918360645,-0.07176892204562942,-0.025631494584666337,0.2645505964057743,-0.660221636577942,0.4233900503345125,-0.14434888318539868
['Black Sabbath'],[771438],-1.3346408695535916,-0.3343015317040862,-0.01360806433786108,0.30443290797450906,-0.1542174350082726,0.5784923143821973,-0.19387122180926752
['Black Sabbath'],[771438],-1.1039495912091117,-0.09378680910584405,-0.06780789155551632,0.3433316035232953,-0.5337231604930364,0.5300812518734519,-0.21832054448974403
['Black Sabbath'],[771438],-0.8071025206373005,-0.08119191324672909,0.011566564072811867,0.24458732983141682,-0.5559410435619092,0.5627745411448919,-0.13842973232187833
['Black Sabbath'],[771438],-1.100779343933633,0.23472125881173053,-0.02079229706928861,0.13753421683081887,0.09893031735666002,0.5758410433509317,-0.4268130519397934
['Black Sabbath'],[771438],-0.3661996420183527,-0.17462825412247723,0.09401554423800729,0.030155036491115506,-0.0880876112510226,0.36802744584362046,-0.08085068569164196
['Black Sabbath'],[771438],-1.0287942101962044,-0.10567489255749977,0.062083689921491055,0.13462160952481267,-0.46739092709804675,0.6744536439160431,-0.17741122647908755
['Black Sabbath'],[771438],-0.665572773570235,0.03695006181307229,0.02641721487129582,0.08017252838411287,-0.5406804243190044,0.35679374992711155,0.038266236383912494
['Black Sabbath'],[771438],-0.17118798331098065,-0.10558551260131385,-0.037644708420723226,0.23803863800799288,0.03436817562519355,0.8806705157440119,-0.5554916223719444
['Black Sabbath'],[771438],-1.0818111542829167,-0.054449424917693716,0.1129586478724421,0.11597192840337273,-0.20318376083605527,0.5730226484697744,-0.1483526822711089
['Black Sabbath'],[771438],-1.3221921574701985,-0.09422183596929255,0.08048461177784871,0.16666390449481538,-0.08557225284975441,0.5710251222720113,-0.20252983363081023
['Black Sabbath'],[771438],-1.1525024522243774,-0.18721318228661674,0.12153553137388665,0.24365367534619942,-0.10844644329988934,0.3619598935549358,-0.25716292109333316
['Black Sabbath'],[771438],0.13427927713585827,-0.09594414078277712,0.05169861944826024,0.03850208385544599,0.17247366692081612,0.9074667713092964,-0.3848426016927139
['Black Sabbath'],[771438],-0.724814479811319,0.06674749742573403,-0.025979396277606422,0.041370669951994614,-0.2604085631281848,0.40310186501027906,0.11857566807258212
['Black Sabbath'],[771438],-0.8521707937362127,0.08186410414788504,-0.0021060210125392683,0.18680316888052317,-0.41549173448758275,0.3811238196106931,0.04782376020545383
['Black Sabbath'],[771438],-1.0253539740253943,-0.2971022437995577,0.15017815227278097,0.17333444031278508,-0.18901479400803584,0.620520881473837,-0.15706931883579178
['Black Sabbath'],[771438],-1.0685089448276515,0.12042466935927196,0.3133095496310728,0.13620457510972536,-0.6651891649195614,0.5664475483038739,-0.24513225679427342
['Black Sabbath'],[771438],0.13826278428528088,-0.17434253940832145,0.03248235478455239,0.07042193478665501,-0.09457529387932671,0.9883179565575646,-0.4855988934555851
['Black Sabbath'],[771438],-1.2936069189680413,-0.20914621169133332,-0.04354653657967409,0.27561965095640645,-0.3499068876568693,0.553868951160786,-0.18918799779065032
['Black Sabbath'],[771438],-1.1548460549447865,-0.1187541931999623,0.07867724654660613,0.3125308138657309,0.1277603503206135,0.5657080606537519,-0.4904535622726411
['Black Sabbath'],[771438],-1.2760043744664409,0.09509443347770506,0.0036202988793347618,0.1196807700255191,-0.6216466100041909,0.7871521048278942,-0.2225311054221752
['Black Sabbath'],[771438],-0.17007355591740028,0.05610312254726302,0.011308616065104245,0.2051508571428554,-0.17832972207850786,0.6862514422761699,-0.6270437047440016
['Black Sabbath'],[771438],-0.9783234414817422,0.18737090994002856,0.002461243003781991,0.03619647988258762,-0.1403613991396148,0.45730647160985777,-0.060740501123194963
['Black Sabbath'],[771438],-0.9783304076235294,0.01226648729702791,-0.011254776298997994,0.1253602911893141,-0.024737293049118918,0.4814298187096306,-0.14551119619540703
['Black Sabbath'],[771438],-1.1697615237941261,0.008272520607739541,-0.07645140459596685,0.19717683915867695,-0.6429726931236511,0.6124123445406242,-0.0866243032870061
['Black Sabbath'],[771438],-1.0578902173548863,-0.1058633855046227,-0.055420136679587804,0.35834738906599056,-0.13378670431407275,0.6877673621134469,-0.3877269276441641
['Black Sabbath'],[771438],-0.9382196985923333,0.20685728635215092,0.050833535310623436,-0.017113578551249817,0.11402101260193918,0.35483233876488407,0.0015582575615896601
['Black Sabbath'],[771438],-1.202766565193704,-0.02378133970055363,0.24026261277830624,0.23449406435836362,-0.6307765899669093,0.6129165707171628,-0.2580635324131733
['Black Sabbath'],[771438],-0.897020283081696,-0.0878396823469035,0.007247960660038159,-0.058739779138105984,0.12929426814593667,0.5553458881180675,0.007135469589824401
['Black Sabbath'],[771438],-1.0115543325476546,0.14776879958522451,0.013654739547716569,0.17620450028281184,0.08971419316504176,0.5308893931573192,-0.32834629380578145
['Black Sabbath'],[771438],-1.190756717459642,-0.10357348319173554,-0.011048238024841926,0.10012906260849379,-0.3679275731659811,0.6767372192186843,-0.10747863429250516
['Black Sabbath'],[771438],-1.059747564438861,0.145024693346283,-0.00679564746720562,0.09848896535533416,-0.11057361517227828,0.522036412562048,-0.2004266196566944
"['Bo Diddley', 'Muddy Waters', ""Howlin' Wolf""]","[55128, 608701, 276085]",-0.980247039828405,-0.18475669401649253,-0.01466089229564701,0.06446902101373998,-0.203320291115651,0.6967252541372178,0.003914400055316543
"['Bo Diddley', 'Muddy Waters', ""Howlin' Wolf""]","[55128, 608701, 276085]",-0.9408598729786942,-0.5288093397471283,0.11279179040344528,0.31088930455858055,-0.18592593949821185,0.5106933261129349,-0.1634557437731671
"['Bo Diddley', 'Muddy Waters', ""Howlin' Wolf""]","[55128, 608701, 276085]",-0.8649771113203639,-0.47389094678919147,0.14905853114023687,0.2572137205787328,-0.014897238782102489,0.5101503703445012,-0.11226950289213773
"['Bo Diddley', 'Muddy Waters', ""Howlin' Wolf""]","[55128, 608701, 276085]",-1.0175078283674872,-0.3002156052377083,-0.008913278214999425,0.1749292128669403,-0.17509830800541198,0.7531088286960026,0.011171477419325667
"['Bo Diddley', 'Muddy Waters', ""Howlin' Wolf""]","[55128, 608701, 276085]",-0.9907364758339154,-0.5841036072089498,0.1516011669624958,0.2666142452401926,0.014583331940194037,0.6351634111281675,-0.1283251446533876
"['Bo Diddley', 'Muddy Waters', ""Howlin' Wolf""]","[55128, 608701, 276085]",-0.8199810186779148,-0.5609882102414385,0.08369815221663032,0.10968486541353784,-0.01472202303114311,0.701615226880896,-0.019520767344016962
"['Bo Diddley', 'Muddy Waters', 'Little Walter']","[55128, 608701, 824599]",-0.6337895884008165,-0.3499984909585871,0.2031304178834246,0.10988039502435855,0.11656059263040738,0.2941128615022219,-0.06121482188111352
"['Bo Diddley', 'Muddy Waters', 'Little Walter']","[55128, 608701, 824599]",-1.061608671454964,-0.450467799602301,0.11021395791072568,0.2543572033820527,-0.4401644743592627,0.6833158386343067,-0.10736492047386917
"['Bob Dylan', 'Grateful Dead']","[66915, 988440]",-0.8773645168852754,-0.08994471875526758,0.6393964946274121,0.1326837039108502,-0.3097968064604453,0.4928374576796646,-0.35838980494510286
"['Bob Dylan', 'Grateful Dead']","[66915, 988440]",-1.0302468422999542,-0.1126408173332334,0.5990890857415896,0.1731538779150802,-0.020171779169367354,0.4819474283265915,-0.38655868915823244
"['Bob Dylan', 'Grateful Dead']","[66915, 988440]",-0.8871266931722774,-0.06500101673012537,0.5510590046444545,0.1486130180642215,-0.48285983298436413,0.6023009795621994,-0.2858289093721336
"['Bob Dylan', 'Grateful Dead']","[66915, 988440]",-1.1673577077543649,-0.013430014930022778,0.5483191436188988,0.1749020326219846,-0.447007690507857,0.7164644529312658,-0.4249427551113004
"['Bob Dylan', 'Grateful Dead']","[66915, 988440]",-1.147837710033453,0.1199248592562458,0.4734322897217775,0.023706817459667257,-0.6417758135919772,0.8661147528509024,-0.23898831023128575
"['Bob Dylan', 'Grateful Dead']","[66915, 988440]",-0.9472073372482523,0.13720063891246106,0.5328137097799222,-0.08147594987499161,-0.04272566922028666,0.6582256620051891,-0.22780273460510495
"['Bob Dylan', 'Joan Baez']","[66915, 69153]",-0.7433337840108966,-0.1875790301139683,0.67999751932732,0.04883533420374142,-0.49844756347228925,0.5900282377142972,-0.2817733156700292
"['Bob Dylan', 'Joan Baez']","[66915, 69153]",-0.8468416458117811,-0.028123790496483773,0.5161933560546896,-0.034776331741399845,-0.5027418328646778,0.6286803323831742,-0.26248379951800216
"['Bob Dylan', 'Joan Baez']","[66915, 69153]",-0.796922656250491,-0.13003266295983526,0.729562474183309,-0.1105588894154973,0.138348170248107,0.6851696488339006,-0.2227061091546747
"['Bob Dylan', 'Joan Baez']","[66915, 69153]",-0.8564286068646527,-0.09306459493647318,0.8261267930451924,0.1456898037387703,-0.8457648595675858,0.6345335434967427,-0.3017276127843868
"['Bob Dylan', 'Johnny Cash']","[66915, 816890]",-0.30276546451987546,-0.46021381291240027,0.20830820323651353,0.04871342536342988,-0.5279678712253755,0.5897537222917552,0.09699442945843056
"['Bob Dylan', 'Johnny Cash']","[66915, 816890]",-0.4708627713780361,-0.40540800402455085,0.19104829670463735,0.05554934249311305,-0.5191205053498961,0.5361522718284459,0.06378190303847478
"['Bob Dylan', 'Roger McGuinn', 'Tom Petty', 'Neil Young', 'Eric Clapton', 'George Harrison']","[66915, 834466, 612716, 379125, 187478, 209142]",-1.2132996125160378,0.15698190429847741,0.34738308515694644,0.13321206618998788,-0.20532474000670403,0.446532964356461,-0.27366044227075326
['Bob Dylan'],[66915],-0.5216728402007468,-0.43584379630140874,0.4682286651034,0.10558869288157452,-0.49241342663869897,0.6322367828576143,-0.2713033914030299
['Bob Dylan'],[66915],-0.41265297655780986,-0.630724039377164,0.2690443367404303,-0.0022396702845263374,-0.06096896695224563,0.6112633569973471,0.044334492221357276
['Bob Dylan'],[66915],-0.30223336366643916,-0.5111841204883779,0.22270600801990073,-0.0643245175885107,-0.07345207603943199,0.6229585103259345,0.11357702059905345
['Bob Dylan'],[66915],-0.4360926464271002,-0.30922168418818574,0.18425962434943707,-0.22382715829029312,-0.16269259855189647,0.8124076177088493,0.1996915599188984
['Bob Dylan'],[66915],-0.2241299691111871,-0.39755770310629335,0.1431562307675506,0.03542830600357637,0.15472171092874312,0.7184355729258476,-0.33324266969831073
['Bob Dylan'],[66915],-0.31892276218608073,-0.6407995119539671,0.29153798141424414,-0.0430468145943556,-0.07780047285856917,0.5907073460950198,-0.0030150276062547183
['Bob Dylan'],[66915],-1.194075283330509,-0.057043847227934,-0.009595516970021655,0.16569507355484445,-0.6232682796065734,0.7854365724318672,-0.06658876499206438
['Bob Dylan'],[66915],-0.9219064838131602,-0.4718565495605424,0.24028343745782563,0.21675618151676895,-0.4592225012725836,0.6247648839328183,-0.2051052064524617
['Bob Dylan'],[66915],-0.5678788332385216,-0.21788527287826392,0.3029331673114202,0.1394394066707398,-0.6931797459994206,0.5000248727829566,-0.07313050961804264
['Bob Dylan'],[66915],-0.9591611216051847,0.18791105650483925,0.5203174917703096,0.1530438700839508,-0.8595003144498186,0.43331207917799897,-0.32035792285149817
['Bob Dylan'],[66915],-0.016366134100361387,-0.30759470234569647,0.09563888214614658,0.3092054102423645,-0.5224372106054614,0.8567135899284087,-0.5663958662011269
['Bob Dylan'],[66915],-1.1394089245261971,-0.30883986366816646,0.1568184890400378,0.318803093754296,-0.6216636099494269,0.599117804381466,-0.24867564287485594
['Bob Dylan'],[66915],-0.8573743464726493,-0.2683368372253832,0.1286557605797493,0.2349259523407176,-0.02305925336033094,0.45687901199223596,-0.07350844316761533
['Bob Dylan'],[66915],-0.9680957018298302,0.10474561575255767,0.404870830715186,0.010277864065875995,-0.8395491109988147,0.7757928694730877,-0.19716587601992
['Bob Dylan'],[66915],-1.0279488913874442,0.1844423056813624,0.7508659244254469,0.06442756659169743,-0.6757625016950058,0.5149676587357794,-0.36315070303981273
['Bob Dylan'],[66915],-0.37732086750622207,-0.3258589013184084,0.6483027331924898,-0.046906297108672494,-0.094956407501343,0.39931681455188717,-0.20132719604927388
['Bob Dylan'],[66915],-1.2550020888407425,-0.205043489113999,0.13386258248267424,0.214360962097302,0.08687645370590269,0.43070601011831366,-0.3093551713173742
['Bob Dylan'],[66915],-0.5852522021716219,-0.33640463440530133,0.16804678951973492,-0.005739053023388036,-0.23378276062631315,0.6284641453032226,0.07136676608739925
['Bob Dylan'],[66915],-0.9463195458216936,-0.30942714559900336,0.2618171824185741,0.15534226085668087,-0.45173915026940037,0.7036730194910976,-0.2898631137802985
['Bob Dylan'],[66915],-0.5870897023879392,-0.20046094030040335,0.5631248739500865,-0.20988470171676296,0.1173773921193878,0.7548776902068369,-0.0791317880384155
['Bob Dylan'],[66915],-1.1024422132035647,-0.3017341131867723,0.07804010973782459,0.18975072370598028,-0.8076435382405196,0.7984456096881418,-0.15131671342063857
['Bob Dylan'],[66915],-0.5310973502132045,-0.5783846198783632,0.17951826109509567,0.1543401310165636,-0.504224885550468,0.5367989053953426,-0.04819492656528033
['Bob Dylan'],[66915],-0.5608409770166224,-0.5368315098231157,0.24098222013526321,-0.041760118863386354,0.1299961405488587,0.6137479735709223,-0.019956457674112957
['Bob Dylan'],[66915],-0.6356403567321591,-0.6158312891943203,0.20500587599976952,0.21742825364304313,-0.48143610437009265,0.5600067558897827,-0.08563315791842253
['Bob Dylan'],[66915],-0.6720885568546583,-0.19314360484147144,0.03941795235974328,0.040387951829368544,-0.24436916563942498,0.5046322364989552,0.10053670395968925
['Bob Dylan'],[66915],-0.8879955118784901,-0.35299477881468977,0.15962916453554518,0.11060932212079483,-0.20959463698899156,0.5582021202097425,-0.10426188636143367
['Bob Dylan'],[66915],-0.46616330540776657,-0.5250026062324291,0.3854732985872689,0.05455770932508252,-0.5025528758279425,0.6666728102893886,-0.0713635216842844
['Bob Dylan'],[66915],-0.8205381182792761,-0.3116989462631159,0.11323565069364876,0.0867873201957013,0.0026320202794372547,0.7340195721243375,-0.2790225819970048
['Bob Dylan'],[66915],-0.81625128742977,-0.2034795635264876,0.049872898696951704,0.17981111434768643,-0.1864771441992851,0.5813502407203585,-0.289518548259045
['Bob Dylan'],[66915],-0.9270045060241644,-0.4454233438584375,0.0941903512666721,0.182494386110887,0.16382446959606703,0.49534810523956824,-0.12343707458383087
['Bob Dylan'],[66915],-1.3640523606958144,-0.5076633218185209,0.008502339101649268,0.46823938185587805,-0.7544224261244853,0.7544758830276376,-0.2182374313398437
['Bob Dylan'],[66915],-1.3246868735298445,-0.47045364231360315,0.12067354981359323,0.29485853887741814,0.041661247172386805,0.6533667428017618,-0.25648629958546554
['Bob Dylan'],[66915],-0.7026692269677907,-0.4674179190855429,0.18137875552923302,-0.048369724888858726,-0.03698601715808887,0.7561209615413699,-0.02270425715823887
['Bob Dylan'],[66915],-0.26050304067285185,-0.48546384021842387,0.23848866874365424,0.0387878695116637,-0.5477615175227317,0.44508021648416096,0.04653362406201953
['Bob Dylan'],[66915],-0.33912881262291056,-0.6320269385971501,0.26507203171748656,-0.013540338688044733,-0.06723923351848134,0.5988788079079019,0.05024305507184444
['Bob Dylan'],[66915],-0.44576321519990114,-0.06329541425016785,0.735456034696007,-0.1551274615289327,0.08582486462458044,0.4585737841260325,-0.15849056438622147
['Bob Dylan'],[66915],-0.4438683224942205,-0.29067732566874915,0.135777575326906,0.19956632859908555,-0.44901823780162825,0.7783858696616216,-0.4078118109693413
['Bob Dylan'],[66915],-0.44118681304706875,-0.5768556747248741,0.18273912941025827,0.15298352527764683,-0.5709783565308127,0.7163862208314659,-0.10358016219989345
['Bob Dylan'],[66915],-0.47480980322587746,-0.48258264628965414,0.5826128673492738,0.022266919318635465,-0.766538305099148,0.8421813075168559,-0.14357491775812153
['Bob Dylan'],[66915],-0.40064060817278047,-0.6151511607077031,0.3332032009003202,0.00023609528463578998,0.11097654125201822,0.49438354016107827,-0.06279784750901753
['Bob Dylan'],[66915],-0.9803783358284682,-0.43659161608801,0.14051163938271644,0.23815245252906192,-0.2822581826897782,0.5457239356189876,-0.16426379416932754
['Bob Dylan'],[66915],-0.6096650034191379,-0.5778095965919405,0.21843685668477464,0.06134906099955543,0.033385672088432246,0.44224057980717163,-0.10054694967029096
['Bob Dylan'],[66915],-0.43537599282888995,-0.2618050052478667,0.09677464397460572,-0.3037147967123315,0.004390971739036413,0.7895239289455916,0.20602288046148104
['Bob Dylan'],[66915],-0.6341814706527837,-0.18073694128004705,0.6257818400117866,0.04727009012990477,0.12598664439599677,0.4703844254018543,-0.1576131160680067
['Bob Dylan'],[66915],-1.0367228705760452,-0.2845309717464957,0.20295477427405903,0.08911363583362646,-0.10315072692857032,0.6199106716132161,-0.15490513351969182
['Bob Dylan'],[66915],-1.008429733747339,-0.30107460371287187,0.16922479324881254,0.2446233317677618,-0.8182075455228413,0.651827780038604,-0.15889261182795128
['Bob Dylan'],[66915],-0.8216266652959998,0.028265681052924284,0.44593121160052596,-0.023927620896314995,-0.4916907916308165,0.7321926643605421,-0.11584447407960945
['Bob Dylan'],[66915],-0.8594020409425265,-0.4995870272364766,0.08808090109056162,0.2172109788098517,-0.196438574844984,0.54066079554369,-0.09257685845778357
['Bob Dylan'],[66915],-1.1925168881132513,0.17584761966160048,0.4330752443605262,0.25066390014399187,-0.6549728400362844,0.43589788716002886,-0.29366797487580304
['Bob Dylan'],[66915],-0.5980093285523987,-0.3581440876099952,0.2114715048696841,0.11773007721378566,-0.8683883086264855,0.5928117289083443,-0.044823262417342705
['Bob Dylan'],[66915],-0.7691597702407033,-0.5768479175489434,0.22490688814241352,0.24902234159811515,-0.8244714610494436,0.6816642067439621,-0.15444055488235023
['Bob Dylan'],[66915],-0.692510095520646,-0.7225647579387429,0.20691794902931682,0.11091731626831478,-0.28974571413581424,0.7253610351185348,-0.08017356687620532
['Bob Dylan'],[66915],-0.6456091571822368,-0.2756762023997959,0.10177333403699539,-0.05140096004719602,0.02941393443678125,0.5688484488394322,0.06935252078816787
['Bob Dylan'],[66915],-0.6402102683899716,-0.3407273735174555,0.26907153129598044,-0.029068631915548097,0.02847204318613289,0.5215176990196408,-0.0035933509199260415
['Bob Dylan'],[66915],-0.4885252784716484,-0.4129690833292436,0.39182886287634205,-0.11159536571988468,0.10162197525315954,0.5115586841442176,-0.08953074804347592
['Bob Dylan'],[66915],-0.47330724432814664,-0.38507697251659256,0.15204169499664866,-0.03726441947444861,-0.2529400921694906,0.602647809192694,0.11212686882006614
['Bob Dylan'],[66915],-0.5567647947244386,-0.43239537458152794,0.12716565371684296,0.044366513992897344,-0.6800378971822214,0.7267426461911521,0.04349063679710427
['Bob Dylan'],[66915],-0.9788665488405597,-0.5580213805902297,0.139958563541337,0.21983546780660668,-0.6229643739879277,0.7460361876798219,-0.18616605941820027
['Bob Dylan'],[66915],-1.2714548602878326,0.39290927651049645,0.7135936100685547,0.14053557568323274,-0.4790256103015867,0.4958442639550026,-0.3274876182159703
['Bob Dylan'],[66915],-0.8741007887076385,-0.38439828658991043,0.305179433297021,0.14460107391939894,-0.47475153462329517,0.5853263580197845,-0.2171152812841345
['Bob Dylan'],[66915],-1.4059216305938325,0.11667909616515186,0.568316291187356,0.18536835808844943,-0.6185317902921357,0.6946508440837096,-0.48890337424594754
['Bob Dylan'],[66915],-1.276195007821993,-0.029442316977165463,0.5164851194345904,-0.0031410391137126296,0.18621359152328562,0.7369053220128274,-0.3282833621076223
['Bob Dylan'],[66915],-0.6750646903181252,-0.1413461955661542,0.11002340652433583,0.07429997703462879,-0.7069222601966202,0.4230254747536167,-0.0646996470801824
['Bob Dylan'],[66915],-0.6895648990382848,-0.25843485164473573,0.03705463189181263,0.16935725008830507,-0.677288520718107,0.5672396422630854,0.10725120118579266
['Bob Dylan'],[66915],-0.958853300970859,-0.7476717549040321,0.14287775085417986,0.40803011234955544,-0.7856475171407784,0.7371589963360301,-0.1871638920599023
['Bob Dylan'],[66915],-0.9520730721436353,-0.3003931233004188,0.29118224107191526,0.17782296637077505,0.15504861396189976,0.42322699308084233,-0.22422745564929863
['Bob Dylan'],[66915],-1.3708832245505966,-0.4699302073510772,0.006524478729918544,0.4024578559873943,-0.5780644717345584,0.7489523917571322,-0.22665555662652015
['Bob Dylan'],[66915],-0.6020668989429779,-0.30527811895786167,0.13344013556825357,0.15829282300051917,-0.23825228633278112,0.41738707588245,-0.007394359747417689
['Bob Dylan'],[66915],-1.1194692943379236,-0.07289947022810188,0.03152844220739639,0.1974176140579683,0.17300680544866465,0.4486358343678654,-0.15639407176817738
['Bob Dylan'],[66915],-0.4251839832743152,-0.6104642405305456,0.2405851197746281,0.058330748958843937,-0.6005746176603017,0.6633561647476117,0.006368337551121927
['Bob Dylan'],[66915],-0.5290652878961277,-0.4103089636690853,0.14207665389670046,-0.10779750527093898,-0.23363749620270183,0.8050059922593851,0.1278931649407564
['Bob Dylan'],[66915],-0.30503277633668546,-0.47842793545894696,0.24608854298727306,-0.04325586944913086,0.0866411919434308,0.3877436293710059,0.12489888348603799
['Bob Dylan'],[66915],-0.47262488888533327,-0.3395357664011934,0.6075898483051314,-0.012264049448580106,-0.24554666409578008,0.5898352505442804,-0.1669609132421809
['Bob Dylan'],[66915],-0.450756389980032,-0.5027240370478281,0.18666848655087961,-0.03215668886900262,-0.0714871835828716,0.5632303463852731,0.08404675882749625
['Bob Dylan'],[66915],-0.3075181547104552,-0.4910250030391693,0.17862042679814152,0.1570756729806369,-0.6423673361818572,0.8838904455067698,-0.2711054098569174
['Bob Dylan'],[66915],-0.9298135102717424,-0.1420970950129022,0.9996961614213091,0.049715203757675644,-0.46809946377427886,0.829215016644792,-0.2688866223481099
['Bob Dylan'],[66915],-1.0335320902998468,0.044150138057874565,0.9365937622720509,-0.04907097543821132,-0.4660513254452841,0.9360070212823329,-0.20960264953647065
['Bob Dylan'],[66915],-0.6634311536439581,-0.16125520264247523,0.9591632273640656,-0.0952831491054719,-0.13615205812306497,0.8583773710619583,-0.020367194002796806
['Bob Dylan'],[66915],-0.6732899385879197,0.07521677099510896,0.45931547173573306,-0.18116053504012583,-0.25683180859516264,0.6483939735003491,-0.08035024662728713
['Bob Dylan'],[66915],-0.7203394446324062,0.012450308925823592,0.90322545869177,-0.08231561155807184,0.11044233983212683,0.5206505844970133,-0.2487294507804221
['Bob Dylan'],[66915],-0.6004828955148058,-0.08564174551590792,0.13948467298362044,-0.009316358773793101,-0.07952254083515753,0.4239924117148799,0.09066809282597335
['Bob Dylan'],[66915],-1.0045711123837915,-0.5649412302015983,0.10783323426513351,0.2177403899914475,-0.624565591439456,0.7635317157063367,-0.15592736821391776
['Bob Dylan'],[66915],-0.47306985360170295,-0.3098171952340838,0.07623424808399296,-0.008119866354431697,-0.10462862257207237,0.8693876877566442,-0.1846028740551144
['Bob Dylan'],[66915],-0.5760535337635639,-0.4083337665527053,0.15617721930473483,-0.09506914121990723,0.1255570522688697,0.6403613205723045,0.0015952336839188319
['Bob Dylan'],[66915],-0.378583251356197,-0.46815223544400036,0.2297193656526067,0.06017727520370042,-0.526581000668154,0.5261488165921274,-0.020449485721595016
['Bob Dylan'],[66915],-0.32485894544144395,-0.36582356958044726,0.5676957916821339,0.04704609706822999,-0.7723351352630222,0.7673432104318333,-0.3442102680639647
['Bob Dylan'],[66915],-0.3300761380130732,-0.0506368773016624,-0.04835262807778582,0.20681531843233453,-0.25351107278608626,0.8169625116113738,-0.4193629825343202
['Bob Dylan'],[66915],-0.03243993241191331,-0.218999711190813,0.09103308875353618,0.2894325703964995,-0.6041615256291151,0.9695050101349109,-0.5177476037110803
['Bob Dylan'],[66915],-0.11436613367335963,-0.13942081038905577,-0.012734031354949441,0.1045072286224155,0.1974735748537051,0.895736698364247,-0.5182918037395039
['Bob Dylan'],[66915],-1.303070128624676,0.23318434974083815,0.5476458591027921,0.07154404417196507,-0.4667599673044966,0.6220741737392035,-0.42653908962303233
['Bob Dylan'],[66915],-1.3675605254813339,-0.00841858194181683,0.5637743473112181,0.09500837645500991,0.19213110309481582,0.6081154940274756,-0.46350746220872024
['Bob Dylan'],[66915],-1.0640905715729425,-0.3363497813380324,0.11619077056193092,0.04129841767055075,0.1721079222129449,0.6751823805429894,-0.09310394677859359
['Bob Dylan'],[66915],-0.9068582015448368,-0.07204385649031082,0.04517463405499508,0.12699345912407217,0.19568554004321911,0.6598578676129462,-0.3884164556983842
['Bob Dylan'],[66915],-0.7057410139878751,-0.27058768003967376,0.5285745311697854,0.0959070589347428,-0.4965785584239691,0.5726393764770586,-0.19136952347279326
['Bob Dylan'],[66915],-0.9111331325043618,-0.06865164515357558,0.5914199697122684,-0.021106534165932393,0.13320157434282442,0.49762485658396133,-0.3443981864842396
['Bob Dylan'],[66915],-0.6756397909586527,-0.015696174325721592,0.6605238211750559,-0.1332173294104937,0.10805769584702167,0.5195812929836187,-0.21845753656061415
['Bob Dylan'],[66915],-1.095571430051333,-0.23627853945906865,0.15509656904058605,0.19340614295950348,-0.45707479838365717,0.6266767529588488,-0.17841831302577024
['Bob Dylan'],[66915],-0.9936962379233603,-0.4342698314906972,0.14298279849776385,0.3145232588053885,-0.6361195574477606,0.5726928630256327,-0.24536642772453843
['Bob Dylan'],[66915],-0.8407428606194798,-0.21593725488685372,0.06989740418624135,-0.03751724543296975,-0.04102233954498958,0.6646234776412591,-0.0034681333536027465
['Bob Dylan'],[66915],-1.1603708447841379,-0.3413035351978152,0.04080782230106144,0.43115536559886436,-0.7035546352234808,0.5647490558791897,-0.18340274025535852
['Bob Dylan'],[66915],-0.9127458186119225,-0.42383743701687465,0.05957798759743337,0.3869945421044029,-0.4658720938691301,0.43952618519986486,-0.08803440681364585
['Bob Dylan'],[66915],-0.26715090172756484,-0.5224707265567105,0.19678283130186236,0.09919303849436165,-0.30311795830265703,0.7373290268481386,-0.12300662031699541
['Bob Dylan'],[66915],-0.47324989609435614,-0.7144219180335851,0.22408306031565378,0.1589413257264052,-0.5845215422529608,0.630313551848539,-0.013065452620139414
['Bob Dylan'],[66915],0.11369108274396421,-0.12846042788848663,0.08554457003992956,0.11618190271301365,0.14621280640414014,0.5907997749502074,-0.4550258099399984
['Bob Dylan'],[66915],-0.3894815942767281,-0.6644782050070934,0.27083305289579274,0.06622609994202491,-0.5920494980522906,0.7474298975574845,0.015147139343964265
['Bob Dylan'],[66915],-0.506616617112013,-0.6524347013906212,0.20671459370819079,0.052819558407519014,-0.04559015786659501,0.6098996512250201,0.0015614105402040385
['Bob Dylan'],[66915],-0.3234085154612083,-0.3982943146080163,0.2846956319853472,-0.004156561809236828,-0.5358765408190452,0.5707256367461101,0.050897434445247816
['Bob Dylan'],[66915],-0.4859037389679364,-0.6047210470809822,0.27752184035583716,0.05734613344522352,-0.3191484065686545,0.658054699152134,-0.027701247729283843
['Bob Dylan'],[66915],-0.42727149813387894,-0.3559970022452603,0.13771204877348533,0.05716451961900873,-0.5219041357492106,0.5495964836832086,0.13728704703108877
['Bob Dylan'],[66915],-0.8570981720563161,-0.2615090208745835,0.19633234112982578,0.15507228875071088,-0.04436455036734348,0.3855083304616304,-0.1590081700971586
['Bob Dylan'],[66915],-0.5472268534662531,-0.06782788048082926,0.7150536116229438,-0.18686714651178807,-0.07849165572545123,0.6386567491400943,-0.12344935669420831
['Bob Dylan'],[66915],-1.1301819074855097,0.07525882603812516,0.6283212729688717,0.16496649133995536,-0.4706532435643535,0.513073085347138,-0.4484219090099084
['Bob Dylan'],[66915],-0.5441638311547359,0.04820776783947429,0.5717387791041691,-0.17111301973038326,-0.35584406213602643,0.6319054313923956,-0.08578300876425383
['Bob Dylan'],[66915],-1.0911061590147597,-0.23545048537634758,0.04786667051969928,0.20024615113925157,-0.19190974518200424,0.5105810552026804,-0.1577616051249085
['Bob Dylan'],[66915],-0.5909564225286638,-0.2624628434089432,0.10555776553799638,0.11703955783255886,-0.050063356299288105,0.47593975470288136,0.10937853211825715
['Bob Dylan'],[66915],-0.6572646086933733,0.08182460621317103,0.4454477022293444,0.05196810379872657,-0.2554235575264358,0.3765307706992917,-0.11160193695781045
['Bob Dylan'],[66915],-0.8530429504129527,-0.4585771213575366,0.12485048685798827,0.1675824045797216,-0.736578389953105,0.7634914941980998,-0.07806707029269164
['Bob Dylan'],[66915],-0.7152707062598013,-0.23826397695233087,0.07478032474543278,0.16345230606910321,-0.6855414007881848,0.5081802912416509,0.03220460537980775
['Bob Dylan'],[66915],-0.7517754789798612,-0.5044323650811292,0.2521896302252686,-0.0723849428537999,0.14954646709472544,0.7306405849990969,-0.06685918505871302
['Bob Dylan'],[66915],-0.47308854169439996,-0.32705479757197875,0.15351152721649367,-0.025747301333408145,-0.527347426848712,0.6004082733331937,0.08796100714162254
['Bob Dylan'],[66915],-0.814419633958189,-0.49658972717878475,0.21844143974430408,0.1507123522992623,-0.6447583311529808,0.7578251349407554,-0.09884739179336097
['Bob Dylan'],[66915],-0.9029343921651942,-0.5069419054260387,0.4115989025103046,0.15085215071255803,-0.2771537119805506,0.6672798508044628,-0.2484219266772085
['Bob Dylan'],[66915],-0.43737580972503975,-0.46704859808549726,0.2894617174024591,0.00046111451986403186,-0.24971971787341724,0.5577011715391595,-0.00851983749893028
['Bob Dylan'],[66915],-0.29101937872956307,-0.3231315719916111,0.017546734828709058,0.33738355469526815,-0.5695341714480833,1.075595670620364,-0.6069160775828334
['Bob Dylan'],[66915],-0.6402300949575622,-0.3354680013458272,0.00598716941054793,0.5233912277975533,-0.691203115530744,1.1673377463916397,-0.8540474275426304
['Bob Dylan'],[66915],-1.1928512747643512,0.09825629294341445,0.48308065385679444,0.11510072276921626,-0.6412552914607461,0.6934786428777592,-0.2867484205798757
['Bob Dylan'],[66915],-1.3797906700641183,0.31822649737295094,0.7282211439999757,0.15857708081823968,-0.8120970611009187,0.7506851109813155,-0.32250694324781337
['Bob Dylan'],[66915],-0.5353744727619738,-0.19946177237619425,0.24770734533165925,-0.0284109128761775,-0.09578077443874822,0.28731483556820886,-0.08413663037646196
['Bob Dylan'],[66915],-1.0738408928794823,-0.029197985015572206,0.7168004271437152,0.02270385772086225,0.15202081777125434,0.5099755900573465,-0.4443255557606015
['Bob Dylan'],[66915],-1.198121992823254,-0.32420438986750566,0.16268902219879555,0.07507913413603641,0.012137530011823622,0.805884695827398,-0.05951727776291939
['Bob Dylan'],[66915],-0.9994596257133797,-0.3940738653453058,0.07805487010383631,0.12921875908734082,-0.45767817617432704,0.7166514306607087,-0.09673938341592891
['Bob Dylan'],[66915],-0.7927219606973142,-0.5965984429047017,0.1678876983453656,0.020297993718956797,0.06565994550584504,0.6512861400791241,-0.08841085165197693
['Bob Dylan'],[66915],-0.7837201474176888,-0.25090259232974244,0.04841351032732569,-0.01640512784095644,-0.046550060625949116,0.6021132278699037,0.0476705209513389
['Bob Dylan'],[66915],-0.8342121562451228,-0.26253949298786095,0.08007624316034469,0.20548396699331906,-0.7489782639543506,0.6088581922418782,-0.013648385205883129
['Bob Dylan'],[66915],-0.9666431306179788,-0.19923319764057834,0.006885529245828692,0.14467672855714184,-0.7246909509435915,0.8436283659207776,0.03310684615790703
['Bob Dylan'],[66915],-0.4406086963707221,-0.42595505787451315,0.17850186807901378,0.1434751710200476,-0.6108028914919699,0.45668854782842694,0.07076508060856955
['Bob Dylan'],[66915],-0.48651169584425835,-0.16061078747299076,0.13944162392442047,-0.15342885852062962,-0.004554623553464602,0.48430152252780456,0.14786867153669994
['Bob Dylan'],[66915],-0.8441075062058737,-0.10884135895836708,0.017977858480582937,0.14121158492080715,-0.23566373896338638,0.40924949261742305,0.05334324406247793
['Bob Dylan'],[66915],-0.40766946097954776,-0.32860882962171384,0.1539784285242592,-0.04375320686544004,-0.8843036693019538,0.7717550651184591,0.16489504597034504
['Bob Dylan'],[66915],-0.2832044162872535,-0.4869458228596102,0.23616953452356398,0.03545981416994588,-0.09185505691552777,0.36198224080448205,0.08612801195748103
['Bob Dylan'],[66915],-0.7096267769790068,-0.47728827248428646,0.387987607320854,0.21610083799871616,-0.47704644410953034,0.6509403541852599,-0.03249581047418544
['Bob Dylan'],[66915],-0.8558968366206264,-0.24087031174724755,0.36562151551934347,0.13414421977932803,-0.20143081776476696,0.7016176157982005,0.1052092904174227
['Bob Dylan'],[66915],-0.2269089166116854,-0.3346059877998796,0.13184502695991174,0.09980341413625438,-0.48655872247532705,0.7247317295097515,-0.23072488677305455
['Bob Dylan'],[66915],-0.1983353282858926,-0.5043591460581822,0.18854233956645808,0.03810138702608383,-0.22477084678125167,0.7315841805868075,-0.1696002618963192
['Bob Dylan'],[66915],-0.507715013933702,-0.45179760642786765,0.1287636068899369,0.030815393915875327,-0.6826266321372443,0.7581237995407338,0.08993719129749403
['Bob Dylan'],[66915],-0.9285418043789768,-0.22006034193847177,0.5430795985987217,0.13761913385592273,-0.48055860770159736,0.6030211238887218,-0.3004990037441615
['Bob Dylan'],[66915],-0.8415671279110877,-0.17615367767023396,0.9393425695907933,0.08328752210059324,-0.48231896137243657,0.6913269461311166,-0.25066113746568036
['Bob Dylan'],[66915],-0.5990434569605013,-0.31328330468015114,0.7630746766286648,0.0899848971971438,-0.23391698607708475,0.5294625714842891,-0.21925534879184824
['Bob Dylan'],[66915],-0.7517108202236925,0.0020655185579075935,0.534520470752596,-0.054986676554104975,-0.3186664248473461,0.7069649755578054,-0.12300907353547624
['Bob Dylan'],[66915],-0.7365498866900669,-0.1128403963040252,0.9560288145947072,0.021024282429212175,-0.2328493767064911,0.5821958910572841,-0.2537796919791433
['Bob Dylan'],[66915],-0.6938494621942777,-0.3188510018094756,0.6596791426582153,0.06596217337814612,-0.4941515921887356,0.6319793908705993,-0.23995654220704796
['Bob Dylan'],[66915],-0.9310138217341496,-0.46277937758735294,0.07963248535537254,0.2465124809683482,-0.37125213499525367,0.567568500735745,-0.11487553244106379
['Bob Dylan'],[66915],-0.5327137861363131,-0.09476183832737213,0.5026270965094954,-0.08166514174155674,-0.5156208983265853,0.7429011265813088,-0.015699457770443185
['Bob Dylan'],[66915],-1.0633702837777355,0.1906700665251813,0.4567088591339941,-0.05103642588134482,-0.2139449508868794,0.6649083129842508,-0.17433196322021463
['Bob Dylan'],[66915],-0.47043699698652686,-0.46378619232604684,0.17785995550760414,-0.04680140453743471,-0.2528716001427171,0.5924610359624507,0.04395101381427662
['Bob Dylan'],[66915],-0.7026388582482921,-0.3184696463109396,0.1437189535680127,0.015656417411323995,-0.23627678285853618,0.5637720121570027,-0.009510053759200152
['Bob Dylan'],[66915],-0.7396223845588725,-0.596324371436,0.20403233151167496,0.0733809641156034,0.14703495549592607,0.5795525488069792,-0.11426705136320774
['Bob Dylan'],[66915],-0.9422594522288054,-0.32077966005978903,0.07909561077279004,0.0008789312116309219,-0.6427803949841767,0.9368387755864986,-0.07471090074252852
['Bob Dylan'],[66915],-0.7691935745550018,-0.7992992301722375,0.222373568676401,0.11467161050565297,-0.008034600348852438,0.6911993553427144,-0.15002884936618882
['Bob Dylan'],[66915],-0.7598967715608532,-0.549628033585148,0.259500444760306,0.19765685921703952,-0.6537797935085451,0.6251718069724792,-0.1608524117855518
['Bob Dylan'],[66915],-0.46592053081463597,-0.47874257932734604,0.15770448547009766,0.06560157316895845,-0.5159335709670386,0.6076791043292685,0.04909477893896152
['Bob Dylan'],[66915],-0.8038115424467557,-0.1222834978385916,0.4078655565111265,-0.06033577066365136,0.12997682598533403,0.5525911086947102,-0.15194978978804183
['Bob Dylan'],[66915],-1.0946681987547324,-0.04798453859487302,0.47388279926520177,0.06920049860280952,0.15326350009304363,0.4488648049337325,-0.31565805646832834
['Bob Dylan'],[66915],-1.2864130724280205,-0.017804370251801243,0.6526144776827161,0.12153482312619476,0.0071047053948096,0.6294698308982951,-0.4185169511625196
['Bob Dylan'],[66915],-1.0194017827726052,0.09156160558857461,0.7972254176641329,-0.022814083864407725,0.14196797813889087,0.5445384641413092,-0.3148988682579271
['Bob Dylan'],[66915],-1.2184782517574653,0.14189841366479233,0.7229285161910495,0.1722715647460443,-0.8184843634956455,0.6922881124094471,-0.3524463793617154
['Bob Dylan'],[66915],-1.150996052989553,-0.025065077554525222,0.5250759718379547,0.16967364396238135,-0.6398711328487402,0.6763293114448866,-0.34697287789757875
['Bob Dylan'],[66915],-1.012998534904023,-0.252309021948714,0.4710876148132374,0.17092248467273177,-0.6360990417338934,0.716439736628745,-0.30106539702627827
['Bob Dylan'],[66915],-0.7982343430637826,-0.2623135123213636,0.0997577603825732,0.2259996409350179,-0.8613832275144201,0.42502348008282825,-0.12725201486761828
['Bob Dylan'],[66915],-1.1919248669691644,-0.08425015536794764,0.6916661398758451,0.13717350294476102,-0.6125223296267871,0.8323359914695302,-0.4251501260378742
['Bob Dylan'],[66915],-0.6971653480369441,-0.10745666948280982,0.4416944844833206,-0.08957739861211386,0.12133486118103709,0.5439318545622986,-0.20934254102356673
['Bob Dylan'],[66915],-0.9374149817867046,0.019478532917697716,0.4529430312764473,0.03007163376306554,-0.49222841869424006,0.572037842279055,-0.24677326019056126
['Bob Dylan'],[66915],-0.677274331157662,0.08367338323442632,0.6716866009807331,-0.16094023706877553,0.09727502537629315,0.46005442397977825,-0.20786528223187295
['Bob Dylan'],[66915],-0.8591265327204172,-0.4412811301292159,0.14692142293938001,0.10942952713291805,-0.29925586400518295,0.5910624342339461,-0.12386000626260639
['Bob Dylan'],[66915],-0.8058987632955938,-0.1524971106888921,0.13551264904385726,-0.15853376087491994,-0.22800262115287206,0.7781455818040246,0.04279612486968008
['Bob Dylan'],[66915],-1.2939770598399438,-0.06020436539203993,0.5969919365202246,0.2735278858488227,-0.4420666277780592,0.5882627516803153,-0.34260245175013804
['Bob Dylan'],[66915],-1.0094812081914424,-0.4656532351635458,0.11411006125619505,0.23600908527907324,-0.00738674188536583,0.515082685832848,-0.19275172845608643
['Bob Dylan'],[66915],-1.0495975227679772,-0.6792306509891339,0.1874506435822862,0.36226215509724513,-0.41231858861343074,0.8181627149621883,-0.07429668852899732
['Bob Dylan'],[66915],-1.1392312303353573,-0.5212568921155422,0.06052753031315668,0.12340084408058093,0.03321854202615835,0.9499276071092654,0.023016416619699137
['Bob Dylan'],[66915],-0.8076269477128166,-0.57927355004053,0.19231137234290946,0.2775594216924388,-0.3720760536326541,0.5688594184030883,-0.08589131137757791
['Bob Dylan'],[66915],-1.2573584514229086,-0.27314532039223866,0.20111952491632892,0.20018699372676504,0.016581076425988144,0.6344826357587623,-0.26194049246127504
['Bob Dylan'],[66915],-1.2060835058256443,-0.34435311356697507,0.1697289858424472,0.403154096775772,-0.7853937520528064,0.6515708198298404,-0.27127070106742673
['Bob Dylan'],[66915],-0.37478670360080796,-0.5012050372160278,0.2302929626909732,0.10151726372160512,-0.6142356758192057,0.5059887999782041,0.031098003213538932
['Bob Dylan'],[66915],-0.34268776695110365,-0.4238801436477653,0.21097426003414277,-0.20907871866406416,-0.05894833195457374,0.8891845249272893,0.022097325345283345
['Bob Dylan'],[66915],-0.6510254850581878,-0.5421811877776779,0.1344837331605082,-0.0013157950592365963,-0.4774587957275266,0.895414848209451,0.04175710642406646
['Bob Dylan'],[66915],-0.5154116583760443,-0.6837486954239568,0.4390615991370905,0.04372827621520249,-0.49157559863996464,0.7483664923807776,-0.15084512410319906
['Bob Dylan'],[66915],-0.5069016417594399,-0.7456907288835948,0.23981572372174037,0.11002368421535987,-0.5640046337786356,0.8209259073014052,-0.1305051518277428
['Bob Dylan'],[66915],-0.697431283702531,-0.5336878802804618,0.15474136059638843,0.2183882524404999,-0.47538320034254644,0.6166221027254691,-0.017025420445070463
['Bob Dylan'],[66915],-1.1085933491174629,-0.5905562446872041,0.1484412885808375,0.26058934196150424,-0.4248078359635814,0.7602826805761034,-0.20135941737945007
['Bob Dylan'],[66915],-1.0729242937303458,-0.5053708461793777,0.276037223509327,0.3137253538989535,-0.6143228801006027,0.6982075884447193,-0.2817031124617452
['Bob Dylan'],[66915],-1.1405067023186508,0.18826838006398622,0.4897839960542065,0.050719892510241754,-0.822003866091216,0.8256903782669208,-0.28327043367497967
['Bob Dylan'],[66915],-1.048355459701375,0.1904552779445495,0.4868175237513164,-0.012047687037203393,-0.665675016410553,0.7128046607424688,-0.23621520629704387
['Bob Dylan'],[66915],-0.9852167467232846,-0.3860525577093148,0.03963247680795913,0.23765878679578287,-0.20670453809421838,0.42440867330325366,-0.16614990757400724
['Bob Dylan'],[66915],-0.8373181339556104,-0.06875297115697561,0.2927420109249718,-0.03780222529084512,-0.4924998922492789,0.7238964252250147,-0.08424393642715818
['Bob Dylan'],[66915],-0.5463008496790518,-0.5204152492402268,0.3039312897778711,0.05068121956164656,-0.06402541081346669,0.45165208180024174,-0.06212694814272294
['Bob Dylan'],[66915],-0.7347832547790181,-0.46956886190821057,0.22235063661114998,0.18317128649675254,-0.48862936887387715,0.5287512484336443,-0.16161823947932139
['Bob Dylan'],[66915],-0.49055045709043155,-0.48905508477718024,0.22172381944802347,-0.08607688416088498,0.10745433438955981,0.530877264149758,-0.001051696727314749
['Bob Dylan'],[66915],-0.4343810990197638,-0.43370663203014304,0.21599026202449306,-0.12412741764546523,0.1058443729054129,0.6064317644565554,0.1350880530348973
['Bob Dylan'],[66915],-0.70460134661608,-0.35484918464736204,0.108377192266671,0.11030763979737328,-0.8483503668778462,0.7464732683386666,0.018216650681436745
['Bob Dylan'],[66915],-0.8135440870037621,-0.35812678303259726,0.048506128383447485,0.07717925480004573,-0.483321033593013,0.7000989664729094,0.012933672394981086
['Bob Dylan'],[66915],-0.855400418350143,-0.576383830648854,0.15047627275190234,0.26597444555902033,-0.6434368045490008,0.6140433457802592,-0.14756425472825493
['Bob Dylan'],[66915],-0.9893859005633601,-0.4882875198868626,0.17166767069744768,0.2460705251689933,-0.4623745062234859,0.5654128983243039,-0.2654009699183826
['Bob Dylan'],[66915],-1.295905379463053,0.35417898756007954,0.7547985571297757,0.13475774045770764,-0.6501623544029816,0.622823533192317,-0.32359054024310463
['Bob Dylan'],[66915],-1.0164109070856078,-0.08336731388014713,0.4571188924039096,0.03591279883645208,-0.21071023073617515,0.5945837297324239,-0.3159386538928705
['Bob Dylan'],[66915],-0.9788811324513348,0.015112755118885548,0.6222872067640005,0.06723949069974575,-0.4807026439476869,0.6137431559698807,-0.3489711530530313
['Bob Dylan'],[66915],-1.2403209728996427,0.22391272641655818,0.6693677761010932,0.18441350328252729,-0.47591448392076735,0.4296622837311258,-0.4237474967250221
['Bob Dylan'],[66915],-1.2886705523777302,0.07124191182977435,0.6181454295479294,0.1405030479803773,-0.4576621923396883,0.5895700153680852,-0.4821529520424363
['Bob Dylan'],[66915],-1.1981005313852768,0.3226110496331775,0.6799584728418673,0.08901723316343012,0.1425688342298722,0.32579539089075776,-0.35432310545435214
['Bob Dylan'],[66915],-0.9875162823386601,-0.5639819689062472,0.14953566278684166,0.1925817230333176,-0.27032152125633085,0.6615622805995444,-0.14719033705580764
['Bob Dylan'],[66915],-1.0662731251916988,-0.05539546949512309,-0.023074518227253968,0.22058937697988257,-0.7411274116045058,0.5598932367829241,-0.029362201158243426
['Bob Dylan'],[66915],-1.022311313527404,-0.5498870062747377,0.04462536947227385,0.41216820357771145,-0.7919701347208731,0.6799566033264383,-0.14480273375808678
['Bob Dylan'],[66915],-0.9270969927318169,-0.14313009210919916,0.12914638991104227,0.19683004889093642,-0.6414534827406363,0.6948428350355429,-0.06765316590266082
['Bob Dylan'],[66915],-1.2594846408246274,-0.21195620046363098,-0.0024531269545868205,0.44951331420526913,-0.7924285050490504,0.5050340065621975,-0.2083400348875685
['Bob Dylan'],[66915],-0.15456278372400328,-0.2873931439249259,0.18977778317944113,-0.054338384308175836,-0.2945642394717897,0.413817946092588,0.16230105305202946
['Bob Dylan'],[66915],-0.6948037561701097,-0.35358649482994464,0.15132169294902803,0.23093136632466854,-0.21965506846363567,0.45607998664944943,-0.008587301192524327
['Bob Dylan'],[66915],-1.0361511253587825,-0.4374775849333133,0.39230623427686917,0.10255644355226963,0.09178423042237811,0.6544333156465384,-0.2973485404501197
['Bob Dylan'],[66915],-0.5788720604464186,-0.1843630534542032,0.5869231924953995,-0.02279949703520666,-0.2422097280447123,0.6055600305623481,-0.07007159117808001
['Bob Dylan'],[66915],-0.7235322909663351,-0.20963095788780547,0.7546371265660401,-0.011645539070516108,-0.04980576476546008,0.6130348609048573,-0.16845322768927926
['Bob Dylan'],[66915],-0.7466660976245265,-0.5658906286020686,0.2559505319782476,0.06964044050536852,-0.2086797364857364,0.6459841686912849,-0.18590569595710046
['Bob Dylan'],[66915],-1.1013807464782102,-0.05269584433727563,0.6294968585385836,0.059725587697018294,-0.022241315971828594,0.5433738196207786,-0.42990667502211033
['Bob Dylan'],[66915],-0.6344800885167111,-0.14244168274205413,0.059231898084987536,-0.022380863453809064,-0.07899421703842609,0.43725876783723855,0.11324856654533197
['Bob Dylan'],[66915],-1.0230604851646945,-0.3490493244225629,0.084742183371671,0.18770634856547572,-0.45646094850022473,0.7046728942423144,-0.07489066988196735
['Bob Dylan'],[66915],-0.8641291897932324,-0.5970132297758803,0.26376286052397285,0.0850625522439934,0.16643699470271417,0.607835353830005,-0.1593581070686326
['Bob Dylan'],[66915],-0.7225757267279354,-0.46420448688202115,0.1337765871528667,0.1147951208445235,0.13415147762110785,0.43540094388628287,-0.053073490609106905
['Bob Dylan'],[66915],-0.8216237535407106,-0.3447607696941396,0.03176738676438386,0.24596005500492724,0.18158659868777183,1.0151926830906062,-0.7046663602869628
['Bob Dylan'],[66915],-0.8910646958487801,-0.330195821888214,0.09173220775946682,0.2055049741196953,-0.6412028689258346,0.6849884772152903,-0.054437791814226755
['Bob Dylan'],[66915],-0.48080114200067287,-0.24526391288056254,0.14314492816718202,-0.10492901162862017,-0.7040694396755234,0.7498505522796921,0.1402455558291305
['Bob Dylan'],[66915],-0.9476054194445181,-0.2624950891003319,0.057289972377520385,0.2110853839549134,-0.6532891619139255,0.5679855787591327,-0.10533933604718171
['Bob Dylan'],[66915],-0.8606297139889381,-0.15866192187500278,0.6072752118357535,0.06458271682781457,-0.4946109005321043,0.5816114860543515,-0.3608860476410275
['Bob Dylan'],[66915],-0.9151855649439673,-0.4071529613763632,0.2617889059949283,0.12091714081790783,0.025750856102894924,0.7914682995217891,-0.39348426222453353
['Bob Dylan'],[66915],-1.241299242152006,-0.04052149770950693,0.5731214696319759,0.17080737861928294,-0.44745976505276325,0.6617130884619633,-0.42828136642053105
['Bob Dylan'],[66915],-0.7602560487493695,-0.45282213473117494,0.14340631154620553,0.08878258176983667,-0.7451357069469985,0.7776039704737477,-0.0751746839256742
['Bob Dylan'],[66915],-0.690666794569427,-0.46463290459343576,0.1788214744334281,0.15959798976319833,-0.48434003709804113,0.5753547211111556,-0.09651474653876137
['Bob Dylan'],[66915],-1.2253110061240209,0.05276801071006747,0.5214365113719605,0.1656080761346528,-0.4597797015460328,0.6135377054956485,-0.34023145815331873
['Bob Dylan'],[66915],-0.8681809890205958,0.03897138594759342,0.5957475941478702,0.07522110168236928,-0.5071369117810339,0.4774146509033191,-0.37859468922137923
['Bob Dylan'],[66915],-0.8301808829285656,-0.2602150307131623,0.3220380863407552,0.02438646136593571,-0.3997699121739538,0.6209407482445243,-0.14298699646672888
['Bob Dylan'],[66915],-0.9656430195690611,-0.34516317000334884,0.3849289392304546,-0.022759335230894573,0.16572059728146377,0.6724591178961536,-0.2433261916484489
['Bob Dylan'],[66915],-0.8220857390516477,-0.43524980673341357,0.15081317133988487,0.03512529222498279,0.1462262849344273,0.5467087969438046,-0.054296323171534655
['Bob Dylan'],[66915],-1.1915585351976055,0.13985576315413117,0.5030520209328614,0.01647174014729613,0.15759516795272746,0.5297113533783724,-0.31877716336928735
['Bob Dylan'],[66915],-1.0875410637519958,-0.0655438685117334,0.16082087989247396,0.12467050404695272,-0.19621822510585632,0.582775405322839,-0.13551626184591983
['Bob Dylan'],[66915],-0.9861835129478426,-0.3194669052561006,0.5292472590849635,0.0022766352942839513,-0.27332103811740005,0.8556880908167216,-0.2937806748295969
['Bob Dylan'],[66915],-1.3804101259487784,-0.24482523316869753,-0.033481774016410705,0.3810663455847235,-0.779154521485565,0.6465386183999275,-0.20639851940424211
['Bob Dylan'],[66915],-1.1548943244507874,-0.2858394743991358,0.0551564612671023,0.223753694212097,-0.27201265426763116,0.5818224630052456,-0.21639361287166636
['Bob Dylan'],[66915],-0.8801017973548212,-0.11441873216396749,0.2050290227959251,0.23375082660445862,-0.6714471576019183,0.4372785516412734,-0.1750043932573624
['Bob Dylan'],[66915],-1.0371561032377568,-0.42177196589638205,0.2643098816061392,0.17470860521228487,0.17999622779363678,0.54738415259226,-0.2402880619962188
['Bob Dylan'],[66915],-0.6594546827840746,-0.5949916747737639,0.18378647171708914,0.03299713849102257,0.13921339982970393,0.5690029850481304,-0.05478000847957436
['Bob Dylan'],[66915],-0.8739285143414615,-0.0700703694036132,0.7153557353859489,-0.15149153230993426,0.14272895761802812,0.8014713374245582,-0.09651139779335613
['Bob Dylan'],[66915],-1.2993006825225624,-0.26530074791822783,0.08866905914602002,0.22059087356534324,-0.6007451764698892,0.9023250006885917,-0.05687348865749583
['Bob Dylan'],[66915],-0.91223431210302,-0.34530675500056507,0.22647936570011915,0.024736767319745737,-0.28594024516402694,0.8370283429320685,-0.0752168821397128
['Bob Dylan'],[66915],-0.8652689632164214,-0.5819961815732223,0.16413137501163957,0.2580356695695631,-0.7271231692198875,0.7000840527459005,-0.09833495889637149
['Bob Dylan'],[66915],-0.7094628800130256,-0.11961641884700494,0.06201171837873898,0.13341039073183394,0.012381382025272657,0.20955039544472115,-0.010797176465976681
['Bob Dylan'],[66915],-0.6802502204963276,-0.6219050501961135,0.17732624360284208,0.055008714031946834,0.1438734778092588,0.5725791812312926,-0.05372073845572506
['Bob Dylan'],[66915],-0.3982424418846143,-0.3961236813898316,0.2342390983075975,0.061222928018287374,-0.2562299495377756,0.4313894196367459,0.04932499740544245
['Bob Dylan'],[66915],-0.8548638771517914,0.062188833580629446,0.6118451913218476,-0.03806816241409989,-0.5010539213081342,0.657668866877516,-0.2642544022550917
['Bob Dylan'],[66915],-1.2448559619912385,0.12659788866078434,0.49527666153483846,0.18185101607868387,-0.6416979265745355,0.5540055547178446,-0.40317941637406346
['Bob Dylan'],[66915],-0.36935471783333984,-0.20573831479810306,0.18514150981428712,0.03217898858496992,-0.2723375227355212,0.3746506710671284,0.09908459017086399
['Bob Dylan'],[66915],-0.4321044067944243,-0.5601783799673288,0.27679339958250554,0.11888408341210072,-0.5027806080324149,0.6170181322208578,0.02219684212788556
['Bob Dylan'],[66915],-0.4022485677060511,-0.23781856378949268,0.18794241443569662,0.05586848652612625,-0.5385761608470676,0.43524763860905674,0.06446113762072743
['Bob Dylan'],[66915],-0.8093298724961077,-0.27291883000869094,0.8525273766504133,0.10327195744786,-0.4744815348407919,0.712256831260094,-0.3536758312892291
['Bob Dylan'],[66915],-0.8939375581663132,-0.5815248052875832,0.1980923263484286,0.15856380985679158,-0.18600739492328064,0.6728430169100812,-0.11607894066624383
['Bob Dylan'],[66915],-0.6039683735381779,-0.49808917841640965,0.26096056322629035,0.19211211809755815,-0.20548468500629846,0.6135559729918862,-0.03359269944165763
['Bob Dylan'],[66915],-0.6790454869274113,-0.5885166058064732,0.2863700495858443,0.10493197408566611,-0.40010603122787064,0.5803763306609845,-0.18500715166545958
['Bob Dylan'],[66915],-1.0000007886365232,-0.4055677083880954,0.2015693726405267,0.24282891709805704,-0.4579313948676454,0.6206293185377696,-0.19311067190615316
['Bob Dylan'],[66915],-0.8774911686516423,-0.1653592556521871,-0.019863414073135424,-0.018249403804124348,-0.4816240868924231,0.8291254305913174,0.08037902860488554
['Bob Dylan'],[66915],-0.7552131776011073,-0.432127106066777,0.2921690091023678,0.09410957953436973,-0.6616508922963218,0.7178344643725402,-0.12935755586775094
['Bob Dylan'],[66915],-0.7855790891642404,-0.09693366174547502,0.06175951003895431,-0.02206155836152642,-0.327200104710799,0.6212703849106634,0.07668630321995963
['Bob Dylan'],[66915],-0.7285353516659431,-0.4796674353357025,0.1420821342017061,0.014334674517476758,0.04859888976645252,0.5785064350886657,-0.025091341329407813
['Bob Dylan'],[66915],-0.7228097633886976,-0.3842781635160939,0.05981010855004239,0.02201247903229181,0.1278296333891052,0.5222830535840293,0.011287702053846355
['Bob Dylan'],[66915],-1.3027273389057232,0.10085813913340556,0.5850376921087868,0.11729583459194917,0.16894996221057432,0.44128479462809533,-0.4301417243930768
['Bob Dylan'],[66915],-1.340950533048714,0.07934634854608587,0.6343479759667898,0.18893458127187632,-0.4464328348561284,0.6258283273894594,-0.4461532361770822
['Bob Dylan'],[66915],-1.3389832159314525,-0.04844881346386802,0.42731540774974175,0.22563337472682052,-0.43571927730858845,0.6485710061459533,-0.3792399887843799
['Bob Dylan'],[66915],-1.0809568055501413,-0.06535340057073816,0.5950420970218762,0.0973455724443057,-0.47068652250493553,0.6204113483466216,-0.43583776353540926
['Bob Dylan'],[66915],-1.153968121676668,0.047240565073043375,0.616202575609018,0.09228043237277224,-0.44618950106306027,0.7729671144995537,-0.3797371163674687
['Bob Dylan'],[66915],-0.9091010726963262,-0.3646826713866032,0.5812537235695815,0.05065373686127154,0.1554918780314959,0.5351984462463057,-0.3917811908815674
['Bob Dylan'],[66915],-0.39515300510515705,-0.24702038159141954,0.2738206134164673,0.15925575868776978,-0.7206384902587113,0.3584657183915889,0.008517846034252813
['Bob Dylan'],[66915],-0.5291523683535743,-0.3340608506421132,0.22402149868254212,0.2370524698838558,-0.8758694752781824,0.42913149019320157,-0.049018046663314906
['Bob Dylan'],[66915],-0.6288211517380469,-0.35368779840973097,0.4927030403758048,0.11530329187119677,-0.4944445535422816,0.6314090488787499,-0.06441967519041898
['Bob Dylan'],[66915],-0.8391131874145232,-0.34706117836185973,0.22367546453204196,-0.09878877869589943,-0.4795504742319598,0.9286836553342859,-0.1270216355030768
['Bob Dylan'],[66915],-0.6658804531608415,-0.5687763298473761,0.27818973752260673,0.14317961806887383,-0.48645831131234213,0.631137794507878,-0.05678795852703697
['Bob Dylan'],[66915],-0.9151557821199802,-0.4884460847769503,0.1161688871703893,0.27914905127923834,-0.726128754169663,0.673328920473226,-0.09841679292959535
['Bob Dylan'],[66915],-0.8134415816112347,-0.12043599016929148,0.0161408995804628,0.2654311922810638,-0.6909830489666497,0.3180678390592819,-0.02267833738469697
['Bob Dylan'],[66915],-0.8398507450376722,-0.5461913010353107,0.19733727045065014,0.03005354521110477,0.15888792717396874,0.630290736263242,-0.10712108573275007
['Bob Dylan'],[66915],-0.9145450016360422,-0.37744638625701565,0.05939741078626526,0.29457904926617795,-0.4754839675793254,0.44092901345841456,-0.1136041804554763
['Bob Dylan'],[66915],-0.45203317538656784,-0.2795329201018968,0.16301021154446454,-0.09988263342318167,-0.1739179045490952,0.5412797930858188,0.13336239049456017
['Bob Dylan'],[66915],-1.0026693569024934,-0.138868784814204,0.10351173616107925,-0.064455284768114,0.15116796678718236,0.640128492717911,-0.034500653397111336
['Bob Dylan'],[66915],-0.5459996327454982,-0.47658220700024617,0.156198431811315,0.06620246548653469,-0.2362092617863444,0.5305417816458291,0.07039471735098135
['Bob Dylan'],[66915],-0.708453305414633,-0.3801085822641723,0.25572050065757157,0.12843605289941806,-0.49175855763249365,0.5560239995362584,-0.12400185837816857
['Bob Dylan'],[66915],-0.7793432690888059,-0.47420039900251076,0.15844439750020342,0.215455967293933,-0.6569553191448337,0.5934007605496916,-0.07212923418774238
['Bob Dylan'],[66915],-1.3350535114030198,0.16846682401206833,0.5853154745454504,0.12813541366224002,-0.010105021695468971,0.4773707302840805,-0.39942178535039086
['Bob Dylan'],[66915],-1.274335429711293,0.4175517573977078,0.6961901676729144,0.04732010948329689,-0.47933318758791227,0.6040152882212232,-0.3165303716977566
['Bob Dylan'],[66915],-1.0287229471838304,-0.26649273655549743,0.5094903543741254,0.1695776808633506,-0.6310415607605502,0.7186864312684275,-0.360924426683811
['Bob Dylan'],[66915],-1.2508606529024058,-0.28824294258564,0.3896682030691098,0.1625160022254448,0.031397974593678525,0.7517926113664444,-0.4211030981425316
['Bob Dylan'],[66915],-1.1813038732405496,-0.25288409628806313,0.40977994910722115,0.04753145283537153,0.1871082647197576,0.7154211664790815,-0.34584268164971554
['Bob Dylan'],[66915],-0.8048099079065114,-0.4025035166632727,0.10182245573432451,0.2466810315483574,-0.6564994923209698,0.6096071095351762,-0.03430844465888872
['Bob Dylan'],[66915],-1.1293896124796692,-0.34979948210485984,0.14559253167938827,0.38659668613617004,-0.7122522061588423,0.54129996267294,-0.25501033778004145
['Bob Dylan'],[66915],-1.0956227941457308,-0.27092390662877497,-0.005043778366021994,0.18692255441176372,-0.7122404529124048,0.8240312849983922,-0.03722487383133067
['Bob Dylan'],[66915],-1.0643579060714707,0.06440333748368073,0.09032399830836928,0.045175039123708426,-0.48564906996766033,0.6410150400890826,-0.04451719891177486
['Bob Dylan'],[66915],-0.8405459783677353,-0.2908594149527826,0.1357122491366759,0.35263634162720053,-0.3957761081892603,0.35333544290844965,-0.004832122339141315
['Bob Dylan'],[66915],-0.445850895286897,-0.42024924481035997,0.1834642735998283,-0.004029569713863533,-0.05355841626391247,0.6078092769290507,-0.024002697808530413
['Bob Dylan'],[66915],-0.4081821783417969,-0.412594836962321,0.24518371976697473,-0.06384286983902081,-0.5249532597877856,0.6802156238110623,0.08741912354263442
['Bob Dylan'],[66915],-0.4193963832843231,-0.5046570736579121,0.2081299030327861,0.09308562632684378,-0.6956353681657775,0.5833457868704925,-0.0318593559321061
['Bob Dylan'],[66915],-0.4492519757727441,-0.35065797939059534,0.1759673711575414,0.11068766079592422,-0.7051069143592552,0.47029399905796077,0.046375425375030456
['Bob Dylan'],[66915],-0.41302710151516264,-0.4945699211156422,0.3072336950444945,0.010095676466335482,-0.24798796927297356,0.5758011669175885,-0.01125541533630023
['Bob Dylan'],[66915],-0.29628198706546777,-0.39208519354298027,0.15354968206372177,-0.2170914988164345,-0.08933674907516255,0.7356905831516458,0.18656203018638848
['Bob Dylan'],[66915],-0.28701689058607527,-0.4431819685798935,0.24189881564856625,0.050493938044294764,-0.26200150545411943,0.4672120130662882,0.07236531929590719
['Bob Dylan'],[66915],-0.28676747860290724,-0.4432363559594627,0.2048020149261351,0.07729145399618553,-0.8056167394139372,0.5575830686425182,0.07100873696017197
['Bob Dylan'],[66915],-0.6698580585344301,-0.490497241453677,0.17750869492268767,0.024920205495042452,-0.2982918412253308,0.8134926238122039,0.013225731054702415
['Bob Dylan'],[66915],-0.4669078294330451,-0.6527850631842697,0.25863657032794724,0.10527813760737367,-0.5895996750577865,0.6726425787045938,-0.043703446381141764
['Bob Dylan'],[66915],-0.6200749999995804,-0.37098405052728545,0.12458214746153565,-0.08386523372832926,-0.5022984612006602,0.7818828677422002,0.06276394870691455
['Bob Dylan'],[66915],-0.5539453308856706,-0.41190962744481313,0.17444273843262773,0.09508314555241285,-0.5140602618363882,0.5020531998854454,0.013276505305764533
['Bob Dylan'],[66915],-0.3124027914639313,-0.5261315098471778,0.2623282933990414,0.0856171591299871,-0.6135405524630507,0.573602148081745,0.04707850745630027
['Bob Dylan'],[66915],-0.7824153965252243,-0.332605712212167,0.21698181548179907,0.05157822281822126,0.13712785406973094,0.43510365290504466,-0.1148126603433424
['Bob Dylan'],[66915],-0.5846200201374356,-0.2891388281817164,0.3250236741372731,-0.11039774058394723,-0.32130536647362257,0.8230512856522328,0.006544867287700644
['Bob Dylan'],[66915],-0.9506470753912206,-0.4059229444274812,0.2694764891952876,-0.001623702613187715,-0.1861775580438389,0.8274075389879325,-0.13219826573442878
['Bob Dylan'],[66915],-0.5059944112997677,-0.49179555680287496,0.14408572917535528,0.0951045181915804,-0.23716753724687706,0.5392625510377783,0.0936987415392945
['Bob Dylan'],[66915],-0.7434100178526161,-0.24519589277550358,0.4042497533304115,0.20065392979438806,-0.8551880981301168,0.49931953920725286,-0.24541289236040503
['Bob Dylan'],[66915],-1.0815313884947373,0.17883493818778937,0.379576811365682,-0.007170895505367112,-0.045585791809375484,0.47309138075830653,-0.21161610456835867
['Bob Dylan'],[66915],-1.1214513367464858,0.23559056460390843,0.3804606769278307,-0.1010481361701037,0.14824412589640054,0.6286968140580252,-0.19560247735054925
['Bob Dylan'],[66915],-1.0095376741391502,-0.4426553288349093,0.08288392966143074,0.20883159435676457,-0.28017972297446647,0.560933530508669,-0.17742827518847792
['Bob Dylan'],[66915],-0.8717807482846813,-0.4026794153223975,0.08788903323368892,0.20492163554168527,-0.29746713101225025,0.47799103115321717,-0.09375891388255307
['Bob Dylan'],[66915],-0.627730595654898,-0.31675132112841714,0.08042326881632735,0.138509587758164,-0.8556362913586674,0.7337085068046904,0.06475300143576007
['Bob Dylan'],[66915],-0.897093404814562,-0.47919282313911343,0.07178514038422454,0.11145347790637597,-0.5474440778345646,0.8121024629085234,-0.12203757253038446
['Bob Dylan'],[66915],-0.7333652832102296,-0.11076591522726925,-0.00589657668417744,0.16448801945873662,-0.4851324890415371,0.5697916197878391,-0.07200925889872285
['Bob Dylan'],[66915],-0.8742070423658204,-0.26305552181258884,0.08047201227067613,0.2309272611293979,-0.6579654237987119,0.5430171835951835,-0.10652900008877444
['Bob Dylan'],[66915],-0.6336456977768848,-0.4448780485225817,0.11131069804177213,0.12386626713918822,-0.22725833550545896,0.5573866440332301,-0.020408081485890375
['Bob Dylan'],[66915],-1.2382484108024863,-0.2542445414657138,0.045671514941574336,0.22588714308039753,0.19775476264260153,0.5759677339868521,-0.12038035435805203
['Bob Dylan'],[66915],-0.5491542217209611,-0.2935646777431796,0.2008721617601012,0.01426201695583167,-0.5181233549141842,0.5496320396250767,-0.07260509828629318
['Bob Dylan'],[66915],-0.7491422873101794,-0.45272789250732315,0.14337157245576304,0.08899434631189324,-0.6630588362343811,0.6957698249050185,-0.051589064658876964
['Bob Dylan'],[66915],-0.5811852217752219,-0.4092282624471848,0.19521737285525112,0.10502574131442075,-0.8650079025197763,0.6249723672014325,0.01494088979406847
['Bob Dylan'],[66915],-0.7022487102008466,-0.5673261860564036,0.14357041462942438,0.08627372708716098,-0.48052472406124147,0.7019111722202954,-0.050121941514987195
['Bob Dylan'],[66915],-0.46062340986015693,-0.7102994681865907,0.2157853378339206,0.11058460353539826,-0.31778906953814295,0.6165930046565822,-0.03371405947162785
['Bob Dylan'],[66915],-0.4544460409644594,-0.4017506305174529,0.14346712917464952,0.07278948236279605,-0.5191625819482342,0.5524205400174866,0.05031591936366313
['Bob Dylan'],[66915],-0.4302058275210444,-0.3847741190469747,0.1634870574033938,0.020422820766672005,-0.520707207857754,0.6582163015174958,0.0947631246457448
['Bob Dylan'],[66915],-0.5456984183202837,-0.5413167536778425,0.3501715059599153,0.1515674811415524,-0.7528663393374361,0.7641520032252765,-0.0914002523082266
['Bob Dylan'],[66915],-0.5349218937820515,-0.6704523559006152,0.252990057021145,0.09868917457924196,-0.6650776545181383,0.8239443811576816,-0.04647615488847862
['Bob Dylan'],[66915],-0.5560028374886256,-0.7158733693209586,0.21892312532070074,0.08508128193594423,-0.03523640250537943,0.6242955644324075,-0.04729958311799179
['Bob Dylan'],[66915],-0.7407486620286524,-0.6317144812728016,0.3403074247389936,0.013369181473476904,-0.022788143131843908,0.7371296400208459,-0.17266843545564498
['Bob Dylan'],[66915],-0.47717546772186903,-0.5885528239848554,0.2232340186650833,0.06502323683347518,-0.14120239936176335,0.5735053512088262,0.03186733277795986
['Bob Dylan'],[66915],-0.291245211887868,-0.3540515083089138,0.1987211724442534,-0.09743518981624538,0.0728874045884724,0.39130731375641625,0.09480609616565756
['Bob Dylan'],[66915],-0.43018010043503707,-0.27317549634723187,0.23803063210626083,-0.05159695990692148,0.09512827355752144,0.4364375808279365,0.07881102237554495
['Bob Dylan'],[66915],-0.4957618609615481,-0.6071332598123189,0.22680106294084101,0.15483922189725627,-0.6825186043066753,0.5964792521646243,-0.05405352056805915
['Bob Dylan'],[66915],-0.37328615574219404,-0.2884453039062938,0.2842365157332829,-0.0715076849776074,-0.2650820185639217,0.5599624576327761,0.10654545254629123
['Bob Dylan'],[66915],-0.6332741869111957,-0.15899213144598495,0.08182640057680443,-0.07509236824213993,-0.695129139297209,0.7135186200888474,0.11338876409778395
['Bob Dylan'],[66915],-0.5388380209542606,-0.37107333585909785,0.2515761558935569,-0.025257090570757878,-0.07143024296103757,0.47080234856482606,0.004964189735353858
['Bob Dylan'],[66915],-0.7042255179677057,-0.17383757925378915,0.05369224486314256,-0.009360440666262808,-0.4970112958616006,0.7202228145527293,0.1268550705565286
['Bob Dylan'],[66915],-0.6050876083402975,-0.5292779127047431,0.2200259225262979,0.16997630029716063,-0.2114244209337499,0.6088680715262358,0.015304120365796025
['Bob Dylan'],[66915],-0.7752209182874342,-0.338081625235257,0.1491696673381166,0.14765783206535862,-0.20412962869280682,0.5629731091945034,-0.05126287743881918
['Bob Dylan'],[66915],-0.7038491875679216,-0.14109300442146255,0.2945056533858554,-0.06073442144993088,0.10964569510881796,0.39437694155328734,-0.10087494567483177
['Bob Dylan'],[66915],-0.9809452050070638,-0.21834388290223528,0.10688710135528662,0.04766942795669951,-0.46444012422667097,0.7844413196579894,-0.05920976069598646
['Bob Dylan'],[66915],-0.990279816382035,-0.29615703873232,0.1917456714275911,0.2788376377334744,-0.7415778382511555,0.4721379943437558,-0.2492702459787854
['Bob Dylan'],[66915],-1.0887006908866512,-0.2422165999035234,0.20923551810884397,0.2652487501914572,-0.8069711863653055,0.6733558414894337,-0.20574900170481597
['Bob Dylan'],[66915],-0.6873463258543395,-0.36822842656908167,0.1424037227196656,0.1398804710262028,-0.5906373112597065,0.492504233212908,-0.06010063787993182
['Bob Dylan'],[66915],-0.723555174135091,-0.3769487913235855,0.24833015407740888,0.1298351892337684,-0.4902620024469327,0.5571841006297806,-0.1256223843028904
['Bob Dylan'],[66915],-0.6827873293911868,-0.6127156605249604,0.20743885343003643,0.20949664022954412,-0.6533733626463647,0.6746236520245117,-0.0743715191337513
['Bob Dylan'],[66915],-0.867690808469509,-0.22625938894216677,0.207103473763559,-0.18605791470710964,0.13993683603529444,0.7332962910671103,-0.08026728493856938
['Bob Dylan'],[66915],-0.8978811574904657,-0.6670152395092184,0.15593143751151306,0.17480422605395507,-0.17654735433054836,0.7262058864421007,-0.1339408940940333
['Bob Dylan'],[66915],-0.8877007288877735,-0.44475567641990865,0.06238017298672132,0.34416373238653175,-0.6382179900909295,0.5583867074776375,-0.08954124533509708
['Bob Dylan'],[66915],-0.6336849007338957,-0.35495987924904276,0.3315118220952935,0.03754857668141834,-0.23280623549427232,0.5503199681054488,-0.07799705693336555
['Bob Dylan'],[66915],-1.0578755226210057,-0.24138693877515,0.051995602555377114,0.24983213162450268,-0.6295171390702451,0.6636897866227989,-0.09906910988506898
['Bob Dylan'],[66915],-0.8776000599976548,-0.3521606212263039,0.2901215770137574,0.12165982889634012,-0.2966628028667222,0.5768701112147991,-0.23951806673832635
['Bob Dylan'],[66915],-1.0291685676089555,-0.5809885484768821,0.1088053971071583,0.21677607884524475,0.003596867537804724,0.5931667312487193,-0.20591300610667326
['Bob Dylan'],[66915],-0.5929551172072053,-0.06654048744874054,0.04952255802641105,-0.06666300342324685,-0.06439593984767746,0.5912491040260404,0.19003722824670002
['Bob Dylan'],[66915],-0.7808796309296874,-0.5161998080355826,0.10262435530850195,0.0620265125903688,0.059137011278525164,0.6085322278175694,-0.042122896979854475
['Bob Dylan'],[66915],-0.8630080523873397,-0.19917119941444758,0.049146367427309184,0.08976013745346828,-0.04252831031008502,0.48290123739367974,0.016611572568806972
['Bob Dylan'],[66915],-0.9895336983223297,-0.5881343602010047,0.2667309545196257,0.262723163509735,-0.5322291942471089,0.6805976242106033,-0.2343471015943259
['Bob Dylan'],[66915],-0.48779026384915863,-0.2793508009982079,0.1262378307083687,-0.04088839432815803,-0.25740906368267297,0.5646629510392565,0.09052421720337912
['Bob Dylan'],[66915],-0.5965112607623341,-0.3557635196570074,0.09492109009680413,-0.031523380509802634,-0.23225220550895723,0.7232683114567047,0.10484155908362323
['Bob Dylan'],[66915],-0.9940572817517934,-0.3242176910624369,-0.008903596180644183,0.2619458763777756,-0.6356237855758987,0.6840425230555174,-0.037498063716043514
['Bob Dylan'],[66915],-0.8337270116965473,-0.4766510893051205,0.33998070825185395,-0.03568105025576873,0.14932240908872343,0.618958531114122,-0.18780454502534807
['Bob Dylan'],[66915],-0.5319691287706159,-0.6664553335747142,0.19528577020159582,0.11293194788801267,-0.4941246907117896,0.6494008233415576,-0.011847828073892779
['Bob Dylan'],[66915],-0.6385141060908027,-0.5684416820973439,0.18179031343539565,0.10489341953805474,-0.6665197583541518,0.7103171225538736,-0.03200689168856854
['Bob Dylan'],[66915],-0.6869841537979428,-0.5405344715549611,0.18221635334266814,0.051768441857287704,-0.2131809265233759,0.6576559080645915,-0.022311884629882907
['Bob Dylan'],[66915],-0.8711220353087149,-0.42149785251917166,0.12903948350512345,0.08928752985466841,-0.4719929808651218,0.6739479245134972,-0.1136238862460532
['Bob Dylan'],[66915],-0.7494462100659086,-0.27693365780597434,0.2996779929958964,-0.10863537812327698,0.12348724919191724,0.5441778829553146,-0.10744294470267822
['Bob Dylan'],[66915],-0.2952407699704069,-0.47762267013955034,0.21646461168622558,-0.026381079347614078,-0.2705724059833863,0.5120669285950777,0.022446412165066407
['Bob Dylan'],[66915],-0.3527586991999959,-0.6700981872696855,0.24917417600593547,0.1684670616707003,-0.7770498483976729,0.6202372178446819,-0.015671637197438738
['Bob Dylan'],[66915],-0.6504864860690456,-0.23385584100907603,0.10700765565334723,-0.042192518209355476,-0.154705446961912,0.543385218037122,0.07444471504475676
['Bob Dylan'],[66915],-0.2642631367626608,-0.38610851176101996,0.20460847675293004,-0.01726305132142114,-0.2764434596655162,0.4585968007672441,0.11113295972938646
['Bob Dylan'],[66915],-0.5546769250283987,-0.28179993940265,0.1374253954896071,-0.13999670765381747,0.10685771692302629,0.5812824531267308,0.14584402671336183
['Bob Dylan'],[66915],-0.8874054169149334,-0.568338297920397,0.12915330080438034,0.2877710139883842,-0.44679096943448876,0.6473631082124631,-0.09932122945734292
['Bob Dylan'],[66915],-0.8933930141913645,-0.6471811375795736,0.19695038486971075,0.2689755042007212,-0.6280907875390499,0.6732995604586498,-0.22392355190482222
['Bob Dylan'],[66915],-0.9605310918351847,-0.6201824585389455,0.18722311817829232,0.28949586823989476,-0.6183160422329149,0.7258052620889781,-0.1515823575978774
['Bob Dylan'],[66915],-0.6157666697219057,-0.2761867430089997,0.07871479662048825,0.0015024519246274503,-0.4995431964065474,0.7621062612708963,0.13894404268759109
['Bob Dylan'],[66915],-0.39132728985987064,-0.0489709645854608,0.504004715666916,-0.12382728915602545,-0.36639821090757985,0.5630346082699847,-0.0076084257812065745
['Bob Dylan'],[66915],-1.0060703057207425,-0.18631246699753104,0.016579161797218828,0.09050162978719332,-0.2026870594402211,0.6450810549865338,-0.0551233234742797
['Bob Dylan'],[66915],-0.8286401385571294,-0.3726592830571239,0.33357877994581436,0.040192999502448847,-0.03524157786903331,0.5500580484311272,-0.20520830403061613
['Bob Dylan'],[66915],-1.1210271121775028,-0.5013833624485358,0.287502621026559,0.21758313894004705,-0.4312848981888912,0.7239546169744486,-0.3233117544364151
['Bob Dylan'],[66915],-1.1433293802130167,-0.4043153992553488,0.05277683886211464,0.18789379560515787,0.010202978575194348,0.6285460731089315,-0.14525779574754571
['Bob Dylan'],[66915],-0.8126907186909293,-0.17383817821807854,0.03150693092375483,0.13372783400988966,-0.5002611225412001,0.5063441360722016,-0.010874980459635569
['Bob Dylan'],[66915],-0.5852396183861576,-0.3965083266769137,0.07915537222017222,-0.008974871604530843,0.11398516526389013,0.5079283076098708,0.06064495395526324
['Bob Dylan'],[66915],-0.6470146141998918,-0.5036699200330766,0.18601470687585517,0.09470771721668324,-0.4008173095366984,0.6248485944218617,-0.0737336059283839
['Bob Dylan'],[66915],-0.7057926221681076,-0.4480229516923673,0.10493942924591804,0.24999937477481685,-0.49023133954383435,0.48134673757247387,-0.07672774879287961
['Bob Dylan'],[66915],-1.0227065336001395,-0.5450404149102344,0.16612931810892373,0.2415998963837992,-0.6096624832758635,0.8206719647648946,-0.2143801559084931
['Bob Dylan'],[66915],-0.785868352694976,-0.32847687905175527,0.037708257112324055,0.14526314278581634,-0.48860538719036883,0.59940109135956,-0.010994680934344801
['Bob Dylan'],[66915],-0.3918735396859978,-0.38520380806630733,0.16442658748538258,-0.04128807837433186,-0.08551327416614603,0.48738827230352594,0.04226939339443749
['Bob Dylan'],[66915],-0.7205580962200697,-0.44398355584973714,0.1197610877562543,0.1527750522031951,-0.6677675311370546,0.649894590161776,-0.08598550700430285
['Bob Dylan'],[66915],-0.9076509474792536,-0.262765424695463,0.051490980945092316,0.14834510930471057,-0.4625988296230635,0.7260043457102622,-0.005944045085310665
['Bob Dylan'],[66915],-0.44372993837789115,-0.5006107292780511,0.17767608202766488,0.1670022229891416,-0.515734811866692,0.45477132803222314,0.005601022044826479
['Bob Dylan'],[66915],-0.9171964802452612,-0.167656712456817,-0.0054919412647818095,0.20508436299075955,-0.6650793521243962,0.5346687933950384,0.014994695153852267
['Bob Dylan'],[66915],-1.1383753874279987,-0.4529607596217724,0.003603475781104784,0.3073213911771976,-0.2477831105403983,0.6520936562690035,-0.12802856871317286
['Bob Dylan'],[66915],-1.1091241402747054,-0.4471843546798549,0.0902431981487149,0.3498579073935444,-0.6938565592631362,0.7506146275984256,-0.14294005630895967
['Bob Dylan'],[66915],-0.9728430591326553,-0.5672020898617164,0.2654127177309525,0.022204148895138436,-0.0008333969749417506,0.7613668877815877,-0.21479883128579755
['Bob Dylan'],[66915],-0.24826417029581938,-0.49502713176467245,0.2109063586599372,0.05182951815898319,-0.3390572418168695,0.579462387909024,0.006405043618376599
['Bob Dylan'],[66915],-0.5192152853167354,-0.3778159826963529,0.15418175898059017,0.0022125360854696055,-0.8638360143011915,0.812252704687876,0.0946439124807911
['Bob Dylan'],[66915],-0.5730735759940594,-0.3900642489644899,0.14463431603499038,0.08724637328046382,-0.5154658085196905,0.49156975097635275,0.03166810340990008
['Bob Dylan'],[66915],-0.8106062194379032,-0.42704608532120913,0.17293468966362946,0.03802793853780496,-0.0297178244541859,0.6189147132888627,-0.056866151120127106
['Bob Dylan'],[66915],-0.7809910460485635,-0.6150984753377813,0.19637046530388932,0.20764759160381624,-0.46237373277511323,0.6445855739698518,-0.09184161702170328
['Bob Dylan'],[66915],-1.1636390606839742,-0.4749515265616509,0.045408729589754476,0.23169482263540764,0.018596473471139137,0.6609924960176586,-0.16458661605829433
['Bob Dylan'],[66915],-0.2978702371725276,-0.08123440938110855,0.11147913320476499,0.28391790138950773,-0.4134656577081772,0.8424074124887893,-0.6616465405394216
['Bob Dylan'],[66915],-1.1665775102802038,-0.17493993017165546,-0.001596881920485157,-0.0021832264959837275,-0.004097365069313854,0.750123015398084,-0.047356018382197544
['Bob Dylan'],[66915],-0.4657614217518888,-0.3094672926497368,0.20700668072091427,-0.11445495618055544,0.1004974103843534,0.5763710608952228,0.05235152733421717
['Bob Dylan'],[66915],-0.7129954038234048,-0.6230306542789819,0.34242852938730123,0.18355652337787837,-0.6438830808061556,0.7965359133655266,-0.16615512372915167
['Bob Dylan'],[66915],-0.3618746172997662,-0.5612388051961283,0.14346737077354826,0.2540635907305935,-0.2561014332831074,0.8127126695714191,-0.43660563112585105
['Bob Dylan'],[66915],-0.5346806364738116,-0.2715708858759252,-0.017672377813973274,0.3030153361616149,0.24190820198478313,0.9029679800000988,-0.6221621208746049
['Bob Dylan'],[66915],-0.5613346627450038,-0.17076923964190316,0.12536953173104567,-0.12473999644542999,0.09509397922458272,0.44716743349612936,0.07847319792649346
['Bob Dylan'],[66915],-0.8985726870703061,-0.3144517219377428,0.11314191765978195,0.15127571941339654,-0.013009987815755896,0.6025548659482476,-0.04974247783524528
['Bob Dylan'],[66915],-1.211603864314724,-0.3567263668565909,0.0697740890525697,0.20442998238889376,-0.0671468059385943,0.7106595536466331,-0.1610872309635215
['Bob Dylan'],[66915],-0.9264566278999459,-0.6802960227324911,0.18683242606306122,0.29714894461367924,0.008568893727345131,0.5747851513236458,-0.11418080790022643
['Bob Dylan'],[66915],-0.9168204709399014,0.011731831191292615,-0.026344745187980606,0.19322210640481627,0.18346208276851314,0.5485652211800569,-0.21414009833674197
['Bob Dylan'],[66915],-0.38373270678585786,-0.20214203150187,0.1397986602530124,-0.16697453110601695,-0.013564681301088104,0.48159122022210477,0.15256443124975913
['Bob Dylan'],[66915],-0.3447290605542897,-0.5145910106222744,0.21638840830986206,-0.00818678864651118,-0.2550993901584753,0.5637311987836385,0.05313453116991276
['Bob Dylan'],[66915],-0.7022982398182078,-0.6289266113302177,0.16543097202083176,0.18450401045117557,-0.4721232911095529,0.6278972458321008,-0.053422749880900636
['Bob Dylan'],[66915],-0.6763248424757405,-0.4404830545358241,0.25479890957205176,0.047931427731180226,-0.49414823475167285,0.6325392324285802,-0.10500056619122133
['Bob Dylan'],[66915],-0.5103329460545895,-0.25651361026454833,0.13365054233832216,0.03584435665805205,-0.0713797834377634,0.4438774257202636,0.13681535376700574
['Bob Dylan'],[66915],-0.4940081004894013,-0.285454888774077,0.17628868662246355,-0.030591361251341827,-0.7038353212140335,0.6404120263122367,0.05746786989955444
['Bob Dylan'],[66915],-0.4956432196427888,-0.3018376698545639,0.16225739420646756,-0.09965549775763152,0.10824965994623943,0.5656792091450754,0.13152543518232213
['Bob Dylan'],[66915],-1.0506560539539462,-0.5350479442155065,0.09559862365213954,0.19820967987349492,-0.2610662434210436,0.7400515924049144,-0.1651893086979424
['Bob Dylan'],[66915],-0.5931306825103839,-0.43520868920163563,0.19775118091286178,-0.1693951488813748,0.13034249132137649,0.8176975776664659,0.021987986699416134
['Bob Dylan'],[66915],-0.765959053433209,-0.585381540295875,0.26622212266273004,0.2419962903702961,-0.6463906212231808,0.6593031244220341,-0.1691193208191781
['Bob Dylan'],[66915],-0.5624128035968656,-0.651988228101591,0.2232608665109556,0.07447221439467876,-0.3066009162588049,0.7258525589990376,-0.04381030780500716
['Bob Dylan'],[66915],-1.1901843259634746,-0.500642025396103,0.056483303918162024,0.33073276422198566,-0.05948266458018124,0.619740191511822,-0.15079199448833186
['Bob Dylan'],[66915],-0.5330896700861408,-0.15194329869043946,0.06303082470505991,-0.10660755544295904,-0.16635877340037156,0.6153971468833312,0.17928971899197385
['Bob Dylan'],[66915],-0.8394126389392635,-0.0957802747768529,-0.011180617839527316,0.17230612056174396,-0.40781273828990555,0.4784759605336033,0.11845592369562326
['Bob Dylan'],[66915],-0.27751218966149066,-0.5461300250052814,0.2512347550396404,-0.06305659458790168,-0.000509172217510924,0.48996570833236874,0.055531874223130634
['Bob Dylan'],[66915],-0.6458725697447412,-0.26983612621859443,0.10086000045304619,0.14426142176640525,-0.6014443421117212,0.45037968387512256,-0.015910178292651737
['Bob Dylan'],[66915],-0.22651224872643827,-0.3502111430882739,0.09524205419013775,0.22246371148201488,-0.2647174158611538,0.7682055730900811,-0.3891973822027616
['Bob Dylan'],[66915],-0.39634489321845184,-0.17872699374975548,0.5002391063027288,-0.02447030620078067,-0.5011256411042828,0.7493522832406437,-0.19276715208306477
['Bob Dylan'],[66915],-0.6366295943770384,-0.3411884343542208,0.09823434139821227,-0.058963539744433656,-0.3203490182750887,0.7619962845512903,0.09027719013612708
['Bob Dylan'],[66915],-0.9790853741847556,-0.6045708780099904,0.04135975826986722,0.2357275694398074,-0.1746455600394469,0.6993406780190827,-0.09523290014760573
['Bob Dylan'],[66915],-0.8028117804060702,-0.4465210573245977,0.2460323316563948,0.06370610352183138,-0.02636264907208741,0.6205374728219737,-0.09253592380219111
['Bob Dylan'],[66915],-0.8644439373789445,-0.33560548988324085,0.22107751908873574,0.11269932823367204,-0.21595700696549167,0.5277650320526739,-0.10978879119658033
['Bob Dylan'],[66915],-0.8132175137033658,-0.10628303024243393,0.019514993685505768,0.04147831989882923,-0.23092479691601328,0.529983347826125,0.08387739368218039
['Bob Dylan'],[66915],-1.3375872366859989,-0.4569766027008332,0.01923992040485028,0.3721407259741292,-0.41018931641311196,0.6644480558465993,-0.21990484874725522
['Bob Dylan'],[66915],-0.9555521556588864,-0.23440917458903102,0.0467487736499137,0.24407984726918971,-0.47784208029094577,0.49929447512958336,-0.04906508887083167
['Bob Dylan'],[66915],-0.2913072164202279,-0.5755195413658954,0.20427342946341073,0.1356349892883979,-0.5233608732169966,0.5216275932682999,0.06621702754329373
['Bob Dylan'],[66915],-0.5898772167408497,-0.1809239597670874,0.0969120071786613,0.0551598136059252,-0.24790428215092544,0.46598193146967376,0.07892286142957544
['Bob Dylan'],[66915],-1.2635171634686069,-0.31546640189639813,0.1675227163181904,0.15237667256342377,-0.1581775060406332,0.7895152318800236,-0.1639002312550892
['Bob Dylan'],[66915],-0.6081865586334185,0.04875684693237084,0.6396734144310432,-0.17627095327430753,-0.25927331743814697,0.649765928712336,-0.12866518865195195
['Bob Dylan'],[66915],-0.3846397228799943,-0.491099306931565,0.1992034016490728,0.06665862191627937,-0.7024452329198596,0.5877895247568332,-0.02458553789901932
['Bob Dylan'],[66915],-1.277634189428655,-0.2358062601683811,0.045904096186229905,0.2582671169366461,0.01118719068013803,0.5047230023304884,-0.17741317014664118
['Bob Dylan'],[66915],-0.6209547155481234,-0.268663903023498,0.06873455064242623,-0.21726121886682936,-0.05264479027847221,0.8971360594724002,0.2095298092228626
['Bob Dylan'],[66915],-0.9350386406441956,-0.5423027911525201,0.21338546976803335,0.20899488942365585,-0.6266504029153562,0.7876395836960113,-0.18094356409351886
['Bob Dylan'],[66915],-0.3552306209137815,-0.3094474887998203,0.17082268429438008,0.0031969201321124276,-0.8777060784947802,0.7308591737669364,0.04287912158379946
['Bob Dylan'],[66915],-0.6987432228766867,-0.5723255823940596,0.1965623432162185,0.23993742866964668,-0.7537510009119929,0.5626608579671669,-0.12088259942362728
['Bob Dylan'],[66915],-0.3159854486690521,-0.24938941327345193,0.1773508820892867,-0.2222637762713677,0.06759768260073692,0.4711529641498115,0.14529432766689854
['Bob Dylan'],[66915],-1.0106220175208607,-0.2582629310933539,0.022430422591079514,-0.003974789953976355,0.07187142715589398,0.7205654700338637,-0.005241565813097686
['Bob Dylan'],[66915],-0.2802221002079567,-0.2887821529647852,-0.011004692979286326,0.346120137945167,-0.4099862519269251,0.9066798667793142,-0.4208394496657841
['Bob Dylan'],[66915],-0.5938677775362197,-0.43261648761369453,0.2929424040891571,0.1503838537326,-0.6809821525921392,0.5498781164050919,-0.09883807003735698
['Bob Dylan'],[66915],-1.0932934617272116,0.1757819755138183,0.5193936553707849,-0.037523164585304275,-0.2143721962537052,0.6565098082266716,-0.25922415589623876
['Bob Dylan'],[66915],-0.9657024633876647,-0.35044586169287534,0.16048006111405758,0.1946363263649983,-0.4685505511949637,0.5804092281428701,-0.15332562308559952
['Bob Dylan'],[66915],-0.988102277497458,-0.07922503028616977,0.18071376257336735,-0.02520761926669701,-0.031145860386797238,0.6571857895592028,-0.0921634503925347
['Bob Dylan'],[66915],-1.2121515137473993,-0.38315287489913114,0.08757934397137125,0.3792117603715932,-0.4245144353590617,0.5827422354428432,-0.23677406743552779
['Bob Dylan'],[66915],-0.7548345736546697,-0.04004235727391525,0.6432830230827883,-0.050885529268826245,-0.6736928835847839,0.8089856328339536,-0.261960259671032
['Bob Dylan'],[66915],-0.4021564554161316,-0.12289087654375971,0.6948384124389776,-0.15110131217846892,-0.7073406953642827,0.8329950108292622,-0.11636999039315357
['Bob Dylan'],[66915],-0.3965094483107865,-0.5077876449606338,0.20982481041124657,0.09162366048130638,-0.24265047654459587,0.5095199950249694,0.03417018323715971
['Bob Dylan'],[66915],-0.5615861731398551,-0.7458727824957503,0.37056388021682984,0.03743288706338325,-0.03521031838835293,0.7019217982297953,-0.08925979672617695
['Bob Dylan'],[66915],-0.18439734469240587,-0.44293053920546316,0.2534362347244163,-0.10552529258751232,0.06390612699288485,0.35566339485025483,0.11080588911602868
['Bob Dylan'],[66915],-0.23195696773496854,-0.35115989782692186,0.169344407800557,-0.11228640071476505,-0.6269303291730469,0.7693070047979857,0.2039401820916883
['Bob Dylan'],[66915],-0.40313956712587395,-0.3919170922147659,0.1694404375656601,0.12100867179641614,-0.8021483190037965,0.4793043947606681,0.04864044520756965
['Bob Dylan'],[66915],-0.6534584885623167,-0.5654824937286244,0.15940347598429705,0.07497429831303355,-0.2163141234107963,0.6574452074324239,-0.026223838200582463
['Bob Dylan'],[66915],-0.5890336825943806,-0.5717991319873929,0.4310304823124496,0.09164488843444867,-0.13016147608392045,0.5820747932178751,-0.16578762386510046
['Bob Dylan'],[66915],-0.7332756990282083,0.0832885800543476,0.6286332017728354,-0.05951934607401523,-0.681378870450753,0.7853738999541835,-0.16527816721342442
['Bob Dylan'],[66915],-1.0659232339464928,0.5254343189574968,0.8351387691542377,-0.16125383090064363,0.12447429869620168,0.5942113475468739,-0.1584098569838256
['Bob Dylan'],[66915],-0.5012202378236641,-0.031383768161599095,0.6319088723605311,-0.13153511243047628,-0.08837215704963497,0.5119982258598786,-0.1149222488150122
['Bob Dylan'],[66915],-1.0346055233195361,0.43702714478257915,0.7063571275378263,-0.19501416362051832,0.12540513411911688,0.604384568792094,-0.20535209740973986
['Bob Dylan'],[66915],-0.6193293654059058,-0.3256013847279119,0.1547656447212483,0.030695610706043663,-0.06365373283808125,0.4717228161896466,0.05707544831815985
['Bob Dylan'],[66915],-0.5652757344212679,-0.31393310844294703,0.10627853606168566,0.05934383233611657,-0.33650904341315,0.5386170698436353,0.0686715659965741
['Bob Dylan'],[66915],-0.8496800974007124,-0.3502224926104638,0.06744082128874145,0.23677300018417533,-0.4808022553974412,0.5378627304212534,-0.03679237704694319
['Bob Dylan'],[66915],-0.37143922051288275,-0.4254612184454944,0.18338708503068574,0.03634520547181665,-0.532384744236423,0.5289068475359674,0.05622188631999761
['Bob Dylan'],[66915],-0.6919681724628973,-0.392988213907768,0.2093664560192953,0.037899052946299874,0.13236267279135686,0.47465815091815783,-0.09144965064240605
['Bob Dylan'],[66915],-0.44577968612693647,-0.4362969463286342,0.1753589878784516,-0.008396035480076561,-0.6094108959080283,0.6585894879693821,0.06299436390434092
['Bob Dylan'],[66915],-0.8070901126094059,-0.5009160096954849,0.11895647269575414,0.11616111475861772,-0.02710573795978034,0.5600289935671524,-0.04630245686637964
['Bob Dylan'],[66915],-0.8970890706662994,-0.22318265387615127,0.047737356832761896,0.29378528008163124,-0.46485139240592904,0.5225163397156551,-0.010291487491294932
['Bob Dylan'],[66915],-1.0246123370668794,-0.45697773627432436,0.1556178944506589,0.11290722991582236,0.010312703597270071,0.7806218259391009,-0.09003865902680669
['Bob Dylan'],[66915],-0.6496281155660957,-0.40516915549282617,0.12166280667526351,0.005676258186487152,0.04025265636283235,0.571730168907745,0.05696852951182367
['Bob Dylan'],[66915],-0.24199697472726417,-0.4604266659597507,0.25027088102985023,0.021368025746337678,-0.6354989983433132,0.5093731272735664,0.05801560333308739
['Bob Dylan'],[66915],-0.43070410368068424,-0.3731685471434503,0.39973420351341743,0.007183158148620113,-0.6141700553252418,0.6253179688876812,-0.06030321898365468
['Bob Dylan'],[66915],-0.841427613701199,-0.07857802208197064,0.6846410029653376,-0.12989271779967101,-0.48667817996323876,0.8774584500303902,-0.2771883913519899
['Bob Dylan'],[66915],-0.6431521622650815,-0.6104326462572279,0.22862318670891846,0.11165799711830307,-0.21176482722304585,0.641683206173969,-0.041890839051326484
['Bob Dylan'],[66915],-1.0479167978540336,0.4744718508984799,0.682835634181794,-0.14247993385189328,-0.6823991669072618,0.7495739222221006,-0.168575083420535
['Bob Dylan'],[66915],-0.48176025527753136,0.005308728646219081,0.6241592638655115,-0.1583775286976473,-0.26346068314897897,0.6258314900936401,-0.07958061515257672
['Bob Dylan'],[66915],-1.1934376727153866,0.36438320716019446,0.7135994381320053,-0.053802126455292816,-0.47688539949616204,0.7568637424264018,-0.25891494516643726
['Bob Dylan'],[66915],-0.5287898665441885,-0.10464871315597489,0.5462917085737349,0.0008902738722055347,-0.06624988517109338,0.5016419438246972,-0.08328833948399002
['Bob Dylan'],[66915],-1.0869616024883786,0.3332745750155678,0.7302800167901015,-0.0921505683645692,-0.056472777504876004,0.4894990864781951,-0.3066013824308771
['Bob Dylan'],[66915],-0.6390495325839339,-0.008256490059177205,0.8028497280690059,-0.12534779396499904,0.09633466585552561,0.46086640472283713,-0.25123004578189784
['Bob Dylan'],[66915],-0.8106103420736827,-0.6865835085441357,0.1987011111425915,0.28731933162975665,-0.815074816993505,0.7085791572861693,-0.1884033205781675
['Bob Dylan'],[66915],-0.4451264382206085,-0.3869899395863562,0.34654029137301284,0.028852920874101597,-0.3435026272186534,0.5062426275257835,-0.08242975321474968
['Bob Dylan'],[66915],-0.9273884038192673,-0.3696657351239986,0.2819899082358992,-0.026252142096446593,-0.19244323280429193,0.8296432767450772,-0.14050414757833685
['Bob Dylan'],[66915],-0.8781627346254552,-0.45294712449243213,0.05581357451937616,-0.026887822656544456,-0.022334155271473827,0.7763675802650365,-0.029352992801199934
['Bob Dylan'],[66915],-0.52011122251972,-0.3949967849118773,0.125248740084878,-0.10534516876598582,-0.510143602598693,0.8056835142564759,0.09130566304296647
['Bob Dylan'],[66915],-0.363289551040276,-0.36869955026443124,0.1426965060247413,-0.20914498859539057,-0.0842438693880234,0.7315456022550065,0.17195553959374318
['Bob Dylan'],[66915],-0.9328022644374476,-0.41028725049706344,0.14378799481071114,0.19485434985785402,-0.29004602380636113,0.5572464258047887,-0.17932781265435568
['Bob Dylan'],[66915],-0.6620370494473462,-0.22484360581223423,0.03696591511543613,0.1571571618552629,0.15010415863202534,0.47011178031542145,-0.1651953170516427
['Bob Dylan'],[66915],-0.3888910894269743,-0.39197149159978406,0.24361856310017332,-0.05250787882962941,0.0784311805541997,0.29561106738273596,-0.08933677531593212
['Bob Dylan'],[66915],-1.1220813065925779,-0.48892546432910544,0.18048243338254205,0.1786301638918901,-0.25335697845150823,0.7639176751842348,-0.17571009092498427
['Bob Dylan'],[66915],-0.4583657728271107,-0.2024548717101715,0.5330722295533717,-0.10452710296781809,-0.7901674457585153,0.8172954127447836,-0.051601764048804566
['Bob Dylan'],[66915],-0.44468262731338837,-0.6247674884923705,0.3966872545987619,-0.018968336576697095,-0.06450627253834533,0.5834738295992521,-0.11374082021838292
['Bob Dylan'],[66915],-0.43411844115444587,-0.4852726715711743,0.28082640942135273,0.057264361754203845,-0.5151941660398853,0.597716664558741,0.02435602795221531
['Bob Dylan'],[66915],-0.5342696885185809,-0.5061056660262881,0.33292594597108177,0.0806628326023569,-0.6799352831126747,0.6848036246350949,-0.11919793368783449
['Bob Dylan'],[66915],-0.5638516558955157,-0.7123053898289016,0.1902684272434247,0.17333053615346794,-0.4792769491621315,0.7102882487234186,-0.028840932125718137
['Bob Dylan'],[66915],-0.3331786569192137,-0.6058489594093123,0.2761506589083043,0.08223579648964892,-0.6988469525919386,0.6296660273151625,-0.016017358652941422
['Bob Dylan'],[66915],-1.0087030415650429,-0.36394956846702875,0.05862339984775113,0.22425596770464853,0.1654100101418943,0.4240025597746346,-0.12132076235974615
['Bob Dylan'],[66915],-1.1564694010019463,0.029672673643826537,0.05729892703873388,0.012945532521874054,0.06582204596313358,0.5573693340341189,-0.046225469865157874
['Bob Dylan'],[66915],-0.7265988808386226,-0.41358522909991813,0.18405184815442252,0.16944552499109017,-0.22184666965561398,0.47138963725282457,-0.0673441317927819
['Bob Dylan'],[66915],-0.8212490618045087,-0.477294847153214,0.10008085666404445,0.27633590950482334,-0.4700556372462377,0.5481525020980161,-0.08405658197742857
['Bob Dylan'],[66915],-0.32349646910213686,-0.2617108226575834,0.03178303854719752,0.25668480105000696,-0.5878313953245318,0.9802447794861934,-0.6523971867705989
['Bob Dylan'],[66915],-1.0837501953227169,-0.3398793078836456,0.055230698199841874,0.12752678003762571,-0.09338515751980928,0.6403170330937501,-0.10751211319455453
['Bob Dylan'],[66915],-1.0389250539044834,0.32206346323920365,0.5565475520401182,-0.11620335851096168,-0.6831877370043782,0.6782066107788303,-0.2806710273404078
['Bob Dylan'],[66915],-0.8118058818709935,-0.39903297173938995,0.15229972995709476,0.21421707906054074,-0.47741691211872356,0.5435674325117124,-0.11421994324425115
['Bob Dylan'],[66915],-0.42099025467307977,-0.4970937192893808,0.19819405207506333,0.11140568004564537,-0.69807350953679,0.549727077253029,0.03514944759696072
['Bob Dylan'],[66915],-1.1590076777381129,0.38162320916252945,0.6294979317167627,-0.13447719065855196,-0.2204969960465375,0.6723781083714173,-0.2864940542478808
['Bob Dylan'],[66915],-0.5674195524333299,-0.009644136108209298,0.6797254702634995,-0.0065809435875227185,-0.25351828734102705,0.48266065146339115,-0.2049934750112312
['Bob Dylan'],[66915],-0.752487822469304,-0.3070961119331062,0.6646893175004412,0.05578688475498619,-0.48925674326090574,0.6555672345107025,-0.32228189511676403
['Bob Dylan'],[66915],-0.8024772608763097,-0.4603860878554123,0.12149379123415165,0.18456535582154782,-0.29905933627110554,0.5185440164576867,-0.09701508879402347
['Bob Dylan'],[66915],-0.6328528983095925,-0.43727711841348454,0.41750997240499504,0.04546503128612701,-0.22205094736614878,0.6286994765729058,-0.1468352336252494
['Bob Dylan'],[66915],-0.4349178970975066,-0.4030791192952682,0.1488286196176394,-0.02741179796910262,0.11993312451209656,0.5701447767642367,-0.04662805812912821
['Bob Dylan'],[66915],-1.0833590804926405,-0.3366318294348992,0.0496828661407079,0.2623183148135643,-0.19286508800880872,0.43919224162854814,-0.168514193250595
['Bob Dylan'],[66915],-0.9401334137320093,-0.45259254588640807,0.11317389525049094,0.28108222452862835,-0.6456062295863011,0.5520655282636421,-0.13796747644930066
['Bob Dylan'],[66915],-0.5105189865450869,-0.5593028466815612,0.32624324470526544,-0.005262417665132606,-0.33236002491751315,0.5999561158660551,-0.11584051683308895
['Bob Dylan'],[66915],-1.1566390859905784,-0.4305070781631402,0.08641918514949519,0.22479208072990245,-0.7813903419095656,0.8958901409132581,-0.1293683279887534
['Bob Dylan'],[66915],-1.156590861774424,-0.37737077450410317,0.009310331704071712,0.2795266843275315,-0.4359919367095457,0.647196630765636,-0.11829587191704301
['Bob Dylan'],[66915],-1.3656183293425752,0.07278785322915148,0.6072174534519482,0.01998760941433276,0.011802289333975015,0.7698710729963795,-0.3838552417809866
['Bob Dylan'],[66915],-0.9321343773034557,-0.08551046741109729,0.068689516499905,0.2947084455683227,-0.6704514367135277,0.3475843411813216,-0.15868063266159277
['Bob Dylan'],[66915],-1.0688521639988333,-0.49798444126383234,0.11213486267346966,0.21506150487101777,-0.6217246479884803,0.7541769277641125,-0.16377006209149064
['Bob Dylan'],[66915],-1.240453458367467,0.1789946517370082,0.47486135169136506,0.09497551857686287,-0.6374632633607895,0.6958932624480412,-0.4401688440612559
['Bob Dylan'],[66915],-1.2832626114210515,-0.17352311611231003,0.517473357117467,0.2961454609669324,-0.6968171728004242,0.6932298922087038,-0.4803485048611868
['Bob Dylan'],[66915],-0.8175975133612526,-0.23646820734149293,0.11887139452363721,0.21353425095451675,-0.6610796661886389,0.5883056394016666,-0.009543053358179848
['Bob Dylan'],[66915],-0.8177579209556715,-0.5797778342758972,0.1169156128707441,0.23570192657955819,-0.3718705161145769,0.655705309546073,-0.04093052487310432
['Bob Dylan'],[66915],-0.3875127441420422,-0.4026034445553801,0.1522763066378147,-0.12033031879501765,0.01599251779940402,0.654218196507286,0.1557701366600965
"['Bob Marley & the Wailers', 'Stephen Marley']","[69402, 24309]",-1.1629324538204708,-0.4721194873419207,0.01698800359455304,0.3509841311424553,-0.07052535624055832,0.5450166151429179,-0.04793897356781008
"['Bob Marley & the Wailers', 'Stephen Marley']","[69402, 24309]",-1.192809731276342,-0.4778626533937663,0.04829696683440168,0.38536374543466456,-0.42221926871575227,0.6577924148174467,-0.10415912565576686
"['Bob Marley & the Wailers', 'Stephen Marley']","[69402, 24309]",-1.2927309756584684,-0.581301128092582,0.036690045256888036,0.4893276368831426,-0.7593005796166911,0.728128182221458,-0.1841888843379261
"['Bob Marley & the Wailers', 'Stephen Marley']","[69402, 24309]",-1.0554740173005175,-0.2866862483393647,0.04153607157686624,0.22076767540981862,-0.5448810446724089,0.7196699120312393,-0.0048267319743850075
"['Bob Marley & the Wailers', 'Stephen Marley']","[69402, 24309]",-1.2013338258449213,-0.4246828811955158,0.04870072267762563,0.38169150405324365,-0.3393438144995355,0.5704657077478889,-0.09218316723513115
"['Bob Marley & the Wailers', 'Stephen Marley']","[69402, 24309]",-1.009403854158576,-0.430515724982212,0.15587720273811606,0.3670594748431901,-0.5371662792657421,0.5806634354941389,-0.04025262776346692
"['Bob Marley & the Wailers', 'Stephen Marley']","[69402, 24309]",-1.2585723269637767,-0.59211751954998,0.07285786479446127,0.4014224867680783,-0.3185241636952367,0.680157216788427,-0.1819294495495458
"['Bob Marley & the Wailers', 'Stephen Marley']","[69402, 24309]",-1.3469239336096355,-0.6653320970736937,0.021774671404227536,0.5515922509104715,-0.7513210120122585,0.6785928193020242,-0.26333607590480496
"['Bob Marley & the Wailers', 'Stephen Marley']","[69402, 24309]",-1.1701837496599026,-0.34585150484212007,0.09533737057541744,0.26865352489251687,-0.34717240214579087,0.6988699841983419,-0.033316217446774064
['Bob Marley & the Wailers'],[69402],-0.9693822607458982,-0.24640162316849037,0.4351721896499259,0.24581873727697734,-0.3738500983518109,0.52738481319329,-0.21871721222569146
['Bob Marley & the Wailers'],[69402],-1.20560466880589,-0.39305034404040945,0.5129203314581271,0.24361624836919327,-0.592372341328915,0.874889928295224,-0.3577777065471809
['Bob Marley & the Wailers'],[69402],-0.8628121329696729,-0.16076585391985634,0.6467605255137601,0.1333913553871996,0.14260077332805582,0.41057627713530015,-0.3764973961992129
['Bob Marley & the Wailers'],[69402],-0.836792850431017,-0.24060853677742927,0.7708044913666908,0.03927391729607131,0.13987038632254217,0.5234947510761103,-0.41075024757657264
['Bob Marley & the Wailers'],[69402],-1.1005882508183438,-0.1756376131460035,0.8062584522443778,0.3356493646391316,-0.6348548088265685,0.5916032043993651,-0.38647276694104254
['Bob Marley & the Wailers'],[69402],-0.9765859884266599,-0.17782562549132766,0.4317565717915295,0.06990950975684579,0.15435089426157025,0.5472665625669597,-0.19896016328878252
['Bob Marley & the Wailers'],[69402],-1.345470656287616,0.00021381188805093206,0.5465698532053591,0.3730676487934372,-0.7677836880189628,0.7256091581964169,-0.5288167550876995
['Bob Marley & the Wailers'],[69402],-1.2006023914152006,-0.10068109442292839,0.3081193145356011,0.07689866361371454,-0.0006895640519293847,0.715614364703955,-0.16335572086315928
['Bob Marley & the Wailers'],[69402],-1.1628020192367732,-0.16980837840071356,0.3401613382917335,0.19833850463903369,-0.34930826107975094,0.7973696058042612,-0.09892315644482694
['Bob Marley & the Wailers'],[69402],-1.0798077842247662,-0.5915783468624829,0.4674269903269243,0.5720837257144755,-0.6023380889263458,0.6487123028941155,-0.07129982864672861
['Bob Marley & the Wailers'],[69402],-1.0706913325273766,-0.43243103421679263,0.4658630832513674,0.10830963212529698,0.017749830858701268,0.8147547681728514,-0.30585087679082823
['Bob Marley & the Wailers'],[69402],-1.1572285663655546,-0.015374552542799357,0.5906761320728414,0.2646892026527811,-0.2778877929703566,0.4674729374548262,-0.38826796544841125
['Bob Marley & the Wailers'],[69402],-1.1745374313778014,-0.4090527343199085,0.4877384555545812,0.23598646862572237,-0.5952128945611994,0.8848341631383414,-0.3500918511695119
['Bob Marley & the Wailers'],[69402],-0.937759345297513,-0.13978330520842297,0.6613232380727238,0.012931482808834388,0.14942078264803707,0.544482892135122,-0.3088788548028237
['Bob Marley & the Wailers'],[69402],-1.125562097119172,-0.5683589492504102,0.04564089243251563,0.4440770580635996,-0.7774705637081737,0.7498479881354696,-0.0516902403136312
['Bob Marley & the Wailers'],[69402],-1.0017184700411137,-0.287242277550074,0.17995778224900658,0.3284742273353407,0.21090753244322072,0.6058556901423414,-0.2425741892706202
['Bob Marley & the Wailers'],[69402],-1.2564127982287285,-0.11587800311257127,0.31361733243290324,0.36480887675374946,-0.7872356185200234,0.6899368960833466,-0.245843674654605
['Bob Marley & the Wailers'],[69402],-1.1794395537927507,-0.15749373369454076,0.4830528914486073,0.30918519320643095,-0.6177462601454705,0.6725272440041912,-0.28660729590933137
['Bob Marley & the Wailers'],[69402],-1.1684078522017718,-0.16516609023281695,0.41092535253375906,0.15532644289631306,-0.17421065428147542,0.7602804103531647,-0.1593757996068898
['Bob Marley & the Wailers'],[69402],-1.051792826817514,-0.5799314650210318,0.2786347518474456,0.36717703444702293,-0.607013307192904,0.6890186015844548,-0.30444657584231966
['Bob Marley & the Wailers'],[69402],-1.1430998953763762,-0.3073554514175005,0.6233160734301377,0.190846497954684,-0.3377461273644387,0.7670873498936236,-0.3498314258546486
['Bob Marley & the Wailers'],[69402],-0.9780461808862924,-0.34199126610749375,-0.057606552848183626,0.5673907457578354,-0.7210596729746859,0.9257040187822607,-0.4349504069958016
['Bob Marley & the Wailers'],[69402],-0.486447782431431,-0.412235698854779,0.1747685905127313,-0.1464440517037767,0.025585117001054584,0.7448729800432305,0.08388331730793004
['Bob Marley & the Wailers'],[69402],-1.164494428655748,-0.26936601100888485,0.35644417290143104,0.3192284994139344,-0.5203673926074518,0.7249865070954573,-0.22809845202442106
['Bob Marley & the Wailers'],[69402],-1.2802665895083125,-0.013154177217747207,0.5890874109184536,0.32190882165248086,-0.5997251794602161,0.7579158991674307,-0.33091203064137453
['Bob Marley & the Wailers'],[69402],-1.1432984784700757,-0.4751834947705596,0.04483694999889914,0.4129887053273286,-0.700179750000228,0.6369984536384097,-0.11632284286857883
['Bob Marley & the Wailers'],[69402],-1.069234952067211,-0.5150003888833704,0.3790380995543093,0.5120299477843814,-0.6085843456827208,0.6166765013753912,-0.09364567055062292
['Bob Marley & the Wailers'],[69402],-0.919292708979074,-0.20221019895398928,0.715204319110779,0.09367776379062649,-0.027417935632987982,0.5433445352574456,-0.4121311283225585
['Bob Marley & the Wailers'],[69402],-1.1656868064812251,-0.43189324763784764,0.5418526012299737,0.2804524739789142,-0.5985737088837898,0.8078783258449634,-0.37129947706629574
['Bob Marley & the Wailers'],[69402],-1.142617386052271,-0.3614614998837694,0.6210474757536613,0.274439841577649,-0.6052364913295528,0.779390440590352,-0.29452990309526383
['Bob Marley & the Wailers'],[69402],-0.718879190592689,-0.5948707294795683,0.2010933758424873,0.17401197361124973,-0.18618455374416482,0.7412655081107667,-0.019599198801984973
['Bob Marley & the Wailers'],[69402],-0.21478060372293836,-0.3547568115478226,0.21740422569304604,0.12731388626757942,0.16154913090790696,0.6740564509242412,-0.2853271422533838
['Bob Marley & the Wailers'],[69402],-1.1068729386279212,-0.5606248808000406,0.17326475570091332,0.4028295277155049,-0.5974153194297834,0.781113186865757,-0.035016260404756756
['Bob Marley & the Wailers'],[69402],-1.0856053507954393,-0.27098203903362067,0.10727450694916826,0.29230435151325135,-0.3660985451851441,0.5302779243370311,-0.058804436208109725
['Bob Marley & the Wailers'],[69402],-1.2047436318735956,-0.41289944863288136,0.18518594966052385,0.4252592790002612,-0.4235631586048008,0.5481351047265793,-0.2994477133440134
['Bob Marley & the Wailers'],[69402],-1.0580042807038326,-0.11878396767878457,0.49839847564219514,0.18551621794689044,0.16397896579491603,0.43090180635465225,-0.34215825617407275
['Bob Marley & the Wailers'],[69402],-1.117478430685652,-0.6231723813097769,0.21110378862068852,0.45797496000132515,-0.7658337634361402,0.8164073605306704,-0.1419408933031006
['Bob Marley & the Wailers'],[69402],-1.1750430146668085,-0.6365058487659184,0.23775046903116137,0.3995586075155837,-0.3191272094194829,0.7472557536827522,-0.1378050049757126
['Bob Marley & the Wailers'],[69402],-1.1334511639068061,-0.5060020719057744,0.2869674125566594,0.41530496023767643,-0.6860085791234503,0.8207514233280435,-0.051821473396502934
['Bob Marley & the Wailers'],[69402],-1.1352270083858398,-0.414207817051616,0.5346906455099742,0.20617955501305288,-0.33085651550109096,0.7958130288279659,-0.32952676527989716
['Bob Marley & the Wailers'],[69402],-0.9293890742236078,-0.46766026304699093,0.11279877721136324,0.3288889031957832,-0.378098013146251,0.44375788284568035,-0.15946486732423976
['Bob Marley & the Wailers'],[69402],-1.1503100496003507,-0.6657678576469569,0.07635689621667088,0.35449253383350354,-0.5846233828689356,0.8637472068808807,-0.10470842414851814
['Bob Marley & the Wailers'],[69402],-1.2477269603720331,-0.5126720803425755,0.01923650471958623,0.35208271654360174,-0.3136888520619794,0.7712671338611051,-0.12306861985202772
['Bob Marley & the Wailers'],[69402],-1.2358809624696045,-0.3820264328936801,0.09949550687246643,0.5118098228692938,-0.7900688925857702,0.48464299540530986,-0.19179980408799163
['Bob Marley & the Wailers'],[69402],-1.2551267298041018,-0.5992694113643003,0.1356098431266072,0.4149339522042594,-0.6689294216514872,0.7934135549164655,-0.2913226356505228
['Bob Marley & the Wailers'],[69402],-0.7872792358320247,-0.7754642530706791,0.22872430036579114,0.11874456028317706,0.17306012965616874,0.6616902369108061,-0.1282022686311482
['Bob Marley & the Wailers'],[69402],-1.0310585873076403,-0.6438946693401305,0.35844370731131564,0.36692332979334924,-0.2542354227207021,0.6079736427393694,-0.14725772648631125
['Bob Marley & the Wailers'],[69402],-1.1040086838092549,-0.15972289328081346,0.5648159330927914,0.3738162129622333,-0.7966576213237916,0.6397066495373677,-0.3904384153205127
['Bob Marley & the Wailers'],[69402],-1.1940026104400017,-0.2555583422515153,0.7096121791157225,0.20939511545214287,-0.42656391687497514,0.761240184259719,-0.41887406622232676
['Bob Marley & the Wailers'],[69402],-1.1360499776859234,-0.30760689280575565,0.5900566391341415,0.2724745576992156,-0.6025388314468553,0.8214467462511551,-0.29719239193422287
['Bob Marley & the Wailers'],[69402],-1.1993211341207661,-0.05702411247430005,0.7981585846813565,0.32014306079209565,-0.3631246715066595,0.5070102739648582,-0.42709549825887366
['Bob Marley & the Wailers'],[69402],-1.2242679497950426,-0.35759905522893226,0.6116169026115217,0.3269292552310507,-0.5851366774881247,0.9433214198823868,-0.21781799224244697
['Bob Marley & the Wailers'],[69402],-1.1767415463606903,-0.3830352755954405,0.12519745236480673,0.2777394160631308,-0.34369378451829163,0.6739015401092823,-0.10465991858646446
['Bob Marley & the Wailers'],[69402],-1.1647361210644405,-0.36885173094766605,0.17180613605920872,0.3176941438816805,-0.1642993127335207,0.5939006929513548,-0.07443052369871668
['Bob Marley & the Wailers'],[69402],-0.9549554117635487,-0.6127508804899615,0.46774965157303156,0.18010395548668687,0.08912947386226855,0.6052041630728481,-0.3085052201797589
['Bob Marley & the Wailers'],[69402],-0.7405090299893565,-0.6373159278584009,0.4708195991507166,0.11589982571500096,-0.16908742677784103,0.8631274627889132,-0.3472293960443142
['Bob Marley & the Wailers'],[69402],-1.0664195418103108,-0.2742893546239027,0.502418420120315,0.1290578960954894,-0.621117135254767,0.8799374591368753,-0.3422904646367311
['Bob Marley & the Wailers'],[69402],-1.0628538044310638,-0.3012039205686901,0.6445338012585013,0.24618206069357734,-0.3534042292677357,0.6202052717432015,-0.4662408250060232
['Bob Marley & the Wailers'],[69402],-0.9318851824415662,-0.2978934338159212,0.6104901982872701,0.08112796878218646,0.15355082695809705,0.5129073030318221,-0.41675092687641363
['Bob Marley & the Wailers'],[69402],-1.2002620456693305,-0.4077431453721846,0.6543854456866344,0.3267087394177593,-0.7651589701992931,0.8759266261203335,-0.40527366456381314
['Bob Marley & the Wailers'],[69402],-1.1600504170702317,-0.28103757703034504,0.7169353430697457,0.25404431577657316,-0.7854038462772142,0.839743946786418,-0.41641880389881397
['Bob Marley & the Wailers'],[69402],-1.0623754514102517,-0.5788418150350568,0.14675749159388105,0.3887916907823597,-0.43262520135724075,0.6017130521599081,-0.13778028153963726
['Bob Marley & the Wailers'],[69402],-0.9851579473847442,-0.4812816412062956,0.27910075788621563,0.30746444858717004,-0.6226766627867879,0.7419231726213437,-0.02148329770110492
['Bob Marley & the Wailers'],[69402],-1.127005533780569,-0.6529288389140546,0.3603318171711273,0.5190669969667524,-0.5905702030592559,0.6960297917652393,-0.1599443986508336
['Bob Marley & the Wailers'],[69402],-1.055484219222932,-0.630062262858137,0.288560291762578,0.30725331019550445,0.01472965969713564,0.5671530114711704,-0.27800071728602216
['Bob Marley & the Wailers'],[69402],-0.88323458551547,-0.046062023600554586,1.1033489090944486,0.11797536571197174,-0.76107389884314,0.6495593986245942,-0.3175946613083282
['Bob Marley & the Wailers'],[69402],-1.3408929750014689,-0.5984050154656603,0.08803940518296098,0.47678589338851657,-0.3800335587029823,0.7710694013861793,-0.21253397493384857
['Bob Marley & the Wailers'],[69402],-1.038445139891302,-0.6583884415178417,0.24550116734854582,0.4221513437636252,-0.42140016368605976,0.760462542598225,-0.012033171783215077
['Bob Marley & the Wailers'],[69402],-1.097309433602126,-0.712864417792955,0.2052427979068048,0.4252125901975579,-0.31670322732273287,0.780759713652285,-0.07385386165305197
['Bob Marley & the Wailers'],[69402],-1.263974838048077,-0.4277354916879276,0.10850111554772111,0.2974635353193693,-0.3312163813594064,0.6986704201582705,-0.20261081910032763
['Bob Marley & the Wailers'],[69402],-0.9293572951013293,-0.39686962495660216,0.029380010807477284,0.3628564445569072,-0.742003656423373,0.4434368599288262,-0.14854305303263574
['Bob Marley & the Wailers'],[69402],-1.1432690989241396,-0.6022755538182291,0.2549017393522496,0.23824987888420468,0.11032913355547037,0.66721591485381,-0.20249429873779234
['Bob Marley & the Wailers'],[69402],-0.47951068435087907,-0.4623137321551499,0.23364147812283836,-0.017618367757101128,0.10577158530367099,0.4520384483124342,0.018828170222881743
['Bob Marley & the Wailers'],[69402],-0.917211062329605,-0.2908821901314386,0.31809288858120616,0.11635792014823108,0.1448657268302045,0.43243543430971404,-0.2624090306156162
['Bob Marley & the Wailers'],[69402],-0.9172788517608303,-0.30262618403486996,-0.08035543036223311,0.618774507462308,-0.33636857991225255,0.8879408963110486,-0.7107847747487865
['Bob Marley & the Wailers'],[69402],-1.0608445798645074,-0.520034215646934,0.611443238932087,0.37107517264074513,-0.6963636085080254,0.8137046511942565,-0.2143434399504904
['Bob Marley & the Wailers'],[69402],-0.9902311482615482,-0.5218361755569413,0.28646621778443776,0.475867926625265,-0.7174303463465515,0.5841278429898904,-0.08463300076076928
['Bob Marley & the Wailers'],[69402],-1.084977442493743,-0.543269057670987,0.4538715633892861,0.4899085826343646,-0.6080903049561223,0.6308770954758264,-0.1652296405069201
['Bob Marley & the Wailers'],[69402],-1.0768769792021584,-0.5228434294564728,0.3565438424817417,0.19429392559793743,0.11211209539883178,0.8441507363528,0.00559104293448742
['Bob Marley & the Wailers'],[69402],-1.059549651829875,-0.6948706705815844,0.20047836268522826,0.2863562204842216,-0.4226048909229722,0.7809734544624731,-0.19682627154726862
['Bob Marley & the Wailers'],[69402],-0.33993429531503994,-0.15783680533626013,0.010069565645152469,0.33912593598167107,-0.42832806450639627,0.7161160104344858,-0.537326753607054
['Bob Marley & the Wailers'],[69402],-1.041700549914497,-0.2965945174891746,0.44422626245848734,0.2629761115812736,0.007448744487423814,0.5512345716410502,-0.3939279621860373
['Bob Marley & the Wailers'],[69402],-0.9742397434680541,-0.27413802937702625,0.49836314726890907,0.06584212515124742,-0.634484500403305,0.8636742096711322,-0.29703523882035743
['Bob Marley & the Wailers'],[69402],-1.0618740541367615,-0.10363546056944682,0.4796946154351137,0.26902454636456163,-0.46220690900725525,0.5007697226950529,-0.36612026752213345
['Bob Marley & the Wailers'],[69402],-0.9204265177560298,-0.21332816845734312,0.6398118835322416,0.13043906785560333,0.15231393569269902,0.453056292774237,-0.40791406474498115
['Bob Marley & the Wailers'],[69402],-0.9621221868080888,-0.44829267517073723,0.5384221509614832,0.22161756341570277,-0.35781917983860995,0.643954066371482,-0.44263662102956874
['Bob Marley & the Wailers'],[69402],-1.083825712630752,-0.5840463881698136,0.254909444548154,0.5115580739834763,-0.5176360430075276,0.5878217311832167,-0.11495272860519948
['Bob Marley & the Wailers'],[69402],-1.1428771764999373,-0.6341051424466153,0.26534517218246007,0.5181117927727623,-0.7660817061233677,0.7726728071682755,-0.07932774827430333
['Bob Marley & the Wailers'],[69402],-1.112206509646298,-0.6422453096629672,0.17859318270673594,0.48196099111310936,-0.595633969933915,0.7166291744401329,-0.05165652638377904
['Bob Marley & the Wailers'],[69402],-1.2715855640988583,-0.7265949660381721,0.03973201021286845,0.5072810484327687,-0.6578957656997888,0.7803591408417576,-0.17722695611590486
['Bob Marley & the Wailers'],[69402],-0.79732126103016,-0.6235837389598639,0.11233651164030269,0.35934208672201234,-0.5706294235974199,0.9986660186503331,-0.26622671816983234
['Bob Marley & the Wailers'],[69402],-1.0977881545408112,-0.6315715333002476,0.3204742114884986,0.3462881617147005,-0.3225515423126115,0.8422989807498672,-0.016318131942592025
['Bob Marley & the Wailers'],[69402],-0.9140835620547897,-0.5852234180284016,0.129758027553618,0.2849822914861115,0.17096713312987188,0.44181629311849746,-0.06980482553605517
['Bob Marley & the Wailers'],[69402],-1.0121351486492556,-0.2335672968606627,0.5074246629786454,0.22620145817995124,0.07886401721443112,0.4277119195707048,-0.36271036116249206
['Bob Marley & the Wailers'],[69402],-1.0322678318359013,-0.5071678979578871,0.02702732666259324,0.4454662041109533,-0.795117514824001,0.6419046523850075,-0.02639837219216866
['Bob Marley & the Wailers'],[69402],-1.1252327389097907,-0.4809697879669412,-0.008105313935898624,0.36848311519267685,-0.6092323037406095,0.6984179362862323,-0.04261897533741593
['Bob Marley & the Wailers'],[69402],-1.1270689239515266,-0.6145004187699945,0.25771280056297746,0.5150421905299603,-0.7699306611079735,0.7548357313980948,-0.06343474271346733
['Bob Marley & the Wailers'],[69402],-1.146821869607956,-0.6340481035808103,0.2621947855892364,0.5188237358424405,-0.6891551727698866,0.6518564875662777,-0.18115190500888678
['Bob Marley & the Wailers'],[69402],-1.082290910731845,-0.587274214144384,0.25319953886053576,0.5106629332125311,-0.5176161020952195,0.5900413859011508,-0.11454996760697586
['Bob Marley & the Wailers'],[69402],-1.3426848360203554,-0.600522180479886,0.08090906345932418,0.4781488269752488,-0.3797158459700667,0.7702416107394766,-0.2107925895488308
['Bob Marley & the Wailers'],[69402],-0.9708566593710068,-0.18112796455658878,0.9283545599916672,0.33978595161174285,-0.8139808291268641,0.6419213557517566,-0.3640241209059416
['Bob Marley & the Wailers'],[69402],-1.1304453694064078,-0.5427394088019083,0.07898105539141502,0.3598757820609426,-0.33754240276652847,0.642252043055673,-0.1065801405206453
['Bob Marley & the Wailers'],[69402],-1.044807629855835,-0.3133639071499501,0.21857252646399802,0.3491537862194012,-0.4518735318804393,0.5631976066797939,-0.0404513006938965
['Bob Marley & the Wailers'],[69402],-1.1690449860198737,-0.5876241594454108,0.05513427914774724,0.38523153472074184,-0.32855675199844286,0.6814654923963372,-0.1292274531631998
['Bob Marley & the Wailers'],[69402],-0.9259000361829355,-0.2793062226951939,0.11479773622883284,0.2041934910339577,-0.5576199873804565,0.7331393760092262,0.05678130308581379
['Bob Marley & the Wailers'],[69402],-1.2781238790157268,0.023654554580915334,0.5347459939121095,0.2264729191453453,-0.34604879864838023,0.6396186090670783,-0.408798087249478
['Bob Marley & the Wailers'],[69402],-1.1223941732143976,-0.6449081173951577,0.2708555572837958,0.3243223217196511,0.20790801394889705,0.6319010100137181,-0.09617143762405732
['Bob Marley & the Wailers'],[69402],-1.2105222868862648,-0.6305574948493614,0.05239707260162466,0.47509209557415616,-0.5846444912483785,0.6979146641658021,-0.12213653259940137
['Bob Marley & the Wailers'],[69402],-1.0625878973578202,-0.6538953574339895,0.12429572095267656,0.4379600897158992,-0.7798312167639097,0.748479593605936,-0.09213568092084715
['Bob Marley & the Wailers'],[69402],-0.96405722297693,-0.584189137042144,0.13409602803330814,0.30118419337176683,0.1781710041890568,0.48197272194929514,-0.08922093567696958
['Bob Marley & the Wailers'],[69402],-1.0788968436578426,-0.6568952207478873,0.17824974726631013,0.3092059772947583,0.20186039437740394,0.5449527098367417,-0.14229205625662503
['Bob Marley & the Wailers'],[69402],-0.6776937127408724,-0.6265417830142018,0.14246671816633164,0.18302252345530917,-0.4761446199132322,0.6598383030070094,-0.023933971114126807
['Bob Marley & the Wailers'],[69402],-1.2354008609945617,-0.6384962932360826,-0.004572996489104315,0.4285671195578928,-0.7603740627507206,0.828059733626535,-0.1435480879194887
['Bob Marley & the Wailers'],[69402],-1.1683826967184763,-0.6181288510269254,0.10144560364439473,0.29577831951055344,-0.23288107917345166,0.7767786801721541,-0.1305974876375154
['Bob Marley & the Wailers'],[69402],-1.3308609358129129,-0.7132143282600838,0.018559334049451853,0.49535569784545586,-0.5631854688836614,0.7920788572890971,-0.17655240248395637
['Bob Marley & the Wailers'],[69402],-1.1179487608040266,-0.6406953489096336,0.24067177819384433,0.4874468617389228,-0.5905000587283439,0.7366849744550354,-0.03924797512318663
['Bob Marley & the Wailers'],[69402],-0.9361914572167738,-0.6506727691414905,0.11819938960588164,0.29118072661035826,0.19464585469814039,0.6248332556524008,-0.007392503810335753
['Bob Marley & the Wailers'],[69402],-1.125609486191308,-0.5896774640580351,0.19172061247394334,0.35206932090084886,0.021422729831746565,0.5372300222851782,-0.16658175572422101
['Bob Marley & the Wailers'],[69402],-1.1381324396583121,-0.5812184863998604,0.10825731271444475,0.3439055518898488,-0.597031378860497,0.8304567050090658,-0.08597113044325946
['Bob Marley & the Wailers'],[69402],-1.0567120033748114,-0.6735411507319612,0.2675650839140687,0.42506637926488444,-0.4118994914402307,0.7956761201154093,-0.033717625640616145
['Bob Marley & the Wailers'],[69402],-0.9850972044022223,-0.500596042330511,0.2524560972803099,0.31409366839029595,-0.6213063106302074,0.7429032883064944,-0.006968866559427226
['Bob Marley & the Wailers'],[69402],-0.925660569843193,-0.6909176015204949,0.31852359381587975,0.41938105658216707,-0.6167126074166007,0.6805629705329548,-0.08232538779843807
['Bob Marley & the Wailers'],[69402],-0.9329307342035337,-0.5917820669841756,0.1696933351600064,0.18965896699733453,0.013447969503525684,0.7598286787126681,-0.03862593378411531
['Bob Marley & the Wailers'],[69402],-1.128258299035574,-0.5409117387439661,0.09541949646760385,0.44003491061094857,-0.7788014444614325,0.7440726289458451,-0.05841547655068149
['Bob Marley & the Wailers'],[69402],-1.0145911653442596,-0.5073242468771613,0.031602233057225926,0.4424431832421124,-0.7967838107420433,0.6413919619195517,-0.021019910699501862
['Bob Marley & the Wailers'],[69402],-1.0919592400144655,-0.5418230107471634,0.05959636446167153,0.3548769697774464,-0.4250545408862475,0.7124169192780241,-0.07498057087587298
['Bob Marley & the Wailers'],[69402],-1.0392195669878317,-0.6380952499442876,0.28486977825301274,0.41676928260619084,-0.42236263512033734,0.7640315811205938,-0.019322861443096435
['Bob Marley & the Wailers'],[69402],-1.0581175124510669,-0.4766973022753764,0.6986954206184118,0.3897175834755898,-0.6980807357205836,0.8114721261890571,-0.16982111287416515
['Bob Marley & the Wailers'],[69402],-0.6901508250813544,-0.5643425114784172,0.16854953646250165,0.1883823331167151,-0.18065471638351324,0.7520758411625309,-0.06201111839135519
['Bob Marley & the Wailers'],[69402],-1.0057522281482496,-0.41510523720646286,0.43740405746196975,0.17047056155276627,-0.18253169591165783,0.675152868280564,-0.22552312753353113
['Bob Marley & the Wailers'],[69402],-1.1665441278970081,-0.4440499096000656,-0.01464246305248907,0.4332945345205304,-0.6953630509022047,0.6352863097757183,-0.0768030448833258
['Bob Marley & the Wailers'],[69402],-1.2059756626201572,-0.6125317246592972,0.04094976989447795,0.5114970349891619,-0.7724756210059466,0.6413423571584564,-0.19509624847781282
['Bob Marley & the Wailers'],[69402],-1.1416020784770613,-0.4607072869603093,0.0332442627632571,0.4104340681700851,-0.70193412811119,0.6232163328481671,-0.10886299230955672
['Bob Marley & the Wailers'],[69402],-1.132372949399232,-0.4350951849848677,0.0067235287709968596,0.39784151549229607,-0.5209330883040846,0.6151307126878561,-0.06560969616058539
['Bob Marley & the Wailers'],[69402],-1.1549313455654995,-0.6608640462480092,0.06388492728259255,0.3623060742317805,-0.5847168763659878,0.8575888527085237,-0.09152056863825837
['Bob Marley & the Wailers'],[69402],-1.2604937529316529,-0.7115583401846618,0.05290263867880232,0.5025425074044051,-0.6604900838455902,0.7735394571822363,-0.1711618592546218
['Bob Marley & the Wailers'],[69402],-1.1747753989822998,-0.4781233934052687,0.03814362214335032,0.38808593756464765,0.014517383833222595,0.4202510531628639,-0.1544360771185858
['Bob Marley & the Wailers'],[69402],-1.2686264839943002,-0.5881546681518697,0.23540408335187019,0.4029142301500404,-0.2217155375461526,0.7556384904106622,-0.08724868002572257
['Bob Marley & the Wailers'],[69402],-1.162733625373815,-0.5000021368658881,0.05187704614231475,0.2753305168632235,-0.4258379488631015,0.7592612947047505,-0.10004644649276512
['Bob Marley & the Wailers'],[69402],-1.1427184342936245,-0.5962864051294756,0.16336592790147422,0.4248765672751172,-0.774082597019286,0.8108353841806942,-0.08470727910032011
['Bob Marley & the Wailers'],[69402],-0.9895569109857298,-0.668965288780013,0.17937531382658284,0.2982260683463058,0.18924467794430336,0.5144888599439369,-0.16268073621921048
['Bob Marley & the Wailers'],[69402],-0.9720894856345832,-0.7428325960935956,0.17886315942902412,0.49871206052201295,-0.7840645129736241,0.6566426201558209,-0.17590841522914888
['Bob Marley & the Wailers'],[69402],-1.0809149600162025,-0.47302508345285044,0.17971591565763154,0.36978957226443465,-0.6107635430731843,0.7224383127590124,-0.026828640560982168
['Bob Marley & the Wailers'],[69402],-1.0597546513494076,-0.534015131327952,0.3489081006521,0.3775176667406304,-0.33907681945109347,0.7343746667639228,-0.027093751058622495
['Bob Marley & the Wailers'],[69402],-1.1012418663478565,-0.5762130871897679,0.19264050279777695,0.44029536615977133,-0.6854741263999119,0.8126203328346879,-0.0036499519317272446
['Bob Marley & the Wailers'],[69402],-1.0004095311966115,-0.5161059533929141,0.332081974144031,0.4925399615851729,-0.715099513896363,0.5848781583910395,-0.07623070455495322
['Bob Marley & the Wailers'],[69402],-1.137790864434222,-0.6655300920256967,0.16269625613989921,0.42396103870684065,-0.3178793712088414,0.7475866144774861,-0.08880804650033153
['Bob Marley & the Wailers'],[69402],-1.1143101142766578,-0.6468719211134146,0.15402215793936083,0.4775455568662192,-0.595706475552592,0.7130375210653079,-0.06090859247434353
['Bob Marley & the Wailers'],[69402],-1.0407171130975552,-0.3280345870518608,0.04643262634510798,0.2991549721306498,-0.812906369694168,0.7174990869903001,-0.012122197860041126
['Bob Marley & the Wailers'],[69402],-1.073224003294206,-0.48394046686541076,0.0323028851366798,0.4010149806498078,-0.7067086896767264,0.6421685601687291,-0.09088808124097768
['Bob Marley & the Wailers'],[69402],-0.8715798348103241,-0.3771448070053369,0.12278831415652952,0.15895875817812768,-0.5565573626509407,0.7725436580176307,0.04764475878373272
['Bob Marley & the Wailers'],[69402],-1.1499594013628607,-0.7601674834712784,0.08918289777827888,0.38345197700436817,-0.1297471032121379,0.7596136785329635,-0.12750380417532806
['Bob Marley & the Wailers'],[69402],-1.1284113696917364,-0.6055788052477014,0.18417400915132937,0.4315651741159482,-0.41789896537759685,0.71385688908933,-0.040627167955583174
['Bob Marley & the Wailers'],[69402],-1.0661648020868293,-0.8120746695048737,0.1358151144487815,0.2990266720868319,0.2081226952165656,0.6388379157138399,-0.15771448370123037
['Bob Marley & the Wailers'],[69402],-1.1901958913094706,-0.5919663996898973,0.15139943515400087,0.44535152394536287,-0.4093812563390231,0.6272948077707294,-0.19063063517247025
['Bob Marley & the Wailers'],[69402],-1.1319512082699061,-0.7712241360060719,0.07124940133337622,0.4211877304674614,-0.5836108293354353,0.7890625146763376,-0.14824712563755793
['Bob Marley & the Wailers'],[69402],-1.0095168834342692,-0.6308975095357822,0.06034629588401686,0.32584637283755247,0.186851243081146,0.4798954552611974,-0.10034664649648965
['Bob Marley & the Wailers'],[69402],-1.1864832606225324,-0.3776374910417704,0.29338105591558855,0.3955077962424176,-0.1665843888330915,0.46606873675143434,-0.1592535479928671
['Bob Marley & the Wailers'],[69402],-0.8234678186189937,-0.672091641411192,0.10951446972836369,0.3211339961523823,-0.5825854811276957,0.976127251019721,-0.17458106486520203
['Bob Marley & the Wailers'],[69402],-1.1439811462220608,-0.5608201240299955,0.08720922542130825,0.3581266979921535,-0.3344251366891961,0.6594425874979198,-0.131196465240209
['Bob Marley & the Wailers'],[69402],-1.1364085951974339,-0.3498386242369182,0.5482324668986082,0.2054550178995834,-0.33596670425388725,0.7679539112039723,-0.3088660465621811
['Bob Marley & the Wailers'],[69402],-1.0027002309697859,-0.43536219784617464,0.76313704686244,0.051476973846752275,0.18622131196102867,0.7555938962731917,-0.3910855250315922
['Bob Marley & the Wailers'],[69402],-0.9335073420008746,-0.4719230062842934,0.3213447813548122,0.2188775624630996,-0.008243939147656537,0.5431138532072424,-0.19972647619564782
['Bob Marley & the Wailers'],[69402],-1.1664346161639492,-0.6015567798380702,0.06795632862842184,0.20357648818400798,0.20440532359919913,0.6771002056849229,-0.1100082112672888
['Bob Marley & the Wailers'],[69402],-1.1432718547605665,-0.5636906863643368,0.1387423407465249,0.38669716625095285,-0.5975559938755212,0.7489849322655521,-0.07610333590466274
['Bob Marley & the Wailers'],[69402],-0.9679258633492843,-0.5497155392533601,0.16488416168562994,0.282797329871186,-0.6154568692595164,0.7876321908643155,-0.0436680540681492
['Bob Marley & the Wailers'],[69402],-0.8636033414650027,-0.43537457838747445,0.07458040773198175,0.34581609507699274,-0.6505764245168368,0.4839594448036106,-0.07578148463771334
['Bob Marley & the Wailers'],[69402],-1.0795217826950547,-0.36373412912816744,0.14639720517944538,0.27288492822698984,-0.6219241062544583,0.7236162824847946,-0.08786380355557949
['Bob Marley & the Wailers'],[69402],-1.0610605795787391,-0.18135761219885396,0.6582136171519073,0.1866378469959528,-0.37095017735543,0.5814728337048211,-0.49143011940686265
['Bob Marley & the Wailers'],[69402],-0.9887533130454721,-0.40152936193661126,0.6344473439759056,0.2368800979221884,-0.6282134301280247,0.6930502800235606,-0.490200562194761
['Bob Marley & the Wailers'],[69402],-1.0321301433359258,-0.5135284081969453,0.1077299077204341,0.2250033927275639,-0.34861244542414077,0.7572458866629658,-0.0999861942906293
['Bob Marley & the Wailers'],[69402],-1.0409277343215377,-0.6543668103430015,0.08254122879421753,0.2774802894703578,0.19719196034731046,0.6482583313083203,-0.03307871053733325
['Bob Marley & the Wailers'],[69402],-1.2214609597241528,-0.5393168812001505,0.010927951040482614,0.46401690257540107,-0.28943166811184484,0.7894653155404517,-0.24638635599777697
['Bob Marley & the Wailers'],[69402],-1.0748243670798423,-0.5726665775734774,0.0889697888156655,0.3691574974680769,0.10070800550825337,0.46711261309428637,-0.15333130744127715
['Bob Marley & the Wailers'],[69402],-1.208849366838676,-0.5779841775307186,0.011446214512764084,0.5333729556859951,-0.7571217469103648,0.7209156189327026,-0.15199776157948416
['Bob Marley & the Wailers'],[69402],-0.8930590029076673,-0.33753707232986474,-0.10296711855818265,0.6835347515776419,-0.6878472654074658,0.9962613566260611,-0.6592044239268103
['Bob Marley & the Wailers'],[69402],-1.2103068937280248,-0.6129052083775729,0.06973709150285434,0.45153375277510094,-0.7666425949879039,0.7433217669184626,-0.17081357298945507
['Bob Marley & the Wailers'],[69402],-1.048560231306695,-0.33451057171204757,0.12532505192900395,0.21230787991475875,-0.3666569205046197,0.6680140061824323,-0.016557194917360095
['Bob Marley & the Wailers'],[69402],-0.9186553793325178,-0.29462144089973,0.14450794971398878,0.32756219736797487,-0.5609737527078129,0.5474608155889235,0.035650472885504665
['Bob Marley & the Wailers'],[69402],-0.9307223388191251,-0.4280092997078106,0.11706515088990765,0.3606192275236871,-0.5480540276490725,0.549259695368413,-0.005290095344932665
['Bob Marley & the Wailers'],[69402],-1.0906166817018572,-0.47030907570594127,0.06023442431823707,0.3585473742368168,-0.3482543357773259,0.5758021104780032,-0.05951100188440646
['Bob Marley & the Wailers'],[69402],-1.030448766478177,-0.7115381783797404,0.1978760134258041,0.46123181328342344,-0.774120763081534,0.7737135298227569,-0.09343179021412752
['Bob Marley & the Wailers'],[69402],-1.156932217484165,-0.7110300474955058,0.07946186142297491,0.35136067427127005,-0.1369159254122162,0.712068325135248,-0.16355973747566824
['Bob Marley & the Wailers'],[69402],-1.0112319512491272,-0.5345902763458822,0.06712731405981386,0.23206783266197784,-0.1743752920978582,0.6762722537317746,-0.03115520717629199
['Bob Marley & the Wailers'],[69402],-1.0992917530610258,-0.7554087187753693,0.08072404826701253,0.43623037658440494,-0.4086485241094703,0.7294992706174526,-0.13776522447223763
['Bob Marley & the Wailers'],[69402],-1.34366137347067,-0.5990297070058689,0.08504406198534421,0.47723453044019826,-0.38000906894470077,0.7694893583522788,-0.21077446100598807
['Bob Marley & the Wailers'],[69402],-1.1433829266063564,-0.5421474487665253,0.07160408639355842,0.3570620407199627,-0.3363861074990554,0.6438765831852674,-0.12490163511836914
['Bob Marley & the Wailers'],[69402],-1.0196054477560335,-0.24107329250491763,0.4996188735457704,0.23076817386343448,0.08190550004315068,0.4418345050006194,-0.3760239735716659
['Bob Marley & the Wailers'],[69402],-1.1156340858870275,-0.6311597088236048,0.22315146129675864,0.4866647744310005,-0.5919615798006281,0.7243949595885529,-0.03620517209529996
['Bob Marley & the Wailers'],[69402],-1.0844094404626996,-0.6780667722970629,0.1723429199548158,0.31099988686455876,0.20427637484144576,0.5574189290181146,-0.14860209212459033
['Bob Marley & the Wailers'],[69402],-1.0397691422449447,-0.5164805586988575,0.047307385326388784,0.47348703709616097,-0.6279146947721601,0.45567337096150723,-0.13596134021295422
['Bob Marley & the Wailers'],[69402],-0.7937058680183319,-0.6489199967193886,0.08287186704013086,0.36917171845067337,-0.5659841917261366,1.0198423389702629,-0.2676549039014105
['Bob Marley & the Wailers'],[69402],-1.064386375734403,-0.550691032512486,0.044036486156302984,0.4924310122580797,-0.6213989905849383,0.4684457005633533,-0.14633817432297774
['Bob Marley & the Wailers'],[69402],-1.0009604630430933,-0.2404169403328663,0.49917598762863524,0.22076681501052908,0.07822963649015753,0.4353927218606457,-0.35837224074960655
['Bob Marley & the Wailers'],[69402],-1.0712479783413849,-0.6530484506294675,0.17480318479618898,0.3070166997312844,0.20060801604123737,0.5410004477782737,-0.13347259854525503
['Bob Marley & the Wailers'],[69402],-1.1356081192103007,-0.6231357830238656,0.28674622538835237,0.47533658444410043,-0.5893950803690413,0.7451277968214639,-0.09099255893097309
['Bob Marley & the Wailers'],[69402],-1.0949581192769806,-0.4542628714328993,0.3039977641289514,0.34584571412916715,-0.2522656930959712,0.6767441425243389,0.0013229143725135763
['Bob Marley & the Wailers'],[69402],-0.8944179974013629,-0.5055563176439246,0.27009560143941735,0.42220411495200516,-0.8038055877293091,0.7306454698926338,0.04703002912765495
['Bob Marley & the Wailers'],[69402],-1.1392323927142127,-0.5464544426440804,0.10902483506536693,0.4503399724569778,-0.7762712137264198,0.7545662159449319,-0.055472292540917824
['Bob Marley & the Wailers'],[69402],-1.0534551430066137,-0.4379330899465802,0.5300870478327107,0.2935878933270653,-0.32996679098659226,0.777324708729243,-0.2603067985593389
['Bob Marley & the Wailers'],[69402],-0.9902218869044664,-0.5771006022088767,0.11341947569356278,0.5009022781877364,-0.6180350924741745,0.5205576019115277,-0.1258890486618824
['Bob Marley & the Wailers'],[69402],-0.9290081418160243,-0.4416169394484808,-0.12220123706301154,0.6970860743419155,-0.48110408573444835,1.1056228495425562,-0.7310016721747915
['Bob Marley & the Wailers'],[69402],-1.1540102400126664,-0.3967747004601009,0.13074379949917825,0.4154571954540033,-0.7853415120458568,0.7483100712098081,-0.010094390874130157
['Bob Marley & the Wailers'],[69402],-0.9866064696053387,-0.34715392598186495,0.14039352636531935,0.35097489741355276,-0.4554639079493948,0.568870433652039,0.008643941552770939
['Bob Marley & the Wailers'],[69402],-1.1815985631500132,-0.5990739134258856,0.15094482462965236,0.4420014373817207,-0.5861384145196133,0.7704745816375088,-0.05027796682841931
['Bob Marley & the Wailers'],[69402],-1.081355628796026,-0.594442430386543,0.15726601572738005,0.41185990129947125,-0.7824011102442138,0.7593705637944705,-0.11244131493592058
['Bob Marley & the Wailers'],[69402],-0.6514072761875642,-0.6181745209243044,0.1595220553622357,0.07882391709768798,0.14261584993904908,0.5622628178040345,-0.00014429867389988645
['Bob Marley & the Wailers'],[69402],-1.1360186571631603,-0.5503220476283172,0.07739802243200176,0.5195255269503775,-0.6057061059653323,0.5160963304057704,-0.17499949003413362
['Bob Marley & the Wailers'],[69402],-1.1073151603529074,-0.6133142376412987,0.30330102667037906,0.5253180637973882,-0.5108745789717677,0.6043612482557956,-0.15700398816632233
['Bob Marley & the Wailers'],[69402],-1.2512011847047109,-0.5460935665970832,0.15927446061723854,0.5021956445832989,-0.7601784566765528,0.7232580184116013,-0.20122243324465597
['Bob Marley & the Wailers'],[69402],-1.1145347442271971,-0.6752133877957904,0.11388600842667866,0.5438135416487938,-0.6794417482858323,0.6306446046046379,-0.1871423914087523
['Bob Marley & the Wailers'],[69402],-1.137572526424093,-0.624423805224074,0.25303708387104573,0.5171157406041753,-0.6915270247860935,0.6410942373312639,-0.17163371875785532
['Bob Marley & the Wailers'],[69402],-1.0971413950404707,-0.6878544621311042,0.22546337508738484,0.4740432389285228,-0.504616680467186,0.6434489853354969,-0.19539221014028674
['Bob Marley & the Wailers'],[69402],-1.1392366653984909,-0.4606880748765431,0.03069414139540236,0.41209986866287257,-0.7022822520980556,0.6196191918930634,-0.10449428506450119
['Bob Marley & the Wailers'],[69402],-1.0407990543021461,-0.30132677248900924,0.1771767753678853,0.34052144886601227,-0.45434535671237664,0.5415477254017798,-0.04830032481658403
['Bob Marley & the Wailers'],[69402],-1.0971691862243667,-0.6436528433409104,0.27640812816346644,0.3625228812821863,0.19505457622487743,0.5259053159072581,-0.14761242221577586
['Bob Marley & the Wailers'],[69402],-0.6620328535964332,-0.6260200502500488,0.15749215817789267,0.07559091634044289,0.1443419783992773,0.5754808061359972,-0.010626334282493521
['Bob Marley & the Wailers'],[69402],-1.0994798566245676,-0.6217443561224529,0.28212433946354,0.5303986871649643,-0.5114334527285659,0.6000297867146646,-0.13935568478881724
['Bob Marley & the Wailers'],[69402],-1.020003189659701,-0.16932805235443452,0.4418219576518344,0.3133033194724755,-0.29961395952506414,0.3432876305364271,-0.17218280308029485
['Bob Marley & the Wailers'],[69402],-1.1775697903482722,-0.5903278290191734,0.243878523367153,0.2745745074948545,0.2157257654280976,0.7097012909896611,-0.08622931130602646
['Bob Marley & the Wailers'],[69402],-0.9407258883018362,-0.7058635902585103,0.16621080129002339,0.15529378028823498,0.18960149556359698,0.7184351882216081,-0.0680249901765608
['Bob Marley & the Wailers'],[69402],-1.0236680413968304,-0.12245506939851014,0.579853609373689,0.13578686404475285,-0.16559175295590206,0.7879549629536785,-0.433986314153621
['Bob Marley & the Wailers'],[69402],-1.2242355321948755,-0.5151211275035482,0.03338361661849764,0.45918821950496447,-0.2950354556462006,0.7703579816976233,-0.1841855059109242
['Bob Marley & the Wailers'],[69402],-1.098733053637736,-0.30907023636533715,0.6447632161594234,0.33897842668878775,-0.7617045805307613,0.8763418404877706,-0.49783349641165053
['Bob Marley & the Wailers'],[69402],-1.1654695395040846,-0.6394552611429848,0.04457979580853617,0.5067727456317198,-0.7741267979301736,0.665575326949268,-0.19307161815427606
['Bob Marley & the Wailers'],[69402],-1.199380201850516,-0.5822648817538603,0.07824981456995965,0.46888447116667265,-0.7691274201277309,0.7400664590637586,-0.1587072375972428
['Bob Marley & the Wailers'],[69402],-1.3017324690982301,-0.6620275155196721,0.012578190073882898,0.5103620230301801,-0.6542730672188187,0.7663911993845942,-0.17742731912442233
['Bob Marley & the Wailers'],[69402],-0.9701153290634712,-0.4932083609498129,0.21419261046167498,0.3148418048036255,-0.6234820574232819,0.7819935790111711,-0.009458551097611782
['Bob Marley & the Wailers'],[69402],-1.0388933104509033,-0.6116397269966981,0.08943252646483438,0.24467539802554072,-0.25487686381413266,0.7465270070751298,-0.07435042744941552
['Bob Marley & the Wailers'],[69402],-0.8972251200727146,-0.7077672402994086,0.2256391768040517,0.23698283957910937,0.18650961404383481,0.6370653062052112,-0.007261439743635883
['Bob Marley & the Wailers'],[69402],-0.9701207827494451,-0.401352589564349,0.3151443819403523,0.2669623083163618,-0.1842537239494719,0.67243916571605,0.058786480428049834
['Bob Marley & the Wailers'],[69402],-1.1402497798452316,-0.5278177882342276,0.06089553204785505,0.305882064896674,-0.5931882255776849,0.886873262915879,-0.05082804746727578
['Bob Marley & the Wailers'],[69402],-0.9391849169414613,-0.6990676951791707,0.2076589341554089,0.3931447106930663,-0.4335243441553761,0.692762682591548,-0.030420002328017684
['Bob Marley & the Wailers'],[69402],-1.1011451176829976,-0.6266762584141401,0.34256878640773386,0.29099007273053784,0.032963545560972723,0.777733753785556,-0.02348763319757879
['Bob Marley & the Wailers'],[69402],-1.1264643356821678,-0.6265288681576471,0.24595278736657036,0.5132709393849358,-0.7690114856043178,0.7575349106970368,-0.06879476187454164
['Bob Marley & the Wailers'],[69402],-1.242509298238628,-0.6987461240938078,0.07140948397449841,0.5323804266086144,-0.7543731740979689,0.7629258986158634,-0.14050411367219162
['Bob Marley & the Wailers'],[69402],-1.1378715549289409,-0.46087474125662314,0.023021258946201852,0.41131927696466264,-0.7026349269060906,0.619099150857071,-0.10114475606545288
['Bob Marley & the Wailers'],[69402],-1.0455164193632636,-0.3389034826481825,0.19555863116798475,0.3558838993690494,-0.44994512388165947,0.5707086810170161,-0.03133246394813649
['Bob Marley & the Wailers'],[69402],-1.0732077664898703,-0.6518399440408582,0.26293056307844687,0.4226050573675668,-0.4180244052773051,0.7660081965850656,-0.03631735554072149
['Bob Marley & the Wailers'],[69402],-1.1184287941180278,-0.6414848471903564,0.25049706823658374,0.5089092105031123,-0.7688052483388117,0.7662881781317622,-0.07460162890761651
['Bob Marley & the Wailers'],[69402],-1.2179566297636986,-0.5060377704837076,0.09914873223863563,0.26598594663801456,0.026023535342575184,0.673069322765162,-0.105337312858817
['Bob Marley & the Wailers'],[69402],-1.1840821084806579,-0.5136515342210494,0.16310923861188506,0.29177616200630285,0.029772681600792755,0.6898972761192703,-0.06961530217505209
['Bob Marley & the Wailers'],[69402],-1.1477061835324647,-0.5437179387917292,0.21608382854388677,0.3910731782717972,-0.7795643434719255,0.7899904101836048,-0.115061031166241
['Bob Marley & the Wailers'],[69402],-1.0751775351567816,-0.5319557849223847,0.06262064188310995,0.34422980605955605,-0.42797116087039416,0.7077534813809657,-0.06819915928576896
['Bob Marley & the Wailers'],[69402],-1.1079117772919453,-0.6155303455464063,0.25105251647369825,0.4025599036341723,-0.32818990757513034,0.7169704317202658,-0.07638157477168984
['Bob Marley & the Wailers'],[69402],-1.0253909322045378,-0.5253520155576059,0.16116971264890004,0.20869781889619632,-0.3477206992453891,0.7770287747566752,-0.12725001843747671
['Bob Marley & the Wailers'],[69402],-1.1387409119609908,-0.544404520356449,0.2266570912378338,0.43622033246640907,-0.6836558106214123,0.8290148856444833,-0.007258158461837964
['Bob Marley & the Wailers'],[69402],-1.1711104472209597,-0.36515269445265724,0.6926588570488829,0.22544326895643135,-0.12426103409588961,0.870438817244863,-0.4456204315173179
['Bob Marley & the Wailers'],[69402],-1.049119368346758,-0.3728910947585946,-0.08785382858246035,0.6482629079101648,-0.6910409225772929,0.9942988989786622,-0.5099868263493418
['Bob Marley & the Wailers'],[69402],-0.9588122398111072,-0.37291706306763533,0.23059949307975466,0.5148824031620373,-0.6051737830423521,0.6421231092623494,-0.18300277989438538
['Bob Marley & the Wailers'],[69402],-1.0922819946076245,-0.0032609798091856046,0.5717522524906063,0.173308820088998,-0.20664653911693412,0.4414344737826301,-0.41368432906638125
['Bob Marley & the Wailers'],[69402],-1.2414326934319615,-0.09534843238054883,0.49165843504749557,0.3152460419941284,-0.7943771759377898,0.686190883925272,-0.35285934314321227
['Bob Marley & the Wailers'],[69402],-1.2523710261637924,-0.551430753693676,0.003080857880753056,0.5335633143418071,-0.7354929133633086,0.8416133054512828,-0.23589334945286286
['Bob Marley & the Wailers'],[69402],-1.1023905370219769,-0.6528376892077293,0.1679339944301312,0.2388191652305146,0.213285485717317,0.7466195879973224,-0.08105806098177724
['Bob Marley & the Wailers'],[69402],-1.1688894265464644,-0.6220755295900993,0.09727183493956942,0.4041697337453984,-0.4083998784348807,0.7379002242955378,-0.09999478053107413
['Bob Marley & the Wailers'],[69402],-1.1190298971833585,-0.6453523531757229,0.1981624108686358,0.4556485892371439,-0.512591772231663,0.6216157152029691,-0.2285892694837309
['Bob Marley & the Wailers'],[69402],-1.0435084043345317,-0.3185569742147062,0.6058472510181571,0.23563871232485986,-0.3552490199431351,0.6119693139206821,-0.4317234421411403
['Bob Marley & the Wailers'],[69402],-0.7566928536744109,-0.37876271397678696,0.05094162521747722,0.37215567731485777,-0.6255571257121427,0.6359243022364266,-0.18335047947153413
['Bob Marley & the Wailers'],[69402],-0.9507026619830435,-0.6133083884731875,0.5155582525668091,0.3717903178169216,-0.7035191402247917,0.738777725533335,-0.23090948631865818
['Bob Marley & the Wailers'],[69402],-1.3378337437888783,-0.6052882141505438,0.06785818568951787,0.4779103233508442,-0.3803629931749605,0.7685598636652452,-0.20144057374765842
['Bob Marley & the Wailers'],[69402],-1.2191715672723022,-0.538713026753211,0.00650834784618194,0.4664449953765261,-0.2886043870022999,0.791801477898993,-0.249314583815253
['Bob Marley & the Wailers'],[69402],-0.871823155257325,-0.3697856155306398,0.09385196510439843,0.3171380670285804,-0.48140721718775004,0.38712655323195255,-0.09634545404658199
['Bob Marley & the Wailers'],[69402],-1.0421773247009358,-0.5769642537597431,0.06600130953798085,0.15236748050419122,0.1883193780647466,0.6895220140113862,-0.08870624851102887
['Bob Marley & the Wailers'],[69402],-0.9530730864547773,-0.2031440306147661,0.6974118375226327,0.025475476677985325,0.1469181533092821,0.5178115589970642,-0.47366669700914493
['Bob Marley & the Wailers'],[69402],-1.0151255579145406,-0.20119341049331504,0.6858547903185594,0.1484848155679531,-0.37478088007094695,0.5926862376852217,-0.4843223711184196
['Bob Marley & the Wailers'],[69402],-1.110355493366759,-0.48084661259988054,0.35171891564087127,0.23105362732054524,-0.5983351515426033,0.8909224676927542,-0.29345767814665996
['Bob Marley & the Wailers'],[69402],-1.1374025561625143,-0.21248665216872273,0.1607425313290863,0.17254126528858776,-0.44660284513056414,0.779412180355877,0.033646510871850076
['Bob Marley & the Wailers'],[69402],-0.999699024123605,-0.5352752675984332,0.25301001074900176,0.47697629433568345,-0.7158820853059736,0.5708462386812433,-0.09495090936532459
['Bob Marley & the Wailers'],[69402],-1.066110225646893,-0.5637545925464235,0.2518728187142825,0.28351040253131504,-0.25209129620167076,0.7356507985437252,-0.16244911323916753
['Bob Marley & the Wailers'],[69402],-1.3575757643601292,-0.03260205653051429,0.5569088498318264,0.26611600621548237,-0.7841357555669676,0.7686116606115159,-0.44516671109521133
['Bob Marley & the Wailers'],[69402],-1.2033096404275454,-0.0921649749137546,0.7342091999561934,0.313780956291397,-0.360236143548281,0.5235231491667723,-0.41346070959379694
['Bob Marley & the Wailers'],[69402],-1.0558015225819612,-0.4595198078917258,0.07555790529824205,0.36779546985449013,-0.3514814723096346,0.5862105282829904,-0.03508579012436323
['Bob Marley & the Wailers'],[69402],-1.2015418043708312,-0.42797733449179876,0.020662254418399563,0.4395004039109351,-0.7933281046140936,0.5554052700560608,-0.2184072333745143
['Bob Marley & the Wailers'],[69402],-1.1142664458838747,-0.5351071355128294,0.1623275685082671,0.5009864053908213,-0.698101346420912,0.5650881450330388,-0.1816347831514159
['Bob Marley & the Wailers'],[69402],-1.2970338655098532,-0.6883558989235409,0.025558479406742128,0.4598062951926438,-0.38596143898046553,0.761635626443486,-0.18580402823143968
['Bob Marley & the Wailers'],[69402],-1.4676436468538505,-0.5711738866306195,0.09371788174809988,0.5308665296413685,-0.3631315711594153,0.7687164817003052,-0.2403015315913048
['Bob Marley & the Wailers'],[69402],-1.0538102082942546,-0.5318028995243256,0.04486934764305513,0.314615460807874,-0.6070061941640191,0.7512117472756306,-0.11433119688904009
['Bob Marley & the Wailers'],[69402],-1.1703926541718264,-0.5594983352771982,0.359943981122068,0.36650854210690753,-0.5846002172815449,0.8513688420920739,-0.15599782098584683
['Bob Marley & the Wailers'],[69402],-1.0687853078271712,-0.6104055113059987,0.1543935086475832,0.4653255710700337,-0.775208492515228,0.7770411995823041,-0.06662079201484672
['Bob Marley & the Wailers'],[69402],-1.000490881103373,-0.3921086720791353,0.7848831290427534,0.030764924212419432,0.18199531238982017,0.7611185067862654,-0.3890417711103052
['Bob Marley & the Wailers'],[69402],-1.1152723877937023,-0.26773354917825304,0.09258528182676515,0.0524279836316477,0.17673898781345213,0.7102170631401092,0.03675450454260368
['Bob Marley & the Wailers'],[69402],-0.6697115040630224,-0.6407792897542589,0.46823701866876044,0.20094943568397072,-0.5579594876051496,0.8379684550650676,0.06370407396986452
['Bob Marley & the Wailers'],[69402],-1.1733116436191904,-0.05656441589379736,0.6181080891425642,0.25032906590336174,-0.452160377717133,0.5671185237410847,-0.3385438389089685
['Bob Marley & the Wailers'],[69402],-1.3232594913202724,-0.22118827532887306,0.6038571186422166,0.3544857588970306,-0.6024100180357714,0.6223074929325131,-0.5439169373887728
['Bob Marley & the Wailers'],[69402],-1.2924585772659398,-0.18552709943918452,0.6172427453418958,0.20407087802163545,-0.6055110834535361,0.8440530369707117,-0.4303297282032001
['Bob Marley & the Wailers'],[69402],-1.3437672448619913,0.022147990433941937,0.5148485425717351,0.26688464475252877,-0.4108805974805629,0.7493779674451545,-0.4961672393361535
['Bob Marley & the Wailers'],[69402],-1.2721990632473863,0.031219028881477012,0.6307110730652437,0.30027168570290796,-0.4520196980133508,0.4655660110188266,-0.46899006843427077
['Bob Marley & the Wailers'],[69402],-1.2017922540989865,-0.6409354600511471,0.10694422108323684,0.5241673511174748,-0.5730122364505097,0.7424277642372631,-0.1322780005468928
['Bob Marley & the Wailers'],[69402],-1.1856143528144207,-0.5839364577587319,0.1501825669749551,0.44737870720941697,-0.41051495733466586,0.6197368877540627,-0.1805723427443
['Bob Marley & the Wailers'],[69402],-1.1828415925189324,-0.38728529758288344,0.47244697673089975,0.21853081350838838,-0.5946811774301515,0.8892792429724816,-0.3788692606014043
['Bob Marley & the Wailers'],[69402],-1.137842811132339,-0.10544996131583861,0.6243808471561985,0.25529947897339195,-0.46011152490743873,0.5157172841780303,-0.40205401664197876
['Bob Marley & the Wailers'],[69402],-1.092234945280172,-0.6160932857762413,0.1824988673537448,0.45545541828319736,-0.7723475898245924,0.7916749461092707,-0.10620796390654916
['Bob Marley & the Wailers'],[69402],-1.0666601609745952,-0.6742940962406138,0.07760161514593493,0.27985382016748855,0.20182932965034303,0.6649695189233039,-0.05471629233782639
['Bob Marley & the Wailers'],[69402],-0.9792542264197287,-0.5596981830651157,0.1511096301068932,0.25213795205293016,0.18658907272810374,0.611563419308737,-0.016470014698717877
['Bob Marley & the Wailers'],[69402],-1.101934586272424,-0.6564988732815862,0.19375742451562727,0.3719517884359577,-0.685930903474092,0.8172277057476558,-0.22262037840628696
['Bob Marley & the Wailers'],[69402],-1.1088561163895367,-0.4292109718884465,0.13123602577356297,0.41687241612633996,-0.7862509037388452,0.7718930222946168,0.017134130624338807
['Bob Marley & the Wailers'],[69402],-0.875821024202738,-0.30336573277116796,0.721311399223677,0.12518084506612692,-0.3705555002557765,0.7473296505522719,-0.31305969959675967
['Bob Marley & the Wailers'],[69402],-1.2734101277674528,-0.1512012454982514,0.6625647104873159,0.4153530172913555,-0.7919764460988388,0.578556832546218,-0.4950659809153523
['Bob Marley & the Wailers'],[69402],-1.0204805986659906,-0.2463859748157466,0.44908836200843355,0.3078254350873664,-0.18344504550130014,0.5149599660276117,-0.27478916559885064
['Bob Marley & the Wailers'],[69402],-1.073963423030871,0.027273335685871876,0.6255347547115686,0.14311050816244936,0.1482318526876044,0.3727243402811188,-0.39542613101076324
['Bob Marley & the Wailers'],[69402],-1.014281361619435,-0.10000723258329397,0.6700203072093271,0.11213611281224545,-0.18313860360494644,0.7988182112263695,-0.12239437085889475
['Bob Marley & the Wailers'],[69402],-1.1584623835315422,-0.07506771228717105,0.5703493572773571,0.2576655451986842,-0.8068765468418361,0.7248563676313939,-0.3349044135389738
['Bob Marley & the Wailers'],[69402],-0.9650347694854079,-0.523456862118002,0.21332857319284476,0.30324888454876886,-0.015193855524824256,0.4232611228683867,-0.13165917177055744
"['Brian Eno', 'David Byrne']","[617196, 197364]",-0.9325737525591901,-0.3284375146295361,0.1475724801767954,0.5862925043713747,-0.5719716081453223,1.1261337461552339,-0.931537918005093
"['Brian Eno', 'David Byrne']","[617196, 197364]",-1.3016737538919654,-0.34231902298402406,0.09285074719251578,0.5566970971811378,-0.7367680075070032,0.7192957504560337,-0.42633164062332574
"['Brian Eno', 'David Byrne']","[617196, 197364]",-1.0257636320534638,-0.21681913261878805,0.1213596542257959,0.46772997237681785,-0.40796814288340577,1.1232306300402086,-0.815850578554185
"['Brian Eno', 'David Byrne']","[617196, 197364]",-0.9099141090016112,0.019298667922047534,0.15797303231895327,0.5423425057174287,-0.5420602437763345,0.823581168057678,-0.7408887434020927
"['Brian Eno', 'David Byrne']","[617196, 197364]",-0.6961689817845798,-0.3429759151183011,0.1540356364113649,0.326136155438828,-0.3031454875076295,0.9043484514226319,-0.5267599639651471
"['Brian Eno', 'David Byrne']","[617196, 197364]",-0.7946348842598547,-0.3553738527041507,0.024853195380718274,0.4363078766366155,-0.3952468126102348,0.7339830853213429,-0.42482406078635626
"['Brian Eno', 'David Byrne']","[617196, 197364]",-0.9699754260082679,-0.2490677183818057,0.050509315952704505,0.45238314295507825,0.2838822030555271,0.8223668061723552,-0.8258769927778005
"['Brian Eno', 'Harold Budd']","[617196, 186927]",0.4119398536645238,0.10569236841325028,0.05650854841621394,0.03312857737634455,0.11812425789824862,0.6227480947043784,-0.4545726046815257
"['Brian Eno', 'Harold Budd']","[617196, 186927]",0.3133624014527657,0.05947649565482395,0.049091093522665254,-0.0350002089754053,0.04489994953647106,0.8291358159931029,-0.386327300629992
"['Brian Eno', 'Harold Budd']","[617196, 186927]",0.31950909252721144,-0.06778500616482813,0.06588210616246938,0.1661268884099652,-0.21784242684660735,0.6684702800251667,-0.5398397758073067
"['Brian Eno', 'Harold Budd']","[617196, 186927]",0.3553262697695896,0.04571099975802884,0.1098342721616233,0.04782671502359666,0.025574827451819365,0.5884850811940656,-0.4608037073039864
"['Brian Eno', 'Harold Budd']","[617196, 186927]",0.3337178886893346,-0.004136289545291498,0.0631652346414668,0.12475703035060827,-0.22821485705643638,0.6647881811327161,-0.49707657622426504
"['Brian Eno', 'Harold Budd']","[617196, 186927]",0.10761368736116328,0.2772004162290111,0.14180539136585923,0.12824311375784214,-0.5737733060157925,0.7351568718745954,-0.6042544759299742
"['Brian Eno', 'John Cale']","[617196, 224638]",-1.143850384036135,-0.2981078437709717,0.033960594528704514,0.3943514810206913,-0.5930518604768459,0.6840318333952504,-0.30962461626460797
"['Brian Eno', 'John Cale']","[617196, 224638]",-0.9382531937499028,-0.6844573115815976,0.16605636118123446,0.23572904573202969,-0.25578454436392356,0.6972793133888601,-0.19679171144960322
['Brian Eno'],[617196],-1.0038779520512593,-0.33381262226010794,0.0600207051782056,0.1670197889981804,0.16551735261896997,0.5048059536689992,-0.10285823880066866
['Brian Eno'],[617196],-1.0375940616878523,-0.29789797988320227,0.2914522562239204,0.2476404064987064,-0.8025968891151894,0.741073591473161,-0.26433873031448324
['Brian Eno'],[617196],-0.604486960166141,-0.5718233075674066,0.11417077807853873,0.2288390227878848,-0.6587077439923916,0.6884719112649496,0.06762786167080377
['Brian Eno'],[617196],-1.2184162733616781,-0.43134076846541974,0.024882838779797325,0.24305223942985996,-0.3270736038289047,0.8398195827619458,-0.11949894195222485
['Brian Eno'],[617196],-0.3685482804192351,-0.12063200397795776,0.16489118995501653,-0.017050560766761143,-0.7379591894387915,0.4423839920710522,0.06607191980769722
['Brian Eno'],[617196],-0.8073276990845774,-0.5183817017488894,0.1456195022150104,0.20769135622940854,-0.6381846252925739,0.7471952696806818,-0.1345014647683728
['Brian Eno'],[617196],-0.9903220819990655,-0.2940661450000621,0.17019718231088993,0.1851304537931946,-0.2905486963391664,0.5115669955926055,-0.14522142212433525
['Brian Eno'],[617196],-1.0062938442897145,-0.08189184680417655,0.22364709975396935,0.11983148782477679,0.21674079547201874,0.8682240671361094,-0.42815902530397304
['Brian Eno'],[617196],-1.1301811775247017,-0.2911122431740869,0.18705381795659404,0.12167594806818503,0.08573666762882079,0.5493457831503716,-0.2055884788595713
['Brian Eno'],[617196],-0.0175640096618754,-0.0912508533485994,0.06427746448680716,0.11132005025991654,-0.35703825123444377,0.9743209974537962,-0.4092436133217313
['Brian Eno'],[617196],0.10191986951329034,0.12325809017336732,-0.02070350894536271,0.18186473294356167,-0.656828893068761,0.7609258899838424,-0.48234532736139973
['Brian Eno'],[617196],-0.22419252716123306,0.27258498936280684,-0.1073921948605922,0.005096110827958791,0.17992620186314576,0.8222807303489109,-0.40636835037931096
['Brian Eno'],[617196],-0.9791389696675403,0.10933296286672557,-0.02556257817525247,0.1794993904043622,-0.5891340552719968,0.4063765385146089,0.030069295034443982
['Brian Eno'],[617196],-1.403053759266093,-0.243167669457927,0.1577588373385266,0.159224564916104,0.21235113481363901,0.6882795376327546,-0.2849163430562459
['Brian Eno'],[617196],-1.1375465428220644,-0.2892257783714944,0.1391418326966545,0.3786883872678841,-0.6230805267268841,0.5617571589858535,-0.14286398778816506
['Brian Eno'],[617196],-1.1782689618775102,-0.2520052317664801,0.12696339911562154,0.3812059835535619,-0.7072604122957933,0.5807943831485226,-0.21971863246112505
['Brian Eno'],[617196],-1.12017069841938,-0.5294998305505176,0.040924073946330686,0.3666819995036928,-0.696543531255391,0.7323912194033156,-0.16604944963166687
['Brian Eno'],[617196],-1.0038665950302592,0.34591348193205723,0.19882843418386764,0.5326412894961856,-0.5337299348836384,0.809278513317177,-0.9698077156883256
['Brian Eno'],[617196],-1.101135192769461,-0.5442689856380942,0.03350629392955513,0.2802998949368012,0.12180435536846768,0.6571057656055639,-0.21774986522595643
['Brian Eno'],[617196],-0.020467783000300496,0.20662899171709037,-0.02558646257665948,0.09377973802802092,-0.32127958477490054,0.5907442284474327,-0.4011405299818483
['Brian Eno'],[617196],0.26469057260037215,0.10963951420545802,0.02539756074273099,0.131786890021276,-0.31194298788317076,0.6946869367604119,-0.4169205704018148
['Brian Eno'],[617196],-0.2707590287644051,-0.11710317027099179,0.14786733896317877,-0.07702133065224556,0.04105804655640765,0.13846424407933208,0.015306023930369641
['Brian Eno'],[617196],-0.22465130823341123,0.41179343592936524,-0.1453773648689839,0.27691309237305683,-0.009155512471594098,0.5371933736930385,-0.5050593095584296
['Brian Eno'],[617196],0.1736944111735658,0.13632993106020608,0.00525996711896582,0.1012388505594162,0.12749845601114781,0.5507495368100658,-0.4274937602643168
['Brian Eno'],[617196],0.002338441941216816,0.15334272803522067,-0.04284557221523365,0.144417203510454,-0.2930374537081106,0.7334644385078822,-0.3861384529301203
['Brian Eno'],[617196],0.28971957859322023,0.1885553450804985,0.036791585164370214,0.0002934896036477505,0.11581201087656112,0.5655955396989123,-0.4729662591966927
['Brian Eno'],[617196],-0.04958838946550081,-0.19328919532096045,0.1321944322732622,0.0211670611348984,-0.7400324213086729,0.4725806690989817,0.11415537063197072
['Brian Eno'],[617196],-0.5646259220078683,-0.06022655984071691,0.17245416181383846,-0.005435281987811824,-0.06631265024330381,0.46946772505949336,-0.048130378125664945
['Brian Eno'],[617196],0.21395460904293045,0.08962306976418168,0.03223167362550676,0.24180147556635384,-0.5662560997118624,0.6922387579406526,-0.5252956931066194
['Brian Eno'],[617196],-0.9144121232129491,-0.44923760753168346,0.2527694574489823,0.094893762960074,-0.27465386819601456,0.7505276503202274,-0.16891591530822292
['Brian Eno'],[617196],0.34261732825747454,-0.023934742902330514,0.05866828669090572,0.10287022232214922,0.13493240495394368,0.6200507658844935,-0.47012566731491695
['Brian Eno'],[617196],-0.04389462863765776,0.11600204126950477,-0.05596939767430195,0.15148422767581304,-0.012003013874936193,0.6795625996243219,-0.5318496019919937
['Brian Eno'],[617196],-0.37384162891188627,0.1019511014173481,0.12025722824186856,-0.094375869434444,0.03934441539293197,0.16323558808708624,0.027756958974973274
['Brian Eno'],[617196],0.12151643413186984,-0.05845209741724167,0.03617473802117445,0.2836600813185681,-0.5610336936130147,0.708789259221242,-0.47807838411178805
['Brian Eno'],[617196],-0.11340068337223952,0.2054172651027307,0.0072809886991487835,0.06330955631193738,-0.19345451603042385,0.8020869765991843,-0.45292033185501207
['Brian Eno'],[617196],0.23246394942835177,0.08230628897616575,0.018263887189829246,0.2490104907586473,-0.5674524089628055,0.6868199646227856,-0.5311413673176081
['Brian Eno'],[617196],0.43793718071824267,0.12207091644390237,0.047652379548564376,0.08701675132150889,-0.42103830002110193,0.718325775806963,-0.5131816392614234
['Brian Eno'],[617196],-0.38163375291779106,0.22759595627434426,-0.14012182163464404,0.23387228356174133,0.18308699270107334,0.5910066278428607,-0.4846744695506972
['Brian Eno'],[617196],-0.8238216820377758,-0.5540201139904346,0.11001149322518676,0.223414786079622,-0.6312260339427456,0.7655768890490043,-0.13459207061493042
['Brian Eno'],[617196],0.36458171072814444,0.0978123093339712,0.03862628934209077,0.23680808487126978,-0.02024520002465784,0.6900534941913651,-0.3491423105460103
['Brian Eno'],[617196],-0.06672379153163516,0.22855879616296434,-0.06084055411380226,0.06987043523633402,-0.1933620914366124,0.8148312277783828,-0.45166679276681393
['Brian Eno'],[617196],0.18585997423226439,0.031908348061594115,-0.0008631588786722161,0.17337599948315027,-0.8360727707740683,0.8639305678617012,-0.4132905748288938
['Brian Eno'],[617196],-1.0752606182519762,0.13681640855005708,-0.053741177934192065,0.30774087079912527,0.18234970306374554,0.9220977119810032,-0.6327274214387402
['Brian Eno'],[617196],-0.09502438081740856,-0.29228723927976785,0.19562408854667546,-0.08453146188626678,-0.5605639284833961,0.5816053139897861,0.1661458512318663
['Brian Eno'],[617196],0.24481338125801635,0.20078131009410294,-0.041865973213044506,0.19589835910955528,-0.567650059997021,0.753918445750308,-0.44195389519966977
['Brian Eno'],[617196],0.34397249194799484,0.1854053111538395,0.02498093244780784,0.10397091839669868,-0.05051065064977806,0.6049396687688262,-0.46128031408234377
['Brian Eno'],[617196],0.32320483065226413,0.17044318706759357,0.010372846841932251,0.1890521518993834,-0.30412406374880613,0.6850412545990331,-0.41442516378076816
['Brian Eno'],[617196],0.21643016418707617,0.06552612372070579,0.01583237548650074,0.16668064401172844,-0.31418058497223367,0.6208961571074252,-0.47928998299348696
['Brian Eno'],[617196],0.369550536148249,0.10568670394920725,0.011215154906691773,0.1448517493456756,-0.3121662894060594,0.7193000679507869,-0.428899769955687
['Brian Eno'],[617196],-1.0221846474272858,0.27610704707477823,0.37985357594719754,-0.02353649086462341,0.02856143662585748,0.3879610586539745,-0.25399982518710346
['Brian Eno'],[617196],-1.1526963759049234,-0.08467151770815533,-0.021292851142155556,0.20885721792269596,-0.1078240644698047,0.4220754422785258,-0.09092457039438243
['Brian Eno'],[617196],-0.9858642583859376,-0.5672790674388024,0.044083298829977316,0.29479953753439564,-0.35652150322887566,0.6310136170078415,-0.09899623437598412
['Brian Eno'],[617196],-0.30782654373055984,-0.3274148293290234,0.0666719020370362,0.2362814038808603,0.20970028520452585,0.776937698284185,-0.4386651681418122
['Brian Eno'],[617196],-0.7462483185532616,-0.10986774211672878,-0.024623203175541345,0.05200745075611902,0.18562877097532182,0.7635718654606863,-0.23833992786252695
['Brian Eno'],[617196],0.08266814990791861,-0.11617896601725879,0.016998438648999414,0.08488243524815675,0.06125114897887938,0.714871892466636,-0.5490147371937043
['Brian Eno'],[617196],0.3250022382694678,0.11345806210389296,0.06494435010579433,-0.00043611438292221,0.02008025703220786,0.6313429202407591,-0.3821060755626292
['Brian Eno'],[617196],0.340704356149633,0.13212037796515774,0.0040197108536621645,0.06150271580841746,-0.311150948034375,0.8187850029524053,-0.4256193829979671
['Brian Eno'],[617196],0.0221687127436843,0.032675013371486344,-0.02848883829649487,0.31305243851437115,-0.739494808089302,0.6779947581562461,-0.4983412928154386
['Brian Eno'],[617196],0.2081139162532286,-0.04400197358911272,0.052092759360504594,0.16462000444553163,0.06339139832859098,0.6196351796981628,-0.5188623155400401
['Brian Eno'],[617196],-0.6454716683148384,0.14594533565422257,-0.1500768126954315,0.26249644049673476,0.23269731330813806,0.7872646100902663,-0.6504437674784967
['Brian Eno'],[617196],0.20289195380092295,0.18549646319658275,0.1544754684710007,0.029887909080770558,-0.40376061859905427,0.8060329096773244,-0.4800283885139553
['Brian Eno'],[617196],0.4399529358638686,0.2606899874738331,-0.018398977809861095,0.4658584323019969,-0.5339947120823462,0.7518699998628303,-0.2905944218281787
['Brian Eno'],[617196],0.11584464633745768,-0.07026317998962262,0.04117050743607917,0.3130595153215545,-0.554381275744874,0.7252242031428601,-0.5171951357119313
['Brian Eno'],[617196],0.45554748421235614,0.4007803246288194,-0.012905924515210658,0.6508758534807565,0.2405819604129658,0.7389057634101132,-0.04077509137839164
['Brian Eno'],[617196],-0.8895944878775617,-0.0964033676853326,0.03893125475224469,0.16031281329316285,0.15120360760380233,0.3800273382501622,-0.18846850870715956
['Brian Eno'],[617196],-0.35922070961873753,0.3270275450472812,-0.1537031821359524,0.29395880979423955,-0.011822264891904808,0.47191918522638054,-0.5313832828493672
['Brian Eno'],[617196],-0.611924903270565,-0.30313534825017185,0.033549410766501246,0.2640054867425004,0.024846389774565332,0.6984151934802659,-0.4665422693156069
['Brian Eno'],[617196],-0.4919606741269864,-0.153863872766217,-0.07441369286437893,0.290799354170554,-0.30548834849135204,0.9832688860137646,-0.4362035928218741
['Brian Eno'],[617196],0.043704386274698644,-0.09930762445704634,0.07082612169870738,0.18456812319969323,-0.018623716162054573,0.6172275123212076,-0.5222139456003868
['Brian Eno'],[617196],0.3333855501691599,0.16636104370337984,0.03207063839307695,0.10452990404693938,-0.4222885237655683,0.6581415522543628,-0.4863981519726112
['Brian Eno'],[617196],-0.3596426058322642,-0.36047347269719193,-0.009368218899605138,0.17645529599559964,0.07903235426399072,1.205625287057151,-0.6734345985281713
['Brian Eno'],[617196],0.193491177620497,0.05463552973084842,0.037650242050165435,0.10214669383649008,-0.5014761218446397,0.6982278033346672,-0.4160717808502333
['Brian Eno'],[617196],-0.4045022495644768,-0.2373835722479921,-0.043985695921187486,0.3929646508406332,0.1363512469784796,0.7480385800379161,-0.5201308050345984
['Brian Eno'],[617196],0.2474114239961205,0.02325802501493935,0.048888010222747524,0.17914504596903982,-0.40613849064879237,0.6244809777429782,-0.4724143374993987
['Brian Eno'],[617196],0.2559057048874081,0.12283859823153213,0.13149301941641298,0.08639505418530206,-0.5742362424818829,0.8912278815133428,-0.4999099534362529
['Brian Eno'],[617196],-0.032895236123693765,-0.33847557966973457,0.2383008087903109,-0.19812780431372945,0.03984043049994453,0.3844568972934789,0.1274203870137923
['Brian Eno'],[617196],0.3050962363608979,0.12396594160725374,0.015834679189394442,0.07465789325105023,-0.3052653755525683,0.8398830294628267,-0.40979830455662036
['Brian Eno'],[617196],0.1782757805233292,0.14596788121558554,-0.023439901256812803,0.22277089620774748,-0.8349417802782088,0.8510220791825451,-0.363902779005842
['Bruce Springsteen'],[530745],-1.3887497804946012,-0.06043686615097466,-0.002185730211009914,0.18532187088863142,-0.6136827495378077,0.7711906455013009,-0.15159631041962918
['Bruce Springsteen'],[530745],-0.600706140174569,-0.06086655679203213,0.647901534580982,-0.13276339718216615,0.11166901469777123,0.6261443121709876,-0.2080034250823869
['Bruce Springsteen'],[530745],-1.2668288696567864,0.18211120952936527,0.5368649441389192,0.18157917642608454,-0.4611001430257153,0.5409337048440203,-0.4304021302682447
['Bruce Springsteen'],[530745],-1.218834700050652,0.32792714156876007,0.5016696775324687,0.01796014733689267,0.05430299067862483,0.43727386627039255,-0.3798222427360504
['Bruce Springsteen'],[530745],-0.8935916312443665,-0.34973526942079186,0.079900614134506,0.28110514782451124,-0.29632072418770666,0.4493002202228553,-0.07855230168029012
['Bruce Springsteen'],[530745],-0.625177145498785,-0.744136259286383,0.17484510727506863,0.20621881740838416,-0.4717072558984772,0.7102829294254,-0.058427820558409296
['Bruce Springsteen'],[530745],-0.9445355396152169,-0.3950235408698548,0.02760749240849091,0.25004269276383784,-0.016845513659890888,0.47872653827839323,-0.03322837759035762
['Bruce Springsteen'],[530745],-1.3781436253786485,-0.04871093083725642,0.12545032362408545,0.2327799801893331,-0.6201457877545207,0.6307869531333882,-0.2722320970934084
['Bruce Springsteen'],[530745],-1.0689818397732689,0.12211781037526745,0.583167675055469,0.14741804357374916,-0.4836563479398937,0.47339296956281646,-0.473780826290991
['Bruce Springsteen'],[530745],-0.942562022113863,0.06057513542414593,0.569198011956544,-0.15222212191829002,0.14206059220853898,0.7445117981360062,-0.27701087198677465
['Bruce Springsteen'],[530745],-1.3117320387691027,0.10104736302791932,0.5264624244407826,0.21791766383716774,-0.628596707848016,0.6188901253182607,-0.46340319798075325
['Bruce Springsteen'],[530745],-1.053149206395631,0.1500790330379232,0.5884109384760874,0.06661004634733997,-0.22218186761750217,0.4471189770233837,-0.4311573249342189
['Bruce Springsteen'],[530745],-0.8208523150185763,-0.5189941164362626,0.11403804514718968,0.20708541809954742,-0.2903763127101646,0.5868868304503039,-0.09403214752591744
['Bruce Springsteen'],[530745],-1.273259387554776,-0.28540816248021755,0.15578584790240735,0.31206508926511084,-0.4302491445329153,0.6152048828739116,-0.2740126674867525
['Bruce Springsteen'],[530745],-0.9636559672186595,-0.32812981320462015,0.04268141758899547,0.23002831357948583,-0.7280428658807117,0.6893326494929045,-0.03548459694589095
['Bruce Springsteen'],[530745],-1.3443595860853046,-0.15602109346076007,0.12417223275874116,0.2585094678559291,-0.24761053693299764,0.6231185967185063,-0.23196422775516126
['Bruce Springsteen'],[530745],-0.8912388234827399,-0.02755763311632454,0.583665047509139,0.14584603718603556,-0.6681956088831481,0.6067226847044249,-0.3500220702570862
['Bruce Springsteen'],[530745],-0.6312430748524543,-0.08784114373723632,0.6670230943744274,-0.019495433365056148,-0.5114155365492516,0.6580246360195311,-0.2487216635042134
['Bruce Springsteen'],[530745],-1.1110879159256704,0.47171991734390245,0.7083913093493444,-0.07759210983163224,-0.059983501586821406,0.48285355057973195,-0.2683951514805777
['Bruce Springsteen'],[530745],-0.38767514592377406,-0.40742961337539885,0.16071574660809765,0.04089940077413376,-0.5289686976486118,0.5730890363331305,0.07349840870203371
['Bruce Springsteen'],[530745],-0.5417265484568871,-0.06818022951809263,0.6976101144778352,-0.07265280747454504,-0.8803057977561903,0.7621029644215643,-0.2281613615200935
['Bruce Springsteen'],[530745],-1.1296010682284554,0.18479603943319722,0.5330677237275834,0.01022431576458644,-0.38887917060864413,0.6574148047035998,-0.3860004555935187
['Bruce Springsteen'],[530745],-1.1770943409476144,0.04750391775318734,0.5467378086419963,0.06680896717939559,0.15629264296059917,0.46493534708318845,-0.410064798367071
['Bruce Springsteen'],[530745],-0.4452361910987491,-0.210737392964022,0.106165415999978,0.0706873643062725,0.09694199009431886,0.2974150767679061,0.007214250728357983
['Bruce Springsteen'],[530745],-1.3746856083746548,-0.3144947464653225,0.002227042343435059,0.14807053419971075,0.027534852204129344,0.7373445003829222,-0.18880177428250725
['Bruce Springsteen'],[530745],-0.9606047409138768,0.4493848220998617,0.37266396162947374,0.19541623047811338,0.24193354499766778,0.8166778931953679,-0.9930616890148162
['Bruce Springsteen'],[530745],-1.3183225537179466,-0.04579303782928939,0.5010891616503904,0.21355062300179536,-0.43791686401062047,0.6594991445087507,-0.48831349342091185
['Bruce Springsteen'],[530745],-0.5955634821482704,0.13554287119578914,0.6255299708119698,-0.08316788135170618,-0.3635937029179,0.4794908898950624,-0.20974938095811851
['Bruce Springsteen'],[530745],-0.7914973724114744,0.12318019623821308,0.6209242279867575,0.05729930428816976,-0.34516912836106706,0.3855976011968282,-0.382215571293397
['Bruce Springsteen'],[530745],-1.0071199122354213,-0.00023956066755531974,0.6296275184328026,0.07232804493575333,-0.4758661391006052,0.6448856999173693,-0.40608702104884475
['Bruce Springsteen'],[530745],-0.4779605396104489,-0.057719087991600575,0.696153608641518,-0.06425719430138982,-0.5400608620573306,0.5222041464104606,-0.22902252674723025
['Bruce Springsteen'],[530745],-1.1146272227279064,-0.24150246941817444,0.24664320577616164,0.1433309057534673,-0.00841719779953254,0.5383624262526188,-0.2307822638446451
['Bruce Springsteen'],[530745],-1.2923351470541697,-0.30594092225369757,0.07322580574283351,0.30194792857336544,-0.42705751728252234,0.6468367633042169,-0.24876085109259083
['Bruce Springsteen'],[530745],-1.1912343030162127,0.4098358702013177,0.5523453630688917,-0.03401467395255369,0.13055270230000424,0.4008476053705858,-0.30643633399501646
['Bruce Springsteen'],[530745],-1.1419437800022176,0.2748287489465587,0.385415695681625,0.21142369861308963,-0.83798644489953,0.5222275984698684,-0.2940386090689016
['Bruce Springsteen'],[530745],-0.9100925597427639,-0.3316806734521529,0.05753866309676817,0.22756743558506512,-0.30053112082564365,0.4562319675784477,-0.05318258324315335
['Bruce Springsteen'],[530745],-1.3533316420569321,-0.44061237115056373,0.1774428528414965,0.3545854070864933,-0.41069238719537926,0.6619724965721455,-0.36583651880329326
['Bruce Springsteen'],[530745],-1.1852642392899058,0.14595354073015712,0.5039039718127983,0.19965867447814983,-0.8223056927256913,0.6111959997988695,-0.39776651556188225
['Bruce Springsteen'],[530745],-1.2672660477111444,0.1431234482493909,0.45785297112426476,-0.10600931114833419,0.1673146758364646,0.7473336439847079,-0.349566587044713
['Bruce Springsteen'],[530745],-1.159965780745513,0.28162364640744714,0.5399736994059081,-0.09526147149990748,0.14096545434054247,0.5431248635457053,-0.3264018101404149
['Bruce Springsteen'],[530745],-1.1151860105376967,0.06128206477733003,0.2262559252320406,0.13607021318875198,-0.3056945616799384,0.42675231372632005,-0.19665157604006436
['Bruce Springsteen'],[530745],-0.4611558305221195,-0.4482466163845646,0.16798992656657288,-0.0639251983209666,0.11062242680646694,0.5739623658868268,0.11176600810407783
['Bruce Springsteen'],[530745],-1.0340038312927884,-0.16859354124551323,0.001387490741167518,0.2563303289365481,-0.19814567134094246,0.4411669169078643,-0.04603626062201953
['Bruce Springsteen'],[530745],-1.168870326777073,-0.5565941677137229,0.013570665836613458,0.3563203777942085,-0.41838888083357906,0.7258488247385003,-0.13157943968013475
['Bruce Springsteen'],[530745],-1.338401550892826,-0.23218807474013292,0.007294629483855003,0.18246403383398546,0.2006755933622152,0.5977530653391012,-0.23495587701791515
['Bruce Springsteen'],[530745],-1.354020676398307,-0.2805321739894778,0.13856413078781407,0.2088178436718422,0.016806658034994107,0.5747464709459755,-0.31478668334842697
['Bruce Springsteen'],[530745],-0.7213402134730257,-0.4171116349166094,0.1016682469123719,0.22747916620940173,-0.6653154663421508,0.5590908844970357,0.012880540895722005
['Bruce Springsteen'],[530745],-1.303539251643061,0.0005378144587619696,-0.00040439676131038155,0.1400025291410999,-0.18711916972434917,0.5562909732412219,-0.13153850696333802
['Bruce Springsteen'],[530745],-0.9595974042621449,-0.16114573783526884,0.364736735361553,-0.0023676226727637833,-0.29719570191293215,0.6724973410349672,-0.23251207853830919
['Bruce Springsteen'],[530745],-1.1035130361949148,-0.6159680826262202,0.11507546333737342,0.20752859337088198,0.01713026233636767,0.6380763051358087,-0.18527705516165335
['Bruce Springsteen'],[530745],-1.2613737727039407,-0.38487347345898937,0.15154038817011223,0.2670315516273969,-0.15707793188613547,0.6350867421916169,-0.25583852839079607
['Bruce Springsteen'],[530745],-1.3516359363572397,-0.4820081635660476,0.06216332552187989,0.388844282092551,-0.4962509233940591,0.679230146209261,-0.3097853544404559
['Bruce Springsteen'],[530745],-0.9971649567295391,-0.30209632882185994,0.16859366207746326,0.24976180959214161,-0.4605851263803128,0.5813073057074358,-0.1583777750095776
['Bruce Springsteen'],[530745],-1.2968067510398638,-0.09321135952866698,0.026482487273010967,0.1571199173290256,0.08987935624867911,0.5051586376545051,-0.13306063840734095
['Bruce Springsteen'],[530745],-1.28433900279589,-0.09293413951887011,-0.00978192103429335,0.22606571096462444,-0.18241423620675964,0.48143081710698565,-0.16323253263027857
['Bruce Springsteen'],[530745],-0.7340134870691322,-0.6732874850233495,0.1615507822777745,0.14371609310073274,0.06913792224811248,0.5802441945830795,-0.15807844467128507
['Bruce Springsteen'],[530745],-1.424480277424846,-0.41615841631846545,0.01782772675962583,0.3949394345038038,-0.5823314195096183,0.6935898504541999,-0.2935723738364287
['Bruce Springsteen'],[530745],-1.3293559535994048,-0.03617109527675342,0.0768622690817705,0.16633887642046832,-0.2589368452018399,0.6675853166107202,-0.18686950665710367
['Bruce Springsteen'],[530745],-1.20495784124454,-0.24385595786546269,0.3142718600400944,0.20724954524392533,-0.16977719036747155,0.6491528491920857,-0.22073483872954042
['Bruce Springsteen'],[530745],-0.9417160124273246,0.21197247790538085,0.036758417899613316,0.38359095905421087,-0.38989235440763537,0.7253786885740122,-0.7684872245142942
['Bruce Springsteen'],[530745],-0.7631956073228212,0.08108975137136804,-0.022725554983469114,0.11763820726157295,-0.31533455652800974,0.4628467495064498,0.0009266148978244432
['Bruce Springsteen'],[530745],-0.5093478355013572,-0.3123114707369688,0.1574897846706692,0.15032541578590733,-0.3415783144469454,0.3674663540856921,0.04447787057436436
['Bruce Springsteen'],[530745],-1.282032464332205,-0.2281235058202756,0.22901477770318263,0.23771686860209448,-0.3491492622268872,0.6156116910118732,-0.3470137485896656
['Bruce Springsteen'],[530745],-0.7872508037385458,-0.14561082785618254,0.2402419011160185,0.08981075240821419,-0.23890323693057308,0.4236780707792315,-0.1034679090017743
['Bruce Springsteen'],[530745],-1.3537566235566503,-0.29959311544457995,0.016513609993452624,0.35073249785408156,-0.6033983565011963,0.6293081940459462,-0.24378211155227353
['Bruce Springsteen'],[530745],-0.6986445268850522,-0.4040915242154478,0.09133597715951956,0.22330918276734488,-0.6682740443303834,0.5552207714085874,0.02563721982667454
['Bruce Springsteen'],[530745],-1.3362662590214485,-0.34215055097067854,0.04053586256820128,0.2737912737627427,-0.24223290727043365,0.641580904103154,-0.21327858672505365
['Bruce Springsteen'],[530745],-0.9405693240055325,-0.39705652615244846,0.0644077084068176,0.2622401152651172,-0.2871793047398832,0.49379395559452705,-0.11175393986184105
['Bruce Springsteen'],[530745],-1.2091561187159188,-0.5852227030664536,0.0015123376709688101,0.39312884806845505,-0.5877741714243772,0.7632505375008457,-0.18775774567724038
['Bruce Springsteen'],[530745],-0.7108865033223182,-0.45490195512589976,0.0751334919255676,0.28816648517198606,-0.2925481734484253,0.4898570746481906,-0.1086655025175527
['Bruce Springsteen'],[530745],-0.4620191306262749,-0.21183129501981351,0.14104252398398243,0.033300408112746316,0.08953384646153706,0.2678927372201838,0.03387938252039426
['Bruce Springsteen'],[530745],-1.0257492586803352,-0.24321387796482688,0.2186755896181904,0.14041482444170678,-0.19572547659659434,0.5722954971032727,-0.15414317636047903
['Bruce Springsteen'],[530745],-1.0328222558508167,-0.40479623895574646,0.14672540044259358,0.1141581189389797,0.17296009923571917,0.5860157275216819,-0.11879734860012246
['Bruce Springsteen'],[530745],-1.107979132009865,-0.058155900285406986,0.07424889126508327,0.2269657940438135,-0.19105141718123625,0.43755649591703083,-0.3000262768239855
['Bruce Springsteen'],[530745],-1.0353602863758595,-0.0845879654571573,-0.077427928709762,0.12387957368748201,-0.47547507304779846,0.6393172340644592,0.03152974182156753
['Bruce Springsteen'],[530745],-1.2869945984645095,-0.36250411544091765,0.027099417583003712,0.3424763721889934,-0.4256089999955274,0.6098964529841437,-0.2249330333642171
['Bruce Springsteen'],[530745],-1.2982948450109502,-0.2191791474648289,0.0471349345528036,0.2565027738657849,-0.6096947700518573,0.7140764567546203,-0.20061975749311
['Bruce Springsteen'],[530745],-1.3707397679132673,-0.2916296547011172,0.20982436058627885,0.23062254293942255,-0.2372065153088837,0.7147944954944918,-0.32619798218150076
['Bruce Springsteen'],[530745],-0.9423683716303953,-0.23568120589337513,0.0824124270046813,0.26724056575374033,-0.3047661854174262,0.362798911833685,-0.13644928321932837
['Bruce Springsteen'],[530745],-0.3994288660007236,-0.09546907721407716,0.2679703528912977,-0.04682231382671325,-0.4587373011191816,0.4993000325828707,0.04117858809445262
['Bruce Springsteen'],[530745],-1.4214740519716436,-0.07008143669170432,0.2572963259143323,0.13639296446724242,-0.2509657641245046,0.7199507919218652,-0.35577571972889654
['Bruce Springsteen'],[530745],-1.1667398869573313,-0.19098208496119945,-0.0256710147037692,0.3255509437501798,-0.7245520194283879,0.5243068041665144,-0.11491770651696047
['Bruce Springsteen'],[530745],-1.1148200227538978,0.3422334115261672,0.5263770226088834,0.09811630353628009,-0.6717958911408631,0.5151081685264487,-0.3619108581540553
['Bruce Springsteen'],[530745],-0.6304086903787363,0.03923703347816662,0.6525008523344513,-0.041446723484958356,-0.08593517273297346,0.39492631129656747,-0.3133014073495459
['Bruce Springsteen'],[530745],-0.865941389678532,-0.15779782097003572,-0.03486705913671212,0.22926610663849237,-0.7518508337507186,0.6042756646230178,0.04121360321671293
['Bruce Springsteen'],[530745],-1.1490922982789156,-0.23968073980429325,0.25888193471970133,0.25342363030902204,-0.2662412246275979,0.5821895977095854,-0.26938105134688345
['Bruce Springsteen'],[530745],-1.2251930118221979,-0.34715950462625333,0.17825401660781548,0.28830026821308935,-0.6089872981583764,0.6801583937709007,-0.2213125328094266
['Bruce Springsteen'],[530745],-0.9216274277576291,-0.1810448025243513,0.2522349893415564,0.10426148637981028,0.1412922325274214,0.41219600717289734,-0.16982845546354178
['Bruce Springsteen'],[530745],-0.9955673434549054,-0.33571380202996787,0.2704753452960484,0.12967458092074716,-0.2769250022101016,0.6839890075971007,-0.1614309552341049
['Bruce Springsteen'],[530745],-1.2539016636557523,-0.08862254885363091,-0.03608877363884413,0.10474933181752628,-0.2788972558246064,0.6106061261028876,-0.1641816411340214
['Bruce Springsteen'],[530745],-0.4521961405531415,-0.2832219395786499,0.20517077653771706,0.030061869962232077,-0.6270847287976106,0.467027965499395,0.029401313533516073
['Bruce Springsteen'],[530745],-1.3139574489899484,-0.27777517676743857,0.16469050851956188,0.37100007408177604,-0.6084012415532064,0.5797534819219224,-0.3467285167632672
['Bruce Springsteen'],[530745],-1.341624334722959,-0.23783903955316665,0.03174001694441701,0.16364455796399,0.1940056890745722,0.5737777274644901,-0.21510423485337057
['Bruce Springsteen'],[530745],-1.4771450348659008,-0.28114712824402877,0.3382476727236279,0.2874151681906227,-0.4048003735292535,0.7468103716487715,-0.4494920887385136
['Bruce Springsteen'],[530745],-0.9435706097193255,0.05390915979192712,0.44789065122288885,-0.08100015940509663,0.12744660003807667,0.5083683582748438,-0.22843731245416712
['Bruce Springsteen'],[530745],-0.7696972821853064,0.03457133121899624,0.02053705892683172,0.004090366591119653,-0.4329475912250575,0.4935230785164737,0.0996503125423454
['Bruce Springsteen'],[530745],-0.3535175278023235,-0.6873968676324892,0.24672302655970102,0.06945743779034202,-0.4125231190598198,0.7067685724705721,0.032099365445737285
['Bruce Springsteen'],[530745],-1.4425438310540504,-0.34236553120275265,0.024877951316000544,0.3456226327814902,-0.5857779546967985,0.7302338473794235,-0.2875798217562427
['Bruce Springsteen'],[530745],-1.4466446593436817,-0.3301621709487748,0.11032267687586872,0.3444264339143465,-0.4063764912443002,0.6725843640064076,-0.33759496919934123
['Bruce Springsteen'],[530745],-1.4022951427764603,-0.2835994343714284,0.019318013774322428,0.06963878512987486,0.21018844938548034,0.7888236970884035,-0.18405492327962594
['Bruce Springsteen'],[530745],-0.9765826697319648,-0.2973697813569983,0.018231796494611343,0.23539445516747132,0.16262728453138187,0.4232279452297899,-0.03523943360839919
['Bruce Springsteen'],[530745],-1.2878951548794946,-0.4138911838516097,0.023417519506794483,0.26102652207786153,0.19869149619650572,0.5071225218615807,-0.2268800881323407
['Bruce Springsteen'],[530745],-1.1970981042563813,0.012332158172622953,0.2940903628239947,0.03106161689857737,0.16146787010537525,0.5424709487097874,-0.2425400962320262
['Bruce Springsteen'],[530745],-0.9064653976739271,-0.15924859295498306,-0.00961961831741191,0.04567977173760579,0.13501309981709886,0.4858291310628223,0.015521975903336316
['Bruce Springsteen'],[530745],-0.8941726905902353,-0.012305299803811736,0.039089619708204335,0.1928249064190374,-0.42467921840363926,0.2426307917190175,-0.09444300453352236
['Bruce Springsteen'],[530745],-0.23283541525929058,-0.33109408009662106,0.17712234053703796,0.019897315065305402,-0.4607126126950569,0.46129048159008,0.13691557961923542
['Bruce Springsteen'],[530745],-1.113493188892826,-0.08284602620788988,-0.02487539760740316,0.3190123777164717,-0.7396667447464269,0.43072093252534954,-0.09108178410622457
['Bruce Springsteen'],[530745],-1.303859814809498,-0.23775732170280173,0.1995525865894177,0.16302452005512647,0.19485633848048708,0.6046794166225914,-0.25158776135649713
['Bruce Springsteen'],[530745],-0.8816783653820238,0.04896594460989395,0.1837211487783741,0.24869753043140208,-0.6717923188699891,0.43191753242075437,-0.14091770735857048
['Bruce Springsteen'],[530745],-0.9312007932760885,-0.37387198018798157,0.18343512837573583,0.1730112712220581,0.1458850634275032,0.35594807976913967,-0.17874217425961572
['Bruce Springsteen'],[530745],-0.8832894853592197,-0.19848150996888822,0.012679217028225222,0.2931751533714502,-0.8394580633295157,0.539328322770796,-0.02875531838256465
['Bruce Springsteen'],[530745],-0.7109550691867913,-0.2204773319181105,0.03371511127849172,0.13663932784219052,-0.3181808429218475,0.5345432352611073,0.04909378342258236
['Bruce Springsteen'],[530745],-1.326751974847627,-0.08608598592703545,0.09371852940738754,0.15225350256947742,-0.26614521264344954,0.6211277839235946,-0.21803598669209806
['Bruce Springsteen'],[530745],-0.4983923127427195,-0.09155653961666402,0.12029234208840334,-0.0463238937762018,-0.09972882771922964,0.4005613271077247,0.0904806040652078
['Bruce Springsteen'],[530745],-0.26413920643130817,-0.24274235178604514,0.3253735048332266,-0.023349299583808724,-0.8168841104570141,0.6015664682602988,0.09509170302132434
['Bruce Springsteen'],[530745],-0.6575016582553703,-0.48000538503259127,0.2300777825066949,0.056005980013827894,-0.39726855634137903,0.6987475453043223,-0.015629741259824647
['Bruce Springsteen'],[530745],-0.4371431688460158,-0.11573306982128553,0.7470743281694565,-0.09779634245754974,-0.3543928157115172,0.6022013818869036,-0.20932056949011668
['Bruce Springsteen'],[530745],-1.1583006542706735,-0.16402795960294336,0.08136594702234096,0.35155604221884773,-0.7157925655674203,0.5744019027552543,-0.1769477965131672
['Bruce Springsteen'],[530745],-1.0622285912819247,-0.30155443764993833,0.1034027863657518,0.23332765753075738,-0.6326085177592824,0.6808406876292304,-0.07908716814176639
['Bruce Springsteen'],[530745],-0.802703028506322,-0.19543900347150958,0.21858568530365574,0.11504481429416909,-0.22529296186118233,0.5049271601097678,0.037419657997737624
['Bruce Springsteen'],[530745],-0.27545440682770683,-0.18916299007324425,0.07799965076538178,0.07758448744953884,-0.5377424489984155,0.4688209506597805,0.0525471856747085
['Bruce Springsteen'],[530745],-1.2977804907915644,-0.13939536947187678,0.07618861070688243,0.23745379358462868,-0.6212428565308932,0.6598689411582189,-0.22098313892971108
['Bruce Springsteen'],[530745],-1.0708571207114963,-0.33458710878823344,0.17143877953583883,0.21541477169939763,-0.009244928588273879,0.5080394508419538,-0.21006191280912262
['Bruce Springsteen'],[530745],-1.2826198557442532,0.047416844620894044,0.20781974176453083,0.23550850295112918,-0.5479926087624333,0.4994369213406721,-0.23616893145274703
['Bruce Springsteen'],[530745],-1.042954396022703,-0.4166294198499782,0.2570329281638537,0.16455069645843018,-0.006196547220240966,0.6030798574338802,-0.26880488958174825
['Bruce Springsteen'],[530745],-1.2545437370150205,-0.10352004208724697,-0.014186183625973858,0.28352707229281965,-0.3462392333033326,0.5542631478530152,-0.18417529921029593
['Bruce Springsteen'],[530745],-1.353801476155926,0.018563710189540915,0.2107902860590549,0.058150686647146094,0.17692739218028838,0.56200676903468,-0.2596781771070603
['Bruce Springsteen'],[530745],-1.3173881988106693,0.07991103081891172,-0.010486326755525096,0.20956359309329528,-0.6351794694566657,0.5796655799040832,-0.11097979698586431
['Bruce Springsteen'],[530745],-0.2973855502554309,-0.24264517196823734,0.1506850734413809,-0.17035283262726694,-0.10358916120732561,0.5716175639876069,0.1564414490544203
['Bruce Springsteen'],[530745],-0.4256406548374486,-0.18238284828162374,0.10630116080605131,0.015875788161963496,-0.45909842835328224,0.441820883235565,0.10168754003775876
['Bruce Springsteen'],[530745],-0.2502693491062772,0.014925293367147156,0.7342354457011407,-0.14150491532169127,-0.5799531133546957,0.43651085777711884,-0.24700996568552994
['Bruce Springsteen'],[530745],-1.1239049971010155,-0.29541350975265684,0.00020851877412969862,0.25032665569503565,0.17399948373722568,0.4083871726094149,-0.0813225403500677
['Bruce Springsteen'],[530745],-0.347316199492168,-0.08874128164326667,0.06059705778618849,0.24434466362848584,-0.8729494147151793,0.4765630693902724,-0.11493319036512102
['Bruce Springsteen'],[530745],-1.0989794648444584,-0.2693883887507847,0.22226542127684995,0.19491742522866098,-0.4579875844491584,0.6210359739015222,-0.19661910677389816
['Bruce Springsteen'],[530745],-1.2617495510918673,0.06394054037695304,-0.0213390214376058,0.1966704883969742,-0.17306848937180355,0.602853990268457,-0.08753154386716648
['Bruce Springsteen'],[530745],-1.1168759385777702,-0.37643705990810156,-0.004260297025453485,0.3244144857258751,-0.4443804570401172,0.5556976174253876,-0.14932572457255958
['Bruce Springsteen'],[530745],-0.617548979310222,-0.2946068106703825,0.06879299561238532,0.21464043794540388,-0.6786969865117279,0.5119369200842067,-0.05040740302951646
['Bruce Springsteen'],[530745],-0.8163220148163834,-0.059033269080191145,0.7031343670736255,0.07917652190733784,-0.4961120747713014,0.658446534250582,-0.3122042785577582
['Bruce Springsteen'],[530745],-0.46946327414546923,-0.19255195095937366,0.1507217572625329,-0.04966104321073796,-0.09371643876787612,0.4018100215677342,0.07854283184994648
['Bruce Springsteen'],[530745],-1.1906491922648892,0.030571024052149388,0.5572107233534456,0.060304280916054685,0.16135682726755576,0.5013024404111945,-0.4525139022410181
['Bruce Springsteen'],[530745],-1.2180549734366521,0.3001263414331508,0.5134287815637468,0.05318925415125031,-0.2815780328388977,0.681698984260994,-0.35314376768250183
['Bruce Springsteen'],[530745],-1.2225717228588713,0.20279189123936603,0.5364184503907985,0.09619911561576419,-0.20102959861272593,0.5287380511525,-0.4323161507869833
['Bruce Springsteen'],[530745],-1.2360570078004791,0.323350582911002,0.5328291327736772,0.04656462459088818,-0.20922715928845564,0.5226077707118895,-0.3705146049175522
['Bruce Springsteen'],[530745],-0.4084391031109956,-0.0066009087479271585,0.40145497662828883,0.10990395101402205,-0.2337971586150418,0.47958707030353137,-0.3827826244101466
['Bruce Springsteen'],[530745],-1.1351970177663366,-0.6423945184296342,0.07266704384187415,0.3305434534230113,-0.41809225045712406,0.7434327330510427,-0.19691564701022468
['Bruce Springsteen'],[530745],-1.254760604659565,0.19569864742557783,0.6133254828245349,0.09453377320876884,-0.02381231566251581,0.44541797140207334,-0.392313891750405
['Bruce Springsteen'],[530745],-0.7826100032436721,-0.511491447878943,0.13472503979476275,0.14267644145445318,-0.02723357590848047,0.5380167383865424,-0.046286662240489565
['Bruce Springsteen'],[530745],-0.1760463932242866,-0.33975253186691384,0.20803363435778785,-0.040621309417066445,-0.5645057900692348,0.45089131403933214,0.12077221636253099
['Bruce Springsteen'],[530745],-0.5201029105050334,-0.2451911549335466,0.137938195106273,0.047273362419763876,-0.527411330872513,0.5051863042349538,0.038916775087741065
['Bruce Springsteen'],[530745],-0.3696779802643009,0.06476179036885452,0.67001759830356,-0.18521629693437036,-0.38332287412903204,0.5348079597527928,-0.15245159064990732
['Bruce Springsteen'],[530745],-1.143936314184306,0.2161495900480471,0.3528644457786469,0.08796551970263496,-0.21575259986925485,0.466349087938941,-0.29597578248682793
['Bruce Springsteen'],[530745],-1.2146087112585129,0.17583832959580417,0.5842844138023452,0.13842185467481677,-0.2908724459445754,0.4918633717178578,-0.4127291828734389
['Bruce Springsteen'],[530745],-0.6769884498507687,0.12544781726871918,0.6088270042528608,0.07186287352649587,-0.3468173585071751,0.3900847290425818,-0.2682767531122169
['Bruce Springsteen'],[530745],-0.7709236089849872,0.1855896109265664,0.5764652037449677,0.11236460031221832,-0.684278704126988,0.5528918080523045,-0.24728436913587928
['Bruce Springsteen'],[530745],-1.051884237871451,0.22394964370979056,0.4918772205493357,-0.01917970293021721,-0.48039773901750155,0.7441804699949698,-0.2847472686944876
['Bruce Springsteen'],[530745],-0.9815702996351154,0.10112468079835327,0.6352641731289603,0.022545369294817735,-0.21968472471077297,0.5533850027550861,-0.38040504433809136
['Bruce Springsteen'],[530745],-0.6550550368266845,-0.27014005217279846,0.0513813030970898,0.13168780512957304,-0.23707353044983132,0.4844227673138195,0.05591264890043558
['Bruce Springsteen'],[530745],-0.6995927828113876,-0.3860336837004887,0.09167511201783816,0.1616154507112292,-0.0511980270568077,0.41880793253764453,0.03568134570182273
['Bruce Springsteen'],[530745],-0.6483664296685272,-0.42408630549532256,0.03921362982393474,0.3320031036244762,-0.28064294671303125,0.5457093276526704,-0.16718513600801418
['Bruce Springsteen'],[530745],-1.3003040125663927,-0.17180658094357698,-0.02496486301729384,0.36728670151607984,-0.7101318931603202,0.5174022319214819,-0.1973084272428967
['Buddy Holly'],[538677],-0.8127701348139066,-0.5720762040407379,0.17928569377039827,0.2227422446664004,-0.8266660143758116,0.6798706115882441,-0.17599913757632643
['Buddy Holly'],[538677],-0.23968725294915486,-0.33641719208363285,0.17235465675439152,0.03564752151051428,-0.8257302997882028,0.49090256506484703,0.03931043785599187
['Buddy Holly'],[538677],-1.1689930204339354,-0.5290093523967768,0.02152450975849822,0.2693724041549709,-0.5141731000521326,0.7817134292806937,-0.19551502973368698
['Buddy Holly'],[538677],-0.7810046520893749,-0.2609202026333445,0.11976003109759298,0.3951310791025067,-0.358448823866159,0.9539588134671773,-0.809958145101399
['Buddy Holly'],[538677],-0.8256411114088368,-0.5861261541886044,0.18623957983810827,0.18030020801640703,-0.6475891834820675,0.6640560094942451,-0.17967172373908477
['Buddy Holly'],[538677],-0.9385768163478654,-0.4792265281574199,0.284804192618182,0.09978422287385112,-0.19180114716578542,0.6866657665730488,-0.23748572530081202
['Buddy Holly'],[538677],-0.5789228148867543,-0.667111246120953,0.33203027321805156,0.08094871821305745,-0.4847374969612656,0.7481032729766067,-0.12909393111438883
['Buddy Holly'],[538677],-0.5500999801961466,-0.7632832415787837,0.2771586643166591,0.1119191084818092,-0.4796068716891084,0.7740353757120609,-0.09110985959906542
['Buddy Holly'],[538677],-0.746164161993538,-0.7249656228724358,0.23405637749722882,0.06649219161605528,-0.011499971399621306,0.7566721458269414,-0.0918043125760127
['Buddy Holly'],[538677],-0.37075469886935186,-0.6571224053179748,0.260823965377356,0.135479957525134,-0.6949010783253537,0.5860230440649342,-0.03079180534273339
['Buddy Holly'],[538677],-0.812884089896804,-0.5391714603265655,0.2576818910629029,0.05360341267885772,-0.029696647592633012,0.5873222605440618,-0.18076432852885832
['Buddy Holly'],[538677],-0.7345539500586514,-0.6441311995584311,0.0997530564655901,0.1307633333511048,-0.6448470457073726,0.8407638353328397,-0.018641876968380867
['Buddy Holly'],[538677],-0.881282734650624,-0.23785097757178597,0.039793467103448166,0.324198051109448,-0.18293460639803635,0.48355382355453663,-0.26687091631098087
['Buddy Holly'],[538677],-0.6270086695649719,-0.5635782069237577,0.15436308204337465,0.08091146233159267,-0.13200534118047016,0.6066513173679753,0.044778649494252525
['Buddy Holly'],[538677],-0.621980281232002,-0.5147165744373484,0.19118269958414388,0.06748408462135287,-0.6683441684490823,0.7251148425617265,0.029123173085501917
['Buddy Holly'],[538677],-0.9512379617538185,-0.487451191448459,0.10428835517396615,0.11392120957489311,-0.015789852989015814,0.5865544247017729,-0.13819315554443212
['Buddy Holly'],[538677],-1.0406814813961462,-0.4868707575274673,0.32400681008353294,-0.029148960086866692,0.18163467563236324,0.7963757540922667,-0.23667491076281583
['Buddy Holly'],[538677],-0.9511015503565754,-0.3522506044626466,-0.05382623137608497,0.3412457523752544,-0.611453215792379,0.7074342553767519,-0.22527556444083913
['Buddy Holly'],[538677],-0.7706535230636989,-0.5490688366240565,0.1503790222133797,-0.09081213092776395,-0.002372762681099377,0.9862593156498801,-0.047510499577878354
['Buddy Holly'],[538677],-1.1752918618145658,-0.5951123411413803,0.10710164480525898,0.37843297819736943,-0.7821484035242469,0.7070129339628193,-0.2663459591224567
['Buddy Holly'],[538677],-0.7872490621527857,-0.6838245506307582,0.2058785898960448,0.23252532703704507,-0.6422632122709844,0.6492605539904552,-0.16209061570482758
['Buddy Holly'],[538677],-0.9086960723362828,-0.5463769325117442,0.12652528537684266,0.08685705091790509,-0.015756350218493757,0.6256663059731244,-0.14761283057073454
['Buddy Holly'],[538677],-0.736303655971615,-0.4198440055599279,0.14863411658538794,0.035641086804919744,0.04474702839955465,0.5204839426675895,-0.07727025588536432
['Buddy Holly'],[538677],-0.847196345791222,-0.6478276169760039,0.205366416993131,0.17676792333025662,-0.1922099052373221,0.5906304729443976,-0.13756048008896382
['Buddy Holly'],[538677],-1.0998065792553529,-0.5331388040845049,0.20239940507851586,0.17005202743171818,0.09940221518424133,0.6312903950015275,-0.21355486759514783
['Buddy Holly'],[538677],-0.5138591373688934,-0.4537691423029345,0.22681086418378055,-0.09189518766900293,-0.06925955156665003,0.5975596383984859,-0.010566311557039642
['Buddy Holly'],[538677],-1.1703616915992647,-0.4742137202860978,0.07661005685530249,0.30235375859329855,-0.7066180466361995,0.6629200578381819,-0.2204476841309951
['Buddy Holly'],[538677],-0.80522648944605,-0.5430495693478534,0.18478238905520478,0.00390814024288023,-0.19752107451304712,0.8067620342495303,-0.0009057928090277433
['Buddy Holly'],[538677],-0.9962510230437231,-0.4523652085706303,0.180586985916405,0.00239676323743679,-0.35847668041826386,0.9021552129745506,-0.12191696082406256
['Buddy Holly'],[538677],-1.3502964386087712,-0.3929979331545416,0.06395014957134759,0.33666884425739363,-0.15562841479812345,0.5261718958502074,-0.27543611027674564
['Buddy Holly'],[538677],-0.8905836907684506,-0.4917043100726464,0.09452678129922334,0.22638501147394272,-0.6469670662701285,0.6460823784768825,-0.10805648734605983
['Buddy Holly'],[538677],-0.7310296929762312,-0.3727083394262919,0.26577132173436785,0.12917439093096245,-0.3253789954418591,0.4519156854199532,-0.16873874009207165
['Buddy Holly'],[538677],-0.7342694802082186,-0.49854040244138964,0.19867241574340466,0.018501959616145962,-0.03442852726811448,0.6152743240570447,-0.002381198686780935
['Buddy Holly'],[538677],-0.9021550258959281,-0.6507506299879996,0.21246177044249168,0.23244461792539134,-0.6299735076182372,0.7142215080499966,-0.20875404984740484
['Buddy Holly'],[538677],-1.0289907353836292,-0.33185160316402074,0.06784740482982009,0.23830948938364846,-0.019676775817162942,0.426432503265906,-0.10895850562367396
['Buddy Holly'],[538677],-0.9100753337342644,-0.7112642642956855,0.18322060670069393,0.08679048808964471,0.17967203619193897,0.6782313554835255,-0.15465866372804668
['Buddy Holly'],[538677],-1.1795534587869996,-0.5857742972013599,0.2039447567293579,0.26457289285381846,-0.42003974103381003,0.7701091934084816,-0.24515045021772292
['Buddy Holly'],[538677],-0.5019864208006074,-0.6436236862182247,0.23756690591531485,0.027157986368464587,0.11517302112538201,0.4383620709087886,-0.05548210641397979
['Buddy Holly'],[538677],-0.6771070206909858,-0.3723973628616171,0.15924334463100712,0.03939433197412379,-0.5046888321827935,0.6083361849752066,-0.04878727166547339
['Buddy Holly'],[538677],-0.7054430528730798,-0.4409169450971852,0.12298516377762239,0.03969475302986469,0.12751624460538405,0.46895250655974074,-0.011865577078075482
['Buddy Holly'],[538677],-0.7739509193772472,-0.5395977673810345,0.2300594461752743,0.041440747937313366,-0.20633021204545557,0.6847127998978328,-0.10267250086507781
['Buddy Holly'],[538677],-1.1697194411669563,-0.34188361124351463,0.11382374622723454,0.312832740700994,-0.7988130629149607,0.682059046413729,-0.18598457369809482
['Buddy Holly'],[538677],-1.0067278148810355,-0.5099129301340823,0.1370242063067693,0.11360459324759872,-0.09899788349962249,0.6231905875394785,-0.21362531652915923
['Buddy Holly'],[538677],-1.2618904371523771,-0.34122777515794456,-0.009600604278171974,0.3956527629883651,-0.6162512625291255,0.5137545325813639,-0.21512078676110513
['Buddy Holly'],[538677],-0.9113650992325585,-0.6215578560315151,0.2753825006595688,0.2005553578152024,-0.53885424172875,0.7220410150392782,-0.22312082490264054
['Buddy Holly'],[538677],-0.8298101624252215,-0.1869723900856449,-0.06839932350130402,0.29089526702587215,0.1154709369494292,0.6185370690020283,-0.41295182756909693
['Buddy Holly'],[538677],-1.044356189302227,-0.4318532854187497,0.09836870791892913,0.1307859771030513,0.08211493663387741,0.5659722359968827,-0.1511345587621806
['Buddy Holly'],[538677],-0.907931370810416,-0.31642289205125923,0.3443352641895655,0.1986112728749223,-0.6525162894965434,0.5927127268615123,-0.20500637010632247
['Buddy Holly'],[538677],-1.086014797292105,-0.10912115181252514,0.0680873515307096,0.39174216630102543,0.2786130468265477,0.8120274893247145,-0.8662954475890866
['Buddy Holly'],[538677],-0.6932994130295608,-0.5000921512626505,0.09499230772529174,0.1301162641335582,-0.12882880537809024,0.58099128062224,0.047512977802812904
['Buddy Holly'],[538677],-0.2343658909293275,-0.14667356094831158,0.279124270764511,-0.0028992910525250178,-0.8269633392939744,0.4948810745211303,-0.10068203238527842
['Buddy Holly'],[538677],-0.9329631008207816,-0.5873640774852081,0.31160221308863234,0.09156858314458986,-0.35533286275620746,0.8284910244756706,-0.19855794357218653
['Buddy Holly'],[538677],-1.1782458469638677,-0.32980323350989427,0.20674756704510433,0.007271614007391717,0.011394351598557406,0.8582336037285047,-0.14828260435698482
['Buddy Holly'],[538677],-1.326612190001031,-0.3576707311953706,0.09763412809125926,0.1795894401901741,-0.5906530248845929,0.9486760789689217,-0.17797086735752238
['Buddy Holly'],[538677],-0.7856718391908116,-0.37961826830121864,0.23804544981539127,-0.11274076419539879,0.06059423619655668,0.7941211689252975,-0.1572366957161506
['Buddy Holly'],[538677],-0.86177293104388,-0.4709316084163857,0.17431934420423698,0.2492369306914453,-0.6522112276743017,0.5252740625340324,-0.13854494145057636
['Buddy Holly'],[538677],-1.2557191384257727,-0.17348011650149756,0.1910831668618521,0.25745751584770776,0.09263687483428268,0.42193426573178144,-0.29097706522092337
"['Charlie Parker', 'Charles Mingus']","[211758, 9680]",-0.8113245980410845,-0.24268071446810666,0.3406640768465757,0.0667690199186483,-0.667613704862751,0.6955159708659548,-0.15965293436027372
"['Charlie Parker', 'Dizzy Gillespie']","[211758, 162677]",-0.8991336376227367,-0.5412396719732434,0.13248651237955744,0.1617759484446613,-0.28024026200579955,0.6576189471328189,-0.1459204561324913
"['Charlie Parker', 'Dizzy Gillespie']","[211758, 162677]",-1.029703400206367,-0.49641865547475694,0.09949826500342203,0.18832808037796847,-0.09057027362732673,0.6195877164082971,-0.17627684312304637
"['Charlie Parker', 'Dizzy Gillespie']","[211758, 162677]",-0.7550735678206485,-0.46477590367606125,0.10937437086365884,0.11759920277402562,-0.3030950062510707,0.6209380692098956,-0.023606266035866203
"['Charlie Parker', 'Dizzy Gillespie']","[211758, 162677]",-0.8356350024294872,-0.5413166362628876,0.11642608127561067,0.219941331665132,-0.11516158566120331,0.476090089618623,-0.12302486166567715
"['Charlie Parker', 'Dizzy Gillespie']","[211758, 162677]",-0.5187473392427429,-0.48981298818600694,0.17763145738505412,0.001989950534142589,-0.1407946123631936,0.6278115346814561,0.0060273428839883805
"['Charlie Parker', 'Dizzy Gillespie']","[211758, 162677]",-0.7409212142613266,-0.4486885305865021,0.12155663920056754,0.14210332758613414,0.13195806899951615,0.3903827749619571,-0.09358846336493508
"['Charlie Parker', 'Ella Fitzgerald']","[211758, 184502]",-0.7823875641872254,-0.22418629248267552,0.9091700769888148,0.08957237562084866,-0.2988397201812041,0.6863827192409241,-0.3527545472855461
"['Charlie Parker', 'Ella Fitzgerald']","[211758, 184502]",-0.7772265137052549,0.32567932736411387,1.0016116651987939,0.03996177937291317,-0.3473863841949412,0.37017670750864456,-0.3309921051073295
['Charlie Parker'],[211758],-0.6028543142661017,-0.18428407427343038,0.6065868426941682,0.06575640862411809,-0.34659567429834803,0.4657764870005082,-0.14255209909054756
['Charlie Parker'],[211758],-0.5729112284673956,-0.7059787161423232,0.2179898506297427,0.1791269804316366,-0.08745587766012582,0.7343844281615569,-0.22473425134749728
['Charlie Parker'],[211758],-0.3610874020943813,-0.3969591873322067,0.2901918538047413,0.3654575022992359,-0.21038618611864698,0.8982334225314543,-0.6119032729735597
['Charlie Parker'],[211758],-0.6234686753571714,-0.6141104196855667,0.17747988585046687,-0.037529788731825,-0.2989157728141621,0.8554613118833784,-0.006571601714538581
['Charlie Parker'],[211758],-0.5955714411227448,-0.6679603435782812,0.2575027644972927,-0.019856342940287364,0.14031759362315502,0.6254643761460283,-0.16054046456750784
['Charlie Parker'],[211758],-0.6867599415333527,-0.3311697797350616,0.23636245405660658,-0.10442555747363327,-0.31403372679253105,0.8171893461628739,-0.009403450226005727
['Charlie Parker'],[211758],-0.5864609578818928,-0.6912645482717996,0.3024904511893207,0.1029028619412217,-0.3074459389503137,0.6230534330333596,-0.12207167872900411
['Charlie Parker'],[211758],-0.38139078104294455,-0.5735159877259856,0.19809287417923763,0.31048953575756927,-0.2146480237230512,0.9449816814071952,-0.723200985006301
['Charlie Parker'],[211758],-0.39675009145109963,-0.23239075898557715,0.06228755925837472,0.054873562686998424,-0.2167080001082598,1.2386587259546535,-0.4928567013411295
['Charlie Parker'],[211758],-0.46191423020738065,-0.5401232342634115,0.1722161300525221,0.13318370604332316,-0.022141966259811137,0.5935765011251559,-0.27701311322300426
['Charlie Parker'],[211758],-0.14843565802865083,0.10725727059551682,0.15074659176715227,0.18981070197573174,-0.4600074441326715,0.70488342013076,-0.6397616478382199
['Charlie Parker'],[211758],-0.7956171382057599,-0.6164157771157046,0.3557537349329381,0.1960807679639031,-0.7283914095412655,0.7561141270046768,-0.20467002911293097
['Charlie Parker'],[211758],-0.7320997933224457,-0.4735627667476189,0.2552795737290704,-0.029323258672772246,-0.2928346262906319,0.898353162353202,0.03300399512203199
['Charlie Parker'],[211758],-0.5138672361716955,-0.6306433732940371,0.23899835589391435,0.09741505788728241,-0.48201032978084685,0.7409176933417544,-0.1312129256097
['Charlie Parker'],[211758],-0.3241089288444431,-0.31461792275380324,0.12138392774474573,0.16626406690246429,-0.2665511075558678,0.8104040750527849,-0.3313141462936894
['Charlie Parker'],[211758],-0.27530524136427215,-0.38516577852436085,0.15292806310160292,-0.0030195935374991256,0.1367829985478065,0.6594865412281109,-0.11529445225207345
['Charlie Parker'],[211758],-0.5587718128084678,-0.4220217005524992,0.23856977793001377,0.19347593093263948,-0.07812312604504913,0.7486825034920181,-0.3888009034486391
['Charlie Parker'],[211758],-0.2332280737399828,-0.19528058859605954,0.17053153171725713,0.2190663142837266,-0.45192100550677333,0.7304470617467697,-0.5594117657581331
['Charlie Parker'],[211758],-0.8871564961864843,-0.5703116481373831,0.32319760387721463,0.21555245263382344,-0.7211711253122949,0.7479123248836714,-0.2298235287286076
['Charlie Parker'],[211758],-0.5256990387498552,-0.7480965788781655,0.4185884171337869,0.02839880133059285,0.14079071369126,0.6184925051736857,-0.24282467448366166
['Charlie Parker'],[211758],-0.5785491231175737,-0.46898487147911166,0.2098440790729919,-0.06187292739171565,0.1643933420900881,0.8332777345160128,-0.15551684912580546
['Charlie Parker'],[211758],-0.5774999428126588,-0.7200430446195929,0.2630134312899603,0.07069281019735729,0.16912154511335498,0.7222977651011547,-0.18540927423441614
['Charlie Parker'],[211758],-0.6351658876058291,-0.5224338786092938,0.2046282594318619,0.07253585028653373,-0.13683624105797806,0.5612377633813259,-0.05101681618136055
['Charlie Parker'],[211758],-0.9370821606174047,-0.42365101186423787,0.29609111872149146,0.09054567189624546,-0.28157625696554567,0.6707191224946296,-0.23530934265176784
['Charlie Parker'],[211758],-0.6655929153622901,-0.4978392015589807,0.1451201239310837,-0.0024434910095132785,-0.3088420397519739,0.7354030814244346,0.013710889574866384
['Charlie Parker'],[211758],-0.37657799500260913,0.0531175670525111,0.2903600764976192,-0.035476147838033226,-0.2691108279198725,0.9819583998440384,-0.4782146056251484
['Charlie Parker'],[211758],-0.32610744639842076,-0.20879512939436856,0.06399845545176902,0.17871218389647445,-0.4017267024128746,1.0831186182609631,-0.6057329175883662
['Charlie Parker'],[211758],-0.6792348296068093,-0.413954843612022,0.16400746032095592,-0.03824494589883788,-0.48530281208126697,0.8274874195106802,0.028043312869324377
['Charlie Parker'],[211758],-0.4373472755681815,-0.29075706763221454,0.08601201919770766,0.0073759601483912455,0.11856914091307223,0.4757982902394757,-0.13706291305876325
['Charlie Parker'],[211758],-0.459518268578156,-0.21504653989657113,0.13676807247342312,0.011191704117217387,-0.12487825897821335,0.6864487266185351,-0.2047292920448967
['Charlie Parker'],[211758],-0.3280878976593461,0.0229145229656694,0.02305691428374233,0.21206147781509477,-0.5644641913368098,0.6024754479970542,-0.4199624757008854
['Charlie Parker'],[211758],-0.30038222874454445,-0.17812651970123716,0.17477084534451912,0.05096210335201982,-0.6567727496939437,0.25543874263002203,-0.025723596662361663
['Charlie Parker'],[211758],-0.8507868026072973,-0.42659434557660514,0.30953966277746225,0.10780321485175838,-0.2885730554536333,0.6543798710773984,-0.19709799380157048
['Charlie Parker'],[211758],-0.5613391805958116,-0.558495257102541,0.18242799416460784,-0.11961027730838367,0.13304503660307151,0.7405065965545908,0.04703086730950592
['Charlie Parker'],[211758],-0.2642667879175001,-0.5071083508099749,0.1725862894323051,-0.012049502864527724,0.13999715141508343,0.7000881192367258,-0.08030878890930702
['Charlie Parker'],[211758],-0.530007639994522,-0.6206697478582489,0.24898825040453249,0.12429638584735961,-0.5764699678727673,0.7132126208564702,-0.007336536163228062
['Charlie Parker'],[211758],-0.3814740694076807,-0.19085113632675485,0.13969674125387488,-0.008392681194794166,-0.49930793705958254,0.7041225304353937,-0.17440518340433517
['Charlie Parker'],[211758],-0.8316502816605575,-0.41818482557229436,0.14055022423914468,0.03767917141894484,-0.29667412104988367,0.696916675899578,-0.09044652463934882
['Charlie Parker'],[211758],0.21587158064312278,0.3878330766315429,0.5264430162593194,0.10109059052619733,-0.3565252801167718,0.34066019208360554,-0.7179441521184283
['Charlie Parker'],[211758],-0.8179674524260255,-0.1394862928675623,0.6490420797130833,0.19270508440321535,-0.7131746741747143,0.8400704892222948,-0.35834269300912575
['Charlie Parker'],[211758],-0.5319075296678878,0.05162830242233568,0.6273871911313377,0.3318497891391496,-0.026835542767071185,0.8648062632796801,-0.7638186848219354
['Charlie Parker'],[211758],-0.42896140458197657,-0.1775972146486849,0.06001488882229132,0.16619828882301285,-0.5321981227187096,0.8688986948703081,-0.4222710863314023
['Charlie Parker'],[211758],-0.6436138621304502,-0.2256107555630629,0.19802755749987813,-0.09123961585541941,0.11720431336746256,0.5281244345724071,-0.022556138748880385
['Charlie Parker'],[211758],-0.9332349343709707,-0.3796194881116961,0.297723824606155,0.03894152464972835,0.1581696775313013,0.5899642427588513,-0.20548774151280613
['Charlie Parker'],[211758],-0.415623719020664,-0.22049511658016857,0.06761819514369652,-0.12482321546145872,0.13375768520546866,0.7436444780869613,-0.07188801875082931
['Charlie Parker'],[211758],-0.1676241799527414,-0.5129164573687178,0.17185218869299063,0.14981335842702506,0.16493495783816425,0.6491425400268973,-0.3670231871885496
['Charlie Parker'],[211758],-0.4344615357679956,-0.5519033035720565,0.18390032804243853,0.04932971786589949,-0.308380702014346,0.7115015089628544,-0.049115526029685073
['Charlie Parker'],[211758],-0.5823788229597073,-0.28556815192349616,0.16079233548157434,-0.012195243885408094,-0.31273798836009964,0.6894179987816977,-0.0588649490077609
['Charlie Parker'],[211758],-0.39990000988745106,-0.32273158019786763,0.15455134774356877,-0.007487216244383312,-0.049017221174606974,0.5941315800207971,-0.18114045871757287
['Charlie Parker'],[211758],-0.6446745884674401,-0.5745424572225237,0.2065367735281504,0.07179928716399707,-0.30600580798142835,0.6619190890222665,-0.04807425371017962
['Charlie Parker'],[211758],-0.35566797594533933,-0.2486988198032602,0.1810352644612337,0.0083359859857518,-0.5321204876509592,0.48609087713582066,-0.12481600073239409
['Charlie Parker'],[211758],-0.7199232894559662,-0.13514377276683182,0.15388013058513741,0.04216748317540815,-0.5121603942459543,0.5404642611864945,0.003182636994013958
['Charlie Parker'],[211758],-0.6404572896172741,-0.4904148544698295,0.12904371135167736,0.09691098143954971,-0.6650392493252807,0.7400471190989051,-0.0208370557057434
['Charlie Parker'],[211758],-0.34802880758273386,-0.32317201554710107,0.1944607643832024,-0.04369887554703453,0.03988716209921603,0.6332692264959778,-0.19392169322736036
['Charlie Parker'],[211758],-0.5116226296384475,-0.3696320617348201,0.22471856172023214,-0.00628262035931191,-0.24873907675536033,0.4938608859516447,-0.14052405795095999
['Charlie Parker'],[211758],-0.8909575617800586,0.0889610050655327,0.6581364264790576,0.002090964534717232,0.16288990614659624,0.6555667582195002,-0.3213779327524136
['Charlie Parker'],[211758],-0.5774484007561547,-0.39801725165103613,0.1975489344080264,0.12351140169805086,-0.5141719453664554,0.47168239016186425,-0.0747134568279474
['Charlie Parker'],[211758],-0.4814844543001859,-0.6252827918646828,0.20776680768373018,0.18797219134640145,-0.27931672397970564,0.7129614640448312,-0.25411835488638873
['Charlie Parker'],[211758],-0.333578383606189,-0.5155327118273031,0.2533394551001561,0.1504424823487719,-0.4921961852267198,0.639272112823666,-0.18583753223619665
['Charlie Parker'],[211758],-0.4342650042804876,-0.23442481918413655,0.25195108579507586,-0.11547548584731625,-0.08367487482903681,0.5041298852389615,-0.07874596538871347
['Charlie Parker'],[211758],-0.46342587419142167,-0.24957909257085575,0.12255910772058042,0.016892543360076916,-0.691817590625768,0.6405534525595461,-0.030724870360451975
['Charlie Parker'],[211758],-0.6383985769799966,-0.29980556147056453,0.11411320989400675,-0.024835356278307505,-0.5035647414968661,0.7208387099824103,0.06282501947041765
['Charlie Parker'],[211758],-0.8097866786975064,-0.44909421985875353,0.28244812607727293,-0.018060691449739295,-0.2866779687426707,0.889498607747606,-0.01426109995180264
['Charlie Parker'],[211758],-0.6728437103231618,-0.6018644808358874,0.3653106278466927,-0.006814461568835326,-0.031697410275608545,0.6985972446610587,-0.19132087733424777
['Charlie Parker'],[211758],-0.4013422275410836,-0.4898993606401298,0.22849124714011257,0.3568992466928742,-0.4817416129573414,0.9805139432901089,-0.5922068407066708
['Charlie Parker'],[211758],-0.7592773172434102,-0.5590556410113244,0.1889331158477517,0.013063528035737614,-0.7334249787591223,0.9642512209570427,-0.0459062782334071
['Charlie Parker'],[211758],-0.3813233158849802,-0.21891802251036005,0.33887771837165886,0.026583104388095965,-0.3556855832345096,0.38250515475816604,-0.1919516022895265
['Charlie Parker'],[211758],-0.44524488238136134,-0.24560313402360404,0.26375129591780205,-0.025016616479691133,-0.8012056863820325,0.6052461454740508,-0.013529670809438238
['Charlie Parker'],[211758],-0.32616028322749363,-0.30267946088482517,0.2029041211199655,0.04082635266997463,-0.15080209293242303,0.49127993085922017,-0.2825523821087225
['Charlie Parker'],[211758],-0.7555402133504238,-0.11263130285224482,0.13180059503318617,0.06098216759019552,-0.5979494662187699,0.561443726704069,-0.016900607255063378
['Charlie Parker'],[211758],-0.5733022093924985,-0.6289911099103793,0.13903623394820136,0.3134163063817033,-0.697685218602035,0.8347991824205608,-0.3048543672839559
['Charlie Parker'],[211758],-0.5219168862867806,-0.6099783266843334,0.41312359441986085,0.032973210690727485,0.14163926154423043,0.6193428406902229,-0.1626470171586002
['Charlie Parker'],[211758],-0.5736792040052784,-0.5514558111608218,0.22229611505736205,0.0051081870612040125,0.12332129087419498,0.5051359504796348,-0.06903514875224792
['Charlie Parker'],[211758],-0.4689718680326476,-0.19923083588569196,0.23014402964393435,0.0003194868486469933,-0.5050115820729142,0.6396973817271466,-0.1414680393513011
['Charlie Parker'],[211758],-0.4933883442121108,-0.5233453229852014,0.34153513410277325,0.14930306937919433,-0.6905032941507403,0.5646597364631157,-0.024096889857435362
['Charlie Parker'],[211758],-1.026254830787417,-0.213567221296726,0.663705272242118,0.12026270308886829,-0.636113932688146,0.7560732576261263,-0.4608199519739257
['Charlie Parker'],[211758],-0.4423275925350308,-0.17843967391921892,0.4906325575699575,-0.15646661221161073,0.07968184771203922,0.5066384032151319,0.009946700517831164
['Charlie Parker'],[211758],-0.6658507571237475,-0.582551983370427,0.38040788748216026,0.009672902988927786,-0.036211917984857456,0.6579565237610819,-0.16923228045088995
['Charlie Parker'],[211758],-0.8067946608994222,-0.42628297207485283,0.33860730771465886,0.20250355692378863,-0.7348094549551175,0.713630466391083,-0.16604767342918705
['Charlie Parker'],[211758],-0.6839311274777362,-0.3265529558329252,0.2772976040692072,-0.10034409162908206,-0.575874921066487,0.9604316131965072,0.043031950788194294
['Charlie Parker'],[211758],-0.8619562603689324,-0.5375426879590578,0.10685207318539508,0.07642512832179763,-0.7218741354470162,0.9535475706815365,-0.036091363016527524
['Charlie Parker'],[211758],-0.5623099432610824,-0.49839548490786323,0.18008178036406944,0.058406617866719794,-0.3215732700577675,0.6084339538690942,0.029136968160372596
['Charlie Parker'],[211758],-0.7783583737209119,-0.6367444634286141,0.25273346167289246,0.24178118562665038,-0.7286440730388343,0.7146263739237347,-0.10501542882566553
['Charlie Parker'],[211758],-0.6925994373652251,-0.6245225848832331,0.358907511791865,0.16307607068789617,-0.7396849232545315,0.7489518589142724,-0.16200098383746342
['Charlie Parker'],[211758],-0.7445369352088766,-0.5763008721828135,0.1490234826248559,0.0005090897952317472,-0.28673323391516525,0.870349043633031,0.01426029171050315
['Charlie Parker'],[211758],-1.0979955697520387,-0.28919400868095396,0.177389417608949,0.12588311631142104,-0.2677193448999883,0.7428401374915113,-0.1740584241460054
"['Chuck Berry', 'Steve Miller Band']","[120521, 36106]",-0.6146314416831726,-0.48090529936923965,0.7209344035268268,-0.059212648487295176,-0.1263889042673312,0.7717581826388874,-0.2909339532513232
['Chuck Berry'],[120521],-0.8232223471780774,-0.6283625922392568,0.22152877106645794,0.21121938683916852,-0.7237438248681867,0.7639753902999089,-0.1459834815251081
['Chuck Berry'],[120521],-0.5622641375823653,-0.2877352950568246,-0.038951441400015135,0.34143067340407984,-0.18992726671430624,1.0195649858618832,-0.6844297458344554
['Chuck Berry'],[120521],-1.0261423119647661,-0.6162161991634509,0.12870754191721964,0.1805081374613911,-0.43352962490951275,0.8109840051641644,-0.16230007974204275
['Chuck Berry'],[120521],-0.7510536193012889,-0.6029002539468723,0.1650399186971075,0.006648088901174771,0.15464292792108308,0.6903503549972229,-0.04996688720983383
['Chuck Berry'],[120521],-1.0272233569858897,-0.10112650463015432,-0.02792749834105744,0.5164655675081395,-0.137929023178944,0.9751809406142461,-0.9838119231653629
['Chuck Berry'],[120521],-1.2256755954124359,-0.2513970342935557,0.0308950762146692,0.34236867477090704,-0.40206428887577,0.7774599873621336,-0.35724129566535023
['Chuck Berry'],[120521],-0.919629921453251,-0.6900885035825569,0.21358145477662838,0.23938324037188619,-0.1639892265756216,0.7064632614293462,-0.19174436632324246
['Chuck Berry'],[120521],-0.9546733016064006,-0.5236724185543881,0.21552230082835133,0.1016197276633902,0.08124390741954679,0.6634113183290797,-0.19013767332646617
['Chuck Berry'],[120521],-0.6947729845656152,-0.5731940168874634,0.4398258957226773,0.08466308170232693,-0.47832336477051557,0.7198050614004758,-0.2174480695767308
['Chuck Berry'],[120521],-0.8051828959925494,-0.6188873917770104,0.23723961870803104,-0.031456610682638185,0.167440171991004,0.8015168232174408,-0.05013891931880537
['Chuck Berry'],[120521],-1.032363747720168,-0.39131786842890065,0.1987092020768299,0.27507019408230676,-0.2427541004043244,0.693347385403459,-0.3964745398255712
['Chuck Berry'],[120521],-1.0651308940333157,-0.6596084034525874,0.18421888936063194,0.14389671439627144,0.20464078308452988,0.795041105886937,-0.1551231379472251
['Chuck Berry'],[120521],-0.8131133352347728,-0.8120825737177502,0.21718782287971747,0.10934458937869787,0.1833104501997591,0.7366980549214143,-0.10945310774269859
['Chuck Berry'],[120521],-0.4998008252013295,-0.4304553362061145,0.1584659009958094,0.08622125837313278,-0.5204333395634472,0.5159902408235815,-0.007523505986104185
['Chuck Berry'],[120521],-0.9556251461807677,-0.6615283403819976,0.25000145375355554,0.1665009344798346,-0.17406929465416685,0.7097075560215966,-0.2008468198654152
['Chuck Berry'],[120521],-0.43829739126305883,-0.5386648365484801,0.22843013908352916,0.12061356523360633,-0.5080907749775294,0.5479850205587564,-0.019101358865859012
['Chuck Berry'],[120521],-0.39070517000707405,-0.2282881266640658,-0.00641733149894995,0.048454471049643746,0.25344230120590755,1.2648243390877947,-0.5134479219702782
['Chuck Berry'],[120521],-0.6623652930920012,-0.4834250282863732,0.31605035495011785,0.05996095674849017,0.15944219848128657,0.6315730796275205,-0.20939802162338114
['Chuck Berry'],[120521],-1.104870943892213,-0.5280890113758567,0.1982325907042251,0.30800208886460434,-0.5264204322629699,0.6153221784281229,-0.25267773511642283
['Chuck Berry'],[120521],-1.120177927749913,-0.4636129362650247,0.20752315290823212,0.0933588222538546,0.21334692633698785,0.8468654610303251,-0.30835612479810937
['Chuck Berry'],[120521],-0.6243257379360293,-0.6393078963797405,0.1499305155813767,0.1829276182421792,-0.4819342192436751,0.6273495635528632,-0.05443478126829773
['Chuck Berry'],[120521],-0.5469998563291457,-0.444839448588991,0.12040874801841119,0.12275016535017247,-0.05314858758286141,0.4483789102990266,-0.0672868221732407
['Chuck Berry'],[120521],-0.9037570240879237,-0.6785536959693035,0.2522944264697988,0.07064391495566515,0.20144699346748907,0.8526622345896774,-0.21294874927007706
['Chuck Berry'],[120521],-0.5023726347772446,-0.6021052654345121,0.22582655361926582,-0.032335958541678006,0.12245219717192757,0.5792356042082375,-0.003973477475545073
['Chuck Berry'],[120521],-0.5949129526187394,-0.518453681589883,0.19533104617841404,0.06736276049376967,-0.49654314225301405,0.6616093046271966,-0.056654826013482616
['Chuck Berry'],[120521],-1.1328976479741912,-0.3349042358544093,0.4568590383437335,0.09839410712294572,-0.43729062013166375,0.8541936924675415,-0.28840585792393125
['Chuck Berry'],[120521],-0.7109080252107997,-0.3444882184300274,-0.009656012612888952,0.4530702226216365,-0.06260424344357855,1.0102993380973042,-0.8335143007971442
['Chuck Berry'],[120521],-0.43534922343148225,-0.4512711639752156,0.37209029406695954,-0.02580388412736086,0.008744650150550114,0.42199170052699364,-0.0922563542001292
['Chuck Berry'],[120521],-0.9386481919021876,-0.503137727225745,0.34500269066576095,0.1066644832456682,-0.4431320684156741,0.8997027721882296,-0.158916113075087
['Chuck Berry'],[120521],-1.026596622637011,-0.7128064102402509,0.1406900057552436,0.31500149490189244,-0.42735203460747984,0.7213879789387071,-0.20399327015370933
['Chuck Berry'],[120521],-1.0973768872471201,-0.5340120707278685,0.2719188158148663,0.3142113630809185,-0.7038353809491074,0.7011894251299392,-0.33474122515929633
['Chuck Berry'],[120521],-0.812799856341823,-0.6071028970234768,0.23833624870628295,0.09022034933957915,-0.7200720082593437,0.9508648526608475,-0.15341959613440473
['Chuck Berry'],[120521],-1.0991878345354962,-0.5661512747788876,0.25506752681711786,0.13820958486305276,-0.24841180147613603,0.8432345351542996,-0.22380819290048024
['Chuck Berry'],[120521],-0.4915127222706217,-0.5109178688858506,0.18618603876230141,0.1266720823424175,0.16539306284876673,0.6002709073153506,-0.252649414502281
['Chuck Berry'],[120521],-0.9226074713644055,-0.7148384249902691,0.17470983862143594,0.14239711388709875,-0.255654131038526,0.8313302524944722,-0.14340315994081793
['Chuck Berry'],[120521],-1.0172386309452255,-0.5615058776082897,0.24887050639701247,0.2916138514849325,-0.705722255732822,0.7180348065767861,-0.1779259393251568
['Chuck Berry'],[120521],-0.6145797184567126,-0.3797404169526067,0.0037281137114925766,0.4404445982245296,-0.09129027695528533,0.897800017444304,-0.7197964378983523
['Chuck Berry'],[120521],-1.1029422891450071,-0.4556478224853058,0.29048725298808814,0.11323568422612669,-0.6986277272438215,0.9474168077383819,-0.23862861223526302
['Chuck Berry'],[120521],-1.1111895465047779,-0.5162727858662313,0.20912554415194753,0.13436115643611202,-0.24894991463500332,0.8405424697042422,-0.2199132815791391
['Chuck Berry'],[120521],-0.9683790774768722,-0.5930848042005267,0.17222958492170293,0.12034351991586673,0.17906407193625765,0.6333953386826277,-0.14664047130491784
['Chuck Berry'],[120521],-1.0464441771808448,-0.7006143443949194,0.19339979902429646,0.22127864545476145,-0.42243999304378965,0.7966283435877006,-0.19227932472773512
['Chuck Berry'],[120521],-0.9844880202946594,-0.45423642470444675,0.31547362358146264,-0.029391116808546596,-0.0870744754397281,0.8980063599750665,-0.08300297677917495
['Chuck Berry'],[120521],-0.9936233841112425,-0.5033660784497445,0.16590707722230247,-0.022789048469229706,0.09150384448816337,0.8475805686779788,-0.11777356569280353
['Chuck Berry'],[120521],-1.1455251622878824,-0.4377093525131271,0.03844707531732947,0.16360629812078964,-0.5228685944086084,0.8310986762923817,-0.12266303782497047
['Chuck Berry'],[120521],-1.0460434867029358,-0.48488597946802026,0.27759161273896815,0.1126703507347944,-0.7013400728165939,0.9656557142835377,-0.20875601794149942
['Chuck Berry'],[120521],-0.8878419487927055,-0.6318834574385171,0.3995536081687435,0.18523623391051647,-0.0924142605837548,0.6331983553616469,-0.1971257390117583
['Chuck Berry'],[120521],-0.9131565651539892,-0.6110983437475481,0.2952173591830179,0.11968068313324819,0.17790367272210822,0.6367083695006853,-0.14896511256859557
['Chuck Berry'],[120521],-1.0471278398945167,-0.5615385457458644,0.1750275540337254,0.18223787252172935,-0.6971200463100401,0.9385821807150447,-0.16243212377115956
['Chuck Berry'],[120521],-0.826803290704418,-0.7589844835508913,0.23823465333968596,0.2806263394400402,-0.7171735514063848,0.6991125250847923,-0.23345605346208478
['Chuck Berry'],[120521],-1.03102995894646,-0.4413715573651988,0.33346241071804567,0.11330388746028544,-0.43917888436526725,0.8784331211620907,-0.14092564804275867
['Chuck Berry'],[120521],-1.134857146110328,-0.560618860899683,0.0939351291906732,0.24042569925238383,-0.4262730424294188,0.7659414701198857,-0.207656726766682
['Chuck Berry'],[120521],-0.9543763844361158,-0.5820289033277484,0.3712698494440778,0.19812479499842434,-0.26906656093465176,0.6345626826612835,-0.24502886189867312
['Chuck Berry'],[120521],-0.8080521626886031,-0.7012654728445702,0.4953763238213161,0.12015960012226794,0.1711180315969664,0.6249496490739456,-0.18288936485830767
['Chuck Berry'],[120521],-0.9389259269110836,-0.6227136348923037,0.15396937644101555,-0.012848854352162997,0.18569719178832997,0.8368163904205946,-0.06834147654939099
['Chuck Berry'],[120521],-0.8080857562155265,-0.5045887841319115,0.1639401848400694,-0.03765600209452312,0.1545498455011819,0.7050062929808844,-0.02464666103920039
['Chuck Berry'],[120521],-0.9186050102002712,-0.4789062319382863,0.3330312481158713,-0.035103844347519085,0.17417965483850226,0.7637509807002718,-0.17743255381915699
['Chuck Berry'],[120521],-0.931388547948024,-0.44856047811279737,0.2601338228833132,0.1275688307894436,-0.4521590252083212,0.7698642550866567,-0.1136093119981831
['Chuck Berry'],[120521],-1.0532594863768805,-0.5716784022472338,0.15430137036666344,0.12035488484254536,-0.5182234900069972,0.9282832039505925,-0.12155426394675456
['Chuck Berry'],[120521],-0.7631433042192988,-0.754323432996851,0.2472772817692038,0.23758438925553077,-0.5484819700534235,0.6783372411030079,-0.14584724734223667
['Chuck Berry'],[120521],-1.1050590535398317,-0.3046044772400814,0.579146137950888,-0.11312303808324999,0.18116687798950273,0.8472570252792159,-0.3780963202577582
['Chuck Berry'],[120521],-0.6887665165462505,-0.4968609098603692,0.33233137018318903,0.0861888392796807,-0.13745792985988864,0.4485771471338973,-0.17305823047756008
['Chuck Berry'],[120521],-0.7761302025181815,-0.37395379342195983,0.1459006393889183,0.3451736848853017,-0.8522179460115643,0.39721362557132706,-0.11256951381462157
['Chuck Berry'],[120521],-0.8979934337133976,-0.5514409044335757,0.3559280717939337,-0.03797071944105921,0.17521016444447357,0.8104444073855951,-0.19486138241650008
['Chuck Berry'],[120521],-0.7844258602062721,-0.7838379847399779,0.17444648366214013,0.22654372453743168,-0.1881286436887481,0.6259841636901468,-0.1526819180237462
['Chuck Berry'],[120521],-0.7933842819187089,-0.7238613438973984,0.2621865617564012,0.18475455107070693,-0.2768878832912049,0.6608293204230185,-0.1812379618080254
['Chuck Berry'],[120521],-0.9606998269525435,-0.5216011881254788,0.07571235460956426,0.11887508355101498,0.21205583051207821,0.8343013486711998,-0.2966046940225999
['Chuck Berry'],[120521],-1.1370250122134498,-0.34084756564722907,0.3765017768048662,0.23624846104307945,-0.27239335758115313,0.577774761247362,-0.4031339771192106
['Chuck Berry'],[120521],-1.1094891195535395,-0.5137591324481523,0.22819045975192417,0.22304483462917923,-0.34502193520811936,0.6776359870409833,-0.23691626557552106
['Chuck Berry'],[120521],-1.101594386080613,-0.5998690058270586,0.11965439463803566,0.11347453746729048,0.018962790810456043,0.782100561778773,-0.16145047901849816
['Chuck Berry'],[120521],-0.5919564684300743,-0.6680010399715074,0.20785149183089224,0.24670480486367652,-0.18459964612847005,0.6448860287235392,-0.23613962106652
['Chuck Berry'],[120521],-0.9331558274471394,-0.6796646905841056,0.19509406675754512,0.15221932270505312,-0.4326412775836516,0.8917054125143674,-0.11183983413506782
['Chuck Berry'],[120521],-0.6682786573149949,-0.7158409543258386,0.24050229956678504,0.11389984748236677,0.06514452846016619,0.6090410635391293,-0.02096497579633513
['Chuck Berry'],[120521],-0.6791781163198412,-0.5814355320810226,0.21955325650533883,0.1142618259994525,-0.5697871715011603,0.717363444006612,-0.10759166620621129
['Chuck Berry'],[120521],-1.0346662937644593,-0.6957300945948143,0.19609934496849915,0.21892070698663874,-0.42389489553879545,0.799193739133016,-0.1912841377327966
['Chuck Berry'],[120521],-1.1544297361159808,-0.6694003479777478,0.12746600811491923,0.28857781622198925,-0.5016100725076758,0.7918305605171516,-0.2195786299424165
['Chuck Berry'],[120521],-0.31500505583760496,-0.5062740383104074,0.2770925200061758,0.06045360753409212,-0.1472296872773163,0.5690659168616093,-0.21207803421104546
['Chuck Berry'],[120521],-0.7472436293553758,-0.7113648202619821,0.38245010207753727,0.017848220156266945,0.16434538016294348,0.7287385601467724,-0.19202555897139728
['Chuck Berry'],[120521],-0.4709081627646193,-0.32067355441624196,-0.03562198710976747,0.24738337942305935,-0.35418224214269706,1.2779127706597173,-0.6981341843102763
['Chuck Berry'],[120521],-0.5988656522192793,-0.812328840350737,0.24663200193907794,0.1971096758155524,-0.3012753189862012,0.5725169530712391,-0.1655306501354285
['Chuck Berry'],[120521],-0.9954749313275637,-0.5865028262491853,0.22806696880294697,0.005797452134665398,0.18489317989729961,0.7907790088150336,-0.17907126685166397
['Chuck Berry'],[120521],-0.9540911829699913,-0.3196147185985609,0.23892732536650932,-0.022569032557990285,-0.1063659172789393,0.7693743022694091,-0.11359930718369106
['Chuck Berry'],[120521],-0.5686176199972022,-0.7780306079344761,0.17540033585227133,0.1889037140018658,-0.4822479881506186,0.6453778372245986,-0.0913592607778779
['Chuck Berry'],[120521],-0.9276250328907722,-0.7644560508874766,0.17972682580660768,0.28497618495891525,-0.6945206509638768,0.8896479097476488,-0.11271756972494455
['Chuck Berry'],[120521],-0.2867575035027641,-0.20534554331992466,0.06093086571731928,0.3715172341566757,-0.5872601973871351,0.8645028801566982,-0.6035983073555345
['Chuck Berry'],[120521],-0.6639683411393277,-0.3309176748402005,0.17151569504387082,0.037910300370918824,0.1194769919369969,0.397935607170832,-0.03721661903014169
['Chuck Berry'],[120521],-0.89166197164422,-0.6158457602379197,0.23594568351748396,0.054782855829304256,0.1726803820569027,0.671956505138483,-0.12423226673839721
['Chuck Berry'],[120521],-0.8375025485831709,-0.6036925222349356,0.2160523399312833,0.28407731123026514,-0.4546952183555899,0.6017384038803857,-0.22831134295250083
['Chuck Berry'],[120521],-0.6012582064476027,-0.6634677252875943,0.23920492256658318,0.13796584269076742,-0.48019430389587126,0.6840418402810793,-0.04781433040091057
['Chuck Berry'],[120521],-0.692695983999151,-0.26902106998952924,0.006513418465091792,0.3737504755068064,0.2800417628737924,0.9330281900439601,-0.8408946449254574
['Chuck Berry'],[120521],-0.7599191104382139,-0.5550554355385169,0.2453636880050038,-0.020617818942430602,-0.289005433293589,0.8708612344135522,-0.11289255813570694
['Chuck Berry'],[120521],-1.0059261953148775,-0.5682727676342606,0.2035823563562826,0.059893964943420655,0.015860900455232575,0.8380067626701572,-0.14636508483265845
['Chuck Berry'],[120521],-0.6603180775897834,-0.3987094700703552,0.19990962316951522,0.06666134900508451,-0.3209171961236106,0.5199134879709457,-0.02561249123881093
['Chuck Berry'],[120521],-0.9676106323489021,0.07937878429071252,0.016868069845059123,0.24906857420094616,0.1104888131834829,1.104070576136347,-0.8422691190820888
['Chuck Berry'],[120521],-0.6184741315822133,-0.5251231469040842,0.3833530879440089,0.13396509725982672,-0.052012011179955624,0.4337230493965438,-0.05964716580787951
['Chuck Berry'],[120521],-0.45335802322235824,-0.5840011154761334,0.22007162726203366,-0.005021590214007729,0.13902424695946006,0.6517761392574267,-0.10415863024581096
['Chuck Berry'],[120521],-0.7413263094706684,-0.8092035902875501,0.2780340711248856,0.11505245409777896,-0.00828290204091994,0.687350529369413,-0.15164079059926122
['Chuck Berry'],[120521],-0.6529131695980631,-0.4101574031229349,0.01551420283021304,0.5102765896857497,-0.7028005562600874,1.0767461501297255,-0.7470099304186835
['Chuck Berry'],[120521],-0.3599165905704393,-0.08039391624196976,0.003763383472892691,0.150656019217115,0.03532644861252944,0.916160713863324,-0.4824713015194678
['Chuck Berry'],[120521],-0.9073067078553075,-0.6124149889126916,0.24705328839880925,0.09216777714067607,-0.5311568614002827,0.9022862757334237,-0.1758399731149655
['Chuck Berry'],[120521],-0.37656311982890084,-0.5429265424524262,0.22069127491510176,-0.026418451234836958,0.010912659157888022,0.47950609860640975,0.009154919794453254
['Chuck Berry'],[120521],-1.0211883415064649,-0.5999383950253228,0.0653312499115687,0.17734421902276318,0.2189650059674746,0.8235969218149733,-0.22008436822635097
['Chuck Berry'],[120521],-0.969537827696167,-0.5406559977938867,0.20115669462272603,0.12986434227949617,-0.4460896729253093,0.8020544237076779,-0.20626749501594988
['Chuck Berry'],[120521],-0.9353071727226219,-0.513245658219658,0.3325168847234378,0.11789383576077761,-0.44214754446479787,0.9002626914947374,-0.14417148865111662
['Chuck Berry'],[120521],-0.9653620809900767,-0.14413585468821016,0.026070061470317086,0.24690437675761365,0.26458446728697993,0.9424507777063271,-0.6831158563282081
['Chuck Berry'],[120521],-0.36415644706088507,-0.3852395785990196,0.26599184690411176,-0.06159150797307704,0.08814026657990949,0.4032583281100512,-0.0031574140774039946
['Chuck Berry'],[120521],-0.7532981883327464,-0.7092831693967281,0.20699177560876605,0.19417282321799414,-0.2877034039900346,0.5906409137610488,-0.18048928286642663
['Chuck Berry'],[120521],-0.9364829297820512,-0.6718710970850689,0.15244245363086742,0.2570445526984275,-0.4477390279901328,0.6319902959136786,-0.20433982340709406
['Chuck Berry'],[120521],-0.81581168600293,-0.44788509652954867,0.25482882512848265,0.20120300025062202,-0.6507052269508806,0.6353031781189196,-0.14877222329515719
['Chuck Berry'],[120521],-1.1548225509629515,-0.30339286980017105,0.18718949851644373,0.005848242135673621,0.18402156899970962,0.7424236885262703,-0.1834841907949352
"['Colt Ford', 'Lukas Nelson', 'Willie Nelson']","[1028746, 1084430, 583959]",-1.111920803396492,-0.2765395411598994,0.12471704419016513,0.2265205802875095,-0.36561582492657885,0.5706196741838144,-0.13851675623121926
['Cream'],[112462],-1.0655381002399849,-0.4563570609706569,0.10538154315599732,0.1746308040929024,-0.18197365852486763,0.6379438555702002,-0.16548793917028767
['Cream'],[112462],-0.9205559770157372,0.04681002800704736,0.3755112420817437,0.06954779654381038,-0.0013778941524101866,0.7436553193465678,-0.3839264150381081
['Cream'],[112462],-0.9129063753595048,-0.30649450154300817,0.015118386053610641,0.16574494155165292,0.1506773693151503,0.42555605983126726,-0.04662695914140413
['Cream'],[112462],-0.8243737311911443,-0.3132399271711501,0.12123777926907205,0.08507686180007834,-0.04588681917218498,0.4879512725231695,-0.10812957322146442
['Cream'],[112462],-0.9707070738959388,0.0034067877194084713,0.4352031099633192,-0.0742942979248401,0.1527784594215751,0.7170529755818537,-0.29597989447070916
['Cream'],[112462],-0.7140166390409497,-0.6260427957196513,0.1819989357378132,0.11585662022464646,-0.027420145626478428,0.5991518910533626,-0.09081856928329761
['Cream'],[112462],-1.0688765275177254,-0.5489619281595864,0.28192447042861574,0.2597055761583834,-0.6155949188270263,0.7505804479058092,-0.2976609706073064
['Cream'],[112462],-0.8905666542486328,-0.2422682694451512,0.05040641611014355,0.23873863895228373,-0.6708359755813113,0.47635775247823686,-0.14486383103294204
['Cream'],[112462],-0.8957521262130762,-0.28827584883831925,0.012550423720637555,0.16002197960373535,0.1473494030057903,0.41218438894514225,-0.03568042438487127
['Cream'],[112462],-1.08064391452198,-0.13935353602943176,0.5704160874910126,0.08700854842307675,-0.45092992214330885,0.7793199898054405,-0.45508546013346973
['Cream'],[112462],-0.9722512233393776,-0.5203103819364071,0.12232778774276586,0.1967984406627472,-0.0036106567552677653,0.5739521265202607,-0.1207720177689173
['Cream'],[112462],-0.8736278107167561,-0.5200384858272737,0.11609879440229479,0.179124125494283,-0.1959538107898771,0.5974931479972941,-0.1266352897676246
['Cream'],[112462],-1.0056498444337245,-0.43931494537976995,0.14430648143424862,-0.01836689826918584,0.18038971974732437,0.85646949212927,-0.11645138916472741
['Cream'],[112462],-0.7448188126010545,-0.10963412585676462,-0.0927732410944738,0.26583081685224663,-0.44338262592652594,0.7148625928547092,-0.2642071392534866
['Cream'],[112462],-0.872318046898044,-0.41883230837368657,0.23923308893298167,0.11151515796584226,-0.0283511545367255,0.525431000514882,-0.16904678518158386
['Cream'],[112462],-0.9766154081827969,-0.05271565425609523,-0.03027080063244317,0.154915830236242,-0.4914250475506691,0.5048335327407298,-0.03963632557597959
['Cream'],[112462],-0.8837027793103482,0.14766029410891363,-0.20345091980442123,0.434941114277693,-0.46807596604445545,0.8645768915718062,-0.5651816084077633
['Cream'],[112462],-0.9661816704054647,-0.00025454105829955757,0.07636904340861568,0.06062074257470279,-0.04973829602174297,0.4424122535804164,-0.06080960776008153
['Cream'],[112462],-0.7158693246725827,-0.20736122879214916,0.08065376396794681,0.06438563746693222,-0.05776436671254752,0.4528136435705413,-0.001742691699707296
['Cream'],[112462],-0.8017024935449487,-0.34498816679075117,0.235355958210988,0.12413797599554416,0.0451034080989709,0.3963997320543766,-0.1971628632520401
['Cream'],[112462],-1.0703614701305078,-0.13999504612235458,0.5693627421791194,0.07593849979420939,-0.4537320956923795,0.7761164834384433,-0.44446617187923343
['Cream'],[112462],-0.8960378911368431,-0.11269169564711759,0.022850029112239732,0.13241524488696413,0.12004054937003815,0.25915824056933257,0.00273655562016656
['Cream'],[112462],-0.715403920036042,-0.2366915024344996,0.08256702366524256,0.12236930304613582,-0.6948516760894224,0.4855221653793555,-0.09959932038740917
['Cream'],[112462],-1.0841019614346545,0.08057591600280113,-0.049064525170211364,0.027722368639252735,-0.6649006978838323,0.7040140485565011,-0.029688540839318107
['Cream'],[112462],-1.0178124718583688,-0.2127871653375588,0.3508560074959115,0.15805498182280167,-0.6437102207208303,0.7070002612731516,-0.28064858024539213
['Cream'],[112462],-0.9565673767666457,-0.10526504497239852,-0.01571877921596429,0.22044720172395688,-0.2824899844506912,0.5532985081611179,-0.20739209349430995
['Cream'],[112462],-0.827591385367221,-0.2141374242888612,0.038326171185222406,0.2260637273610555,-0.5001215305926315,0.41295609536260885,-0.0991072978285242
['Cream'],[112462],-1.1755035263313833,-0.27473563506354776,0.1768829089823361,0.23634217170321442,-0.44159688274880365,0.6637691975592578,-0.2565449919719861
['Cream'],[112462],-0.6108477463077314,-0.05549160264669968,0.028673197755036055,0.03831273014560992,-0.5299185731505411,0.4956359353289442,0.08305656394688353
['Cream'],[112462],-1.0000848100804223,0.15210299453719692,0.2261172950208166,0.08440168012411836,-0.4948832236821431,0.5027111044645447,-0.09709361693805713
['Cream'],[112462],-0.37272196319067263,-0.21589809927280726,0.18059521822916585,0.02507550097089173,-0.08267834025907876,0.3714826564598283,-0.05389740408967866
['Cream'],[112462],-0.9945862525566833,0.26907906878738286,0.4192548516905802,0.26464104229018887,-0.6075045107791639,0.7938092916250535,-0.37496703800119163
['Cream'],[112462],-0.9510977383884018,-0.3703591948580849,0.033561514574874156,0.07882748090632563,0.1537773225111948,0.5478017536948431,-0.07321600515754292
['Cream'],[112462],-0.5316291060763817,0.03080856964533325,-0.02354813347369726,0.2414529439844114,-0.4326259875003889,0.8160372053413109,-0.4870316482224767
['Cream'],[112462],-0.5501542479929191,0.07894562508593957,0.4722158672587142,0.3906547070392026,-0.7197865424147851,1.1687165254012963,-0.8631623577970405
['Cream'],[112462],-0.8530599878031907,0.3772202933331778,0.2440200230086867,0.48002523666097047,-0.2693835247460984,0.8812460039339326,-0.7471401247777771
['Cream'],[112462],-0.8498298526617539,-0.46728195235692593,0.1157984405573907,0.22453209914235828,-0.47282295318589634,0.5545263877781185,-0.12394197031568939
['Cream'],[112462],-1.120448353074869,-0.30892965340022843,-0.019279843996888025,0.13133944282996535,-0.17968262998290688,0.7075301800818058,-0.11883408272144483
['Curtis Mayfield'],[144458],-0.9154351142947802,-0.3680070336932653,0.19266733495555896,0.07731264807404692,0.15023627995654099,0.47848390625360315,-0.1323174360359803
['Curtis Mayfield'],[144458],-1.059258044221604,-0.23584893278760077,0.41388227993943766,0.051165074860055816,0.09590632185526807,0.7953404033859586,-0.16543621679799747
['Curtis Mayfield'],[144458],-1.2161817355399898,-0.47216534245409797,0.047117717156271444,0.22067068483409902,-0.23308798755774612,0.8652771102347971,-0.12240659680921485
['Curtis Mayfield'],[144458],-0.36901660517795604,-0.0566732348308689,-0.04014520002747406,0.29667074959376466,0.03505067284739486,0.7204486240652349,-0.6297718147568884
['Curtis Mayfield'],[144458],-1.0304838187072076,-0.5769170477514437,0.21522136614686985,0.22923217092488404,0.013189344353433234,0.6298410363385595,-0.11555786360601973
['Curtis Mayfield'],[144458],-1.2161817355399898,-0.47216534245409797,0.047117717156271444,0.22067068483409902,-0.23308798755774612,0.8652771102347971,-0.12240659680921485
['Curtis Mayfield'],[144458],-0.9031593350836242,-0.49479569362789994,0.2054308621422852,0.28167328874250225,-0.7260508319325735,0.6661407904024672,-0.08430608557115396
['Curtis Mayfield'],[144458],-1.1989677913478924,-0.11828754502220694,0.16365690300457386,0.2810845465183481,-0.356335722593092,0.5294560053915863,-0.17116613950323678
['Curtis Mayfield'],[144458],-1.222258883142311,-0.4474795297650918,0.07148455447295296,0.29104902471894045,0.10738177511272506,0.5138859282032135,-0.2240729666030633
['Curtis Mayfield'],[144458],-0.7932868301176117,-0.22079005137284502,0.239240053556102,0.10170136880825137,-0.6692754233620729,0.654468345984493,-0.08745179609316382
['Curtis Mayfield'],[144458],-0.6145524198769726,-0.4203081118067683,0.1888322998438661,0.017932298784426273,0.12692235536367166,0.4937188664120762,-0.01538480962749069
['Curtis Mayfield'],[144458],-1.0018755361778455,-0.7689953612820576,0.11819314672674579,0.3305443891899272,0.12977620162025819,0.7024725773023899,-0.16642086550626486
['Curtis Mayfield'],[144458],-0.9454152579199421,-0.1913369254877151,0.2788829310444493,0.35871282718119035,-0.4812186243960343,0.37081935044083947,-0.01921140713322031
['Curtis Mayfield'],[144458],-1.024358759973029,-0.4391453113534479,0.6864749692815432,0.3455012940437799,-0.3562979750965051,0.6004478501340313,-0.3337261380193496
['Curtis Mayfield'],[144458],-1.007893283664672,-0.1933438564145763,-0.04551654537309219,0.44295887122620276,0.2079967244294117,0.9528093506947367,-0.7366856033751568
['Curtis Mayfield'],[144458],-0.8847716358936225,-0.7178263554638459,0.15552070260898096,0.3394542694319143,-0.5315374097596222,0.6520116566591537,-0.1276695875893173
['Curtis Mayfield'],[144458],-1.2259024673206176,-0.4469952671259438,0.2137118581564829,0.3236552880299281,-0.24523025277106233,0.6049425333394315,-0.3205209313482583
['Curtis Mayfield'],[144458],-1.2259024673206176,-0.4469952671259438,0.2137118581564829,0.3236552880299281,-0.24523025277106233,0.6049425333394315,-0.3205209313482583
['Curtis Mayfield'],[144458],-0.9562617371130502,-0.4501288948650416,0.1410149353954542,0.2748975161297363,-0.8204713365240756,0.6291204886137239,-0.18656301434826436
['Curtis Mayfield'],[144458],-0.9333673546301049,-0.44401748740818997,0.24462182533330454,0.3078908080297355,-0.3583397568650828,0.5840416996560627,-0.27080187693556934
['Curtis Mayfield'],[144458],-1.1649110549974473,-0.6287952376671885,0.1290411640108217,0.2920699581796313,-0.050747362574746296,0.7986254397177548,-0.06234510178224494
['Curtis Mayfield'],[144458],-0.5676366588862797,-0.38457707256648244,0.20268768093654357,0.06130024295145614,-0.34001194284367203,0.4526614475751324,-0.08080519748384232
['Curtis Mayfield'],[144458],-1.1315097772246272,-0.3754172182945578,0.05309660057011489,0.3048076238889503,0.1147937510096363,0.5618353745390617,-0.15883797164353575
['Curtis Mayfield'],[144458],-0.854315092583417,-0.3454250339880853,0.06827185786834586,0.1271423986552648,0.049169748886688805,0.4026500845092633,-0.06061481935678216
['Curtis Mayfield'],[144458],-0.36901660517795604,-0.0566732348308689,-0.04014520002747406,0.29667074959376466,0.03505067284739486,0.7204486240652349,-0.6297718147568884
['Curtis Mayfield'],[144458],-1.2583904193553135,-0.30580259534421333,0.04685784312139695,0.2574535407565209,0.09470304201453769,0.44776784915689777,-0.24225546465738323
['Curtis Mayfield'],[144458],-0.9562617371130502,-0.4501288948650416,0.1410149353954542,0.2748975161297363,-0.8204713365240756,0.6291204886137239,-0.18656301434826436
['Curtis Mayfield'],[144458],-1.2546573710622904,-0.3206968811342391,0.05066512627893563,0.27158715079266976,0.09807569599336549,0.45491483155464485,-0.2451918964419224
['Curtis Mayfield'],[144458],-0.9877887208390407,-0.2570929316321167,0.27504851105613487,0.14054049288996195,0.08291922918077879,0.6007792933472431,-0.16733477758608453
['Curtis Mayfield'],[144458],-1.007893283664672,-0.1933438564145763,-0.04551654537309219,0.44295887122620276,0.2079967244294117,0.9528093506947367,-0.7366856033751568
['Curtis Mayfield'],[144458],-0.36901660517795604,-0.0566732348308689,-0.04014520002747406,0.29667074959376466,0.03505067284739486,0.7204486240652349,-0.6297718147568884
['Curtis Mayfield'],[144458],-1.089415678029396,-0.5776015245074642,0.12538817305863642,0.24542333900414545,0.013928040543348902,0.6077604801050114,-0.1967291926917707
['Curtis Mayfield'],[144458],-0.8274651072570292,-0.4045872951625433,0.09580465029410776,0.2564540258465807,-0.38072991557115776,0.534143516818878,0.02316796072688823
['Curtis Mayfield'],[144458],-0.9889959333370439,-0.63421108789047,0.34215578652070316,0.18318866539512038,0.10000843932514968,0.6191181480137455,-0.228000690103587
['Curtis Mayfield'],[144458],-1.372705455895745,-0.44466272389863015,0.2391127525375595,0.35753329721536214,-0.3100703023967122,0.7140970035977724,-0.36666576461404704
['Curtis Mayfield'],[144458],-1.2306710979536244,-0.2129566491913345,-0.07685532983953786,0.5721493387998329,-0.6958189558685312,0.9560840306980026,-0.5292412990949567
['Curtis Mayfield'],[144458],-1.034857011500522,-0.23115914329762838,0.23859686507319838,0.2673549608133541,-0.46141566106524684,0.5186802524433787,-0.2091377002103156
['Curtis Mayfield'],[144458],-0.9144800323913462,-0.3006771738580258,0.5645529241578382,0.20965408525121887,-0.8190065753647868,0.7945757658619881,-0.21192385196060567
['Curtis Mayfield'],[144458],-1.1404547350327052,-0.5510539259555539,0.13606482275983153,0.28157826342990405,0.020317494197266407,0.5875387260149113,-0.12421661929662992
['Curtis Mayfield'],[144458],-1.007893283664672,-0.1933438564145763,-0.04551654537309219,0.44295887122620276,0.2079967244294117,0.9528093506947367,-0.7366856033751568
['Curtis Mayfield'],[144458],-0.8820206078585275,-0.3198264091090864,0.5910685780677917,0.19981856997612027,-0.365264134612413,0.7981121573734795,0.12048980839124272
['Curtis Mayfield'],[144458],-1.0062501845843532,-0.7534525025255604,0.14495602136912838,0.4153480822751426,-0.5115327874950846,0.6441897099175943,-0.22034481964021022
['Curtis Mayfield'],[144458],-0.72610632512969,-0.6847166336859225,0.2603132768886207,0.28844927338491844,-0.5605813570614815,0.5712107096066392,-0.12022247153838289
['Curtis Mayfield'],[144458],-0.6851260125521289,-0.11242587505981205,0.03410204463120363,0.11451663872045104,-0.30336179822439174,0.6478507722745088,-0.13266501229349256
['Curtis Mayfield'],[144458],-0.894770570360048,-0.6458082928869935,0.31435323943628746,0.17154809940682428,-0.0036333922790878384,0.6072060968477312,-0.2049117466441117
['Curtis Mayfield'],[144458],-1.072454185963892,-0.32854975752454635,-0.018063990968055818,0.5470524841753104,-0.24560361523430138,0.9295787041239556,-0.6920403358875746
['Curtis Mayfield'],[144458],-0.6319902719235566,-0.3177957198654424,0.18083083022823998,0.03518799003687502,-0.07225898968187269,0.3696472053970467,-0.09123311729939038
['Curtis Mayfield'],[144458],-1.0860596992542484,-0.6105444677013364,0.08789758766846022,0.3999436721232585,-0.6806474193376331,0.7586816380639698,-0.1524859401107305
['Curtis Mayfield'],[144458],-0.7534663115234198,-0.3353916068552283,0.18353965055012944,0.18477021451205397,-0.6635041318212296,0.6631076515978994,0.011869624735594712
['Curtis Mayfield'],[144458],-0.9207711987833961,-0.654866341692522,0.19994516163669926,0.2763011565450404,-0.355359152640648,0.6478941618738085,-0.12980668372294732
['Curtis Mayfield'],[144458],-1.2651900009135264,-0.42432085672950975,0.1108338212348697,0.2857535447402002,-0.7769300932064233,0.808529880588301,-0.22971924218893672
['Curtis Mayfield'],[144458],-1.1633314256478713,-0.6335078276242411,0.06481733446365488,0.4636252664915739,-0.660338087961852,0.8111248739058692,-0.2391427848469741
['Curtis Mayfield'],[144458],-1.0214250709919586,-0.5782788616641344,0.1751446903146713,0.23956673004791593,0.011631450032772711,0.6206577215189023,-0.10903548000938039
['Curtis Mayfield'],[144458],-1.2306710979536244,-0.2129566491913345,-0.07685532983953786,0.5721493387998329,-0.6958189558685312,0.9560840306980026,-0.5292412990949567
['Curtis Mayfield'],[144458],-1.1315097772246272,-0.3754172182945578,0.05309660057011489,0.3048076238889503,0.1147937510096363,0.5618353745390617,-0.15883797164353575
['Curtis Mayfield'],[144458],-1.2233252456713075,-0.4142815417171351,0.12046141603054243,0.2732858565358236,0.1051583411041677,0.5172871833734467,-0.2525961007625027
['Curtis Mayfield'],[144458],-1.0545378841348234,-0.44560213540973903,0.05062211463025524,0.3431675450266007,-0.5298605522753146,0.6285622993826931,-0.10728903932072346
['Curtis Mayfield'],[144458],-0.5676366588862797,-0.38457707256648244,0.20268768093654357,0.06130024295145614,-0.34001194284367203,0.4526614475751324,-0.08080519748384232
['Curtis Mayfield'],[144458],-0.9603632309570064,-0.39031813996317277,0.0902171147538761,0.23502520720127837,-0.3702494259861035,0.5691753632717508,-0.11750457464793836
['Curtis Mayfield'],[144458],-1.2161817355399898,-0.47216534245409797,0.047117717156271444,0.22067068483409902,-0.23308798755774612,0.8652771102347971,-0.12240659680921485
['Curtis Mayfield'],[144458],-1.077313065545708,-0.5137231111893078,0.09796762331831564,0.36926752642766053,0.19465982766070294,0.4639799663229808,-0.10764625462263784
['Curtis Mayfield'],[144458],-1.112142688228458,-0.3384004578041115,0.13425056728458637,0.25330805214338287,-0.3517631433664379,0.640753229198851,-0.1465257141841069
['Curtis Mayfield'],[144458],-1.3078319874879996,-0.41474080451140694,0.04481215596263958,0.40560782263720263,-0.5088233979754079,0.5908039017157165,-0.284567576084124
['Curtis Mayfield'],[144458],-1.0214250709919586,-0.5782788616641344,0.1751446903146713,0.23956673004791593,0.011631450032772711,0.6206577215189023,-0.10903548000938039
['Curtis Mayfield'],[144458],-1.169823141879967,-0.630024926033511,0.06001226833261536,0.3191002807924282,0.12489009131856484,0.6177189670929962,-0.1746957550676067
['Curtis Mayfield'],[144458],-1.0158706511032944,-0.6113402702503462,0.199850089563303,0.27859112076463527,0.11338261695257107,0.6982958275136546,-0.011488308572414068
['Curtis Mayfield'],[144458],-0.8965496219732876,-0.25165448206701385,0.9441725403883647,0.25646887056120665,-0.38376939542347677,0.562884949828028,-0.31838987760225657
['Curtis Mayfield'],[144458],-0.7587436064493515,-0.35497177086760295,0.14438362739481123,0.2898670134102185,-0.36646081276720516,0.5875244022142081,-0.10603435992907183
['Curtis Mayfield'],[144458],-0.5936768185108624,-0.2776043506672945,0.4666884657175923,0.2518899009655538,-0.7713269706021761,0.576824413125705,0.13332439165430082
['Curtis Mayfield'],[144458],-0.716218137417142,-0.5587604608930535,0.1707668055863348,0.12806247390409498,-0.10876149076692546,0.6681077702360572,0.02845304653235896
['Curtis Mayfield'],[144458],-0.6319902719235566,-0.3177957198654424,0.18083083022823998,0.03518799003687502,-0.07225898968187269,0.3696472053970467,-0.09123311729939038
['Curtis Mayfield'],[144458],-0.8177900630522019,-0.5653341990454158,0.3901009472429497,0.22898600907004166,-0.3659220045166399,0.658310050768262,-0.17817443327198765
['Curtis Mayfield'],[144458],-1.1347374476810363,-0.20345018389562344,0.20726367911654717,0.25460260991971956,-0.5452753326025791,0.5630478334610196,-0.27304492866935864
['Curtis Mayfield'],[144458],-1.1788826640454726,-0.139393548914068,-0.013028898974502155,0.21638153304158625,-0.6203576201505084,0.7540233082690891,-0.015689663509523236
['Curtis Mayfield'],[144458],-1.2259024673206176,-0.4469952671259438,0.2137118581564829,0.3236552880299281,-0.24523025277106233,0.6049425333394315,-0.3205209313482583
['Curtis Mayfield'],[144458],-0.9562617371130502,-0.4501288948650416,0.1410149353954542,0.2748975161297363,-0.8204713365240756,0.6291204886137239,-0.18656301434826436
['Curtis Mayfield'],[144458],-1.1633314256478713,-0.6335078276242411,0.06481733446365488,0.4636252664915739,-0.660338087961852,0.8111248739058692,-0.2391427848469741
['Curtis Mayfield'],[144458],-1.09633471349876,-0.5817624540292731,0.03248059622861121,0.4673669149854659,-0.3091119229603483,0.6683881843388577,-0.23804646716156522
['Curtis Mayfield'],[144458],-0.7121918502510002,-0.7130619670597865,0.282510250188894,0.19420298013951529,-0.46507691971809684,0.6872207413307339,-0.09281913934319201
['Curtis Mayfield'],[144458],-1.263103114139131,-0.15845087643417144,0.45635264617696053,0.21784483922765643,0.10211338784512984,0.5177172991206133,-0.33023725101503737
['Curtis Mayfield'],[144458],-0.7020154114681437,-0.43608652559206196,0.21723041072018306,0.22824407523684595,-0.663912919863011,0.5991414777938441,0.01099257463316541
['Curtis Mayfield'],[144458],-0.9330270829342884,-0.33956965415194496,0.19485149792604817,0.20965739215608648,-0.4744301182069675,0.5278389554304515,-0.16483509982513828
['Curtis Mayfield'],[144458],-1.1182434443414055,-0.25630677158331694,0.7953675711135553,0.3285294971317175,-0.7079313832806444,0.7006269243753628,-0.4256148147569643
['Curtis Mayfield'],[144458],-1.1633314256478713,-0.6335078276242411,0.06481733446365488,0.4636252664915739,-0.660338087961852,0.8111248739058692,-0.2391427848469741
['Curtis Mayfield'],[144458],-0.9603632309570064,-0.39031813996317277,0.0902171147538761,0.23502520720127837,-0.3702494259861035,0.5691753632717508,-0.11750457464793836
['Curtis Mayfield'],[144458],-0.9603632309570064,-0.39031813996317277,0.0902171147538761,0.23502520720127837,-0.3702494259861035,0.5691753632717508,-0.11750457464793836
['Curtis Mayfield'],[144458],-1.222258883142311,-0.4474795297650918,0.07148455447295296,0.29104902471894045,0.10738177511272506,0.5138859282032135,-0.2240729666030633
['Curtis Mayfield'],[144458],-1.0017838577866383,-0.3145578883635985,0.090587934813098,0.04408777512063118,0.16469425720409825,0.650306021922045,-0.039954001824450885
['Curtis Mayfield'],[144458],-1.013481824413108,-0.24695885231601056,0.07229438875555572,0.23800099102122155,0.16359003879096828,0.3676797227771805,-0.11265748830285405
"['Dave Grusin', 'The Byrds']","[684920, 631774]",-1.0234627190172714,0.07418612171627445,-0.18079120088745612,0.47174925416178726,-0.36833703155195013,0.7929342229663069,-0.5792819194102159
"['David Allan Coe', 'George Jones']","[629609, 944310]",-0.7584917571010621,-0.30920552628028,0.45120233068658866,0.02263805502727367,0.13237206064424129,0.5252216699360267,-0.19697169176427595
"['David Allan Coe', 'George Jones']","[629609, 944310]",-0.7424732301700268,-0.30553082806152526,0.5325114946296904,-0.0036469964072380285,0.13149082276724336,0.5498689299499613,-0.23652068572637738
"['David Allan Coe', 'George Jones']","[629609, 944310]",-0.7218976282535438,-0.439764717172251,0.1333068107249155,0.16571257616309573,-0.31105913035705235,0.5123927409660789,-0.018676832291539543
"['David Bowie', 'Mick Jagger']","[531986, 892823]",-1.1862173667462064,-0.36536261564138167,0.050375930836830375,0.24821777747274612,-0.16554034076759372,0.6323427771929059,-0.17436972965126424
"['David Bowie', 'Pat Metheny Group']","[531986, 178654]",-1.1103541765491345,-0.4367601729803149,0.01646898251552178,0.25908012564390287,0.184916221640862,0.49516591676569405,-0.11266679229492915
['David Bowie'],[531986],-0.46165526700915155,-0.43219474246229117,0.26048370548213645,0.04361531470352277,-0.345050452716003,0.49931103241481023,-0.04790099087293812
['David Bowie'],[531986],-0.5069986987250675,-0.565084618770815,0.24384023784067185,0.031059780097319346,-0.05340082649715761,0.5912146901076182,0.04466514863648889
['David Bowie'],[531986],-1.1127578911220417,-0.2889430335042148,0.006272559967553172,0.25050712703462086,-0.8069524197660155,0.7696003835558781,-0.10977876140740897
['David Bowie'],[531986],-0.09048588697006113,0.21204640762524338,0.029483330353445393,0.08727869062063673,-0.28888018759752493,0.752504814937549,-0.45187045866189385
['David Bowie'],[531986],-1.0920185354361238,-0.2739529227049854,0.2612713783134521,0.23291685935345105,-0.003007723986426004,0.4732248607465621,-0.22983107883426782
['David Bowie'],[531986],-1.1410212113058968,-0.1118615730058293,-0.02926141463576297,0.21098238703045957,0.18040415261746978,0.45449827416238187,-0.17408575134379645
['David Bowie'],[531986],-0.42425442149547266,-0.3291362249320588,0.2451588976567014,-0.01956498243548194,0.08745713800100756,0.3440322910247385,0.0007796129900151386
['David Bowie'],[531986],-0.5814236209826369,-0.5188640791869543,0.16612755191705236,0.16263775203601996,-0.6768396471352287,0.5966034150025765,-0.048127903590431315
['David Bowie'],[531986],-0.5326263218775987,-0.4780139649328592,0.20581646491336622,0.06473475770641508,-0.5045438205111926,0.6469028684025481,0.010109999016190451
['David Bowie'],[531986],-1.2153984407138212,-0.042362409384636354,0.04443062699016275,0.24944203230457415,-0.6369804255461372,0.5612040525151172,-0.197607159457897
['David Bowie'],[531986],-1.1888289338624358,-0.2425384317040846,0.005437575666347428,0.3163795913172748,-0.5383916182427333,0.5204383743719994,-0.1490337744466185
['David Bowie'],[531986],-1.2764403599277876,-0.32205815619086653,0.016842684161710367,0.3530778984700733,-0.785779112599824,0.6731379148982142,-0.22158947494261677
['David Bowie'],[531986],-1.0071400824749053,-0.7313385799789508,0.15055254206762209,0.2658397840684798,0.21515571888797305,0.6812460005045198,-0.25435361676317164
['David Bowie'],[531986],-1.2421057442742693,0.1647744797495073,0.5957546719681526,0.092404913853752,0.1458925712674361,0.3367572064045904,-0.4637300462145237
['David Bowie'],[531986],-0.8143762874421603,-0.28629536649324006,0.056334523094975844,0.17606908346566713,-0.314102571351197,0.4638076122613305,-0.06697178956917417
['David Bowie'],[531986],-1.0982949541450708,-0.20304100562246896,0.22591360525987056,0.20009501952199168,-0.19850342862658843,0.4873353261082572,-0.27627377370462575
['David Bowie'],[531986],-1.2935124246890641,0.31415079711397825,0.4365643168601516,0.18975134231252846,-0.8113003830927242,0.6769950673944147,-0.3854005865955094
['David Bowie'],[531986],-1.2419441301525556,-0.4555281869037452,0.05787208721448011,0.38147220230539164,0.11221002568501504,0.4300685766988149,-0.22143713076863586
['David Bowie'],[531986],-0.6653195234111239,-0.1388578020875142,0.8370662975117654,0.09461139552150732,-0.054390591517813905,0.6412673459270364,0.1589254103970014
['David Bowie'],[531986],-0.8971190544265948,-0.3670886901704007,0.08139030396207153,0.04825126817507546,-0.02625885088104761,0.6846810956196374,-0.05980088626682313
['David Bowie'],[531986],-1.1448914368220573,-0.3431138235155024,0.1926936286737236,0.33798849554885574,-0.6252122512412989,0.5787505684342954,-0.2892957956231907
['David Bowie'],[531986],-0.9731860323659026,0.03657140192213123,0.019394114642320152,0.246915218179745,-0.48047382263517435,0.4318517559105971,-0.11539115766677568
['David Bowie'],[531986],-1.1181249629141876,-0.36182793884055175,0.1320450649614699,0.24766618302702453,-0.27369192807476705,0.5575514275328046,-0.22899535914637553
['David Bowie'],[531986],-1.09142696847839,-0.28951839863778855,0.18660429604625892,0.16786891817251048,-0.6237312132194065,0.8316224874100198,-0.14791025877446176
['David Bowie'],[531986],-0.9343914164136828,-0.22379883214379662,0.37962681455866615,-0.004411532213689388,-0.024474983442009164,0.6849789820478682,-0.12019801627145121
['David Bowie'],[531986],-0.877487160692511,-0.13653805973155028,0.24951792325331676,0.05988112723977586,-0.5779616510056885,0.6554478869443108,-0.10050729623238139
['David Bowie'],[531986],-1.0783862563816844,-0.11762101446563848,0.05590705950438606,0.25561267949759764,-0.0006962976636911881,0.45878911015564955,-0.2077296930572324
['David Bowie'],[531986],-0.16191531219079203,-0.3868833595841261,0.2551521763988089,0.04658564918266897,-0.3618857758421426,0.49435719000410466,0.03456476686128166
['David Bowie'],[531986],-0.6016799282210764,-0.5672799015675639,0.3732667747158323,0.10503533126275587,-0.49618451351214643,0.6153763528063492,-0.16917066185756935
['David Bowie'],[531986],-0.7831610274914426,-0.5945559596513609,0.2731822850988913,0.07464563299767793,-0.019102792944610054,0.7267781603395651,-0.07419481604770209
['David Bowie'],[531986],-1.1070271091407433,-0.2382383777717013,0.08245299502632301,0.22923014034785227,-0.01634589595743664,0.41751769545120004,-0.175871369341687
['David Bowie'],[531986],-1.1292712749469092,-0.4023260562720408,0.09404346712365563,0.21051389998656522,0.18082038883526613,0.5056047375983259,-0.14474795698540552
['David Bowie'],[531986],-1.237510286772646,-0.12132692610331537,0.002128302551477383,0.2729014245825356,-0.6199561041957425,0.6509897401339907,-0.17467757664157077
['David Bowie'],[531986],-0.12110036435995995,0.030565948425437358,0.0717669118913118,0.18714314365840673,-0.4677929798038831,0.7221393987757326,-0.5441848196463328
['David Bowie'],[531986],-1.230764522867189,-0.20613726344489203,0.06898784593881613,0.13897412809777646,0.004547787351271757,0.63412971699946,-0.15792952545977157
['David Bowie'],[531986],-1.318718681767129,-0.3051672258936534,0.10799222673287069,0.2678404402079636,-0.25100753491998284,0.6108233085564335,-0.2965588054125483
['David Bowie'],[531986],-1.3097975529867514,0.016877170606049475,0.13328855075139143,0.1891835753734521,-0.8165354763132678,0.6509456891819477,-0.27583829853169456
['David Bowie'],[531986],-1.0787802148809091,-0.599098509143065,0.03340358552239269,0.42733089507288974,-0.6111069043568582,0.6069224201252958,-0.16032340989102536
['David Bowie'],[531986],-0.035728575886738285,-0.2255044862832709,0.14677477110081236,-0.00773867483492094,0.1555699200205352,0.8380788579078247,-0.37598642297882806
['David Bowie'],[531986],-0.23177848736700676,-0.38645045685005397,0.2520753060746033,0.050535065791472794,-0.545435476242182,0.49959026932989736,0.08678617138983588
['David Bowie'],[531986],-1.3451138553467101,-0.12308964583111608,-0.04474913050831405,0.17637386049549747,-0.2507543795029432,0.7190210198134841,-0.13646759255110408
['David Bowie'],[531986],-0.6434591631875834,-0.1882642258394619,0.06331667075655856,-0.07576863354102607,-0.2499856067212359,0.6174317355750691,0.08694548912979878
['David Bowie'],[531986],-1.1450064855561661,-0.5131992306143105,0.028333582065699917,0.2836207073258407,0.009906010876471376,0.5437854558161822,-0.20170663617572812
['David Bowie'],[531986],-0.8103933133978056,-0.4927224589005344,0.021620996377090574,0.39175017335383666,0.012445607676566975,1.0082939510470217,-0.6533639520157448
['David Bowie'],[531986],-1.1012322794701226,-0.18388254048133001,0.051497150984597354,0.3074700608016864,-0.45691647990528506,0.4874165797547625,-0.18083903587103292
['David Bowie'],[531986],-1.0128743617708063,0.11080233525728427,0.34262752550955217,-0.007079793696915332,0.13117021141467305,0.46983928618868054,-0.20534022375743807
['David Bowie'],[531986],-0.27100566131880516,-0.27790816789833567,0.5827050279719387,-0.06256940424352661,-0.3767248569891165,0.4617117956740666,-0.12802503521846248
['David Bowie'],[531986],-1.1950594470892777,-0.18994936358182357,0.043532723106481895,0.33501036878238294,-0.625896790552353,0.5427124746282485,-0.151569352038132
['David Bowie'],[531986],-1.0616802681492035,-0.27107987600540634,0.026075877699216952,0.1689220130602819,-0.01885872353469921,0.4822972472996351,-0.09263051951352395
['David Bowie'],[531986],-1.2886408119682022,-0.08180396603003517,0.4324762409247817,0.25574206901111685,-0.4351621381857816,0.6237106989484767,-0.4461449522154991
['David Bowie'],[531986],-1.049892336910007,0.1815785736150917,0.3982357671495871,0.06395043819168186,-0.8508210127715878,0.6849777051756711,-0.13776267446301627
['David Bowie'],[531986],-1.1247270343169933,-0.37548242752790223,0.027243393732756357,0.22716692522639956,0.180740392353429,0.49570290217229007,-0.12511865117219903
['David Bowie'],[531986],-0.21538808001108578,-0.21567242226752015,0.3063352291933137,-0.0986337863104316,-0.1153445684877291,0.3829812487838518,-0.01621144276621254
['David Bowie'],[531986],0.12505848963455585,0.04874685956791517,-0.008260859556804116,0.0901126565483127,-0.5818090272200757,0.7972444235935677,-0.35981788831018985
['David Bowie'],[531986],-0.22836765071811285,-0.32094562333966425,0.5743052025047354,-0.09522335165296791,0.08746755501113082,0.5416708097673455,-0.19700333266023257
['David Bowie'],[531986],-0.9117854512535633,-0.03137857261370327,0.15253526497494996,0.010615965784320617,0.12824224612298601,0.4790481353203676,-0.0899865681778519
['David Bowie'],[531986],-1.1608811748209293,-0.40450756823549894,0.03405906164125903,0.3648290587947808,-0.524304253287085,0.6102973964902939,-0.1697077299174231
['David Bowie'],[531986],-0.8791497540632466,-0.11650872428513315,0.014336650946150041,0.01691502413787124,0.12602586713273928,0.45593771210437206,-0.010344451832937876
['David Bowie'],[531986],-0.9868491351011253,-0.05024417721406843,-0.020118643280108966,0.13483183077572555,0.14876326498380274,0.4228265514051588,0.022744383141977017
['David Bowie'],[531986],-1.14671272628947,-0.44039773641555446,0.051593911290682255,0.12719330794114206,0.19003800314340683,0.6689019023306666,-0.12975621798050727
['David Bowie'],[531986],-1.1781411001116082,-0.016499168933891018,0.5050530051890088,0.23196509982682165,-0.8096749886572969,0.7225978837639679,-0.39484807485510093
['David Bowie'],[531986],-0.8763605893662846,-0.05514668864234653,0.274387410700819,0.10788036416351046,0.1365223139143023,0.4262863275437395,-0.15454537904083937
['David Bowie'],[531986],-0.8834480652503065,0.0670858767599915,0.3147402154936326,0.038823646255490056,-0.06116974174751209,0.41133884167642937,-0.13979410872388917
['David Bowie'],[531986],-1.0514064992070948,0.028448755190737748,0.3153558832210262,0.04550852995538962,0.13581522361753523,0.411087474301719,-0.22208061725768874
['David Bowie'],[531986],-1.1248766079774717,0.7205250964281984,0.5657444432150384,0.09934672927941711,0.020107738443666603,0.7593768501726302,-0.5335513650612166
['David Bowie'],[531986],-0.9902504563203803,-0.3665352081540464,0.06839154219136157,0.18136886626970458,0.15283544556816248,0.3705174816486533,-0.14060845783677706
['David Bowie'],[531986],-1.0825239359211818,-0.4570164454087699,0.15890748565532017,0.2718831157493772,-0.43735652806865644,0.718472009184994,-0.14180009998508278
['David Bowie'],[531986],-0.3526980275417411,-0.26793453437066994,0.26265645570863966,-0.04968738079251192,0.0662902021132134,0.31344978695307385,-0.030657644487192243
['David Bowie'],[531986],-0.46423812661874064,-0.3396058351855539,0.5466363509785689,-0.13131978945662515,0.10315076958703519,0.6331567033027238,-0.029497359136497762
['David Bowie'],[531986],-0.46949890896274843,-0.1482671938226254,0.4284093153250831,0.0270273947742997,-0.7191058336791917,0.5554875552860836,0.0514703029340388
['David Bowie'],[531986],-0.4981286464682138,-0.386368537298885,0.20439296041190172,-0.03492796684962713,0.10416534475834581,0.4660153020334823,0.030463697043093495
['David Bowie'],[531986],-0.39211155848584706,-0.034065075276119516,0.09484304689235021,0.04377838433383819,-0.3999633401129523,0.15905314777155027,0.04319445946165322
['David Bowie'],[531986],-1.0932654719764106,-0.12811337241992016,0.012569349353882833,0.10581567550817472,0.15115780752651684,0.44102429035456847,-0.09495689898979869
['David Bowie'],[531986],-1.1815482723319195,-0.10270877893688328,0.14829802482102503,0.23828881120349715,-0.6333950564104665,0.6203903847607223,-0.20519079712631497
['David Bowie'],[531986],-1.2719274221691805,-0.27043596410132686,0.18262046220185243,0.33751138816683474,-0.6094327271588077,0.6510580206827205,-0.26700016648764824
['David Bowie'],[531986],-1.110371106114353,-0.07740296094019995,0.5700734146551804,0.04836583910901914,0.16001840532907113,0.5584513764425394,-0.39827853362887333
['David Bowie'],[531986],-0.26776220335206197,-0.2985679592285239,0.10162730767317528,-0.03122318019020093,0.030763100474575172,0.6607293454202623,-0.04867298365642793
['David Bowie'],[531986],-0.34728014688192,-0.2779404300388377,0.24899371145842236,-0.09586180928997458,0.09456926337305831,0.5419254114984213,0.1130978639981285
['David Bowie'],[531986],-1.1134144941225061,-0.34701086323534236,-0.013294721429662279,0.41023259779763144,0.06575466534070525,0.6969045624007992,-0.503223601670077
['David Bowie'],[531986],-0.8943390871789096,-0.27548055681681005,0.07195043178743005,0.16296117801204513,0.13959022280937533,0.3460499050668799,-0.02496313468475096
['David Bowie'],[531986],-0.8782191482177726,-0.06484301812645193,0.04213807830321761,0.010037482835857538,0.12606756740793457,0.4728928718278067,-0.012777714319836502
['David Bowie'],[531986],-0.6130071246745254,-0.39195706506489086,0.16810560267446867,0.00990300640902907,-0.05630680231544573,0.5520093835829151,-0.02452229750983475
['David Bowie'],[531986],-0.5550674065090465,-0.20796653450327912,0.08004965198011287,0.0953310709492873,-0.7926917986432875,0.5242736480404719,0.07910849626007467
['David Bowie'],[531986],-0.6238320931305821,-0.36661926758985003,0.13330198621275755,0.02230564550191323,0.11568135324647019,0.4423245286123719,0.029768861377126324
['David Bowie'],[531986],-0.9323259461068961,-0.19214399323791373,0.3196344667681305,0.15816392937811338,-0.3055571281599351,0.48841802005271895,-0.2405947171432749
['David Bowie'],[531986],-1.158380917316543,-0.3705073485665404,-0.03574889467683796,0.3369446504758455,-0.7905122349598853,0.7460137538511815,-0.1080982629854529
['David Bowie'],[531986],-1.0662677605184914,-0.11783333179712382,0.10221548813905869,0.15302921751135062,-0.4680449163927614,0.6620188328215492,-0.048490739614582834
['David Bowie'],[531986],-1.1399067751775063,-0.27742689856501007,0.17132437736757142,0.07820305617780385,-0.000960906290861849,0.6627821755652561,-0.2134619033585018
['David Bowie'],[531986],-1.0203846819299898,-0.42854353574838133,0.23999130955446965,0.22438656759768258,-0.6254426093438169,0.7412057278971123,-0.22193569256669168
['David Bowie'],[531986],-1.0152580465358152,-0.23564869484604478,0.15845739159797595,0.2921888844480889,-0.6339805873516459,0.6094439737925398,-0.14977776069300006
['David Bowie'],[531986],-0.9129026820904251,-0.5884595983837546,0.12256263115335386,0.3825025669859668,-0.7135474114463164,0.6132333301680157,-0.13585686571935615
['David Bowie'],[531986],-1.1656121797059529,-0.4857862557279496,0.15901579928775214,0.35631852215995297,-0.1607810923046379,0.5474321215757149,-0.22583773296393367
['David Bowie'],[531986],-1.1040814522548954,-0.5945303517956556,0.10546805371577388,0.3133531911679869,-0.33643745885446463,0.676274075579826,-0.21279050388634121
['David Bowie'],[531986],-1.0192889493123203,0.011802068961592752,-0.1256206899640872,0.4402345855775444,-0.40463609296438235,0.6161220014799133,-0.42670782295739973
['David Bowie'],[531986],-1.135236762842295,-0.5129096475356044,0.20034855527530382,0.22759948857425127,0.11034047557171846,0.6373545628570598,-0.22360898047378772
['David Bowie'],[531986],-1.22418653624304,-0.2939454605905058,0.04464929774060994,0.44971477046618463,-0.6904481098773234,0.6036958122959691,-0.17356255923748432
['David Bowie'],[531986],-1.4065054379150328,-0.21701747859993828,-0.02546947213445588,0.0817762094781427,0.2078780799916799,0.7641930235878758,-0.1598162422611305
['David Bowie'],[531986],-1.2179215643425623,-0.41720051869705166,0.01448819399513361,0.3171872666935439,-0.14391927832079007,0.6794792903638343,-0.20631992471447128
['David Bowie'],[531986],-1.205666456393892,-0.41910618017253826,0.0957760952683777,0.36836352348578383,-0.5170991051299044,0.6404257834532353,-0.21835088566990798
['David Bowie'],[531986],-0.4052987426696685,-0.5215955557295963,0.21924823257559872,0.04012888257635061,-0.5217149324686075,0.6008997167776234,0.015735103395639296
['David Bowie'],[531986],-1.1805000081366046,-0.524632531561731,0.004814538569107038,0.20158771254713456,0.20129344727434365,0.6810665265028434,-0.16093375329727966
['David Bowie'],[531986],-0.43228585319904367,-0.3786016640173824,0.189712452474489,0.09134137150942541,-0.4475925600583902,0.350788975067458,0.026353463956704373
['David Bowie'],[531986],-0.8338005404732249,-0.1603571747611762,-0.034376086464179216,0.13521366559613937,-0.49454451287486917,0.5614038939496775,0.08794136794079646
['David Bowie'],[531986],-0.6572519225494087,-0.20961586529420256,0.0868646907119207,0.02879096221169754,0.10010567491147476,0.32099658924650476,0.02958239493253702
['David Bowie'],[531986],-0.9403340263402848,-0.43234260020427745,0.1655179905004789,0.25667147309129934,-0.02355679408858021,0.4183954500378599,-0.19148101175558424
['David Bowie'],[531986],-0.7985581839398884,-0.08447275358525222,0.06265216912432202,0.07218763225878819,-0.06631949435038316,0.38867196415711286,0.0359372441921015
['David Bowie'],[531986],-0.677951398571082,-0.42980520001649775,0.11641135239101559,0.14696417238719653,-0.6699323525220574,0.6368266389443262,0.007384497865078773
['David Bowie'],[531986],-1.0404812809911559,-0.058878230906763876,0.3455538386497656,0.12845339207534134,0.06705523222156907,0.4810608890292651,-0.2322201222407844
['David Bowie'],[531986],-1.2229512562880445,-0.417391744362352,0.005403025109002774,0.3178062056836986,0.02226808760109019,0.5264414179107053,-0.22922081685964316
['David Bowie'],[531986],-1.2115035699116203,-0.4683111458066882,0.006312693640983182,0.34015263102441723,-0.4166096807195865,0.7245223249482609,-0.18961915991499084
['David Bowie'],[531986],-1.3235316880374621,-0.3985925104813299,0.048352285632692664,0.44887461339376333,-0.5956226432551645,0.5744602644443918,-0.2278789838333853
['David Bowie'],[531986],-0.8635538850762663,-0.3345237801972954,0.07334569357231302,0.28724496374653335,-0.6519358738524927,0.491984345368963,-0.09031954695770684
['David Bowie'],[531986],-1.1324961526061519,-0.16175115154805078,0.02331410714322443,0.3287197185508611,-0.4310960797433892,0.5928276092516562,-0.32704068412660764
['David Bowie'],[531986],-1.2751932312628014,-0.39985239410106677,0.0311837999172442,0.25552885881502113,0.19539282823357995,0.5037291860038194,-0.28392902850762586
['David Bowie'],[531986],-0.6994148665917004,-0.5532798949676386,0.1366961818040628,0.18319137996984175,-0.654915762088582,0.7307513111788595,-0.04894577052858494
['David Bowie'],[531986],-1.225471502123957,-0.3429573532216673,0.19248030622695256,0.23901758683966873,0.011066928909271993,0.5467765798846471,-0.39091549777864887
['David Bowie'],[531986],-1.16569670874996,-0.14538378915136538,0.06099589923088354,0.18261343165029797,-0.45907402791763063,0.5915881886134657,-0.1531056199053013
['David Bowie'],[531986],-0.6238320931305821,-0.36661926758985003,0.13330198621275755,0.02230564550191323,0.11568135324647019,0.4423245286123719,0.029768861377126324
['David Bowie'],[531986],-1.2210777995684574,0.07620220151455337,0.014165431415242511,0.18054632483804034,-0.1957034656410674,0.4580873708615734,-0.09205824046760638
['David Bowie'],[531986],-0.9829465054616449,-0.7285446282665047,0.13577118154054083,0.2931458674175823,0.22435985338187642,0.7055272207014582,-0.27057675269730336
['David Bowie'],[531986],-1.3034692233723606,-0.2685527045640281,-0.0074768826319294894,0.3489750367536528,-0.6955868497260749,0.6549789758957522,-0.18571867425492034
['David Bowie'],[531986],-1.2631726426524061,-0.24407556494810237,0.07614043058528332,0.2701258590736264,0.19252997051458662,0.4463317420854211,-0.21343881501294248
['David Bowie'],[531986],-0.8648893541214809,0.06426511840628751,0.028206408516882702,0.21907137439651464,-0.6748031501868105,0.48094542862513434,0.012653481073675714
['David Bowie'],[531986],-0.5863066691111615,-0.2349763583603174,0.060601270332917234,0.04393081521304037,-0.07313041305341508,0.43924249365831636,0.07105594646836418
['David Bowie'],[531986],-0.9047558150701959,0.011515098105869911,-0.01599847188961614,0.16576056449130408,-0.24646252937731414,0.24108915048118634,-0.0238304361707161
['David Bowie'],[531986],-1.1777103392402126,-0.29819029382714474,0.07782305062836604,0.12327854251844103,0.19084314722836945,0.7116895415966744,-0.02098355081359785
['David Bowie'],[531986],-1.0156817883431428,-0.24207549912646073,-0.024691998329874145,0.3588948090006575,-0.6433666736590793,0.47793198132634207,-0.09238374851075487
['David Bowie'],[531986],-1.0413722755172237,-0.07543574712201317,-0.060148952898193886,0.32108231610688803,-0.44153338169744794,0.5534047535779778,-0.2935513317445282
['David Bowie'],[531986],-1.1761354414879353,-0.27378171127162193,0.10497912227649285,0.43353851757889816,-0.5832163290378727,0.6806936248433038,-0.5162137787059953
['David Bowie'],[531986],-1.203281053220478,-0.26588528273336565,-0.03508213676247824,0.3231880728358074,0.055525028197377466,0.6959230361095868,-0.4365627534025809
['David Bowie'],[531986],-0.9171343185539959,0.03122990260111604,0.08116922347609538,0.09613543965550934,0.11246507259013372,0.22389177699105822,-0.036995001999628574
['David Bowie'],[531986],-0.8536454072977033,-0.31671749919710995,0.19086082547003846,0.15005963664405295,-0.6577945432417638,0.6801969263175673,-0.07180509329588648
['David Bowie'],[531986],-0.09463903951405583,-0.4203256953049719,0.22714986239873605,-0.13580013587783493,0.06286252278145243,0.45106922246089287,0.18856438973727802
['David Bowie'],[531986],-0.8468494761165036,-0.14884494182552857,0.4311341524221951,0.17243662242264268,-0.22739603089023944,0.4100819356341351,-0.2508252957515827
['David Bowie'],[531986],-0.39753739733596566,-0.40627777417304134,0.14655896569636626,-0.11570982750628041,-0.2561541169417031,0.7096941670822159,0.11355311914896325
['David Bowie'],[531986],-0.46407229081208184,-0.27355812111578354,0.06113774287712928,0.13764260099960623,-0.5243196103184828,0.48914942295064834,0.14013556803844726
['David Bowie'],[531986],-0.8859257046391983,-0.46242120108515405,0.2853953869572711,0.09690199880382491,0.16035613792825534,0.5804775650661314,-0.15297384148375462
['David Bowie'],[531986],-0.7662215748894102,-0.32608431188659825,0.21758427693532842,0.04535568122172404,-0.04331567515219532,0.5479611138466303,-0.06323222355866602
['David Bowie'],[531986],-0.6234829699232508,-0.12068089485940924,0.05722812704891047,-0.06863429709245149,0.09888210690734033,0.42447693574732004,0.1104641142695308
['David Bowie'],[531986],-1.0902204606303305,-0.23525001989777708,0.015132663305436528,0.3380511761748091,-0.4399584907488308,0.6008913637906633,-0.0668216770090469
['David Bowie'],[531986],-0.2518048401874366,0.34998506212319114,-0.11262910514258992,0.31184594493971446,-0.832813670464103,0.5871976754953043,-0.4772334171047743
['David Bowie'],[531986],-0.9773022076588787,-0.2812196969674313,-0.002413656664495031,0.235171216776211,0.09607335739732598,0.5303973741008955,-0.1932986004195947
['David Bowie'],[531986],-1.334849387525503,-0.2824221154640045,0.14594109444048603,0.33568058553820873,-0.597394092978193,0.7023623650933006,-0.22733366627551557
['David Bowie'],[531986],-0.4153166027191372,-0.5133537165545029,0.2197310063861856,0.02512441511360086,-0.25736214174016103,0.4902403234774531,-0.04069109392003255
['David Bowie'],[531986],-1.1750711119819157,0.010079623628275535,0.04445263226299937,0.12405953364842184,-0.2793238201087441,0.6557474972323024,-0.07779642326264204
['David Bowie'],[531986],-0.8214021964014138,-0.010267254525775597,-0.03771135915280461,0.19512527322075354,-0.8643712130815066,0.4947215828732945,0.06434667140653393
['David Bowie'],[531986],-1.0434433582249503,-0.33936488932485065,0.11479643333738983,0.21521274008452163,-0.01955638626626621,0.442251073480151,-0.24280625055137509
['David Bowie'],[531986],-0.9050229246998579,-0.2970451019082863,0.010634037823390171,0.12316415950516234,-0.20630080356637223,0.6211286977801903,-0.034071079785677506
['David Bowie'],[531986],-1.2267166227965727,-0.26907695541818605,-0.0007673762690046715,0.38471164438851874,-0.8003007575330874,0.5652731883971226,-0.24106201744709316
['David Bowie'],[531986],-1.0103136943076525,-0.19489103043889278,0.05193378141708914,0.13718881391005883,-0.0257964356657653,0.47931540547282236,-0.10227007294360466
['David Bowie'],[531986],-0.9173707082813085,-0.06436882679326919,-0.03413830001549907,-0.020103555485385904,-0.4859530760449612,0.7543574804900147,0.08630187866388468
['David Bowie'],[531986],-0.533671959522278,-0.11557808994770155,0.34109798927391466,-0.03631908132995361,-0.5338955747550094,0.5331808941808971,-0.07116327931269588
['David Bowie'],[531986],-0.6828587009373159,-0.2705483980861821,0.0935129336964044,0.06976567686547797,0.1094804968985177,0.3095202116530963,-0.0602219052563619
['David Bowie'],[531986],-0.42627744231118303,-0.2311013548324254,0.13947244449588433,-0.0579388376389096,-0.35506191595795283,0.5653566053812585,0.1160061850688449
['David Bowie'],[531986],-1.1603453974752103,0.10423877952814227,0.21269587568166284,0.10712062615120581,-0.6402240300527949,0.7550496662171199,-0.049616384334208646
['David Bowie'],[531986],-1.1229526531145746,-0.5205324548694817,0.09428934319344355,0.23659857625463918,0.19749280252635618,0.5979036688523268,-0.19667811815287675
['David Bowie'],[531986],-1.248292309866966,-0.158035923082349,0.1327445578587694,0.2382973369530243,0.006892145062124925,0.5069488986368335,-0.21952947676504272
['David Bowie'],[531986],-0.984996112908828,-0.09526426541354445,-0.08166826530773026,0.29245730612593224,0.2007869022319173,0.5060777345126334,-0.3761391050601851
['David Bowie'],[531986],-1.0084277936863173,0.1037355353630482,-0.051534216401108134,0.503418552113087,-0.4371340055143942,0.8883241773134241,-0.8824964225318511
['David Bowie'],[531986],-1.2641631633585475,-0.2630805266056295,-0.0006977260440329942,0.41143045442289133,-0.5739103462285076,0.742495223710286,-0.47292920581277925
['David Bowie'],[531986],-0.9662923995587916,-0.08110600724136072,-0.14799781005982726,0.4675598012497555,0.2878985687422064,0.8182559814833931,-0.724807437922751
['David Bowie'],[531986],-0.7980601275462906,-0.3540590388092995,0.12151699903862379,-0.06470773054134499,-0.6536866031457381,0.9657746317918809,0.028034748483657074
['David Bowie'],[531986],-1.0161071240332615,-0.4167006561450722,0.03401161602094154,0.2793465802916574,-0.6029989144837359,0.7909878767541154,-0.30230377859956115
['David Bowie'],[531986],-1.2767560191401965,-0.3907731357812678,0.022952175270728577,0.1480826594569308,0.20510946055222876,0.7442419789441602,-0.11265087466564569
['David Bowie'],[531986],-0.8692949835837658,-0.007753601845563525,-0.008821879602935422,0.07615887407893532,0.13095154085477076,0.4124860668570064,0.05393819720871431
['David Bowie'],[531986],-0.9522675333708421,-0.03268769545034472,0.008243159644843288,0.011047495268685793,0.1321773130511059,0.4540474497403947,0.00365864730984525
['David Bowie'],[531986],-1.3359800043119274,-0.25024701292244234,-0.04852354737728757,0.30988292262575606,-0.4258301186714222,0.62368366466071,-0.20154544012162542
['David Bowie'],[531986],-1.279736918170286,-0.14389766531825135,-0.010392085140856419,0.32635889969916615,-0.8039845384206579,0.5956395108398507,-0.1621008241145715
['David Bowie'],[531986],-0.8099776507012459,-0.07280806000951014,0.6247894874588297,-0.026754340253448576,-0.6779309137527466,0.6964908336068365,-0.3170324069961208
['David Bowie'],[531986],-0.7515391116007947,0.0868939416363905,0.3500384453777738,-0.09348935708984969,-0.875059455035425,0.7644401773256054,-0.09944245315832614
['David Bowie'],[531986],-0.5859727835053355,-0.14397714383577825,0.493790405704891,-0.10221061743504217,-0.5296436613373638,0.6465547806762122,-0.21632442594324336
['David Bowie'],[531986],-0.6504168524101662,-0.05778700090622321,0.5861338386065611,-0.1709314100358017,0.09898819489707697,0.5378646685197819,-0.21589063923464205
['David Bowie'],[531986],-1.1497714709145683,-0.2523861418896886,0.1009759507050894,0.28495069688142266,0.0003997772476257911,0.45550929597406725,-0.10031162391378275
['David Bowie'],[531986],-1.1194000919572396,-0.15909450896211302,0.024950255948873037,0.23204172387625857,-0.6378323821305335,0.6245896421223104,-0.07086014905207486
['David Bowie'],[531986],-0.9315618076727914,-0.3605193177976199,0.07511936545906835,0.35515330526333555,-0.8197061558602038,0.54829883629525,-0.10321943961100621
['David Bowie'],[531986],-1.2955215545013723,-0.28229974699590016,-0.04578332808905018,0.31696027145857636,-0.1481355253863784,0.603297342944017,-0.24289798342479488
['David Bowie'],[531986],-1.282876382691031,-0.15544082926426694,0.09669995280627289,0.21953140143850686,0.17785129249433873,0.4332457619468153,-0.10280939928645011
['David Bowie'],[531986],-1.061046646289953,-0.0674738982374923,0.03360496666264808,0.2769946101723643,-0.46306028639095304,0.472771708050166,-0.20837810782571933
['David Bowie'],[531986],-0.981233250021443,0.037608693060770235,-0.028574598906716504,0.22337734740466103,-0.7722103652622808,0.3628842034770903,-0.03653344021457074
['David Bowie'],[531986],-1.18992200236956,-0.5237574406978491,0.16953637936684587,0.28827043139861147,-0.06125063228662021,0.6548691763532816,-0.2712637217368958
['David Bowie'],[531986],-1.2374524600752694,-0.4250781852960342,-0.0363600217433659,0.3365503562515351,-0.3139953253483276,0.7492734945733899,-0.28244451302416157
['David Bowie'],[531986],-1.231018127503914,-0.3476130709164243,0.039075181775379615,0.26669237887836456,0.1987676854233808,0.5255494024910276,-0.17139193699429547
['David Bowie'],[531986],-0.6219445460551234,-0.13465646022598363,0.07587789235669531,0.06181683599324215,-0.5189984442727452,0.5053477080932067,0.05669193857059255
['David Bowie'],[531986],-1.1074476124642518,0.11706275673367465,0.29955913797878153,0.009057245308614752,0.14004345573333796,0.45372148588851585,-0.2246553967332298
['David Bowie'],[531986],-1.11451294367607,-0.3993494169294751,0.039123869520300385,0.3388779153659792,-0.4484933196338457,0.5283725643566953,-0.20378597126261344
['David Bowie'],[531986],-0.4330382323241308,-0.1853591581094789,0.1368648660174117,-0.08036955210713305,-0.5423341267092107,0.5608889522569354,0.10096353666307518
['David Bowie'],[531986],-0.8167609006412283,-0.16867167777972814,0.04916401528408354,-0.10149253860562606,0.1318876129181712,0.6434527087124353,0.04887600779768867
['David Bowie'],[531986],-0.8874449659002343,-0.1920213573943483,0.07125498753241999,0.07064621283002084,-0.48735081893112525,0.6657708988969429,-0.04124905730720115
['David Bowie'],[531986],-0.2277726664055123,-0.20878045974746362,0.12933072887703412,-0.0028473656519574465,-0.7281894977830948,0.5468201334492164,0.1144017236130228
['David Bowie'],[531986],-0.849193391674623,0.07336843571838016,-0.023273217713760404,-0.1126616530928336,-0.3278283879255856,0.6904748114634864,0.12398093154625926
['David Bowie'],[531986],-1.013590253722918,-0.29721491375992154,0.19002004157695052,0.1853653849200741,-0.28677467053453953,0.5542189902562279,-0.17599371129402727
['David Bowie'],[531986],-0.8363125194440942,-0.03386637151378352,0.25018333885219607,0.19134546121860038,-0.33386190973219876,0.2697655087604228,-0.15622584252056457
['David Bowie'],[531986],-0.20490872892403025,0.11946337903193363,0.006155591065349801,-0.009417324701860418,-0.43695821075330465,0.5848558426844817,-0.08063527206959041
['David Bowie'],[531986],-1.2692907633145742,-0.14125483930627547,0.041521310036347917,0.2896672824275184,-0.06194190275469694,0.5792011172909974,-0.3053571376174898
['David Bowie'],[531986],-1.3527047723858032,-0.293142741327924,0.024550909653401978,0.33941735418417074,-0.42350488043723983,0.6115653273650216,-0.2036119702770725
['David Bowie'],[531986],-1.3440788405531354,-0.2623475511274924,-0.012744284726800642,0.1055997212963443,0.027384275232356176,0.8129710787156225,-0.17028300933056814
['David Bowie'],[531986],-1.1563917988121122,-0.09628651487787196,0.2762035665416142,0.24859825069460614,-0.46285802497358697,0.4852209035002132,-0.28743757763199895
['David Bowie'],[531986],-1.1740828792168228,-0.5954803990869437,0.06892069540246602,0.26710094831643666,0.2042076232261803,0.5867757504168314,-0.1613390195530672
['David Bowie'],[531986],-1.2304821239403487,-0.41261231405520693,0.027389573119086616,0.3883228808948612,-0.425769904440856,0.5549734779727793,-0.1977762374025831
['David Bowie'],[531986],-1.1274702398778857,-0.3213979073167767,-0.04944524742582749,0.32122869394264914,-0.7987162360637049,0.7201154158332518,-0.0890622802054869
['David Bowie'],[531986],-1.251504533243978,-0.23114578989199558,0.02962483686068783,0.4054007000763072,-0.6549919906370473,0.8713263366089676,-0.32646570254814056
['David Bowie'],[531986],-1.0712264205260926,-0.4948674038927164,0.07747157898614522,0.43343809291193297,-0.7033538418787112,0.5687533682934781,-0.154506922489112
['David Bowie'],[531986],-1.0681718238908289,-0.17820151804008016,0.08459839846124054,0.25587615355424503,-0.29403739981003646,0.3886230045800986,-0.09039757618542756
['David Bowie'],[531986],-0.4155210261429043,-0.14357338061174246,0.24018727380159968,-0.08775309815329545,-0.27817873638653573,0.4607381739947795,0.07769359462972088
['David Bowie'],[531986],-0.8021282219996744,-0.3690999728236096,0.06633722373184757,0.02298614050117819,-0.4777541557232416,0.8062258692455132,-0.0035774954574791435
['David Bowie'],[531986],-0.9477997205355895,-0.08656808427949421,0.05037593455783105,0.012134061544155507,0.13349016949502532,0.47596459960281085,-0.04967700406776803
['David Bowie'],[531986],-0.8882580784112493,-0.028494831168364352,0.0031569341534437943,0.00708094777782913,-0.057425058172014785,0.48246201666772226,-0.008752501922714897
['David Bowie'],[531986],-1.3728925179803333,-0.3138430053761506,-0.0626939750806932,0.2635673274593805,-0.5937451148449693,0.8214241707454442,-0.1834292028126538
['David Bowie'],[531986],-1.0388502914483695,-0.06446940962310835,0.3406449376519917,0.22352300238388176,-0.6533785089531563,0.6284817934777761,-0.09266540937895074
['David Bowie'],[531986],-0.8624650113696132,0.36058272089238236,-0.026849135912996126,0.3530198557689464,0.24763385841320612,0.6645839593838306,-0.7917912818561346
['David Bowie'],[531986],0.003394526477271025,0.030824708055317056,-0.005454499083561564,0.3080720444695921,-0.6383987369618981,0.6739865302142187,-0.530109065851026
['David Bowie'],[531986],-0.19232108449381538,0.13399635691771766,-0.047219196554928844,0.23970072691638253,0.08410369463403239,0.5876710437893117,-0.5526190107065021
['David Bowie'],[531986],-0.5030206827416185,-0.16369814018422263,-0.057764743894287096,0.3300036156974939,-0.6640076458605324,1.020551073154839,-0.5501689534683676
['David Bowie'],[531986],-1.26612091342719,-0.42179324277395497,0.1796883809258248,0.3360201635237707,-0.4201466830959592,0.6586072634453815,-0.288074636343873
['David Bowie'],[531986],-1.2689512431014063,-0.28310505560803817,0.19140417598592765,0.30013434479987566,0.01423640644663413,0.48042580028914483,-0.2596280996046739
['David Bowie'],[531986],-1.2664158433223338,-0.2504310402164542,-0.00012695301712872657,0.23258897297004077,0.0067796040278045545,0.5178857210741827,-0.17154603603045823
['David Bowie'],[531986],-0.7163333847422589,-0.30306736820906105,0.1128307877731475,0.05232336598141371,0.1205143151573327,0.4137582704649764,0.00497548425157379
['David Bowie'],[531986],-0.6247638390864036,-0.6298829039217617,0.15685651316035362,-0.05057921527529058,0.14654825939659083,0.7560877889169457,-0.0021714990757966896
['David Bowie'],[531986],-0.682550342059326,-0.7793800804695017,0.23011519519349027,0.15928386560296542,-0.19730862763312,0.6937413587302504,-0.10842680839850159
['David Bowie'],[531986],-1.3116597671833317,-0.4012795629964176,0.039259158029470095,0.2905551128913816,0.024494572704711764,0.5541490334370943,-0.26349758949342234
['David Bowie'],[531986],-0.8928897582530458,0.21932887408329058,-0.08350495443680313,0.43602007583334107,-0.40858571370428376,0.5988245175981924,-0.5132718938833295
['David Bowie'],[531986],-0.15018829560259064,0.31856786087425903,-0.07571977833861059,0.14212545231268864,-0.28088640772872764,0.7493904540163803,-0.4994771792379998
['David Bowie'],[531986],-1.0632732778302523,-0.45491611486111727,0.3583816014165918,0.1316380034603048,0.09596228435903409,0.6497092629315241,-0.2834078179154803
['David Bowie'],[531986],-1.0388829977232703,-0.3058636848083631,0.007718483319217136,0.3847002446149862,-0.7252351413304401,0.5210421658592832,-0.05122100725885575
"['Dean Martin', ""Helen O'Connell""]","[813392, 954646]",-0.5982907684470808,-0.7056286120460598,0.3440346787758947,-0.00336835562275465,-0.03213920479530772,0.7365032834892228,-0.07274980290982555
"['Dean Martin', ""Helen O'Connell""]","[813392, 954646]",-0.33509244907144065,-0.5494406461273085,0.2908421003337199,0.012520105977426824,-0.3501038257413048,0.5295833308752406,0.020930234640999617
"['Dean Martin', 'Jerry Lewis']","[813392, 278559]",-0.5696696861226123,-0.6653233186116723,0.2128695324042543,0.0942558203257824,-0.8408010560596841,0.8466643380785144,-0.01978505857792434
"['Dean Martin', 'Jerry Lewis']","[813392, 278559]",-0.37744096685607287,-0.587946502806072,0.209700891492396,0.03994368153770995,-0.3443158683659331,0.5294052271974403,0.036257805476809624
"['Dean Martin', 'Jerry Lewis']","[813392, 278559]",-0.49467706995884164,-0.7426100112802771,0.45713992210328475,0.19977224969861196,-0.310994666209496,0.5951887531438224,0.009212457853241025
"['Dean Martin', 'Jerry Lewis']","[813392, 278559]",-0.5279923913392389,-0.5605698266680775,0.23914680294783378,-0.09293982032643873,0.04135073345621114,0.780429524050238,0.14240899538001742
"['Dean Martin', 'Jerry Lewis']","[813392, 278559]",-0.5911959422781591,-0.4774684941080199,0.18456363725820352,-0.009208232930991406,-0.1497290371609999,0.5634512303418356,-0.003455811248023226
"['Dean Martin', 'Margaret Whiting']","[813392, 571845]",-0.41421511918829573,-0.5884832921620621,0.18290057743138502,-0.0340158773705561,-0.15609337596255654,0.623645841246466,0.0925317731866196
"['Dean Martin', 'Margaret Whiting']","[813392, 571845]",-0.7089831702074321,-0.519858119999704,0.12059936920264874,-0.09184251574435605,-0.03342343416863418,0.8254365936573458,0.05506285510755152
"['Dean Martin', 'Nat King Cole']","[813392, 317093]",-0.6531095093439383,-0.5440431494113586,0.19403425178204325,-0.036978491915654096,-0.13139275283444685,0.7193071093919867,-0.014630022350764377
"['Dean Martin', 'Nat King Cole']","[813392, 317093]",-0.7280445676014268,-0.5768351569491297,0.5547608800716107,0.0004923481616618339,0.15670567186927042,0.7884318802705589,-0.04788580764552402
"['Dean Martin', 'Nelson Riddle']","[813392, 322027]",-0.722717349079365,-0.5723435843670953,0.3663889064318924,-0.00665205672024804,-0.02871081054102286,0.7243607361688529,-0.14758197959234443
"['Dean Martin', 'Peggy Lee']","[813392, 467749]",-0.3764372376526785,-0.6901364184361349,0.2706465586918263,0.05041565678127496,-0.4182814673650057,0.6673634154483318,0.00557976645832334
"['Dean Martin', 'Sweet']","[813392, 536275]",-0.5028528196169127,-0.39574177071871786,0.14323184436134329,-0.22352577478552882,0.10763880657904144,0.7281614186483188,0.06386349864386569
"['Dean Martin', 'Sweet']","[813392, 536275]",-0.7321055647495952,-0.5858915164811319,0.1529385182678192,-0.1141624536215325,-0.10871264205845325,0.9771489806070334,0.03058483597343085
"['Dean Martin', 'Sweet']","[813392, 536275]",-0.2244567412067815,-0.1724333846059245,0.2751791865041007,-0.03799576659633369,-0.39207954867499056,0.3360449362866164,-0.033678960118876
"['Dean Martin', 'Sweet']","[813392, 536275]",-0.5232237897983533,-0.39014192364833095,0.13878466999077096,-0.22444250910004546,0.10960241820578145,0.735353700999003,0.06151799443833243
"['Dean Martin', 'Sweet']","[813392, 536275]",-0.48272713317642363,-0.43590398286992627,0.32366829643878536,0.004216310737677932,-0.25252948172491746,0.5092326027476034,-0.039057195737790706
['Dean Martin'],[813392],-0.6622177461334421,-0.7302034457516262,0.23763222404131842,0.11960604356765846,-0.021672339115325106,0.6590974944875698,-0.06770758318505654
['Dean Martin'],[813392],-0.32799286702382396,-0.65490840238816,0.23813666592261606,0.1292017762005428,-0.7828951970050017,0.6484904280594208,-0.023217729806991178
['Dean Martin'],[813392],-0.500828507340633,-0.7317658991812419,0.22734526994599225,0.15365381364578762,-0.5756085850663599,0.7054102084810693,0.01976372907861179
['Dean Martin'],[813392],-0.5476777406492552,-0.6750449547320714,0.18884573230227442,0.06513489067960433,-0.48759990045410717,0.771227118335764,-0.01459915510469517
['Dean Martin'],[813392],-0.1463924615791378,-0.4236760169297648,0.22674395740475436,0.058550428682684424,-0.7397499836392423,0.430586056733938,0.053992225638982705
['Dean Martin'],[813392],-0.13344546500401244,-0.2110294831389823,0.1880882973708426,-0.06862334725365171,-0.6693149146810362,0.41140458790971873,0.04438750510394521
['Dean Martin'],[813392],-0.10772564773601856,0.05336350692988249,0.0385782187355695,-0.11493392812133327,-0.8986912735844584,0.7968977415579255,0.03844844657379653
['Dean Martin'],[813392],-0.04888004968254193,-0.017098876102707158,0.1391734718801552,-0.023196756594516258,-0.6494092657523846,0.48797979574092887,-0.09740664083895559
['Dean Martin'],[813392],-0.13770078049692602,-0.15100283899392533,0.1780413847109648,-0.2282620045487251,0.03706616347908349,0.3183310284428696,0.10402497174196786
['Dean Martin'],[813392],-0.4266981863912855,-0.3156510197157535,0.20864194761432645,-0.033009517353404766,-0.6261424134129114,0.5778823626594983,0.010671127321627758
['Dean Martin'],[813392],-0.30701598960921256,-0.5673411137835186,0.28844201025579064,0.007932900361342563,-0.17761120886034673,0.46258210062562977,-0.04502834743775082
['Dean Martin'],[813392],-0.42266633853720026,-0.3033201560710506,0.31437573620423526,-0.027507777227070453,-0.6277281445700894,0.5538491958390402,-0.058716150752709556
['Dean Martin'],[813392],-0.10798566591223199,-0.3376469109720096,0.22758376544052075,-0.05493156954100385,-0.39968200866605313,0.34108215540467257,0.11573632228980547
['Dean Martin'],[813392],-0.19326607107098367,-0.34309878943670363,0.2239179153262307,-0.09443227361638894,-0.5564273832174912,0.5828222012118003,0.1634635139128598
['Dean Martin'],[813392],-0.5717759706046317,-0.297499201521213,0.4058627521346115,-0.08558090726508848,-0.16108809139756083,0.5733254196214025,-0.12619200334126154
['Dean Martin'],[813392],-0.14146606867443676,-0.3325681977230178,0.23764601003467833,-0.20251194687194918,0.05614973749490268,0.4498106116534537,0.18719004973409578
['Dean Martin'],[813392],-0.2849535443897391,-0.08948083045525387,0.11462965886839997,-0.19090506858329023,-0.571717335756086,0.5344798257673662,0.1513385866041129
['Dean Martin'],[813392],-0.45704881502530054,-0.29213389572695214,0.1777795487915265,0.018303541954153284,-0.8035826798680582,0.5610011845702427,0.008634768255106768
['Dean Martin'],[813392],-0.7635776530036363,-0.39715854880773155,0.3913169394978917,0.07663902436308982,-0.4863133730391564,0.6338161331614154,-0.20886562926878222
['Dean Martin'],[813392],-0.7287525069771877,-0.6177640945663077,0.2878746848205333,0.1584295438855408,-0.6468935145003862,0.7899780183949748,-0.10976339806543271
['Dean Martin'],[813392],-0.18445695391832417,-0.06147561081921036,0.2361706897440312,-0.1645997972873141,-0.5033501015072911,0.36401842200111906,0.06458547998639481
['Dean Martin'],[813392],-0.6645398086335061,-0.6026597751596094,0.18680283359200484,0.01886100915731335,-0.29900999101298176,0.8205724901174369,0.0007022628517869534
['Dean Martin'],[813392],-0.6312978620548653,-0.7366793200317661,0.18069141079811024,0.23317321610602557,-0.6434322695606682,0.7533955177770768,-0.026875183141673267
['Dean Martin'],[813392],-0.44440707365689736,-0.6057256281277686,0.1873395171488477,0.019178375384729003,-0.32715203197000897,0.6584290944926023,0.08844896786477897
['Dean Martin'],[813392],-0.12408534745496272,-0.28849147890030996,0.24717519418920988,-0.06003482411014023,-0.5793120795733714,0.38645732384618964,0.0667105704787524
['Dean Martin'],[813392],-0.3299637097770512,-0.3181472093941393,0.23469074764441492,-0.16891956785446718,-0.18734583655438686,0.6024309121048987,0.08231463728786442
['Dean Martin'],[813392],-0.15481494765171114,-0.25521292901063447,0.35905400697792955,-0.1326316691161926,-0.22001532090909057,0.37760777748271174,0.005939449452960279
['Dean Martin'],[813392],-0.26202947099024265,-0.10239058280469647,0.1685401884249278,-0.2539462859643379,-0.4736779124003901,0.676265625973605,0.20456093470006323
['Dean Martin'],[813392],-0.2315067609664104,0.14212893426652143,0.10631601161257674,-0.007355754434309101,0.04761859658391524,0.6957203523712299,-0.3509437962452568
['Dean Martin'],[813392],-0.37892798568267805,-0.12955538798178298,0.2689433254489322,-0.060125246741369466,-0.8248764008915357,0.5311923728528901,-0.021758229014187974
['Dean Martin'],[813392],-0.3573561022965966,-0.075042196374556,0.10705881018542626,-0.21683585415526715,-0.3803059660970083,0.6175360777308776,0.16484337204119778
['Dean Martin'],[813392],-0.35338134099934615,-0.5114816850026007,0.1953620693674644,0.013240782150052416,-0.15567940038125255,0.5782471875017017,-0.06054589597645666
['Dean Martin'],[813392],-0.6738114785290128,-0.5028773400343687,0.3447216996824026,-0.00597420609686502,-0.3095973864049815,0.7234993286153106,-0.16226047424088433
['Dean Martin'],[813392],-0.7102678276881702,-0.7342936092488666,0.18475081991397274,0.16943922724230345,-0.3725058045971285,0.7194656386567705,-0.0717381633631228
['Dean Martin'],[813392],-0.37043338255288066,-0.6559614281821936,0.2333499911793102,0.13453177833951668,-0.7789510557586605,0.6468972190943328,-0.03653357782610473
['Dean Martin'],[813392],-0.15421555726957528,-0.37950118299845265,0.2507984345371583,-0.06680320273407205,-0.29965485174761536,0.3966855127041142,0.11022611260294608
['Dean Martin'],[813392],-0.39484661381741504,-0.2968494951248379,0.3526884371083027,0.015787199289861272,-0.9039214162294993,0.5176233426704849,-0.11622480758712787
['Dean Martin'],[813392],-0.19309337073574762,-0.2702636230704782,0.1696196862803885,-0.24928858442343774,-0.2023846086766985,0.6526991044949898,0.26905847384185627
['Dean Martin'],[813392],-0.7601014307360308,-0.5291244743030487,0.2938308522844441,0.16853178510096858,-0.39262830664360376,0.5113713086480671,-0.19989726355236836
['Dean Martin'],[813392],-0.3751434406689297,-0.1786237290096839,0.29876818194142424,0.01862298380878422,-0.1489682853300825,0.5130729565295032,-0.30184832021266567
['Dean Martin'],[813392],-0.49807471210538434,-0.6150620622528999,0.3481562947642993,0.137635340035761,-0.7685040702741838,0.6734827114892163,-0.09353506741889725
['Dean Martin'],[813392],-0.5260977528785807,-0.6921800519110387,0.25447226965461656,0.054232300291029,0.1302529969684921,0.54508778434326,-0.06804712543003338
['Dean Martin'],[813392],-0.42404619077780425,-0.3848163204071837,0.34995545069502026,-0.08861373140600645,-0.525050829629169,0.7099864237175306,-0.03611348593475197
['Dean Martin'],[813392],-0.3903461935326873,-0.49268417078959453,0.2861895758447363,-0.1066077870018147,0.010799349043908151,0.5749195965515363,0.0018557345183379253
['Dean Martin'],[813392],-0.6762848668381247,-0.5875689473783853,0.32359639371473387,0.03193506912763682,-0.29692592887870145,0.8061685203329246,-0.07757302708753408
['Dean Martin'],[813392],-0.4255197028514862,-0.7414715384285477,0.2998389462078137,0.11498133176309824,-0.4978288418775488,0.6633970523652699,-0.031744430966686145
['Dean Martin'],[813392],-0.36322331031344174,-0.677993556892453,0.27521608326465824,0.07699893187431796,-0.5132456822924855,0.6310086448548312,-0.009988643282411289
['Dean Martin'],[813392],-0.23837864727394306,-0.12812718589116748,0.18569554491975504,-0.2460216126997507,-0.13411552361589266,0.41440348923075476,0.15012307325949548
['Dean Martin'],[813392],-0.11514186565255506,-0.35583775024439085,0.12805067163683057,0.11892599402565476,-0.3036659773530323,0.7256534076151487,-0.31286859807599227
['Dean Martin'],[813392],-0.3650037903572816,-0.4772797709127639,0.21820655677108075,0.006560152472678107,-0.43626297835705524,0.5897097000019862,0.10194138854698977
['Dean Martin'],[813392],-0.42378939785192776,-0.5498947364479297,0.18159743516073115,-0.11062846719067938,0.018346606666283096,0.6389506513493387,0.0532686849586658
['Dean Martin'],[813392],-0.32818531201448026,-0.4851320479282927,0.20985649978993762,0.01592136122590821,-0.7061820085809817,0.6508499696170652,0.03676237365412691
['Dean Martin'],[813392],-0.11594835956640528,-0.27650338556340665,0.22364911811813468,-0.11827072914927152,-0.13567525161442764,0.3057425437087439,0.04953592763836365
['Dean Martin'],[813392],-0.14959369616790513,-0.2119444358333463,0.24379843977096607,-0.18467156400894502,-0.13928915589372143,0.3503131354505247,0.05421269710432153
['Dean Martin'],[813392],-0.27222561037657994,-0.18879634085857894,0.3303368391438466,-0.08755323796022746,-0.5696190251314354,0.43166468156999044,-0.028840936510669588
['Dean Martin'],[813392],-0.3520724194968118,-0.1085674218885663,0.2791284391216038,-0.09017618639496751,-0.735494569115666,0.5337063114630858,-0.03605397686989487
['Dean Martin'],[813392],-0.15717251662570156,-0.1619926312125859,0.16695674140121186,-0.07601479270804223,-0.5630418585791674,0.4756382010070357,0.02896373752754798
['Dean Martin'],[813392],-0.6756936265283279,-0.7070404626212414,0.17457129226306461,0.24510761030988257,-0.640589275283881,0.7385367167697776,-0.04123338802457167
['Dean Martin'],[813392],-0.6123223558647802,-0.5224469985735376,0.37306938075903323,-0.09116447258761935,0.13106091173132076,0.6648689420371792,-0.12463430195964677
['Dean Martin'],[813392],-0.2806843286560816,-0.24283177514525167,0.19057986130114368,-0.04013859087044768,-0.6564500735569352,0.4062761005265018,0.06164771386286611
['Dean Martin'],[813392],-0.4359532540452603,-0.455796128249223,0.3362368604644651,0.04021405923447388,-0.35022769616546623,0.4366425518135902,-0.08779490044251399
['Dean Martin'],[813392],-0.2897458855197098,-0.31341134958478506,0.16899642071163729,-0.2636031315934128,-0.18680654210221834,0.7488942491833348,0.2532422824313603
['Dean Martin'],[813392],-0.8872444794475661,-0.578258968959536,0.188440680262155,0.1162103038411938,-0.6287248337157677,0.888605370117554,-0.10519420243129012
['Dean Martin'],[813392],-0.39198416248024026,-0.10485205750806417,0.29023265394623804,-0.35407905591021716,-0.19097342485028865,0.774021452681511,0.10466594425940863
['Dean Martin'],[813392],-0.5950266763707603,-0.6227341905259578,0.2865899906610866,-0.015818386025528874,-0.39273927418415355,0.8661230971454386,-0.040040950955723666
['Dean Martin'],[813392],-0.3945554337473875,-0.2879665539989862,0.1337792496055007,-0.1419467321660082,-0.5384906780358185,0.6972014162412579,0.11009563434243236
['Dean Martin'],[813392],-0.43924439193548326,-0.3886745670105254,0.3298070520127489,0.07145024707199364,-0.8820296781966446,0.6180320983472909,-0.07640437315713557
['Dean Martin'],[813392],-0.14851791896522057,-0.21130551966211267,0.23819838482268965,-0.15533438049297033,-0.05154007906350529,0.26780072755703815,0.07112050287888867
['Dean Martin'],[813392],-0.6394629800654335,-0.6726826836751358,0.23032735794754772,0.14855817996228654,-0.5638478160099919,0.7620525850777021,-0.0013141470800760978
['Dean Martin'],[813392],-0.5261982763095939,-0.8413409290104366,0.21554965954887934,0.0726472393833749,0.06204846104708582,0.7090739656584284,0.0036409004186635364
['Dean Martin'],[813392],-0.1798059080978411,-0.31736289964902387,0.20021327298465663,-0.11101906820387189,-0.30267036497109706,0.4149584612712583,0.1217285508310059
['Dean Martin'],[813392],-0.15691897456495255,-0.41624122530725666,0.2566585801235922,-0.005876439164491562,-0.37687895581201014,0.41967826692608096,0.03884584934067342
['Dean Martin'],[813392],-0.2471388293553846,-0.5316969830333964,0.28011760194553126,0.019116495260196018,-0.2748591309252822,0.43773595617669914,0.02131179981224705
['Dean Martin'],[813392],-0.15694984579824645,-0.38083398150691394,0.24099313633286018,-0.0744079637228002,-0.12085446228428873,0.3409936647209116,0.07566105964835351
['Dean Martin'],[813392],-0.4365184159952376,-0.4718014115466907,0.17904796664271463,-0.053325485410321685,-0.07431989705143295,0.5685841932816217,0.08499511468677877
['Dean Martin'],[813392],-0.14123155487263858,-0.027809868925234738,0.29808263662007023,-0.22789007345257695,-0.021222705862430663,0.5357461465497397,-0.05658087274840404
['Dean Martin'],[813392],-0.3615791549442528,-0.576567850620967,0.19852468181219857,0.019983151862382184,0.014655284456556885,0.5051274153491512,0.04443514099048865
['Dean Martin'],[813392],-0.23502247617214045,-0.1420243540130012,0.34168739018553496,-0.11922880524607402,-0.12136992934838942,0.3431819116402589,-0.05535926967593108
['Dean Martin'],[813392],-0.6580223487516829,-0.654020568400171,0.193206727796729,0.20066117533902691,-0.8301936085146039,0.767579747973441,-0.034641103692890786
['Dean Martin'],[813392],-0.5868826907434547,-0.5121049330952534,0.37974523115909925,-0.05026818492820336,0.11692028004499272,0.5187034016666592,-0.19858144110075812
['Dean Martin'],[813392],-0.015851364190833925,-0.17239991596705675,0.16480659351412766,-0.0572261765112194,-0.19990111495198548,0.41029480887930897,-0.0725032202435786
['Dean Martin'],[813392],-0.1737346966656394,-0.35144375636586656,0.3463034374941049,-0.0989030210819407,-0.12462237796215074,0.34030546784428334,0.05814321888031594
['Dean Martin'],[813392],-0.1813623233553869,-0.3562076085524369,0.23714706880885492,-0.058629699849131994,-0.39134759345750836,0.37377836195713066,0.035738598790038406
['Dean Martin'],[813392],-0.14042868965221214,-0.39468737211374716,0.326185411431467,-0.07145522174271318,-0.12666352303894918,0.2969546740089488,0.035553489444452975
['Dean Martin'],[813392],-0.7018754449444332,-0.5954869099425458,0.30689824499632623,0.012987595115895614,0.0638462609388575,0.7423177442644044,0.044588188423849234
['Dean Martin'],[813392],-0.567631743450688,-0.6970456946197331,0.2862668351206146,0.048659588385921666,-0.6539930319483813,0.931954075476662,-0.04048225106857595
['Dean Martin'],[813392],-0.7789483491390685,-0.8354504703512519,0.27303174587794204,0.12665958203677738,0.00028956247036020786,0.769812760015437,-0.12303517718877559
['Dean Martin'],[813392],-0.6653128589988407,-0.6220710371920499,0.16950652582078904,-0.07017922250152721,-0.1134154441376328,0.9163910185792564,0.041161838340551184
['Dean Martin'],[813392],-0.4457223313552407,-0.6552173955382153,0.4057174776001223,0.1521536555947441,-0.3303197842972199,0.4729150294297352,-0.11324240520461583
['Dean Martin'],[813392],-0.8515819697929916,-0.719424967099221,0.12587610753506187,0.3170813751634845,-0.6244534289406066,0.7158781725376618,-0.13281803291123742
['Dean Martin'],[813392],-0.4504262267952359,-0.7072801978417224,0.25414910235594507,0.10348183668490506,-0.4961118376319984,0.6769463654538216,0.014204007616594556
['Dean Martin'],[813392],-0.5251175816003909,-0.5609410000257962,0.21005475882216346,0.02817848704309547,-0.7694490952662552,0.7765795025848038,-0.017554617922567513
['Dean Martin'],[813392],-0.6882497534686011,-0.8148502109920213,0.30270908200148755,0.20325868608305642,-0.45790885573036944,0.7544212804907908,-0.1372502094932452
['Dean Martin'],[813392],-0.0753417594132814,-0.12363467813530452,0.20844142564209375,-0.015118734802195536,-0.8409500209545644,0.443004020584596,0.0008791759649197217
['Dean Martin'],[813392],-0.47980528676219303,-0.4851372424983597,0.19419335305423802,0.1262062770613871,-0.6117168697389281,0.4541193435251083,-0.040436701150392516
['Dean Martin'],[813392],-0.5583600737622443,-0.5425784745823593,0.16849222868528765,0.021733569811596746,-0.4999567321318534,0.7067167711270127,-0.00695693730689742
['Dean Martin'],[813392],-0.1890317929439825,-0.23757026017118135,0.1760369064929312,-0.13801582457145462,-0.39524924736029676,0.4576935466853303,0.10607272027675933
['Dean Martin'],[813392],-0.14553172206245263,-0.17884584373307433,0.1844608099002277,-0.19770178545740422,-0.0435027545493163,0.38474713885576844,0.15133509149966393
['Dean Martin'],[813392],-0.5705320136226909,-0.3636598073275862,0.30534412905042485,-0.11098587439374527,-0.3287824464701808,0.7620779074005006,-0.034125539045916205
['Dean Martin'],[813392],-0.24617339208324668,-0.15744959173021292,0.3407149357969873,-0.13849279013640975,-0.30760587821190766,0.3641754989111235,-0.01501846193820716
['Dean Martin'],[813392],-0.41268104405239336,-0.33587193257266057,0.2864672283318686,-0.12187288492325007,-0.2669233435396614,0.5962640723769321,-0.0026430152867972815
['Dean Martin'],[813392],-0.6356124844411734,-0.577778433722674,0.19374236099475203,-0.002569441513183658,-0.2195475872201726,0.7173632777722354,-0.035906935202531964
['Dean Martin'],[813392],-0.4623270708107479,-0.35633073919101976,0.31851790257387674,0.07544111592354454,-0.8827577655497807,0.5943886377380069,-0.07273314194601642
['Dean Martin'],[813392],-0.3466399418838495,-0.3933142652487171,0.2285028077256486,-0.08605894609584341,0.08084488823778503,0.4120043461091479,0.025483622064826805
['Dean Martin'],[813392],-0.2774495737404029,-0.17827569493949003,0.19925020281944136,-0.16639789754114165,-0.12740380000125368,0.35000687531407426,0.07377640280175371
['Dean Martin'],[813392],-0.45381762712344187,-0.42605099233816457,0.2811454722270828,-0.04876422545163789,-0.43072684997209426,0.6444042033270505,-0.02446630078598657
['Dean Martin'],[813392],-0.7213412249311463,-0.5751555732869129,0.20008892251224117,0.11070063391344832,-0.4756769404451359,0.7071791865242926,-0.08379183290061891
['Dean Martin'],[813392],-0.5326402506128985,-0.29840743911338025,0.2357811360351125,-0.08386757147027074,-0.43016427895883447,0.6762689938767287,0.007426058132290465
['Dean Martin'],[813392],-0.5962939850257639,-0.46888486332686174,0.41118411046822284,-0.0924189974038512,0.12037649213019558,0.581959633138952,-0.15803437875619586
['Dean Martin'],[813392],-0.24811299684935578,-0.5826734860245583,0.41319297152431894,-0.017776662831597238,0.08871887665364252,0.4462063024829777,0.015258442062976569
['Dean Martin'],[813392],-0.47017747203972593,-0.6520691601198148,0.304703798569609,-0.03192335689608229,-0.13918507350563478,0.7305328648571122,-0.00541234136765932
['Dean Martin'],[813392],-0.25255974165331746,-0.15252014190661134,0.3067965343492497,-0.2710729876087808,0.05692903046535938,0.5006119327204515,0.10531002328446022
['Dean Martin'],[813392],-0.27006197740377297,-0.38928863312546014,0.23415756922995273,-0.06839401002021013,-0.1998100741609643,0.39627739191554534,-0.013061269848786942
['Dean Martin'],[813392],-0.3766526284367873,-0.5528915497781348,0.23359678868745748,0.029847707550918517,-0.43040894991273637,0.5931667213707211,0.043755860618869574
['Dean Martin'],[813392],-0.4414158874442942,-0.5200764867675346,0.17105628356395908,0.053587019068742206,-0.6974150056570905,0.6209598480467912,0.013215116273907125
['Dean Martin'],[813392],-0.09170649404138363,-0.2382731147754272,0.22452240980912602,-0.1713805017930213,0.04034329473113599,0.30593303806116956,0.09262026238930317
['Dean Martin'],[813392],-0.557595526035142,-0.83426075764281,0.2315706748289436,0.07252179463652245,0.064812494593353,0.7104694464479415,-0.018226296100091903
['Dean Martin'],[813392],-0.2285450489567491,-0.142436846711053,0.17457614063662397,-0.22505715594981637,-0.20788683480539352,0.5423914202883663,0.12845206805416592
['Dean Martin'],[813392],-0.48793984116973327,-0.10304544292516717,0.3396341533826485,-0.08114632286330038,-0.636467694004768,0.5004592872841683,-0.07697660530175966
['Dean Martin'],[813392],-0.41653348053951317,-0.2069669350102937,0.25161617412100734,-0.04556189068339396,-0.6389697093172475,0.502362509214697,-0.04493632294369057
['Dean Martin'],[813392],-0.7845910202301352,-0.5462396435046979,0.32087624394195996,-0.005158170495971404,-0.20101439694668008,0.7963954652602662,-0.1770535312784245
['Dean Martin'],[813392],-0.09730880875762808,-0.24729060953621518,0.21216975820012676,-0.16800581724941627,-0.0539103047133795,0.2899134831648563,0.11072600477777482
['Dean Martin'],[813392],-0.20776707843819267,-0.2730050493105064,0.2709065462570019,-0.031860609981740264,-0.8366398548008596,0.48807913416154547,0.0224956717915983
['Dean Martin'],[813392],-0.2179707531082673,-0.44917274193002305,0.24667109561333284,-0.08815745344181387,-0.02177014832490509,0.3764144928699872,0.049570991511797606
['Dean Martin'],[813392],-0.6972173394756005,-0.5054540288430001,0.1258372082373627,-0.13378317326490266,-0.29943024918546285,0.9658827479702433,0.053181032244472515
['Dean Martin'],[813392],-0.32948415801094033,-0.522562214431871,0.24744624726592515,-0.02463353436836919,-0.1721567640916815,0.534143256164854,0.07770325367002139
['Dean Martin'],[813392],-0.5836161481940023,-0.6006808894313103,0.3605260982579807,0.013740110246212332,-0.22341226576457676,0.6884238951443815,-0.1253078151930195
['Dean Martin'],[813392],-0.2563244178818544,-0.1945568216522092,0.20954973284267808,-0.19744993268636857,-0.1232932445477621,0.4431434475456879,0.12422256231178093
['Dean Martin'],[813392],-0.38656229400837117,-0.5986710321188429,0.2779274482810559,0.16511045149502654,-0.6616068219360874,0.7439643610165011,-0.16524628721126722
['Dean Martin'],[813392],-0.35238148083428006,-0.09839711930082286,0.21634591695133296,-0.10527522381041961,-0.39575435665258163,0.3149284431925782,0.013245227726137176
['Dean Martin'],[813392],-0.5982251108106856,-0.5839542686004756,0.32700220994406265,-0.05161726278958778,0.13444842236716006,0.6387979709847031,-0.08461421935240566
['Dean Martin'],[813392],-0.4528007436518684,-0.2738479643260166,0.3238570889933219,-0.1276826652096879,0.0841123068415152,0.4176359247966571,-0.02680266999942847
['Dean Martin'],[813392],-0.7587635266129947,-0.6090528519661355,0.31201332526487074,0.054149997149017914,0.06150630880831306,0.5977698757623295,-0.2144606384211207
['Dean Martin'],[813392],-0.4539104075612212,-0.048526857711376485,0.2633526058373937,0.03182298475300967,-0.9182230884075968,0.3793689817723917,-0.06021460442380475
['Dean Martin'],[813392],-0.1305902660303632,-0.05693150431542841,0.35400839202356055,-0.14950034552337985,-0.033951934997898364,0.33727867780128945,-0.15079163689230224
['Dean Martin'],[813392],-0.8226617283415242,-0.6346643452853039,0.16319720812783428,0.1474607030061645,-0.7233727541459698,0.8619137773319754,-0.07282846692163718
['Dean Martin'],[813392],-0.16495348498237877,-0.20259527632327087,0.18849640921160157,-0.14048617366485266,-0.40400619115705194,0.3888607903830733,0.11657438915137414
['Dean Martin'],[813392],-0.6009037478040672,-0.7113156704448056,0.328929013661693,0.08917902099796114,-0.3874672057357542,0.7449376931648438,-0.08116490300965779
['Dean Martin'],[813392],-0.45627428190155583,-0.5705149366711875,0.22353659389394528,0.03652091701818637,-0.33217769826088894,0.5964781679351825,0.03109265199050974
['Dean Martin'],[813392],0.10617169139312763,0.1186283833363466,0.13456280058830128,0.1727629835786426,-0.5887130469921039,0.5955504496780527,-0.5331676409690488
['Dean Martin'],[813392],-0.46427833467422563,-0.6985880593810496,0.23488292700375205,-0.02213611583898495,-0.1378932818235124,0.7332119973320916,0.02584749121095577
['Dean Martin'],[813392],-0.3152268874635505,-0.07971626987335532,0.09804359385092036,-0.14304623853057924,-0.7504238878642393,0.5436235440500057,0.14086763084007992
['Dean Martin'],[813392],-0.23546385467483083,-0.025615016278203836,0.14938718980383217,-0.3654901305418699,-0.04606592852156615,0.5458270199222527,0.22308544632166122
['Dean Martin'],[813392],-0.6662245686811674,-0.6452152252609924,0.2930730948419988,0.07883815224106239,-0.2941783559535517,0.7355076814498374,-0.08235167541785411
['Dean Martin'],[813392],-0.3689522495170473,-0.16760610895388978,0.3206377483359835,-0.12516844925432638,-0.20554445466115026,0.3695420361029493,-0.054516770453767065
['Dean Martin'],[813392],-0.5538007838731464,-0.4711509525931655,0.17234513103839288,-0.011176353057286372,-0.24124864965711398,0.5978379503883916,0.00042663622288950306
['Dean Martin'],[813392],-0.3823482824376053,-0.11433925055817418,0.2936573209162043,-0.10898628572127789,-0.733885531538616,0.5786514355601702,0.02161108568658842
['Dean Martin'],[813392],-0.5940898553020777,-0.6133672256101391,0.35563567567517024,0.1157984944150825,-0.7526759975597433,0.7696061706450525,-0.1428484284122173
['Dean Martin'],[813392],-0.2701348596027705,-0.3456419522985631,0.2035886773930988,-0.0485825989853209,-0.6433846174189916,0.5306054912175961,0.064161040010567
['Dean Martin'],[813392],-0.6185388103570272,-0.4812443704932891,0.497434601026331,0.046293417973253086,-0.6726224320877074,0.7293902775765498,-0.21901145872515068
['Dean Martin'],[813392],-0.5463676782446877,-0.6187752988969798,0.18468066004632883,0.08071625137946506,-0.22658674090392522,0.5969566952383869,0.01515136852409044
['Dean Martin'],[813392],-0.3415195726719148,-0.08126096492426893,0.2836829621939564,-0.19142294205925994,-0.03768673320331609,0.3242954908847663,0.03904512221836166
['Dean Martin'],[813392],-0.8531512760663654,-0.5406519286728034,0.20987858327684802,0.1491152866723946,-0.37576061750374407,0.6927781827219827,-0.10018166498046827
['Dean Martin'],[813392],-0.543751349748519,-0.5553259037823944,0.34608018091318676,-0.002796513099361718,-0.4909737683579542,0.8384669279813133,-0.0502922051162354
['Dean Martin'],[813392],-0.48211863437644426,-0.5840874515461729,0.21040961917953366,0.032508635659673164,-0.49932390333263066,0.7353865318637565,0.04397571401460482
['Dean Martin'],[813392],-0.10495310555546174,-0.39500704053190083,0.25374619630215534,0.022075000022228203,-0.749024217999825,0.4220373244492903,0.0680923323492338
['Dean Martin'],[813392],-0.5250518395429222,-0.7416030348354125,0.213116551571673,0.06635525354869735,-0.4822157054922975,0.8057552437419084,0.004114119723332862
['Dean Martin'],[813392],-0.43184129913304,-0.48264979139846714,0.30592390481913273,-0.027271615302537463,-0.07494924995959454,0.5025737179104377,-0.02726444823699252
['Dean Martin'],[813392],-0.6636793650547932,-0.41581320033706193,0.3270150421276559,0.050217498242908276,-0.5844117650123322,0.678484996352101,-0.12495311103584814
['Dean Martin'],[813392],-0.1360243736496447,-0.20035104768547937,0.3140790359541409,-0.19359269705527743,0.03382875325374398,0.2613137767261892,0.0257351482670215
['Dean Martin'],[813392],-0.4777400633225811,-0.5254281749843778,0.14750222039960761,-0.009603265723220334,-0.06788139236656972,0.5499533787772743,0.024419452814898986
['Dean Martin'],[813392],-0.1013175566443502,-0.017385637994396116,0.10688359266608165,-0.02685321277942252,-0.5458558105783166,0.49427185717246125,-0.16785528465852
['Dean Martin'],[813392],-0.29044098330535667,-0.2905287370363543,0.23471421173796697,-0.06113671344065245,-0.4753502068680038,0.382081614071016,0.012647204990591436
['Dean Martin'],[813392],-0.5710641871202953,-0.03557070567926699,0.21907902102698817,-0.028115769909677887,-0.19339414355863363,0.3055224158418872,-0.0831733737221107
['Dean Martin'],[813392],-0.254646123760382,-0.13020018809537576,0.17320505034876396,-0.10513500022013979,-0.666683791947333,0.42458729858362687,0.08228181709706049
['Dean Martin'],[813392],-0.46147994888154104,-0.42976943963124214,0.23088436302735707,0.02573068440521362,-0.3484760092894812,0.49529656433406627,-0.039964421136681846
['Dean Martin'],[813392],-0.5152019584895031,-0.5027781196646975,0.3323225054758779,0.07781846034733034,-0.8624741053492598,0.7160006391837391,-0.06834261108135777
['Dean Martin'],[813392],-0.5024613422561661,-0.659421201170685,0.24671980297124885,0.15656539263018024,-0.7717513456090915,0.6053239578089911,-0.11073742631728474
['Dean Martin'],[813392],-0.1080747706929986,-0.3505977343264301,0.22333401949986612,-0.11477757380340385,-0.12999384640111233,0.34974198442696935,0.1138622145382841
['Dean Martin'],[813392],-0.4199091689369949,-0.7784124868250697,0.3016653481722212,0.15096745398272843,-0.6697884945244191,0.7279807426823731,-0.022749346211935674
['Dean Martin'],[813392],-0.5677383985561089,-0.6413998778019234,0.2984230295697939,-0.011294464102835565,0.048615404031369346,0.6667395861414783,-0.018625764957255573
['Dean Martin'],[813392],-0.5822844592962217,-0.6123436107256491,0.28352687316189185,-0.015093311713261687,-0.04612295238408157,0.6479379611928661,-0.06296848277784725
['Dean Martin'],[813392],-0.09125621276916795,-0.2377374209079014,0.24707660575246557,-0.1586243472764529,-0.05531914661566059,0.2775278489773009,0.07508391165620577
['Dean Martin'],[813392],-0.4663537229859206,-0.6553940122009995,0.24350704260110467,0.054708018746228916,-0.14577406837063742,0.5559823649506856,-0.028727147631447077
['Dean Martin'],[813392],-0.7646207927705253,-0.5584900118829276,0.38351608269159654,0.05604453387323421,-0.4668592343303143,0.8129619505463417,-0.2084342351487865
['Dean Martin'],[813392],-0.3001029949989379,-0.1340506599397957,0.36853052217727544,-0.12689182847137992,-0.3957918884607917,0.35756273517518544,-0.061661562703219215
['Dean Martin'],[813392],-0.4844878098097681,-0.38781153936233764,0.19970625241804674,0.025380688829206962,-0.3460073931090871,0.485933605801219,-0.01953021068884549
['Dean Martin'],[813392],-0.193724686187661,-0.502717824255721,0.21784382605164218,-0.06409903074666948,-0.017414368209850043,0.40955198754573074,0.06731839601719211
['Dean Martin'],[813392],-0.32885710698061665,-0.5723677122818649,0.226032191163111,-0.022461614079777394,0.0404566605209809,0.6796531596135911,-0.019729838860409316
['Dean Martin'],[813392],0.050777883412141844,-0.08252788126020134,0.12637588211122722,0.041717537162707485,-0.5117088393346473,0.6847289231257597,-0.30414469030848046
['Dean Martin'],[813392],-0.3873265020636878,-0.6137440187751948,0.1477553804637759,0.039866560776250067,-0.10656036468974948,0.84513769443775,-0.13131447311639174
['Dean Martin'],[813392],-0.45973483656514313,-0.4310645940177578,0.24968059733512338,-0.11028051210985076,-0.32721996077244203,0.7949844532458451,0.029518378413954282
['Dean Martin'],[813392],-0.6204270209575109,-0.7116316926910214,0.22149081105993149,0.02516344088341099,-0.2955162382388405,0.8256257176551202,0.019464779132701972
['Dean Martin'],[813392],-0.2981942603859627,-0.4858888014359721,0.2603357622860817,0.029079298107541545,-0.5390356302198994,0.49721517195361115,0.06446286769903452
['Dean Martin'],[813392],-0.37668967886545873,-0.40324825096384204,0.26341177207848715,-0.18548921737535506,-0.1715153745631677,0.7208158056925223,0.10519839325047838
['Dean Martin'],[813392],-0.5089621143980062,-0.6347558554198066,0.20616694521182058,0.055429877442084684,-0.49347411465754787,0.729725745053989,0.04708557052551669
['Dean Martin'],[813392],-0.6979382757652354,-0.7617170943710565,0.36989695650087745,0.05819227891588318,-0.01851743842834626,0.7395485898932146,-0.1350032603551052
['Dean Martin'],[813392],-0.3250941973611595,-0.28488992048349915,0.2911966821038998,-0.020924693791369995,-0.8145091990727289,0.5653150409053955,0.004198964771378404
['Dean Martin'],[813392],-0.5469980604271927,-0.6058756833212641,0.16999252482872437,-0.09993860340935554,-0.22146972814337357,0.8682363465728664,0.06975933160890099
['Dean Martin'],[813392],-0.8762944623395884,-0.689092663144742,0.2788922932460638,0.11754860426738993,-0.08926902972750374,0.7535163282874018,-0.14436611749627906
['Dean Martin'],[813392],-0.5679818860703705,-0.5593246600668003,0.15615068380054292,-0.07143524035539861,-0.31116461273339774,0.8262324149232337,0.039837200464890254
['Dean Martin'],[813392],-0.6384336324988953,-0.8235321153667373,0.32966539557973085,0.2084157433378062,-0.7333086237114852,0.7693589296716028,-0.1648703477760699
['Dean Martin'],[813392],-0.24053708205231697,-0.17158145216387607,0.21965705664824367,-0.1604866497894973,-0.6625558393516506,0.5370568442290159,0.11339423943376811
['Dean Martin'],[813392],-0.19945893737096415,-0.18868507668946258,0.20182864470429762,-0.06488815789122647,-0.7596102783910209,0.4006837849836111,0.05410627307044318
['Dean Martin'],[813392],-0.18529521227820517,-0.24735340491139815,0.20213425907086416,0.004633159899906105,-0.754935479345179,0.3542242125592501,0.03346157221623807
['Dean Martin'],[813392],-0.15118838392261735,-0.20234781610004107,0.19949943196600659,-0.10249910942178639,-0.40129051727140214,0.35676816830273267,0.031248855191931383
['Dean Martin'],[813392],-0.3204890381705453,-0.2835375729950105,0.1083529135253922,-0.1354543279786782,-0.5509355684266293,0.6194808164240341,0.1800938790429147
['Dean Martin'],[813392],-0.8276658128607438,-0.5836949007056462,0.31097878494885,-0.05419022631664308,-0.09708523643104063,0.9447316797930961,-0.10583721951577732
['Dean Martin'],[813392],-0.4332362329614828,-0.541964753700953,0.18522703663920942,0.13693384318965116,-0.7885796979416589,0.5521281098550255,-0.038972630954100106
['Dean Martin'],[813392],-0.5631499777027714,-0.5359540686699575,0.15384366842519515,0.09146162157741167,-0.5003002331854771,0.6291654842523349,0.016769449129994618
['Dean Martin'],[813392],-0.565853297390386,-0.7073054457557698,0.35187465248481914,0.16092453815448898,0.04832043380474925,0.5034961611758384,-0.016300566524557285
['Dean Martin'],[813392],-0.23168214724305647,-0.13470018798829578,0.14513534170530884,-0.2621574842543576,-0.3920001259886653,0.6221338353035267,0.21074334733925507
['Dean Martin'],[813392],-0.4176843912172797,-0.4947994898195852,0.3712368871635954,0.08943925833516417,-0.7916669687979815,0.5686929656522023,-0.10068402330765376
['Dean Martin'],[813392],-0.20767177831510658,-0.1592145710391773,0.3468844829359183,-0.04600108835951259,-0.7611629171581531,0.36006925589328426,-0.03355748684684046
['Dean Martin'],[813392],-0.3944544132476192,-0.5932324642905836,0.2331498584124412,-0.020491368615996118,-0.24310700688188328,0.6767288673157212,0.06918512232875118
['Dean Martin'],[813392],-0.5272550933651543,-0.45837091241896727,0.3059695727136932,0.09955361076572583,-0.6902569949766352,0.5773337796709669,-0.05805401090306455
['Dean Martin'],[813392],-0.3992363017222393,-0.44688891725308205,0.2540933733582016,-0.0045962910042884105,-0.43569999550851596,0.5862367835034727,0.07185620109140559
['Dean Martin'],[813392],-0.2133337307084,-0.21269216051641135,0.21092366496652112,-0.1674863190171106,-0.1337837704530197,0.32384771606827484,0.08433522963100773
['Dean Martin'],[813392],-0.5491176632428804,-0.5618330313875225,0.19271408670148032,0.07154742251515073,-0.771631958536515,0.6802418986585198,-0.045370126915148336
['Dean Martin'],[813392],-0.32415838615683634,-0.17192298300393435,0.22806141567995897,-0.03556699974762031,-0.566123969105563,0.37851372373621106,0.04795020724415916
['Dean Martin'],[813392],-0.4738674963349175,-0.5965602938347504,0.2885621009030217,-0.019022551694264887,-0.5008258285318541,0.806925896877645,-0.026652942949124854
['Dean Martin'],[813392],-0.4672031114664793,-0.5403274929135611,0.2523487338223892,-0.12988817740665592,0.02316798673409559,0.6755216386442955,-0.010205056037061169
['Dean Martin'],[813392],-0.38627620172444643,-0.5032451485255516,0.18602851762675038,-0.12137144710804261,0.10014445081008023,0.590867217861906,0.08540787516832887
['Dean Martin'],[813392],-0.4033252606533039,-0.5907696184085308,0.28142444405407996,0.006253798502577759,0.1003827560045728,0.42410857450941863,-0.09235792268061842
['Dean Martin'],[813392],-0.4679110741552446,-0.5532090737197862,0.15495225795389675,0.0749145453168062,-0.41651654738397553,0.6244904169876495,0.08288864231535503
['Dean Martin'],[813392],-0.31010685575921654,-0.4826242353294421,0.23819221588287062,-0.011506374368096105,0.08334656021130667,0.35956268571501043,0.052573551653877525
['Dean Martin'],[813392],-0.5472206799210847,-0.5477873514784994,0.17475262837886396,-0.0006836247352658062,-0.05573869365334914,0.6165590389947074,0.020793265800343852
['Dean Martin'],[813392],-0.6180592439283921,-0.5731386188177194,0.32988214868357923,-0.03425719820205948,0.047863134156661,0.705763387528974,-0.09068219740244361
['Dean Martin'],[813392],-0.42942536702376605,-0.48051338777405495,0.14178839488638928,0.05965037835493853,-0.5222575908901314,0.570681320262414,0.05782075447829375
['Dean Martin'],[813392],-0.6694245963453677,-0.5423899165059697,0.29818599288748215,0.10854562980211604,-0.39877067336542465,0.6430951852864842,-0.12415902994735277
['Dean Martin'],[813392],-0.5171547029323535,-0.2684532431378452,0.33490062100453605,-0.11190323017072144,-0.17199604568946972,0.5461427767073757,-0.06780159163852169
['Dean Martin'],[813392],-0.4149594091001872,-0.5918676250432483,0.22679905376348494,-0.02390628188843913,-0.2421499773523378,0.673509480987801,0.0583588211214953
['Dean Martin'],[813392],-0.5427389924247176,-0.55386714370064,0.16601010032685867,0.01724816068474524,-0.056424522421878176,0.5733203307109382,0.028791445535969292
['Dean Martin'],[813392],-0.441818408249189,-0.6078401478143608,0.215124460054946,-0.02178245153905418,0.11321221883993089,0.5527336846033839,0.026923429278987273
['Dean Martin'],[813392],-0.7756743096872106,-0.6532993039603247,0.3237854893420296,0.06502531217579073,0.15469316469754535,0.604304687321029,-0.19916923583631357
['Dean Martin'],[813392],-0.2765522527971205,-0.5226549440801986,0.26556316213192027,-0.02096640697442654,-0.5346718041659961,0.6134320440794484,0.0237567653774031
['Dean Martin'],[813392],-0.11823194195184213,-0.18497241374875728,0.19514854479042107,-0.10905238917257351,-0.681026572329689,0.3829268026542263,0.1068856685244861
['Dean Martin'],[813392],-0.6579942044333273,-0.6576047191510721,0.32775013745292947,-0.04265128237960282,-0.11604198291198083,0.8383186623319094,-0.09799791373142437
['Dean Martin'],[813392],-0.3090082775949013,-0.7109162210045415,0.2743804724102259,-0.04299603769825269,0.11279179629509607,0.6095896126852808,0.08779833372024144
['Dean Martin'],[813392],-0.33379942080274533,-0.5182344391831253,0.25357187429966105,-0.0974225047476787,-0.1744370941794632,0.5974879910497601,0.039257047231135364
['Dean Martin'],[813392],-0.07412626462630548,-0.2296701731921019,0.155845247003782,0.0039248699911071765,-0.8130202104565175,0.6190710338300452,-0.02286551942823249
['Dean Martin'],[813392],-0.7009629212525033,-0.8391800681269503,0.37782103081904395,0.19482079657780033,-0.26624354833821867,0.8447408072078394,-0.019868193550333042
['Dean Martin'],[813392],-0.2569995558900094,-0.5005855949660813,0.23013405731990344,-0.08774887031847742,-0.005652302580328018,0.48577330243895284,0.09889639543031814
['Dean Martin'],[813392],-0.14478456538047746,-0.24090522971025846,0.23208401147150842,-0.1983450535235749,-0.2217822402140958,0.44466110551726284,0.14973785824386673
['Dean Martin'],[813392],-0.5898657406607989,-0.6935654826618946,0.18474030042857875,0.0343072114644508,-0.5636478873434677,0.9046324107532326,0.022011324548129596
['Dean Martin'],[813392],-0.40021907343419166,-0.7770723333970977,0.23556406366576743,0.0669207876943871,-0.3171056357987823,0.6954700837614058,0.04847641055453853
['Dean Martin'],[813392],-0.17850917177474515,-0.0717229039560964,0.11160679568580822,-0.24646357734690727,-0.004494789589615844,0.6673480703255551,0.05190632586813308
['Dean Martin'],[813392],-0.7214646012367402,-0.532036518579383,0.3303549992683993,-0.07452921944382765,-0.4700588201881795,0.9898954933426737,-0.07529474298238097
['Dean Martin'],[813392],-0.1987005013948696,-0.3247509284977308,0.22449515852618274,-0.14287761371810168,-0.2082810952766393,0.4564587674572706,0.09854967610028269
['Dean Martin'],[813392],-0.00542443479092068,0.08297820205318292,0.00012184691535549308,0.07254198689740851,-0.38422903939122693,0.7947577201786661,-0.43835532097246827
['Dean Martin'],[813392],-0.5099500848116614,-0.7083542989467485,0.4012453545047635,0.12027293304508227,-0.31823723353917577,0.5555055431593675,-0.16776745561096318
['Dean Martin'],[813392],-0.3274865848703816,-0.5984243053164177,0.2258300793961698,0.10187590632220046,-0.6993781710974099,0.5890283780368936,0.03385211775827757
['Dean Martin'],[813392],-0.32263329367961235,-0.4443660603097472,0.3807383678622888,-0.0680496180862673,-0.09770086482986765,0.4274964113116456,-0.057599289452625387
['Dean Martin'],[813392],-0.17984606837714157,-0.3508050790296311,0.22968168274154604,-0.057500276897604334,-0.39174943159839115,0.3696499020899686,0.039461548553522664
['Dean Martin'],[813392],-0.5951118189682159,-0.5792025543527642,0.296689656858472,-0.09432558394906848,-0.5711066048701847,1.0052829408484096,-0.041229403713381005
['Dean Martin'],[813392],-0.6242713710273737,-0.660419457180291,0.30806901117242924,0.03396071667555329,-0.47711386036230596,0.8433553399976326,-0.05287218756525232
['Dean Martin'],[813392],-0.39144061395636637,-0.6854021908122273,0.31805305499789843,0.0026232413518269015,-0.15237731309189645,0.6128802942368241,-0.0427819151745539
['Dean Martin'],[813392],-0.10436601252895035,-0.18596335379821324,0.14473513165206192,-0.0631864336918106,-0.17965844790789046,0.5172597112846568,-0.08918450962029213
['Dean Martin'],[813392],-0.1661748329516504,-0.2893274275814463,0.1876676857407279,-0.11989875037421666,0.05862888392588448,0.31114781421588766,0.02970440500056047
['Dean Martin'],[813392],-0.5877754414725666,-0.6549682317257163,0.16485041219012164,-0.016305671597262962,-0.5697285507818635,0.9225651796677036,0.04765547608968911
['Dean Martin'],[813392],-0.16215283842613315,-0.26227602721992876,0.31727619628936576,0.002857839144458646,-0.844323460205597,0.39485208414078676,0.0006184730615572942
['Dean Martin'],[813392],-0.08975644231920743,-0.24247862048428298,0.2073952632790787,-0.10647825221088224,-0.5891204892641441,0.38723993664734885,0.12352085297507127
['Dean Martin'],[813392],-0.7652851392972863,-0.9010496402460744,0.1817828513627861,0.23347764354667516,-0.44449086573781954,0.7746981462666516,-0.10757580604560371
['Dean Martin'],[813392],-0.23319493282309475,-0.22162139420313196,0.29578327020506967,-0.03117838832207889,-0.8422133106443221,0.41196782606452037,-0.0004956684956877784
['Dean Martin'],[813392],-0.4054007438078741,-0.2955070457188199,0.24412561913424366,0.048787979486753424,-0.7227722679436718,0.4439743123628419,0.0020605384081711655
['Dean Martin'],[813392],-0.45479032444492506,-0.4453940236444132,0.18560191990202715,-0.06623240032295767,-0.1683613238210537,0.5399946993659182,0.028036713014265812
['Dean Martin'],[813392],-0.7412974155849937,-0.7476701489562732,0.12818090792506293,0.2700734823153101,-0.7238141038869859,0.7683916065274775,-0.03997742258169579
['Dean Martin'],[813392],-0.05485415764174207,-0.163106973869869,0.1868696100815889,-0.20269426239051186,-0.1592786734246702,0.2588552737544905,0.09661359886929709
['Dean Martin'],[813392],-0.3310973072963718,-0.39268924030093655,0.32598922426230603,-0.04601937817622744,-0.18242552385254054,0.48117805069758146,-0.0174703376424708
['Dean Martin'],[813392],-0.24554515777065858,-0.2634950112565549,0.20816614412190276,-0.09603658605527592,-0.3883202319837606,0.4084492763071326,0.09808411915321319
['Dean Martin'],[813392],-0.49314272896883066,-0.48022633540556,0.13277523911558753,0.16230759771539935,-0.6828250571221173,0.6071621485966997,-0.0173286103143349
['Dean Martin'],[813392],-0.1932348411828635,-0.5112244472397456,0.22016386275410577,-0.06137730369721032,-0.016651020540447578,0.41263136177017284,0.06748152184386838
['Dean Martin'],[813392],-0.48600870583286043,-0.6699687357425113,0.19465936145468016,-0.006931238961564353,-0.49458553767693453,0.8274524231982818,-0.018911049802048593
['Dean Martin'],[813392],0.06025605631270407,0.03965436585198837,0.2345606907665472,-0.06036235167480049,-0.002687187089660787,0.4648568565326117,-0.3579014366006133
['Dean Martin'],[813392],-0.7792204739090081,-0.662630322846344,0.2644903689595415,0.1451388340539553,-0.2796554437761299,0.7333997778050806,-0.11758868805208213
['Dean Martin'],[813392],-0.18541240917476162,-0.34536462874240137,0.205387750737276,-0.2131524436139652,0.06275279979157133,0.4936667575311361,0.18554948051360382
['Dean Martin'],[813392],-0.6289918008887957,-0.23582104760481226,0.5356386919549049,-0.06617009282556147,-0.24979960104843152,0.5425105614306753,-0.22515630966959907
['Dean Martin'],[813392],-0.5015975480591609,-0.5606463690864332,0.2995326749595836,-0.04227635523938486,-0.05480137059887657,0.6738084918685273,-0.019610606448124915
['Dean Martin'],[813392],-0.45063283810492105,-0.4469999503388993,0.21690323955807891,-0.1061953255308322,0.09946799378897135,0.505775666819893,0.03407161212307912
['Dean Martin'],[813392],-0.6403791765183621,-0.5429326843887597,0.2040425983647757,-0.04592528000686558,-0.47982909202695073,0.9123379218606333,-0.007773980474859573
['Dean Martin'],[813392],-0.7284717320287318,-0.6056652962268199,0.425524056961785,0.05952947886343029,-0.2935062011420251,0.7449517144537391,-0.23076984667659073
['Dean Martin'],[813392],-0.42935677721126553,-0.357123026891965,0.317751636932942,-0.049611132730069535,-0.6256178082197212,0.5952510967675253,-0.1076763028173809
['Dean Martin'],[813392],-0.3681303582312279,-0.527598062029241,0.3237824318001936,-0.006569483646986833,-0.3505232025982802,0.5414585326176807,-0.005927132259571253
['Dean Martin'],[813392],-0.41315470917637936,-0.5765748058668285,0.3291680841137456,0.06093272447745299,-0.5169239675636812,0.5849435774132298,-0.04928693629649761
['Dean Martin'],[813392],-0.30187256855947675,-0.48015916599102076,0.4174133258681309,-0.07605210706354398,-0.005934112177463868,0.44676213732282877,-0.05000620580464769
['Dean Martin'],[813392],-0.38563360910861044,-0.6162681492067433,0.26533104236141114,0.006649366588571789,0.10687944704228254,0.49532062269844523,0.048375925127146883
['Dean Martin'],[813392],-0.27461693974140305,-0.21813190217956382,0.17327887117442503,-0.02146163448563382,-0.5674467436870135,0.3857788967405324,0.08541957937357418
['Dean Martin'],[813392],-0.11286739294714881,-0.27074010054323977,0.3564878977089319,-0.14794855736816956,-0.13629521959226018,0.3415504730110834,-0.002914431865533741
['Dean Martin'],[813392],-0.7165822964317082,-0.8262846964883203,0.2228344336470974,0.1990376641796864,-0.5421365468172381,0.8048554137425294,-0.09643177244013838
['Dean Martin'],[813392],-0.22692107620584218,-0.28039564897942215,0.21713624190625058,-0.12715530604077951,0.053141207933673135,0.2971358287012499,0.07508241428369065
['Dean Martin'],[813392],-0.7146264750419208,-0.6730245701929134,0.22431024395443047,0.16745826921144938,-0.7334765678904607,0.8009912588052711,-0.07436712986348659
['Dean Martin'],[813392],-0.2251077239217743,-0.13452273117894695,0.14310477916820358,-0.031202525204422973,-0.9168315900834388,0.529032208308124,-0.001321605384332577
['Dean Martin'],[813392],-0.24845216214997584,-0.17431552548961535,0.26361403242094866,-0.19522120855095598,-0.20666012296338443,0.5100614185311806,0.10312024534631489
['Dean Martin'],[813392],-0.20878707844362737,-0.2810145175367276,0.22261510433417317,-0.16917451240600365,-0.12399861577226458,0.42361079996891166,0.08297209464517133
['Dean Martin'],[813392],-0.6150029189222985,-0.747307961612682,0.37100413152936157,0.04626638076239955,0.0626935995006066,0.7120684601395478,-0.10516770137271382
['Dean Martin'],[813392],-0.6523929155677607,-0.6921732639838801,0.21977005673938474,0.032505336137299126,0.05868605001316696,0.676433554658508,-0.03403205505759643
['Dean Martin'],[813392],-0.20028451973182926,-0.26328439012149807,0.23147513733638006,-0.0772836984998208,-0.48175544092220063,0.40899428863846,0.08273573373734683
['Dean Martin'],[813392],-0.3741149551722679,-0.5664138009184848,0.23467321034576902,0.09561032586311154,-0.7911997749379465,0.5941932422761738,0.0019358786146865528
['Dean Martin'],[813392],-0.6501183193034912,-0.49607262177025785,0.1939663778593036,0.024617596774155506,-0.3130491383427887,0.6923029317329604,-0.009527368059352698
['Dean Martin'],[813392],-0.2905721112033646,-0.46747430350408564,0.2312078020184662,-0.021019017266731586,-0.10051770774539226,0.3842652652882462,0.014129779052550136
['Dean Martin'],[813392],-0.5171003887627734,-0.6640071513433251,0.3245365415758164,0.09462440212275552,-0.6688879484549072,0.7572816139202783,-0.049540286669367224
['Dean Martin'],[813392],-0.21450523296627128,-0.27539891621561907,0.40781762202223776,-0.11271417260700957,-0.2130830692152913,0.3607810937754809,-0.03369269826671291
['Dean Martin'],[813392],-0.19183257684238425,-0.11403101905164165,0.16622652158839943,-0.12803476447993856,-0.587389863521286,0.3793648046972517,0.10159203450952733
['Dean Martin'],[813392],-0.2135049248829029,-0.2387984598268723,0.3478076086487692,-0.02864164073946234,-0.5760222099492985,0.3291427511562374,-0.04917178458365678
['Dean Martin'],[813392],-0.24548463335089502,-0.35525469829937795,0.19842320157328236,-0.11077126634871576,-0.29102723794887747,0.4692160205711379,0.11999753278936787
['Dean Martin'],[813392],-0.5506359335726849,-0.806565928018271,0.23529054572772498,0.09671607471935317,-0.038006936512210536,0.5869805831069707,-0.10410734543996414
['Dean Martin'],[813392],-0.6806627985133019,-0.651125507791683,0.21164834556858286,0.15040736530706728,-0.5622043391136057,0.7390799616979139,-0.011093868074311519
['Dean Martin'],[813392],-0.5208099841016741,-0.5990949711200285,0.2384649444680209,-0.048455843880322695,0.036884285783447414,0.6640949551583177,-0.0005658215439520529
['Dean Martin'],[813392],-0.5054042634299905,-0.4271522959340128,0.2625791469593316,-0.005929870127748165,-0.5188090183891935,0.6060502115757144,-0.06800982437898914
['Dean Martin'],[813392],-0.678226507946369,-0.8027059759613299,0.19102005542521955,0.21203811238429612,-0.6429860871699755,0.7313853428765156,-0.08761238970406143
['Dean Martin'],[813392],-0.3763205559233813,-0.0759069329096519,0.2838525918005662,-0.1261432859041381,-0.825496522697274,0.5939959149287348,0.03283801671875311
['Dean Martin'],[813392],-0.1224110161156896,-0.3743260950933728,0.2461413098892065,-0.07048504405583937,-0.21040862575449165,0.3682780494801636,0.01360688932605671
['Dean Martin'],[813392],-0.4546818724463697,-0.6210168002011253,0.31461588183153694,0.018161648706082216,-0.05851987884789521,0.5708888699094071,-0.0387506108141798
['Dean Martin'],[813392],-0.18374614223947675,-0.2081435208925062,0.31284896030299736,-0.18531292240809777,0.04320030876243629,0.297640845502551,0.03160140622385564
['Dean Martin'],[813392],-0.3170389695568467,-0.38588704215649317,0.23859412700121596,-0.07224942161086557,-0.10403177913892933,0.40172325136325115,0.025919000859434885
['Dean Martin'],[813392],-0.18765195013516864,-0.4197117571988922,0.2786135716559987,-0.0034541904008029076,-0.5606394830603686,0.4266329048648621,0.04112105306252207
['Dean Martin'],[813392],-0.20625960436668433,-0.23064516642049093,0.20216103477448932,-0.17461067883908762,-0.04031411761848593,0.3650939546818957,0.07446077881886372
['Dean Martin'],[813392],-0.15442306993730961,-0.19221993872511645,0.3292187006076745,-0.12294654031470893,-0.22858942571809152,0.2720231028325731,-0.00638436290729263
['Dean Martin'],[813392],-0.5550016113356229,-0.3969206950925617,0.32856517488513215,-0.1488561106560813,0.11056805819383911,0.6107801678487182,-0.06513806985084564
['Dean Martin'],[813392],-0.12421421508275986,-0.26278447824881623,0.21239808549558348,-0.13940071429993883,-0.13470069828690395,0.33504546579154354,0.10037153732494233
['Dean Martin'],[813392],-0.3212656823059083,-0.32949575186889246,0.22927801325387848,0.10108898673614126,-0.9092635949567275,0.41904017850191033,0.026144635912217495
['Dean Martin'],[813392],-0.570310382555839,-0.6532425716171598,0.16757030957503816,0.06761324150802739,-0.04699912890254092,0.5589962383907741,0.022394514175245364
['Dean Martin'],[813392],-0.2592008567380085,-0.11059887939940229,0.12976973689105856,-0.20515957066211266,-0.8342548766029416,0.6993180540608229,0.19589774692793113
['Dean Martin'],[813392],-0.43933740808648575,-0.6043005653649938,0.18540268843564714,-0.0092206154001879,-0.06478954005172301,0.5809699408173701,0.07098673982064492
['Dean Martin'],[813392],-0.00978168730629064,-0.06624149187170374,0.10577436723928867,0.1631551694080096,-0.7611203317334015,0.688941013608036,-0.43673262739089724
['Dean Martin'],[813392],-0.3410553951481366,-0.5540913127913245,0.2734778396221641,0.0480246641337475,-0.35359018054026264,0.4564292382959186,0.01938032540694819
['Dean Martin'],[813392],-0.14517011153516668,-0.1415063388799748,0.3138064937994281,-0.0458874528211775,-0.36256855194144855,0.5014007277711999,-0.2362084697566652
['Dean Martin'],[813392],-0.3872275652677245,-0.43355823214770056,0.2556437252240791,0.03747847552913019,-0.6215232673360113,0.527996153819772,-0.0019412091641808295
['Dean Martin'],[813392],-0.43745753153097405,-0.5938802583195758,0.23874112874799,0.017295024522396514,-0.15380057801507785,0.5701613761185617,0.02598526823838236
['Dean Martin'],[813392],-0.31971007215780645,-0.1832886195485624,0.16225891321591152,-0.09754759485192789,-0.7372213834351328,0.5478358871626439,0.10792428282707606
['Dean Martin'],[813392],-0.2229234081613778,-0.07247013455696137,0.16716130531500814,-0.08627985518643042,-0.9426942100429895,0.4401649534692814,0.09615799879319084
['Dean Martin'],[813392],-0.7273993453303622,-0.719368087205976,0.20264511706905863,0.1543809174879807,-0.2811931192364205,0.7401285974046734,-0.06284679830977875
['Dean Martin'],[813392],-0.47815763995379773,-0.5679322449615081,0.29553055042872045,-0.042791660070486286,-0.05619276508536509,0.6825625915297645,-0.012656225546101171
['Dean Martin'],[813392],-0.6476473163946627,-0.5760777615014426,0.20444710240136843,0.07442208257682702,-0.4001192851472346,0.644134223988557,-0.07379765446629712
['Dean Martin'],[813392],-0.5877446115337118,-0.6640151243420581,0.2512012800181576,0.10191313063317739,-0.4854148089101771,0.7114233187318629,-0.039145417200148816
['Dean Martin'],[813392],-0.15191809860551186,-0.34991153735828356,0.22463962025674508,-0.0979077262787427,-0.1263228054262618,0.3279562873697821,0.11045539947842448
['Dean Martin'],[813392],-0.48556411228052304,-0.7991796596368222,0.2789228953578995,0.16152806409862683,-0.6620565760639915,0.7374243336501908,-0.04027397661990918
['Dean Martin'],[813392],-0.4366118557904848,-0.5594588469934888,0.23599403047875245,0.03548892622660479,-0.42439619738883455,0.5972082461131897,0.017744546130721708
['Dean Martin'],[813392],-0.548495705081873,-0.5549493795629897,0.1881425153902317,0.04370166719705178,-0.5855965271758032,0.7642806895626337,0.001571453729967225
['Dean Martin'],[813392],-0.4661904043446266,-0.5859089176672401,0.17008881469683662,0.09440520179548186,-0.33033377003991005,0.5491414005762211,0.03126371007843944
['Dean Martin'],[813392],-0.5398349321431514,-0.5815380289348845,0.19491498305873656,-0.03849191807354891,-0.0515846447377552,0.6774508600054221,-0.02363245891117493
['Dean Martin'],[813392],-0.11673338003114334,-0.1256215111795993,0.2070354904168408,-0.06312164984479515,-0.9547317311304163,0.359226239968213,0.05913356077731915
['Dean Martin'],[813392],-0.11969482071388517,-0.39402836333481195,0.30404402721921764,-0.033273577255939685,-0.21896357513698475,0.2588111997774273,0.04763160910778215
['Dean Martin'],[813392],-0.7608063572329198,-0.4170073279813658,0.14351313904547552,0.1281416683451948,-0.3950759963439475,0.5846354031117598,-0.04270373069192786
['Dean Martin'],[813392],-0.22582046131041678,-0.18332531598650198,0.2987288924765083,-0.030446557300528657,-0.8451980567309587,0.3930802810813921,0.009065248740316497
['Dean Martin'],[813392],-0.22001309026953547,-0.38244228744771147,0.2763075130672779,-0.13728620819116447,-0.11220788914827404,0.4648985642626342,0.035849041492044174
['Dean Martin'],[813392],-0.6539619883281048,-0.7822659122753393,0.2283566665241223,0.2599176600570293,-0.7411628853018237,0.6486163832000541,-0.12899296455514098
['Dean Martin'],[813392],-0.2692522517160798,-0.29502437396159503,0.391119417129126,-0.10766105093298076,-0.11504426147753154,0.36511345517297394,-0.036446707919087225
['Dean Martin'],[813392],-0.2822046282447087,-0.14406109534717276,0.28866412948565234,-0.08404132343345866,-0.6639678203311549,0.3883530586020342,0.025832863296558723
['Dean Martin'],[813392],-0.41156041109926966,-0.46089260416720584,0.33750679016129165,-0.035205592765071486,0.09199202574696945,0.372122962143076,-0.06627420973902748
['Dean Martin'],[813392],-0.5288096032139153,-0.6722373665258773,0.24502916655403809,0.09411618376283437,-0.49050057523655666,0.719849477421417,-0.01482049135619513
['Dean Martin'],[813392],-0.6908983368791898,-0.617705183205087,0.14451418676002983,0.08097907472273139,-0.7444670080024546,0.844173221501555,-0.04781673924084826
['Dean Martin'],[813392],-0.3213671714929892,-0.526313818185918,0.29739543701509286,-0.04141232796974984,-0.18140896492185313,0.4729436201138493,-0.0434734145368521
['Dean Martin'],[813392],-0.6070239851430246,-0.6906444619162587,0.1863726241990048,0.014328993275150819,-0.12356122874413665,0.7500101313872781,0.03453922657227087
['Dean Martin'],[813392],-0.24032804477129255,-0.3499812233684808,0.21304754566829398,-0.12791171422379816,0.05967561881415314,0.3243663607211142,0.09041563211572635
['Dean Martin'],[813392],-0.2787407634503661,-0.2613645926762122,0.3399834090933717,-0.08261035975941768,-0.5588676844160121,0.505752154349073,0.0020857976244028254
['Dean Martin'],[813392],-0.3855565759264064,-0.29796564816401316,0.36357681897799404,-0.08262501674651655,-0.45636905980879333,0.5110878203266499,-0.0431648141663199
['Dean Martin'],[813392],-0.4911227895499078,-0.45754717318725546,0.2993663183875202,0.010861729884338518,-0.3353651049799616,0.5842912490459906,0.012275263146459065
['Dean Martin'],[813392],-0.7212892704900701,-0.5942766680355458,0.17886902982676214,0.11135358377891674,-0.4745427394149799,0.7124924710868596,-0.07481082374670843
['Dean Martin'],[813392],-0.7204753604920036,-0.6944571409703865,0.3597340822633277,-0.017821602070503085,0.07207517759466016,0.7940611437973953,-0.13505911614773247
['Dean Martin'],[813392],-0.18588662432561087,-0.10287091841996622,0.28411261454223796,-0.11624786747034864,-0.6770308855155589,0.39312543526857685,0.014764823730970537
['Dean Martin'],[813392],-0.1817690330440701,-0.24179684287970946,0.19189183788110137,-0.03185260114655987,-0.9207782844200089,0.5513733035930894,0.025536523324815524
['Dean Martin'],[813392],-0.454906059265672,-0.5805488996234468,0.14904699007973254,0.1072845189774036,-0.5131955760884575,0.564006444946934,0.0403642500118509
['Dean Martin'],[813392],-0.5759647156031594,-0.3331755894722737,0.13673793372037482,0.11861402955021207,-0.6103602923253845,0.4467822638327467,-0.04304716357435751
['Dean Martin'],[813392],-0.6415257333626362,-0.31205436109951,0.3201048706710952,0.04748399738783459,-0.7750829756977032,0.6602501967361183,-0.1258613563380439
['Dean Martin'],[813392],-0.4875270633885283,-0.4188944796583788,0.2191602529056209,0.12302064051940159,-0.8713984244794463,0.6281166180268553,0.06088909485717216
['Dean Martin'],[813392],-0.7650225079617766,-0.5355419882998247,0.26906989305321644,0.07858441444359071,-0.029488134940932626,0.5787434665713623,-0.15130970686784267
['Dean Martin'],[813392],-0.7069649166194439,-0.4408018454989692,0.22052729283905867,0.13461772582148623,-0.8472085076203397,0.6680421030763186,-0.1196366663262717
['Dean Martin'],[813392],-0.5436067507295861,-0.16643952645661825,0.32127578953859554,-0.07914860440657628,-0.18686559120756419,0.3683312284226194,-0.12607833042498334
['Dean Martin'],[813392],-0.28876685982842104,-0.25775255046650963,0.18535548963468534,-0.022044022898807452,-0.6548566403175949,0.390290720403849,0.05889882407488183
['Dean Martin'],[813392],-0.6606124287897431,-0.6523730037479673,0.25155394567778067,0.02784623166870354,0.06235400565789704,0.7036813200302003,0.01706921626145618
['Dean Martin'],[813392],-0.3709311970610067,-0.419933320070006,0.36370641793742825,-0.07227642865033516,0.08394759163299947,0.37973395473693106,-0.05185393653041677
['Dean Martin'],[813392],-0.6402894786105383,-0.8343475907548913,0.1916402975648136,0.22138186881572322,-0.6446442938306611,0.7281529557805119,-0.08953111740541585
['Dean Martin'],[813392],-0.14881591464592148,-0.22876273065380695,0.20237106961264073,-0.17922416865387264,-0.13885108551394432,0.33935270841142495,0.10375846047016203
['Dean Martin'],[813392],-0.5311125707756434,-0.6760392341891125,0.1753132580506275,0.08102617024756832,-0.3126152080557396,0.6976445830652049,0.004300560302003343
['Dean Martin'],[813392],-0.2650451591801765,-0.5303672723227171,0.24077753343097702,-0.059621912006334696,-0.005199209916749869,0.4657834593225849,0.05591834016078313
['Dean Martin'],[813392],-0.3173254260255116,-0.13572285627937153,0.172285530959923,-0.3434144626048812,0.07414333395588724,0.675936413127709,0.12975680451824242
['Dean Martin'],[813392],-0.5760105127898817,-0.3681962954321843,0.23478974615311118,0.06357261746166759,-0.7829370265787728,0.6191768687758383,-0.09549973132915095
['Dean Martin'],[813392],-0.701460165741193,-0.3735788250742498,0.23794993086938704,-0.011620224146875812,0.03645604064025799,0.5337741816694501,-0.10388443936116729
['Dean Martin'],[813392],-0.6707511624093134,-0.25778656051221616,0.17987624977641484,0.03307374021942544,-0.5154678109600122,0.5211097614960031,-0.07614580278213648
['Dean Martin'],[813392],-0.4561870612789705,-0.4267729047064077,0.3421030915826344,-0.06494553364533746,-0.5182089362861608,0.7137194963186729,-0.04020022915913051
['Dean Martin'],[813392],-0.38623662469074804,-0.31676680908167665,0.1158485327350335,-0.23542000371449504,-0.15723625757434603,0.8918139760677144,0.10416757145631012
['Dean Martin'],[813392],-0.5079553084659019,-0.6345824753370297,0.2138151817268555,0.023283216251631277,0.12635507965964143,0.5541345763908032,0.029826687682574505
['Dean Martin'],[813392],-0.29179264896131496,-0.5522224895345049,0.25184042945208446,0.015141808938078217,-0.2667842735476563,0.47451881194646744,0.07555586413890587
['Dean Martin'],[813392],-0.36742843796582747,-0.46654080381219615,0.23665752047634833,0.012130169159141552,-0.08829545039795302,0.40721966815850263,0.00860701206359649
['Dean Martin'],[813392],-0.4545113831675461,-0.5979436578102652,0.1484367174638986,0.1108985667914991,-0.5112014135357716,0.5814860440207505,0.03238159370738557
['Dean Martin'],[813392],-0.35321795414191676,-0.4008195131199437,0.3241158244474633,-0.07756882417519002,-0.2666736235573836,0.5680229039177497,0.027414168484011132
['Dean Martin'],[813392],-0.3692779194942442,-0.21656361241504285,0.26868541039254623,-0.08190699477084835,-0.6401232046713435,0.5471121405477235,0.00827989085704021
['Dean Martin'],[813392],-0.3787303536350673,-0.40261739452236356,0.25813368566609746,0.004596325971470275,-0.35649590233109635,0.48880471244824947,0.001347306809006913
['Dean Martin'],[813392],-0.3087457726750801,-0.2888325269020579,0.15957407668177537,-0.10658241385593409,-0.3745400763640881,0.5237311269921846,0.10759667595845472
['Dean Martin'],[813392],-0.1545533373744566,-0.33116661495636623,0.2042325393211023,-0.012623277708219324,-0.8357572352775412,0.48942483378702983,0.13115328652663372
['Dean Martin'],[813392],-0.5579965479842203,-0.15002953364961902,0.3401636479226418,-0.07176304292532257,-0.7084482048816823,0.6515912611000912,-0.07955543739657757
['Dean Martin'],[813392],-0.4147287992548916,-0.44538441809591306,0.18259287140772662,-0.04629140936312627,0.004419179553686919,0.4581942542652257,0.02999148125916331
['Dean Martin'],[813392],-0.2545807293468808,-0.16810798607639799,0.16832988510379854,-0.06480536558486494,-0.5805858944673444,0.3085340523467286,0.052839906058124296
['Dean Martin'],[813392],-0.7090759051162004,-0.761664329286658,0.17526422822505897,0.18138688226777158,-0.36973304015582775,0.7371790429215546,-0.0720428570420804
['Dean Martin'],[813392],-0.1262875640860006,-0.23688280801168426,0.19992794287673932,-0.02829857866909631,-0.6785273383699044,0.2982536754704115,0.061320055221288056
['Dean Martin'],[813392],-0.12445753882807578,-0.09604902219696944,0.18062484606405918,-0.18075580616215284,-0.42121315155520256,0.33477423544803697,0.09922052760380794
['Dean Martin'],[813392],-0.36494762834183997,-0.40133541866664096,0.26038906639549314,0.053680826720095096,-0.7155846047858785,0.541459363385219,-0.01886783649711646
['Dean Martin'],[813392],-0.7018563858262388,-0.8034258291406674,0.22715503796605005,0.16559700118217846,-0.5464449720581463,0.8211644352489579,-0.08993885670576095
['Dean Martin'],[813392],-0.24088144098947098,-0.19580127566028951,0.16542562861417037,-0.050489883920007514,-0.926156561780816,0.5325601546362672,0.09612993086570631
['Dean Martin'],[813392],-0.4355024259677599,-0.5314382994729183,0.24802287888387325,-0.11699789816821606,0.10947391001305026,0.6474489884625333,0.0004543760560978399
['Dean Martin'],[813392],-0.4388843453104323,-0.5444564801665176,0.16163531194225816,0.07971614095495926,-0.5088552364700906,0.6362936817538042,0.08945222816993839
['Dean Martin'],[813392],-0.4261832187862928,-0.5809863071810587,0.1782425228398446,0.07416189655825696,-0.33506839263282767,0.5549884100723887,0.03809128738276003
['Dean Martin'],[813392],-0.38155004993613034,-0.3393880618567098,0.3707277568355309,-0.1200902132977029,-0.00685906108474487,0.4631003147465669,-0.07227429123723238
['Dean Martin'],[813392],-0.3849712526077157,-0.33529379683821203,0.33388905305866484,-0.031511051793688176,-0.6265707545422192,0.5818833681062647,-0.0231098274928419
['Dean Martin'],[813392],-0.5839292473089203,-0.31093503278978935,0.36778176384820044,-0.060005690055289045,-0.3377370913091904,0.6252792753966404,-0.12614762729893642
['Dean Martin'],[813392],-0.7205630989146447,-0.5977540080815024,0.2593957293597957,0.1248406458248203,-0.21109072926889025,0.5778441540248351,-0.13908992793425606
['Dean Martin'],[813392],-0.22522165878838765,-0.4075841372406239,0.3529795709965391,0.061501143695680015,-0.8210333521175533,0.47382246954644064,-0.015871806620131098
['Dean Martin'],[813392],-0.23648441402904333,-0.22081246100798543,0.1856746756201606,-0.17021551312851657,-0.03921705489673767,0.3457766420920142,0.04923177666956566
['Dean Martin'],[813392],-0.3920351035914684,-0.4248068377251082,0.21081821507557985,-0.15396132994250275,0.09193516372724665,0.5507316296772344,0.062239224047571005
['Dean Martin'],[813392],-0.05857654383053535,-0.16701016687084258,0.18430537500320446,-0.01314314708776611,-0.8445511300231506,0.44564927500115203,0.040973407561882155
['Dean Martin'],[813392],-0.5388041756332452,-0.5195372508597562,0.1596430157714907,0.06252903005895914,-0.504116600966616,0.6691223185714056,0.012820295877405682
['Dean Martin'],[813392],-0.4353429175875106,-0.4032638362374865,0.270254797122611,-0.06938981189554154,-0.5253764266519074,0.677940459675677,-0.0061857158730373955
['Dean Martin'],[813392],-0.4879141197640656,-0.5617023641690994,0.22671054121425382,-0.06602178215998897,0.029585982031643247,0.6507040084840833,0.016202908179353825
['Dean Martin'],[813392],-0.5048780099547099,-0.6935381940007275,0.16983236955054326,0.07326712708266421,-0.313870119931256,0.7109274321013508,0.008851262778472993
['Dean Martin'],[813392],-0.7124101214894433,-0.5598733637058916,0.18582642366012397,0.038463016627387166,-0.3045593262522489,0.6824817288970073,-0.12522580873209632
['Dean Martin'],[813392],-0.23804186560449953,-0.5057972364211427,0.24190496953208168,-0.07012196212703288,-0.01002465201429965,0.45612551695492826,0.06567855970061762
['Dean Martin'],[813392],-0.28778829128194233,-0.43147300462992033,0.22465338412274904,-0.03855223186552221,0.07593638393867222,0.35518477313281666,0.060571604993519136
['Dean Martin'],[813392],-0.6294906168214852,-0.5476009468457838,0.24316119159791807,0.051020267747682965,-0.4911820306824107,0.6952997382700177,-0.0895451492381672
['Dean Martin'],[813392],-0.238765121410251,-0.24204340756055978,0.17075238332505255,-0.1323455589214815,-0.9104660120818444,0.7546197940009196,0.2452527892917451
['Dean Martin'],[813392],-0.7267434710595251,-0.4123523472871617,0.2685467045556158,0.09094469230452075,-0.7547520572144686,0.7180863307262532,-0.12359474805686509
['Dean Martin'],[813392],-0.4132455090026628,-0.5717512035982237,0.19228094819140484,-0.07594186860426369,0.025169143737602866,0.6665206060403135,0.13336064647210824
['Dean Martin'],[813392],-0.24221740450282683,-0.06925722390578845,0.3309906770637185,-0.09307114691088182,-0.8519479326020554,0.4087102851762778,-0.03453208891230079
['Dean Martin'],[813392],-0.2107695461692329,-0.08617859710800164,0.16887379778602404,-0.20801822388429134,-0.5781310870288159,0.5514808970387417,0.16113159532979554
['Dean Martin'],[813392],-0.2051555406268801,-0.17011175552308777,0.14803461546392338,-0.08470291993183836,-0.8468503549199368,0.4696781299283587,0.09283239028372142
['Dean Martin'],[813392],-0.541521968165093,-0.5015034207499477,0.28930713609998365,0.012656808130475945,-0.3297772253521484,0.6226129286778995,-0.07869833122647124
['Dean Martin'],[813392],-0.26568654965425376,-0.13957833482324827,0.30469406643935737,-0.11329231560256427,-0.6615208048920818,0.46387498228886237,-0.00814388100509111
['Dean Martin'],[813392],0.07453192152130501,0.09800753839897976,0.19494711265551926,-0.0039126103381788395,0.015389751073712687,0.5163229318922673,-0.403226658404455
['Dean Martin'],[813392],-0.40900190026030075,-0.4614946793128335,0.22051614994490298,0.04821651945424125,-0.5237725594473238,0.5709131017920914,0.04679527620053227
['Dean Martin'],[813392],-0.34482577529802955,-0.5727577677111068,0.22258819158326604,-0.023771480331985246,0.012235139794625661,0.531666340599989,0.0366891822242987
['Dean Martin'],[813392],0.0651854258575906,0.041639679537236705,0.03432062386467987,0.10255648558087027,-0.7788605758503105,0.7036468933561978,-0.3105163384035075
['Dean Martin'],[813392],-0.4031557011988561,-0.5418526829396747,0.15866184603434694,0.08305938025805809,-0.5179782713690976,0.5820179387281422,0.06909887841093573
['Dean Martin'],[813392],-0.606914479039095,-0.5636790101873457,0.32926455091716395,-0.03383129055555247,0.04660018595454988,0.7073959849768268,-0.08273162358230583
['Dean Martin'],[813392],-0.32113569760480576,-0.46242368337945267,0.2474446857709654,-0.03313844164594879,0.0841759547143338,0.384674764780356,0.026911154218248964
['Dean Martin'],[813392],-0.621838119013018,-0.533897107849913,0.15333104601065706,-0.011016315827109376,-0.5778067864719622,0.8471400958034405,-0.018095622605951028
['Dean Martin'],[813392],-0.6950727829707208,-0.704340033376905,0.2351663472278258,0.1252140408619719,-0.020397326900024746,0.6421897095956677,-0.07512165647216207
['Dean Martin'],[813392],-0.3872175503134319,-0.5131140149920058,0.224873009196605,0.00673634311084432,-0.4301508001447131,0.6422625550832863,0.0664482586004091
['Dean Martin'],[813392],-0.5139329792846548,-0.5120212285718495,0.17549785032809084,0.050907847447284785,-0.5075567570470741,0.6643446169689113,0.018738015416589746
"['Derek & the Dominos', 'Eric Clapton']","[817369, 187478]",-0.7702080219058345,0.01807140415469682,0.14995921526022393,0.19356097485505,0.10528476295347043,0.6337166666486436,-0.4460345320921914
"['Diana Ross', 'Marvin Gaye']","[594665, 316834]",-1.0107332686912616,-0.20261962980115222,0.1289054172835,0.1576509201228713,-0.5570905397158029,0.666073084805,-0.08846968894554466
"['Diana Ross', 'Marvin Gaye']","[594665, 316834]",-1.0758743348726512,-0.20062338452361417,0.009667757445523825,0.242219159388378,-0.7312223069904583,0.645990966052219,-0.05784350360369719
"['Diana Ross', 'Marvin Gaye']","[594665, 316834]",-0.8152339402455783,-0.40530184911933187,0.1759191020940816,0.2525943586363896,-0.5753011442103638,0.4805134989320402,-0.14900814619506106
"['Diana Ross', 'Marvin Gaye']","[594665, 316834]",-1.2248895198521585,-0.379763433353782,0.11332440739419539,0.3572592859331612,-0.520618680786419,0.6170283293661697,-0.2217475471064019
"['Diana Ross', 'Michael Jackson', 'Richard Pryor', 'Lena Horne']","[594665, 467203, 295415, 815575]",-1.031406032423178,0.09428491928664631,0.21077226833210763,0.1323605896586347,-0.3018878247013913,0.500024771079891,-0.016630241209630883
"['Diana Ross', 'Michael Jackson']","[594665, 467203]",-1.1565965055892797,-0.5128662331839433,0.5167873614169737,0.14097625144452622,0.19953515639446848,0.672774023874934,-0.3787883597998627
"['Diana Ross', 'Michael Jackson']","[594665, 467203]",-0.40623944092498315,0.03329658800078247,0.3485838049062565,-0.20858290559374193,-0.5605866740399702,0.584614984738803,0.04866899084808571
"['Diana Ross', 'Michael Jackson']","[594665, 467203]",-1.0365253617711059,-0.31726388972611136,0.37197060040182606,0.19614506013011831,-0.011208714856809073,0.5288782869294333,-0.04191669439201815
"['Diana Ross', 'Michael Jackson']","[594665, 467203]",-1.2102942261994576,-0.5106702037744464,0.1380802690009093,0.32244093680973224,-0.2381368440532041,0.649087263359094,-0.1740350998637128
"['Dinah Washington', 'Titus Turner', 'Aretha Franklin']","[260038, 931567, 927555]",-0.8809530769678021,-0.5973554579698158,0.2296066976643805,0.03412463116370561,-0.09236398237386576,0.8173688793311783,-0.13509188895243313
"['Dionne Warwick', 'Elton John', 'Gladys Knight', 'Stevie Wonder']","[165011, 796734, 40225, 622805]",-0.6368624726336922,-0.32401672095790934,0.06510961922706877,0.09932653949276843,0.11883330439671588,0.38504042431322955,0.10097217899281244
"['Dionne Warwick', 'Elton John', 'Gladys Knight', 'Stevie Wonder']","[165011, 796734, 40225, 622805]",-0.692258751689712,-0.289852127943125,0.052995134348471994,0.22572484755834343,-0.5896540523040121,0.4718708330902124,0.0694532125013407
"['Dizzy Gillespie', 'Charlie Parker', 'Thelonious Monk']","[162677, 211758, 490416]",-0.6984092913186585,0.2672773750247003,0.10592076740210762,0.10580264209699963,-0.6737280925499446,-0.07681151578929105,-0.23383612792125266
"['Dizzy Gillespie', 'Charlie Parker', 'Thelonious Monk']","[162677, 211758, 490416]",-0.5918766348676833,-0.44898095566057095,0.7993816891025671,0.20700506034976882,-0.32063560030394733,0.6000544687076221,0.018657530243681504
"['Dizzy Gillespie', 'Charlie Parker', 'Thelonious Monk']","[162677, 211758, 490416]",-0.8704129041887908,-0.6390936075801706,0.24986504602502868,0.24428866364127658,-0.4659495727054287,0.6137811288714786,-0.25949932197011905
"['Dizzy Gillespie', 'Charlie Parker', 'Thelonious Monk']","[162677, 211758, 490416]",-0.8186007906773767,-0.38469198422538353,0.4798688505983229,0.16020847519736797,-0.04442668890202447,0.4868576768971621,-0.12939540242586212
"['Dizzy Gillespie', 'Charlie Parker', 'Thelonious Monk']","[162677, 211758, 490416]",-0.9890820483559289,-0.39310710004648347,0.3280039661672722,0.2200749124676468,-0.2859574974973382,0.5068352598792464,-0.2807564348717779
"['Dizzy Gillespie', 'Charlie Parker', 'Thelonious Monk']","[162677, 211758, 490416]",-0.8635485475662964,-0.4936593101803355,0.15446054087321684,0.24912846527450216,-0.3835904826025595,0.5237421083907313,-0.16905840973331368
"['Dizzy Gillespie', 'Charlie Parker', 'Thelonious Monk']","[162677, 211758, 490416]",-0.9653453017051149,-0.47760161663945744,0.07554377977121113,0.22140788468442804,-0.2783367598785402,0.5744476068762588,-0.1129428863274645
"['Dizzy Gillespie', 'Charlie Parker', 'Thelonious Monk']","[162677, 211758, 490416]",-0.998864040186469,-0.3575654436539178,0.18383820068561632,0.17289127747958746,-0.28469284525192434,0.5853443012572299,-0.1641438821529381
"['Dizzy Gillespie', 'Charlie Parker', 'Thelonious Monk']","[162677, 211758, 490416]",-0.8024710588465066,-0.37842260115304793,0.18045271464964713,0.030699971049725546,-0.38490379457323876,0.7890611853766224,-0.03430985547171028
"['Dizzy Gillespie', 'Charlie Parker', 'Thelonious Monk']","[162677, 211758, 490416]",-1.0307236779638054,-0.3451415765984297,0.24647780159133206,0.04477974599743902,-0.2753313756715146,0.8162092993869782,-0.15542843903495188
"['Dizzy Gillespie', 'Charlie Parker', 'Thelonious Monk']","[162677, 211758, 490416]",-1.0213902635473209,-0.3280705650867111,0.2493532107767764,0.216642550257766,-0.2908676330992064,0.4882065045689721,-0.26653758915287196
"['Dizzy Gillespie', 'Charlie Parker', 'Thelonious Monk']","[162677, 211758, 490416]",-0.7114528472045368,-0.4866431900441119,0.28518192445265433,0.06531221124902128,0.04095609682716697,0.49038901058861845,-0.17200369144474337
"['Dizzy Gillespie', 'Charlie Parker', 'Thelonious Monk']","[162677, 211758, 490416]",-0.8936630289990638,-0.4532253747954137,0.14908725943048598,0.07702448666743948,0.15535017880399846,0.5388677261883847,-0.13739382162932187
"['Dizzy Gillespie', 'Charlie Parker', 'Thelonious Monk']","[162677, 211758, 490416]",-0.9576150920992558,-0.46204459101681533,0.2803190937682652,0.10211587034766502,-0.45432881370668077,0.8646676506609003,-0.09074300712473349
"['Dizzy Gillespie', 'Charlie Parker', 'Thelonious Monk']","[162677, 211758, 490416]",-0.7000954298402322,-0.5095140276749108,0.5249310903971532,0.032504024451958956,-0.3065056596510636,0.7567045026688531,-0.1900818304298441
"['Dizzy Gillespie', 'Charlie Parker']","[162677, 211758]",-0.4968307216406206,-0.6430228529369674,0.2607706864682847,0.29478552032241223,-0.25537859050611045,0.7316538208825505,-0.3472061901691697
"['Dizzy Gillespie', 'Charlie Parker']","[162677, 211758]",-0.26949820966398386,-0.2989253724699078,0.19326171734574826,0.17947423274019436,-0.20540488330070644,1.2027431345163322,-0.6069795292975578
"['Dizzy Gillespie', 'Sonny Stitt', 'Sonny Rollins']","[162677, 44290, 39656]",-0.649037937595942,-0.3844215928308478,0.24887569237777704,0.06764884457882682,0.13134520124011992,0.4907511762699765,0.00378632848315188
"['Dizzy Gillespie', 'Sonny Stitt', 'Sonny Rollins']","[162677, 44290, 39656]",-0.7087962110125189,-0.3992999999417548,0.20089846362738,0.132569973810683,0.1682794892063969,0.5643786001814314,-0.3269631902997769
"['Dizzy Gillespie', 'Sonny Rollins', 'Sonny Stitt']","[162677, 39656, 44290]",-0.8177884333740146,-0.3499977215528839,0.13613367354839806,0.04929875694238794,-0.0972534449009447,0.7929878318881459,-0.07915493797097994
"['Dizzy Gillespie', 'Sonny Rollins', 'Sonny Stitt']","[162677, 39656, 44290]",-0.691952096501931,-0.48845400955952334,0.14469012507710974,0.28259977766874433,-0.2288604914075534,0.8872484580395452,-0.2988223442574526
"['Dizzy Gillespie', 'Sonny Rollins', 'Sonny Stitt']","[162677, 39656, 44290]",-0.5131072134350753,-0.3722681942465367,0.11404176113882326,0.19824003171455207,-0.31999179866377747,0.4634454162997914,0.016250152687150306
"['Dizzy Gillespie', 'Sonny Rollins', 'Sonny Stitt']","[162677, 39656, 44290]",-0.5701024423815367,-0.39773206608825745,0.10537736824339154,0.28535609656315325,-0.4739036288960925,0.5521468972929675,0.003844682993325919
"['Dizzy Gillespie', 'Sonny Rollins', 'Sonny Stitt']","[162677, 39656, 44290]",-0.8360910619591515,-0.15256491582872836,0.2827137786223958,0.243001752740421,-0.41346685050203674,0.8871459017744395,-0.3228191702458555
"['Dizzy Gillespie', 'Stan Getz', 'Sonny Stitt']","[162677, 742899, 44290]",-0.6869678592860455,-0.3502347236005824,0.10564209852840895,0.10809567734905715,-0.02661698538045673,0.616791575980081,0.06715468723709736
"['Dizzy Gillespie', 'Stan Getz']","[162677, 742899]",-0.5415166204944241,-0.42182163124158467,0.19657479956258922,0.017529166242138933,0.1304995653292722,0.5648220269291043,0.053065710766655866
"['Dizzy Gillespie', 'Stan Getz']","[162677, 742899]",-0.6699389227105289,-0.4951025772437436,0.20694395130165932,0.16621140484108227,-0.29966594461325946,0.5845419503344809,-0.10475429685930612
"['Dizzy Gillespie', 'Stan Getz']","[162677, 742899]",-0.25888907726831384,-0.3485666182741759,0.19662291107292146,-0.11259339241806976,-0.34958152541890264,0.7494217977241979,0.2056846227744725
"['Dizzy Gillespie', 'Stan Getz']","[162677, 742899]",-0.5616600816849671,-0.555171681562199,0.16123488024007956,0.08790185813130778,0.04471768442497637,0.5394470978009116,0.024867175724173365
"['Dizzy Gillespie', 'Stan Getz']","[162677, 742899]",-0.646038427433326,-0.5999247457120825,0.14140896466949734,0.22156080853268242,-0.74289425491676,0.7169929501588529,-0.02171376940745515
"['Dizzy Gillespie', 'Stan Getz']","[162677, 742899]",-0.6424213325784508,-0.49585110405684873,0.19128774713822577,0.13289366399595368,-0.3058054874412839,0.5796973515133321,-0.10056656770024061
"['Dizzy Gillespie', 'Stan Getz']","[162677, 742899]",-0.4671578475078085,-0.5799438077958521,0.21228848252614296,0.03753248853279769,0.036360859178981075,0.5541145563517191,0.0346048788705701
"['Dizzy Gillespie', 'Stan Getz']","[162677, 742899]",0.06476442021118621,-0.3084755433553303,0.10171888084174754,0.34300699307800714,-0.4484671761736168,0.727601344866212,-0.46399921857104004
"['Dizzy Gillespie', 'Stan Getz']","[162677, 742899]",-0.646236993584427,-0.45943755669043423,0.1005725333635447,0.11376841542017607,-0.6710826931787722,0.7148939389668184,0.011881168369981763
"['Dizzy Gillespie', 'Stan Getz']","[162677, 742899]",-0.76879237783118,-0.4312190095566538,0.14092263564840699,0.0091128713685765,-0.2849336263271493,0.8318782961745185,-0.0409376842963101
"['Dizzy Gillespie', 'Stan Getz']","[162677, 742899]",-0.5792620711808054,-0.527257131297262,0.1941660253072111,-0.003323390072167232,-0.31459505945811017,0.7296156433785482,-0.0029949128109376987
"['Dizzy Gillespie', 'Stan Getz']","[162677, 742899]",-0.44757176738122073,-0.5684136467096232,0.18503440478706792,-0.09019906036048268,0.12568673128882368,0.7102756650132007,0.058213954354429165
"['Dizzy Gillespie', 'Stan Getz']","[162677, 742899]",-0.6550006319192715,-0.5650847416598982,0.242744018234734,-0.008513229858018554,0.1434939122999933,0.657912876190161,-0.05355463518338335
['Dizzy Gillespie'],[162677],-0.4689008638278078,-0.5045109362777759,0.19064515192351358,0.06958067370387688,-0.7750380924626278,0.721576168904041,0.06272638650596829
['Dizzy Gillespie'],[162677],-0.5117451914162683,-0.3890710798547132,0.10526938473041406,0.32152191259944746,-0.6944794143165567,0.782640719120126,-0.4753944033536576
['Dizzy Gillespie'],[162677],-0.8480362392723055,-0.20158302154719326,0.6341160276127668,-0.05114670973398074,-0.10860342212910717,0.8501720438467725,-0.15464456116821695
['Dizzy Gillespie'],[162677],-0.5090822274098754,-0.4293385299172416,0.15792034927597315,0.26095760520669964,-0.7691543553842173,0.5532218413960767,0.08087612106410781
['Dizzy Gillespie'],[162677],-0.5396105211681206,-0.19485636365952924,-0.03535455766640687,0.23967395500943675,-0.482401347062365,1.0838742228674754,-0.5231693271099703
['Dizzy Gillespie'],[162677],-0.08380856832075284,-0.3791017976738794,0.11463156458290254,0.3099099829325975,-0.5276799769401735,0.8240105158971895,-0.5096168444960841
['Dizzy Gillespie'],[162677],-0.32978357603477115,-0.3861626167038015,0.13518347431706781,-0.03844339547682111,-0.5328342990952523,0.6557793069233643,0.1854844605506734
['Dizzy Gillespie'],[162677],-0.3941373074677107,-0.333134270109867,0.06792277640355156,0.24250948696620483,-0.2531064515533423,0.7747582852166054,-0.4943397737520938
['Dizzy Gillespie'],[162677],-0.29726750724425793,-0.36706220984555765,0.19600679512365943,0.041439994065423896,-0.539102991666137,0.5206844652305699,0.17030445433489932
['Dizzy Gillespie'],[162677],-0.1084996751794316,-0.03951156847211637,0.3018085079094409,0.2479853156763072,-0.26711397049286856,0.6772501384959618,-0.7317435874804503
['Dizzy Gillespie'],[162677],-0.4460868463203112,-0.22073432999722642,0.034385841745857,0.15683696750421405,-0.7400199576304418,0.7916650386216684,-0.11069736529520992
['Dizzy Gillespie'],[162677],-0.17895612574691389,0.27528565437907954,0.5448229320745585,0.03851845260816815,-0.004474404492807259,0.7618174981506428,-0.8870119043666362
['Dizzy Gillespie'],[162677],-0.9142806497543493,0.054557837227183825,0.7171264957583225,0.048730346525761206,-0.4878354234416486,0.5633381950209068,-0.3690252453886784
['Dizzy Gillespie'],[162677],-0.32025638563845493,-0.2992018902117252,0.06111435834229842,0.37493802976075524,-0.40211835614585906,0.862717090276315,-0.5927651401183277
['Dizzy Gillespie'],[162677],-0.7585335791786015,-0.397400711075163,0.044717016909998006,0.1169976144573914,-0.4864238974031596,0.6517119093998311,0.0038617859789337175
['Dizzy Gillespie'],[162677],-0.6448291306577804,-0.20916302879479068,0.02333183220175903,0.3765634643737141,-0.2521584867106006,0.6303030241169443,-0.35866346445973235
['Dizzy Gillespie'],[162677],-0.6761358629332399,-0.4749125769292101,0.16746787199208452,0.16946389765836867,0.052662844675369004,0.4691005646606418,0.001186092796404979
['Dizzy Gillespie'],[162677],-0.5568882362182097,-0.5747066736890514,0.11000343418329059,0.1820799099331435,0.20650782735976395,0.792576758843722,-0.3357420286857929
['Dizzy Gillespie'],[162677],-0.8789616539232815,-0.2789986639690271,0.3602011545729694,-0.0076714668588063065,-0.02412248542252495,0.6912543078605276,-0.21014352506841938
['Dizzy Gillespie'],[162677],-0.5056604766288422,-0.23432971057041657,0.18017182951243094,0.4136080203603182,-0.2065593469730331,0.8261823858660262,-0.6312267148738292
['Dizzy Gillespie'],[162677],-0.6242584279116243,-0.5147767704481537,0.17611548405257327,-0.03855653557585853,-0.4794284767703306,0.904946765235292,0.021837395719994497
['Dizzy Gillespie'],[162677],-0.6352156631529912,-0.4252524255782063,0.24364547304424813,-0.04184103085324751,-0.4889616745580243,0.8548178153381837,0.07206848739244551
['Dizzy Gillespie'],[162677],-0.7023196160230033,-0.371592831956756,0.17515932205909407,-0.02082336571625204,-0.10902691825545326,0.793086871984031,-0.12945029836174085
['Dizzy Gillespie'],[162677],-0.6644520986329735,-0.7183607527686492,0.15612760740690457,0.07703414244581186,0.1852911861857592,0.7862847847963604,-0.2119937807604129
['Dizzy Gillespie'],[162677],-0.6369212046198857,-0.6777607280924857,0.18302033806092727,0.21359105726608976,-0.27668884869388705,0.66373504250143,-0.2692287225543382
['Dizzy Gillespie'],[162677],-0.5311501551497921,-0.2875110863660994,0.14830258939045302,0.06552128953357007,-0.4169776443325734,1.1583783591612504,-0.39698532883769166
['Dizzy Gillespie'],[162677],-0.5276057514395115,-0.31348139938884195,0.1109146643308358,0.24498176165072527,-0.44033697914191466,0.7321853946914494,-0.42859465215986914
['Dizzy Gillespie'],[162677],-0.37782246690060384,-0.07390849999632955,0.04826850379477305,0.17411406444987734,-0.22457148796109616,1.0145892498030666,-0.5554498377198809
['Dizzy Gillespie'],[162677],-0.7254027640923315,-0.29961354341186824,0.4266105320662515,0.09193410536079413,-0.28787569455638967,0.7908732109794125,0.024112278991940527
['Dizzy Gillespie'],[162677],-0.46626369498964526,-0.2600683223036697,0.2147150238089206,0.4036002901957242,-0.4634311257039948,0.9820505610961974,-0.8254979506183392
['Dizzy Gillespie'],[162677],-0.6066855908741489,-0.5052412189632434,0.37116426717304307,0.0219903176104388,0.1418111779996785,0.5587661147391604,-0.289147326878952
['Dizzy Gillespie'],[162677],-0.9516391434282094,-0.5043886381812747,0.14304252470972842,0.1580692621463002,-0.3624288255319539,0.7488030643774652,-0.10561075899843704
['Dizzy Gillespie'],[162677],-0.6972684382921229,-0.2639016688841177,0.13373536025253893,-0.07142464731253668,0.05360213910200353,0.714888062899464,0.020606361569599156
['Dizzy Gillespie'],[162677],-0.36644334435892534,-0.4313354501806525,0.05639210605912579,0.4350361773578395,-0.457545761449842,1.0380083921653516,-0.65396023015819
['Dizzy Gillespie'],[162677],-0.6808718112720833,-0.10562418619499543,0.16546190535757435,0.2096079789259348,-0.7734179880976878,0.4410822906058836,-0.14149590259225853
['Dizzy Gillespie'],[162677],-0.5545943929229422,0.10483876121609079,-0.03888728272346975,0.24307693165240904,-0.46874146320480625,1.0931814030070492,-0.5862507457519401
['Dizzy Gillespie'],[162677],-0.42896311010582233,-0.07959357313518685,-0.0012402717031624638,0.3898882257588745,-0.5755352530201592,0.8639101128880108,-0.6242468248863685
['Dizzy Gillespie'],[162677],-0.31630257576252824,0.04200195871775625,0.05847825450416658,0.13112533830448092,-0.29722073472912497,0.6230809383377236,-0.44472527455725597
['Dizzy Gillespie'],[162677],-0.7621831629077879,-0.5331798371547696,0.45576901277335236,0.14580535366857925,-0.5624424316331457,0.6889805938759566,-0.2409717101470117
['Dizzy Gillespie'],[162677],-0.7441534536747457,-0.3207622200962425,0.5396646436518039,0.05822167122253171,-0.3023639601010268,0.745446268025083,0.04812606248355558
['Dizzy Gillespie'],[162677],-0.13670095094661677,0.229656090368355,0.5525064183491577,0.1118184456966536,-0.2760162814552825,0.7773470530435656,-0.7120550583428557
['Dizzy Gillespie'],[162677],-0.4384090455402697,0.10715955173765622,0.6646294031028652,0.11254231194014194,-0.23705891014154837,1.011596985464417,-0.6756577459313462
['Dizzy Gillespie'],[162677],-0.5569315134211013,0.221857259768549,0.7113462827956429,0.3536212001881156,-0.6711192336406293,0.8454822777793708,-0.951409037031729
['Dizzy Gillespie'],[162677],-0.8464593733414055,-0.2544771992052518,0.23069284836916729,0.1765465330948606,-0.3771909373162289,0.6020444038942016,-0.23758083614546455
['Dizzy Gillespie'],[162677],-0.5292500828040866,-0.06876707134279834,0.3550573161163183,0.14117828158110288,-0.19871455607624744,1.1986102725702241,-0.7628867694092836
['Dizzy Gillespie'],[162677],-0.8016228805707974,-0.7581904157936528,0.1753794823933934,0.1429289731323763,-0.2643627869547875,0.8346441626659346,-0.118800134692932
['Dizzy Gillespie'],[162677],-0.42708107238132564,0.17128600486796228,0.5717877850915776,0.18762381184784926,-0.4350751596124141,0.7741626703828283,-0.8234432902259484
['Dizzy Gillespie'],[162677],-0.7293003616033487,-0.46758779514457194,0.32985284221712957,0.16685252315554563,-0.5720467428006701,0.6662925933928545,-0.03425228940629467
['Dizzy Gillespie'],[162677],-0.742492695329377,-0.48131465165612763,0.15177067570963432,-0.09369255893262511,0.1421122459065882,0.7244016636697146,-0.020442984792447452
['Dizzy Gillespie'],[162677],-0.45790406872374306,-0.47331729050363197,0.16101959647444367,0.196489878286453,-0.8756597765630142,0.5056150547900625,0.1111296136438556
['Dizzy Gillespie'],[162677],-0.6231502972737183,-0.026412820264750097,0.021055671828644408,0.23111031970769508,-0.1889369570308025,1.0885572921002056,-0.6148963364008991
['Dizzy Gillespie'],[162677],-0.7523569509378696,-0.4513582719345038,0.32216822502127174,0.16732752403506715,-0.8280253049942922,0.8167663065250651,-0.10591953941489024
['Dizzy Gillespie'],[162677],-0.5963892880926457,-0.13383762948974526,0.6113884618519622,0.05113305833870608,-0.45775359040666375,0.8377279016614637,-0.48062373386100443
['Dizzy Gillespie'],[162677],-0.6081852358076159,0.24209355379329833,0.6684015632110443,0.003147971346730693,0.1443030589348457,0.47833747339249866,-0.6321023705124514
['Dizzy Gillespie'],[162677],-0.5457827877528431,-0.45030074633866995,0.20962559856329926,0.22272793078481914,-0.42386064683994656,0.3989923508434778,-0.0032175635011090255
['Dizzy Gillespie'],[162677],-0.5728408754641219,-0.16882875755835744,0.0595714368636732,0.3863548924653276,-0.2082991705241775,0.8167911402852109,-0.7346018144594738
['Dizzy Gillespie'],[162677],-0.21487611033812407,-0.3216624561899617,0.025847722714779087,0.19060268519604476,-0.4170644272908542,1.0597316675204418,-0.5244839556475788
['Dizzy Gillespie'],[162677],-0.1762303375434344,-0.3246554791192158,0.038194990724222916,0.17527051899522836,-0.23363290523475352,1.0543482157158721,-0.5219379311878896
['Dizzy Gillespie'],[162677],-0.5201134234960707,-0.2899866613036821,0.0482156010206581,0.3194861208772292,-0.4700496860402469,1.0313516548244548,-0.6185001598594908
['Dizzy Gillespie'],[162677],-0.45109916878156947,-0.5119341294386723,0.18205348029435636,0.0995102444601845,-0.5784169870309003,0.7631098069785982,0.02155116876093137
['Dizzy Gillespie'],[162677],-0.8976704308327246,-0.4710858126443436,-0.007541946441156938,0.487254552872949,0.25727291432552046,0.7113040656678703,-0.4359262465654608
['Dizzy Gillespie'],[162677],-0.5798696382498352,-0.5080364936238518,0.15681738931460593,0.020960688863755392,-0.7399909596150148,0.9750546539720198,-0.017043750434614004
['Dizzy Gillespie'],[162677],-0.6111453889907776,-0.5809505312633215,0.21139712549800013,0.07034196747330033,0.130761557755727,0.5313692800026859,-0.01592012691364215
['Dizzy Gillespie'],[162677],-0.0637342014015062,-0.22544311969405229,0.1761427748860811,0.04546662241964738,-0.15082146218070158,0.5563250727429057,-0.305346408974028
['Dizzy Gillespie'],[162677],-0.5246728438365402,-0.43079466695090674,0.20579501714817275,-0.038439237751140366,-0.3346938837132784,0.6522956302278746,0.046435781960028316
['Dizzy Gillespie'],[162677],-0.8052600590039894,-0.4526142474025369,0.08635447070359561,0.24727119733361094,-0.7388886096340984,0.7375142667594471,0.003536643426159557
['Dizzy Gillespie'],[162677],-0.5515446544656519,-0.5413047078656745,0.31776783696287186,0.17977743021440895,0.03656094943128093,0.4523563788570901,0.007613027130037059
['Dizzy Gillespie'],[162677],-0.6340268341080609,-0.37923429606103104,0.15508365822596454,0.11579540130328352,-0.49867039179333245,0.624011614728755,0.03830825601999752
['Dizzy Gillespie'],[162677],-0.02340991788151775,0.09928756804781992,0.10476260055092236,0.1601168567905872,-0.6553870790758956,0.7435476396333339,-0.5556180333911319
['Dizzy Gillespie'],[162677],-0.6123475113663606,-0.4351362546889759,0.17744525145049236,0.0390244898332984,-0.5257925392481814,1.1487108396516919,-0.09027888982613103
['Dizzy Gillespie'],[162677],-0.13612092672785958,0.031729987936531354,0.005693885857940275,-0.02609139574006547,-0.47103834815577145,0.9832319246535632,-0.23910687314707385
['Dizzy Gillespie'],[162677],-0.7515064916825401,-0.38659139882760063,0.3809430012484615,0.1598670626141241,-0.758638930684581,0.5988169018439898,-0.21189020173449655
['Dizzy Gillespie'],[162677],-0.4522625015568197,-0.38060262377768583,0.1800745935821193,0.24321649488595404,0.14720623132379065,0.9037972800227392,-0.7176170874939288
['Dizzy Gillespie'],[162677],-0.8129239142658441,-0.6013704789743167,0.1418226758391759,0.1468261223527691,-0.10154998505198873,0.6492303870110712,-0.025176043850207514
['Dizzy Gillespie'],[162677],-0.41615351062006445,-0.3920553665660909,0.2367007483645609,0.33120649350911213,-0.6985030792695704,0.826123017269719,-0.5215959789447419
['Dizzy Gillespie'],[162677],-0.4556737874302854,-0.5764192616429601,0.16586677342819747,0.04278771140274331,-0.10550878751476407,0.8225950855765994,-0.12557125112595557
['Dizzy Gillespie'],[162677],-0.9969768797499563,-0.23870877825451597,0.4767332407030605,0.2843879769190427,-0.44332308476897064,0.6455416577511915,-0.3349143019727396
['Dizzy Gillespie'],[162677],-0.6856156185849772,0.033774242114613794,0.9373047861370545,-0.05694123944703573,0.027938878676038763,0.5129364730345112,-0.2973906644914918
['Dizzy Gillespie'],[162677],-0.5403059998881892,-0.23784994963426392,0.31789245755938345,0.00847397822887829,0.14975790595149935,0.6346745628245666,-0.24481198580969532
['Dizzy Gillespie'],[162677],-0.15371237181336425,-0.4077970277328532,0.11127536231961857,0.1741562287701988,-0.5447081274311562,0.8975476851186914,-0.30567107664625215
['Dizzy Gillespie'],[162677],-0.04003438413196659,-0.36132293870960625,0.13640265576212238,0.20699371046312404,0.0864775774110312,0.6785255758641353,-0.5318381215913316
['Dizzy Gillespie'],[162677],-0.7005281217024821,-0.16983863573913502,0.5586822014923525,0.09358323764572081,-0.39626924241793815,0.6363326854432865,-0.23413639368996764
['Dizzy Gillespie'],[162677],-0.5200538587764171,-0.6639130607241839,0.21991203697829664,-0.004273514580995337,0.13388993886202238,0.6453214345999255,0.06525575456360728
['Dizzy Gillespie'],[162677],-0.7395281079422505,-0.26155555327768454,0.7054403060419637,0.18151501987685223,-0.5404722577134957,0.7531796193332666,-0.5075990980736909
['Dizzy Gillespie'],[162677],0.026764052169165414,0.01860483495224367,0.11334978554643592,0.16719276930352844,-0.7354151679592056,0.8541995330547106,-0.4710000670013751
['Eagles'],[144847],-1.0699022676209178,0.13425900691810916,0.5458195567949721,0.22020619932868568,-0.8457317809953827,0.4616870624841484,-0.40016992694658365
['Eagles'],[144847],-1.2536509226261066,-0.2719314526480063,0.4439376772995692,0.31115644980514184,-0.43120060359521856,0.6116737002258087,-0.4108621465832569
['Eagles'],[144847],-0.6231339152852423,-0.24355016849282185,0.11085759729563095,0.16411432725898306,-0.4953318000628015,0.543750410663638,0.022965641736580066
['Eagles'],[144847],-1.2395234720459516,-0.10110155250522809,0.5303543779901341,0.26216729505035025,-0.4433134849616013,0.5826426020335342,-0.49333426713255213
['Eagles'],[144847],-1.4035613744728965,0.01949045335074436,0.545663087470321,0.08064066100543871,0.19394825916047717,0.6389516086212191,-0.4767485480764672
['Eagles'],[144847],-0.6088116232996201,0.07927105474813617,0.6931288036446139,-0.08159209948646923,0.0811935592301815,0.25436732393570505,-0.31348139176919193
['Eagles'],[144847],-0.6980941604915709,-0.4131700001623199,0.06437246567344439,0.0654415697921828,-0.6625190974480586,0.8016206321403926,0.11319381040142572
['Eagles'],[144847],-0.7184240268714746,-0.4183419305234316,0.13045884108970116,0.15409308195777785,-0.4940027617208186,0.5036948907002365,-0.05363649003675695
['Eagles'],[144847],-0.9026299199572853,-0.28739877854001283,0.7184437876357753,0.0856778785985999,-0.46822864879726966,0.6892842858323486,-0.44669318133417885
['Eagles'],[144847],-0.6554134260657606,0.048876191182343126,-0.04126842763641429,-0.09038648030277968,-0.16586496271785384,0.5872863817028924,0.18350440904854018
['Eagles'],[144847],-0.5945118915193097,-0.020936617902202786,0.521298273498376,-0.12098977902758723,0.09166472701974153,0.4250225389376102,-0.1333952740405896
['Eagles'],[144847],-0.699643564150211,-0.13223180173096724,0.603063667825134,0.0362355842842287,-0.061624167034920165,0.3969504066441594,-0.29829599797933065
['Eagles'],[144847],-1.1684035848444567,0.4196970671909946,0.44225135508535257,0.3082255394624963,-0.5622352704302387,0.9117253271256289,-0.7774892197832628
['Eagles'],[144847],-1.1457937764007615,-0.092381465837452,0.5856288859902316,0.1523270390970387,-0.19100719055122037,0.550983874260337,-0.4347825993538119
['Eagles'],[144847],-0.5724998916381054,-0.5085688552236315,0.1388453719612096,0.3276992362381034,-0.82906620941632,0.5985011283023097,-0.1423335255278698
['Eagles'],[144847],-1.1279716011605627,-0.6338660329430904,0.058095269348378435,0.2998017332526332,0.20168630371954263,0.5664089117537263,-0.13255366801570745
['Eagles'],[144847],-0.33816620444524903,0.3238872344189341,-0.05938328898017109,0.13727382366325408,0.16850649336213902,0.6037878130743896,-0.5886169207113237
['Eagles'],[144847],-1.3444495300963617,0.07698080000204045,0.4228148954136516,0.154102090747972,-0.446993892539244,0.6467677181222664,-0.39882966860810687
['Eagles'],[144847],-0.7852994637831121,0.00867924542850516,0.6202158249332247,0.0396019154252533,-0.5000118627502487,0.5751451979945014,-0.25431945404279893
['Eagles'],[144847],-0.5201484131464591,-0.03836550207195353,0.6468918216179742,-0.09839912494790044,-0.5396070317497106,0.5384071641861335,-0.20083731878578562
['Eagles'],[144847],-0.6451150561883378,-0.07584705721888066,0.512439322312932,-0.001881683065871566,-0.16469330800433146,0.4085032019891972,-0.2226653978399404
['Eagles'],[144847],-1.3724819936249355,0.14370146287217495,0.5417385915511391,0.20133309799137533,-0.6246888566206017,0.6371765106078788,-0.43308576680538
['Eagles'],[144847],-1.2993159978343802,0.06058549067271845,0.5600871913536387,0.1803289573137671,0.09547362834205501,0.48573566508346083,-0.5439007568898819
['Eagles'],[144847],-1.1005381570333443,0.09928957097711169,0.5339309302483015,0.2739147445088015,-0.6492080512344367,0.43596449402636267,-0.5055728193564888
['Eagles'],[144847],-1.2705052559956236,0.07781763907624938,0.5740170031803795,0.27856420281990213,-0.6304851527499857,0.5316123231078432,-0.42083160772620454
['Eagles'],[144847],-1.0127943665968988,-0.2850433895624072,-0.062029639312249016,0.3971991723088697,-0.619287968332869,0.5516388549243969,-0.3124207913492984
['Eagles'],[144847],-0.8450605506890941,-0.49852607442450647,0.10801194024547481,0.21422439569612492,-0.19823307238674653,0.5488070992124899,-0.07523323443596178
['Eagles'],[144847],-1.1064087944516434,-0.7121412680616261,0.08072751648888361,0.3058389856694473,0.20424132533888203,0.5776657519525951,-0.19403460977490813
['Eagles'],[144847],-1.043653922416315,-0.4119316862889924,0.07862906667215742,0.20436143184286937,-0.4470127088266264,0.7040494845141964,-0.12775081900036245
['Eagles'],[144847],-0.9669051551353629,-0.48134871596943757,0.19631261295448985,0.11861174832596115,-0.1773149564133336,0.7623404973397528,-0.16857853422802166
['Eagles'],[144847],-0.8592562123604124,-0.38266678357957157,0.11094340761883201,0.1616022722831311,-0.030913637249889412,0.4651401578350527,-0.10333970072030148
['Eagles'],[144847],-0.23784747377794477,-0.1502036843210734,0.30727320540055025,-0.06071752041641431,-0.5820096221231881,0.29593107337380975,-0.022967588356331087
['Eagles'],[144847],-0.7577535887835614,-0.5693104800283726,0.12945757607750485,0.2045721713692125,-0.46605574530859933,0.6641950598295703,-0.12296541277935812
['Eagles'],[144847],-1.3348571799646898,-0.19106519494493354,0.17514857261094338,0.22567138198827147,-0.4292681697542524,0.7116649951727513,-0.2783947869660465
['Eagles'],[144847],-0.6105740158557402,-0.5655559544727496,0.157265917700429,0.06386084333041721,0.13112602404759283,0.48084632007557965,-0.04762057692944877
['Eagles'],[144847],-1.1064062491484323,-0.4418590872287522,-0.0006312162165197285,0.3831006718628277,-0.4248952192606335,0.6294374264477035,-0.20738605898515716
['Eagles'],[144847],-1.1477429039554943,-0.48362602091576673,0.07812993419723513,0.330537200938125,-0.41568132146778997,0.7418963789724127,-0.19076115376092695
['Eagles'],[144847],-0.9140705420124178,-0.20142528615682906,0.028476994164065555,0.3024870337988623,-0.8466326506135425,0.4511687912075329,-0.09925159460727147
['Eagles'],[144847],-1.067131407638257,-0.3151869268481409,-0.03493945287961061,0.2050993483385002,-0.0018906070079908468,0.5865866206632251,-0.018436407907449763
['Eagles'],[144847],-1.2555255456491712,-0.5022816559741082,0.030903901447612306,0.423565479825065,-0.5935150747261326,0.6622094301733629,-0.2002734504394157
['Eagles'],[144847],-0.8450605506890941,-0.49852607442450647,0.10801194024547481,0.21422439569612492,-0.19823307238674653,0.5488070992124899,-0.07523323443596178
['Eagles'],[144847],-1.1282772500450617,0.07164624619878665,0.3532198674849587,0.0851565302419663,-0.022810219517551335,0.5275826139511257,-0.2374698590502798
['Eagles'],[144847],-0.5724998916381054,-0.5085688552236315,0.1388453719612096,0.3276992362381034,-0.82906620941632,0.5985011283023097,-0.1423335255278698
['Eagles'],[144847],-1.1279716011605627,-0.6338660329430904,0.058095269348378435,0.2998017332526332,0.20168630371954263,0.5664089117537263,-0.13255366801570745
['Eagles'],[144847],-1.1064087944516434,-0.7121412680616261,0.08072751648888361,0.3058389856694473,0.20424132533888203,0.5776657519525951,-0.19403460977490813
['Eagles'],[144847],-1.0127943665968988,-0.2850433895624072,-0.062029639312249016,0.3971991723088697,-0.619287968332869,0.5516388549243969,-0.3124207913492984
['Eagles'],[144847],-0.686744694727338,0.055550291664226537,0.57757489489578,-0.030744173977688426,-0.5339112006336596,0.4805213522650149,-0.24411274146008444
['Eagles'],[144847],-0.5231205366984211,-0.5143091201753192,0.2873063160919613,0.050859540008676866,-0.23119725285337586,0.6068590433462407,-0.04134497502271273
['Eagles'],[144847],-0.6169015584116062,-0.2381678640226137,0.09410460402973135,0.1248342593675842,-0.696775378527891,0.4903548170449112,0.07587111032998002
['Eagles'],[144847],-1.0736066268563667,-0.46452727495973595,0.11039462841087844,0.2757415714210899,-0.17424237317691463,0.5696498647231607,-0.23259059359780623
['Eagles'],[144847],-0.7631861927306407,-0.3981354351797777,0.11740016970477091,0.16177121390890464,-0.3132282841212162,0.46889682347843037,-0.07061007316810432
['Eagles'],[144847],-1.3747538949250893,-0.19625934098417408,-0.0036217153276370912,0.12240963040360633,-0.14989809295920187,0.8265890983223756,-0.1553177719735803
['Eagles'],[144847],-1.2938037066017996,-0.10820746536673656,0.017830491666514032,0.2784350464066397,-0.6203782678545966,0.6118986191527211,-0.18507430851537546
['Eagles'],[144847],-1.2367311295327548,-0.376354505659628,0.08331800193462459,0.32409964265074587,-0.42554495399250103,0.6432416772093785,-0.25398565451373556
['Eagles'],[144847],-0.7026798005101363,-0.362017148334938,0.12221062965646062,0.22807061369663542,-0.5025074878019851,0.39186400223220635,-0.06554218733878166
['Eagles'],[144847],-0.43638612513713776,0.06980203636537727,0.02765229493710999,0.135523636420382,0.13274250369747778,0.354798818283492,-0.23089327807409157
['Eagles'],[144847],-1.0480406204689279,-0.3416495490246426,0.15021101931864841,0.2848761605859608,-0.28410629439529017,0.4443449326798236,-0.2164699772218625
['Eagles'],[144847],-0.5094113910279482,-0.1567497082831062,0.09253032784319522,-0.03164725333249276,0.08438381515289112,0.33249646740452765,0.1272553680887416
['Eagles'],[144847],-0.6231339152852423,-0.24355016849282185,0.11085759729563095,0.16411432725898306,-0.4953318000628015,0.543750410663638,0.022965641736580066
['Eagles'],[144847],-1.1477429039554943,-0.48362602091576673,0.07812993419723513,0.330537200938125,-0.41568132146778997,0.7418963789724127,-0.19076115376092695
['Eagles'],[144847],-1.1297111174107726,-0.48606565723698575,-0.019091130660802404,0.35423484267992794,-0.7734776748226495,0.8638093541212657,-0.13459086165175196
['Eagles'],[144847],-1.0818944141941036,0.03475512127098807,0.41712570239697416,0.2664207438199492,0.024412111538717026,0.5780419786583078,-0.5916908752307919
['Eagles'],[144847],-0.5864458521685822,-0.4418928922687804,0.1657341111552049,0.1889122545737904,-0.6814775695835792,0.5110311395095805,-0.0040589300713714475
['Eagles'],[144847],-1.067131407638257,-0.3151869268481409,-0.03493945287961061,0.2050993483385002,-0.0018906070079908468,0.5865866206632251,-0.018436407907449763
['Eagles'],[144847],-0.8722496723398161,-0.4564797448536172,0.2449487824516771,0.07717230121995626,-0.014535462259789222,0.651236347462954,-0.1286051143053119
['Eagles'],[144847],-1.1545286406539585,-0.2871476560230428,0.026007073411433396,0.26108202851556384,-0.6245843109713044,0.6610364045154972,-0.12709269405479462
['Eagles'],[144847],-0.7863883135002377,-0.5077979616508721,0.08297632107542116,0.3357004537897004,-0.6530096775592777,0.5206652890895318,-0.09762599180450729
['Eagles'],[144847],-1.2155842405404287,-0.06445414839494083,0.1051666153009053,0.009136345931569624,-0.18531075038860773,0.7586940843827115,-0.15430670436009047
['Eagles'],[144847],-1.043653922416315,-0.4119316862889924,0.07862906667215742,0.20436143184286937,-0.4470127088266264,0.7040494845141964,-0.12775081900036245
['Eagles'],[144847],-1.2123531500672415,-0.023643425811209425,0.42295738209575034,0.09838853200794635,0.01838024604013658,0.7302361631507571,-0.45017786139695576
['Eagles'],[144847],-0.9669051551353629,-0.48134871596943757,0.19631261295448985,0.11861174832596115,-0.1773149564133336,0.7623404973397528,-0.16857853422802166
['Eagles'],[144847],-1.3348571799646898,-0.19106519494493354,0.17514857261094338,0.22567138198827147,-0.4292681697542524,0.7116649951727513,-0.2783947869660465
['Eagles'],[144847],-1.1064062491484323,-0.4418590872287522,-0.0006312162165197285,0.3831006718628277,-0.4248952192606335,0.6294374264477035,-0.20738605898515716
['Eagles'],[144847],-0.9140705420124178,-0.20142528615682906,0.028476994164065555,0.3024870337988623,-0.8466326506135425,0.4511687912075329,-0.09925159460727147
['Eagles'],[144847],-0.8592562123604124,-0.38266678357957157,0.11094340761883201,0.1616022722831311,-0.030913637249889412,0.4651401578350527,-0.10333970072030148
['Eagles'],[144847],-0.7577535887835614,-0.5693104800283726,0.12945757607750485,0.2045721713692125,-0.46605574530859933,0.6641950598295703,-0.12296541277935812
['Eagles'],[144847],-0.23784747377794477,-0.1502036843210734,0.30727320540055025,-0.06071752041641431,-0.5820096221231881,0.29593107337380975,-0.022967588356331087
['Eagles'],[144847],-0.6105740158557402,-0.5655559544727496,0.157265917700429,0.06386084333041721,0.13112602404759283,0.48084632007557965,-0.04762057692944877
['Eagles'],[144847],-0.6554134260657606,0.048876191182343126,-0.04126842763641429,-0.09038648030277968,-0.16586496271785384,0.5872863817028924,0.18350440904854018
['Eagles'],[144847],-0.6401688901077377,-0.6063557065591619,0.13906237503533203,0.3095391315175731,-0.8306726540104147,0.6212628719308996,-0.014700311293322608
['Eagles'],[144847],-1.2880376610058033,0.16612694008174986,0.5278881547658411,0.07739091628934493,-0.0007637591705050646,0.6135193786511347,-0.41012386518537725
['Eagles'],[144847],-1.067131407638257,-0.3151869268481409,-0.03493945287961061,0.2050993483385002,-0.0018906070079908468,0.5865866206632251,-0.018436407907449763
['Eagles'],[144847],-0.5986810462960338,0.04092314531983209,0.6438837350105627,-0.08087150553879864,-0.5416343874575464,0.5144663260858304,-0.25578518976707537
['Eagles'],[144847],-1.1279716011605627,-0.6338660329430904,0.058095269348378435,0.2998017332526332,0.20168630371954263,0.5664089117537263,-0.13255366801570745
['Eagles'],[144847],-0.5724998916381054,-0.5085688552236315,0.1388453719612096,0.3276992362381034,-0.82906620941632,0.5985011283023097,-0.1423335255278698
['Eagles'],[144847],-0.8592562123604124,-0.38266678357957157,0.11094340761883201,0.1616022722831311,-0.030913637249889412,0.4651401578350527,-0.10333970072030148
['Eagles'],[144847],-0.6105740158557402,-0.5655559544727496,0.157265917700429,0.06386084333041721,0.13112602404759283,0.48084632007557965,-0.04762057692944877
['Eagles'],[144847],-0.8472578767845499,-0.47988434093555754,0.09132141677996224,0.17460804133038996,-0.4600221306516125,0.725142374146198,-0.07104572481069489
['Eagles'],[144847],-0.7157355691089448,-0.07556662407590402,0.09839503385129932,0.05469884356848516,0.10122382232995729,0.24034748398546724,-0.11884156257905602
['Eagles'],[144847],-0.8450605506890941,-0.49852607442450647,0.10801194024547481,0.21422439569612492,-0.19823307238674653,0.5488070992124899,-0.07523323443596178
['Eagles'],[144847],-0.33816620444524903,0.3238872344189341,-0.05938328898017109,0.13727382366325408,0.16850649336213902,0.6037878130743896,-0.5886169207113237
['Eagles'],[144847],-1.2555255456491712,-0.5022816559741082,0.030903901447612306,0.423565479825065,-0.5935150747261326,0.6622094301733629,-0.2002734504394157
['Eagles'],[144847],-0.8450605506890941,-0.49852607442450647,0.10801194024547481,0.21422439569612492,-0.19823307238674653,0.5488070992124899,-0.07523323443596178
['Eagles'],[144847],-1.1064087944516434,-0.7121412680616261,0.08072751648888361,0.3058389856694473,0.20424132533888203,0.5776657519525951,-0.19403460977490813
['Eagles'],[144847],-1.0480406204689279,-0.3416495490246426,0.15021101931864841,0.2848761605859608,-0.28410629439529017,0.4443449326798236,-0.2164699772218625
['Eagles'],[144847],-0.6401688901077377,-0.6063557065591619,0.13906237503533203,0.3095391315175731,-0.8306726540104147,0.6212628719308996,-0.014700311293322608
['Eagles'],[144847],-0.7026798005101363,-0.362017148334938,0.12221062965646062,0.22807061369663542,-0.5025074878019851,0.39186400223220635,-0.06554218733878166
['Eagles'],[144847],-0.8685573204368863,-0.20301500746905143,0.6495934134487016,0.1381253673494696,-0.03417102278175598,0.4541680902337582,-0.3828578632456033
['Eagles'],[144847],-1.3348571799646898,-0.19106519494493354,0.17514857261094338,0.22567138198827147,-0.4292681697542524,0.7116649951727513,-0.2783947869660465
['Eagles'],[144847],-1.043653922416315,-0.4119316862889924,0.07862906667215742,0.20436143184286937,-0.4470127088266264,0.7040494845141964,-0.12775081900036245
['Eagles'],[144847],-0.38240149883101343,-0.3995029099723682,0.17875019014716617,-0.05258016309992734,0.09174335021289869,0.4208517392928236,0.0886786300640743
['Eagles'],[144847],-1.234695389672409,-0.11461311107118169,0.08853916574914218,0.15659464258702185,-0.4287717263869928,0.8332372310831703,-0.23827411456553504
['Eagles'],[144847],-0.5094113910279482,-0.1567497082831062,0.09253032784319522,-0.03164725333249276,0.08438381515289112,0.33249646740452765,0.1272553680887416
['Eagles'],[144847],-1.067131407638257,-0.3151869268481409,-0.03493945287961061,0.2050993483385002,-0.0018906070079908468,0.5865866206632251,-0.018436407907449763
['Eagles'],[144847],-1.076581902342701,0.14647438518042588,0.3749509538761642,0.15445773682887998,-0.842754458553126,0.5677815898913348,-0.25443890246757767
['Eagles'],[144847],-1.3144888002150619,0.18272724566384765,0.47033926442940394,0.22434068808374372,-0.4230834235754337,0.6886806501612407,-0.560574738419972
['Eagles'],[144847],-0.8673120274181428,-0.06252735949215166,0.5303199230248259,0.08786166026073626,-0.04685371086183903,0.4036212477370494,-0.3621761537607596
['Eagles'],[144847],-1.2877204787574812,-0.08131553366200607,0.556795160726878,0.28172979201020487,-0.430941348800694,0.6113832543570694,-0.5077634349092075
['Eagles'],[144847],-1.1298066850531248,-0.1577133148950793,0.06635416497408232,0.21081544868522417,-0.46193311620672484,0.5581346954462084,-0.1296769548558846
['Eagles'],[144847],-0.8027881384062724,-0.372122485590462,0.07504490359814123,0.235678156343342,-0.03882503101126412,0.3505125735950215,-0.09881853633235162
['Eagles'],[144847],-0.5408605132766132,-0.199251434530439,0.08403821809208663,0.09759019635498363,-0.7056667199800184,0.48022592759385707,0.09649016400525953
['Eagles'],[144847],-0.47699724051985354,-0.42009168996325985,0.160000560187722,0.10742297885359023,-0.6931729786326188,0.5571674928920097,0.03506719282665694
['Eagles'],[144847],-0.9652678721796946,-0.17136230052649562,0.008510139864978611,0.20210324437842658,-0.2097091656988851,0.43923428327185593,-0.10970687050127431
['Eagles'],[144847],-0.509217852650684,-0.2561132611748105,0.10621070860448917,0.07629651484913876,-0.7087272029806828,0.5028561630675438,0.0760383626908878
['Eagles'],[144847],-0.9114034094264449,-0.40947837943896,0.08433818107261519,0.5504401387240544,-0.08666964910167918,0.8055024629895903,-0.6744371752406715
['Eagles'],[144847],-1.215353342329055,-0.5533986351766882,0.1951113409864695,0.38777684865379913,-0.5979404654994102,0.7033746302234082,-0.29125175647811125
['Eagles'],[144847],-0.49560410442836317,0.09290103274681139,0.6950511271788219,-0.14372991092436513,-0.5497475597593078,0.5229810015941267,-0.24143081692233626
['Eagles'],[144847],-0.9152304922049336,-0.06004887011461088,0.4734647459896537,0.10295066301677085,-0.2186455684979462,0.4612243488554205,-0.270811979646007
['Eagles'],[144847],-0.5390939631873017,0.0263762849194914,0.5023634816648862,-0.14324749988436192,0.08131586572031993,0.39147855705021933,-0.10514450976615779
['Eagles'],[144847],-1.2106220519852626,0.11548319150468958,0.29750204298274147,0.3976256454274355,-0.5632191439930092,0.7853434032635416,-0.740693163893846
['Eagles'],[144847],-1.2640301745005431,-0.1259970688408955,0.5204662515376242,0.23874968759705711,0.21368723567791684,0.582125026720282,-0.6070319672595677
['Eagles'],[144847],-1.3314334842496802,-0.11101759853779129,0.13276817119954004,0.1308013633259865,0.008895643711303882,0.6279078286444361,-0.15960252712478015
['Eagles'],[144847],-1.2555255456491712,-0.5022816559741082,0.030903901447612306,0.423565479825065,-0.5935150747261326,0.6622094301733629,-0.2002734504394157
['Eagles'],[144847],-0.9669051551353629,-0.48134871596943757,0.19631261295448985,0.11861174832596115,-0.1773149564133336,0.7623404973397528,-0.16857853422802166
['Eagles'],[144847],-1.1306787917032584,-0.16238047717266288,0.2104983078008491,0.26526403270130666,-0.45925863349186674,0.5173081041560337,-0.20188204411992292
['Eagles'],[144847],-0.5237150244397502,-0.34673241395820664,0.28244679900524755,0.05392401540683908,-0.5208810851721668,0.5305966048648516,-0.07311843526391798
['Eagles'],[144847],-0.9242540185489593,-0.31049547957995416,0.24874883318531033,0.12608851072341914,-0.030082246546215278,0.4673782967749751,-0.14728346058926148
['Eagles'],[144847],-0.6177337323601041,-0.31619693217247746,0.20640453234494882,-0.014184357098437324,0.1071839656299235,0.39375435098702427,-0.06921383146465557
['Eagles'],[144847],-1.123683736866985,-0.21255477045137283,0.13532590926094448,0.19389050413669037,-0.014888338713581997,0.4440282187002979,-0.25141571552732456
['Eagles'],[144847],-1.0229855652089188,-0.0958432491891156,-0.12542818688690993,0.38182024842295165,0.07214100651306313,0.7394594692337216,-0.5888042713243239
['Eagles'],[144847],-1.3388441256102126,0.019702027395638907,0.5458169972314517,0.310422875136672,-0.5953828749811649,0.6914897333689897,-0.628091870129655
['Eagles'],[144847],-0.7157355691089448,-0.07556662407590402,0.09839503385129932,0.05469884356848516,0.10122382232995729,0.24034748398546724,-0.11884156257905602
['Eagles'],[144847],-0.783934940776714,-0.5713205608361566,0.1917324854900248,0.22365038200881726,-0.2043704850639047,0.5074395587807522,-0.14363017682813362
['Eagles'],[144847],-1.1739852391402261,-0.4348197131502561,0.3857363741849522,0.2367791963846226,-0.609801372132321,0.7660966804882307,-0.40180816568244854
['Eagles'],[144847],-1.2555255456491712,-0.5022816559741082,0.030903901447612306,0.423565479825065,-0.5935150747261326,0.6622094301733629,-0.2002734504394157
['Eagles'],[144847],-1.2741480930081301,-0.33199161180855385,-0.017442729850793124,0.3251677184224574,0.2576744619917163,0.778264527788011,-0.5101472864546803
['Eagles'],[144847],-0.8657278992776483,-0.0036420265898590583,0.3329142011698678,0.14745171112228983,-0.6820549269030435,0.4861669539342322,-0.18566732421293214
['Eagles'],[144847],-1.1477429039554943,-0.48362602091576673,0.07812993419723513,0.330537200938125,-0.41568132146778997,0.7418963789724127,-0.19076115376092695
['Eagles'],[144847],-1.3108969917043987,-0.35788327868780107,0.1804263260665743,0.1697521649015795,0.2027505067242117,0.6371121665771792,-0.2680821745072081
['Eagles'],[144847],-1.3415811674519507,-0.17673936762878606,0.11635910715346306,0.21865788708139675,-0.6129413161952869,0.7365111797561782,-0.28233744347491146
['Eagles'],[144847],-1.0480406204689279,-0.3416495490246426,0.15021101931864841,0.2848761605859608,-0.28410629439529017,0.4443449326798236,-0.2164699772218625
['Eagles'],[144847],-0.7001470627633536,0.02830198302226892,0.6613044825925288,0.0030113320075356807,-0.5273310506516796,0.4563547946803292,-0.30946640853402274
['Eagles'],[144847],-0.6554134260657606,0.048876191182343126,-0.04126842763641429,-0.09038648030277968,-0.16586496271785384,0.5872863817028924,0.18350440904854018
['Eagles'],[144847],-0.5237150244397502,-0.34673241395820664,0.28244679900524755,0.05392401540683908,-0.5208810851721668,0.5305966048648516,-0.07311843526391798
['Eagles'],[144847],-0.9652678721796946,-0.17136230052649562,0.008510139864978611,0.20210324437842658,-0.2097091656988851,0.43923428327185593,-0.10970687050127431
['Eagles'],[144847],-0.7577535887835614,-0.5693104800283726,0.12945757607750485,0.2045721713692125,-0.46605574530859933,0.6641950598295703,-0.12296541277935812
['Eagles'],[144847],-0.23784747377794477,-0.1502036843210734,0.30727320540055025,-0.06071752041641431,-0.5820096221231881,0.29593107337380975,-0.022967588356331087
['Eagles'],[144847],-0.5986810462960338,0.04092314531983209,0.6438837350105627,-0.08087150553879864,-0.5416343874575464,0.5144663260858304,-0.25578518976707537
['Eagles'],[144847],-1.2395331506166332,-0.32687750754561373,-0.000403666210069821,0.051993104840482716,0.2008541685462298,0.7964807889694245,-0.0528962217438949
['Eagles'],[144847],-0.5799268150905877,-0.2157025727414395,0.1251717274910879,0.1961469478896594,0.2636248031470108,1.0818699079945682,-0.8702422235896915
['Eagles'],[144847],-1.2123531500672415,-0.023643425811209425,0.42295738209575034,0.09838853200794635,0.01838024604013658,0.7302361631507571,-0.45017786139695576
['Eagles'],[144847],-1.35463095208465,0.10676206239152054,0.5236827536207187,0.21596481626632313,-0.4306103590572102,0.6613211544385973,-0.5120983864223442
['Eagles'],[144847],-0.3969629705288292,0.4258670196462937,0.05667526527411091,0.20625500356085422,-0.01132117198316792,0.554872046145384,-0.7104026559388309
['Eagles'],[144847],-0.7082028522214351,-0.16670815098727693,0.0784884492956623,0.1782389181345542,-0.4254619750921398,0.3334799321270258,0.006178027669954119
['Eagles'],[144847],-1.1064062491484323,-0.4418590872287522,-0.0006312162165197285,0.3831006718628277,-0.4248952192606335,0.6294374264477035,-0.20738605898515716
['Eagles'],[144847],-0.9140705420124178,-0.20142528615682906,0.028476994164065555,0.3024870337988623,-0.8466326506135425,0.4511687912075329,-0.09925159460727147
"['Ella Fitzgerald', 'Joe Pass']","[184502, 209773]",-0.17356892392891451,-0.46673180470609327,0.2262304870586832,0.02219148939862972,-0.5499795827249158,0.5105751097229674,0.10424314601774332
"['Ella Fitzgerald', 'Joe Williams']","[184502, 213590]",-0.6473450410605488,-0.5246683509824427,0.36628304107933846,0.058719786473460225,0.13890112808781763,0.537252046982612,-0.05228421250131838
"['Ella Fitzgerald', 'Nelson Riddle']","[184502, 322027]",-0.3049857797483581,-0.28534805608340835,0.20056460542916194,-0.011281375156395308,-0.6444742807778862,0.445931776562569,0.08440065420579258
"['Ella Fitzgerald', 'Nelson Riddle']","[184502, 322027]",-0.41505797953904533,-0.4232013714764639,0.21773925706498895,-0.09514197746498917,0.09672150638811923,0.503761638094141,0.06900854744333623
"['Ella Fitzgerald', 'Nelson Riddle']","[184502, 322027]",-0.17344018619637133,-0.21426585871910148,0.22598893131074374,-0.12439369001842344,-0.2237492073460613,0.3058609935184447,0.07331276569087974
"['Ella Fitzgerald', 'Nelson Riddle']","[184502, 322027]",-0.1933117434643176,-0.39379936829613155,0.2632937072806671,0.03145418485358791,-0.8241613271997198,0.5132965374426652,0.07024478115083443
"['Ella Fitzgerald', 'Nelson Riddle']","[184502, 322027]",-0.26288378375661337,-0.33551489584432953,0.2459201834425011,-0.1324080690092308,-0.01975850209378871,0.4289548787095151,0.1026785645089764
"['Ella Fitzgerald', 'Nelson Riddle']","[184502, 322027]",-0.48948598167634744,-0.5349887528394291,0.21817933630108768,-0.09538118799073683,0.11541669182985786,0.6196112226030863,0.03210836048821948
"['Ella Fitzgerald', 'Oscar Peterson']","[184502, 489316]",-0.6842597886694166,-0.6123342682116647,0.3581828114695404,0.15264848371172535,-0.294049011337901,0.6662165199796292,-0.12922642442454046
"['Ella Fitzgerald', 'Oscar Peterson']","[184502, 489316]",-0.391932384575017,-0.5666779097564123,0.21124783143724724,0.016003313425030107,0.11254329912036427,0.5175976008984993,0.06626123161926983
"['Ella Fitzgerald', 'Oscar Peterson']","[184502, 489316]",-0.13996046603381046,-0.2764605355634173,0.18072293283178556,-0.04945568971708925,-0.8368414775860188,0.5409342237587551,0.1555847659825478
"['Ella Fitzgerald', 'Oscar Peterson']","[184502, 489316]",-0.5679979267566406,-0.5904764725897738,0.20723234638456936,0.11404727856390522,-0.21938878648813925,0.6337713165559616,0.02349100506096485
"['Ella Fitzgerald', 'Oscar Peterson']","[184502, 489316]",-0.42198922656417137,-0.6287068226621271,0.277682781370171,0.0973333122830098,-0.05947350585187965,0.4801567634230168,0.000121082118790785
"['Ella Fitzgerald', 'Oscar Peterson']","[184502, 489316]",-0.13686612972599832,-0.3322290576402016,0.20364690894227505,0.006794265838720375,-0.8365133142398571,0.4671062954163841,0.12023869949631909
"['Ella Fitzgerald', 'The Delta Rhythm Boys']","[184502, 816895]",-0.3816196179066,-0.6980774161982063,0.25342532807539053,0.14420790070003403,-0.7703624390947965,0.6969750920578733,0.03441910072540793
['Ella Fitzgerald'],[184502],-0.3047746038981425,-0.14057473990617214,0.34864091981430695,-0.16148428853595462,-0.39381944667691116,0.4137767054351664,-0.012468741440773453
['Ella Fitzgerald'],[184502],-0.3340191259381845,-0.24166684855407888,0.33499463202173824,-0.004770839450810629,-0.8317823085903119,0.410385457168482,-0.07369446845206734
['Ella Fitzgerald'],[184502],-0.27537706340429996,-0.07527583973095997,0.2936037153812508,-0.16055680961983568,-0.8372915641275787,0.6039922961612897,0.07761061624088499
['Ella Fitzgerald'],[184502],-0.6690668104046652,-0.3150895560194908,0.18234452364283088,0.04511376244583239,-0.06971069314135486,0.3663984423815272,-0.06952027727542855
['Ella Fitzgerald'],[184502],-0.2955689113662586,-0.2852934037333187,0.1781536390468825,-0.12745758806194551,-0.015538036893489574,0.45183195294981526,0.15204606212704136
['Ella Fitzgerald'],[184502],-0.17924895640501917,-0.08062598157386729,0.26998971633708035,-0.22826269520330705,0.03287058279377042,0.27007358237159995,0.08505935162361986
['Ella Fitzgerald'],[184502],-0.6288148832854478,-0.527911191648718,0.4360908198858874,0.06270378008749956,-0.48579783675923466,0.7481449176102564,-0.12435262891044639
['Ella Fitzgerald'],[184502],-0.4952201505375605,-0.26040708657566997,0.10295057697878734,-0.14142955793887962,-0.6052491148880583,0.8647777209523722,0.2109676361807404
['Ella Fitzgerald'],[184502],-0.6051397839930547,-0.5501210386280316,0.23055596460861078,0.15708144609728544,-0.676680994467645,0.5977688951341884,-0.10914793927792002
['Ella Fitzgerald'],[184502],-1.0359495571281743,-0.20701289984169072,0.9247770886047251,0.09735855211777969,-0.5382530317016618,0.862963487225049,-0.34707933266948315
['Ella Fitzgerald'],[184502],-0.6976500489142526,-0.2712164801484692,0.3717334514056055,-0.03264534405883307,-0.49827454704922813,0.7720640923355399,-0.06978496330292516
['Ella Fitzgerald'],[184502],-0.3616862857554559,-0.46583715656503005,0.1996410688466206,0.04003728057582546,-0.5282264544202773,0.5531319491688699,0.11435935637806731
['Ella Fitzgerald'],[184502],-0.20355180170831652,-0.22150834721137655,0.30153554675755845,0.019630110815837924,-0.8432840986940147,0.3541970111798006,-0.014665924952797926
['Ella Fitzgerald'],[184502],-0.5599404654587062,-0.4001863066706648,0.1667730911991202,0.055800520775270104,-0.7776328218830902,0.665997190381429,0.041658349568320104
['Ella Fitzgerald'],[184502],-0.1839597397018089,-0.10132962728432476,0.31007954636223106,-0.23498810290357855,0.030822028124235644,0.25791004081819,0.058371176717394294
['Ella Fitzgerald'],[184502],-0.7224210278161254,-0.14329699254929584,0.926360829537361,0.012914192668435942,-0.4974156173674018,0.7203075989903411,-0.25656834756378816
['Ella Fitzgerald'],[184502],-0.7958356903590699,-0.292436395928207,0.9832454455381157,-0.010616911140485913,-0.29287272580958623,0.8964475052444163,-0.242803139727351
['Ella Fitzgerald'],[184502],-0.5394482742538403,-0.38926825322571357,0.274222345865601,-0.08899023282578082,0.10881636267869918,0.5431427737331159,-0.027950859525910067
['Ella Fitzgerald'],[184502],-0.4715786913490741,-0.5959122461610411,0.18713347329149524,0.12433628291235274,-0.5914815342274822,0.6392318179136403,0.01851762953136549
['Ella Fitzgerald'],[184502],-0.5670875417483183,-0.5607576669198677,0.23088410231034004,-0.04876939982732394,0.12874180347057665,0.6445292119230658,0.029424087431005674
['Ella Fitzgerald'],[184502],-0.46960501834247886,-0.32028086143951073,0.21438471588325936,0.0370556949068215,-0.8904929885761285,0.5610458208558399,-0.011855617477740119
['Ella Fitzgerald'],[184502],-0.676192582195503,-0.5312833136822651,0.3863477482031916,0.09493457722429309,-0.3080679587334796,0.6129454730450182,-0.23257456032032878
['Ella Fitzgerald'],[184502],-0.482453867995962,-0.48446869296656253,0.35361634821143934,0.10644159077972049,-0.5054803157490244,0.6082401726303073,-0.01932384814317925
['Ella Fitzgerald'],[184502],-0.3012016562137553,-0.42627667399610913,0.29866440091946955,-0.08697353903907577,0.0799420324560746,0.41985982503001934,0.062012348988641254
['Ella Fitzgerald'],[184502],-0.6986386185461492,-0.4877867466579188,0.21257423972605785,0.2051223698806093,-0.7475992380771106,0.6711906405094177,-0.12516438521336626
['Ella Fitzgerald'],[184502],-0.3334548985538265,-0.2400839381638675,0.20352409477004035,-0.13500441668398183,0.06908349664010857,0.3793506491126385,0.09907713344521683
['Ella Fitzgerald'],[184502],-0.14624163176724075,-0.21193649858024813,0.225623015138543,-0.087478987513431,-0.6726208674881287,0.4007707048034908,0.09547125886462939
['Ella Fitzgerald'],[184502],-0.7467359545603383,-0.42473555573255484,0.3808750043432732,0.038194080522103255,0.14084934850834002,0.5352688169321539,-0.1964758524371191
['Ella Fitzgerald'],[184502],-0.5095090155362952,-0.5237409638062583,0.21047637524605134,0.03806558800022882,-0.5931903044861927,0.7154107260701982,0.0788557867855687
['Ella Fitzgerald'],[184502],-0.28283966701496616,-0.4113628716080422,0.20643799292080375,-0.09078125041747999,0.07374827017989737,0.3828573275261945,0.11357151939791169
['Ella Fitzgerald'],[184502],-0.22238285762385257,-0.28311936549685907,0.17628540148382343,-0.0857168964708079,-0.5605797028238728,0.5277083659335351,0.17456067005239845
['Ella Fitzgerald'],[184502],-0.4607686954431595,-0.3814370833254309,0.17888753729115223,0.019892686957284744,-0.3518793380633431,0.4583804884432194,0.029628746918628247
['Ella Fitzgerald'],[184502],-0.7831061917737868,-0.5102534991853754,0.3285107042215028,0.030329658569384875,-0.29516559135163933,0.7686453228008701,-0.15052181185048194
['Ella Fitzgerald'],[184502],-0.63352709523528,-0.16265526061649838,0.2242663872678622,-0.0399347079527296,0.010290259726946981,0.44443814700104667,-0.013008818109303806
['Ella Fitzgerald'],[184502],-0.5697284080736568,-0.1739321458295231,0.7860636150473094,-0.03407939336998571,-0.16800371063921724,0.4969189441022521,-0.27252877682195303
['Ella Fitzgerald'],[184502],-0.7662347004382503,-0.2828245404565731,1.052421134271643,0.05988413421258995,0.14242365765068998,0.596860366629988,-0.2710534478303417
['Ella Fitzgerald'],[184502],-0.6001654717994294,-0.385262536967506,0.5293562645454685,-0.08022993144776708,-0.06283592492938031,0.5915106619929501,-0.1983034429296546
['Ella Fitzgerald'],[184502],-0.3786787676384001,-0.4419173853432985,0.2073511040068488,-0.0024011989299139815,-0.08882150377004652,0.4123825987994419,0.03666517471438707
['Ella Fitzgerald'],[184502],-0.7741300003934356,-0.4672427375243752,0.2472987179393685,-0.052056621121552724,-0.2960112547297044,0.879732487716678,-0.08375855504887825
['Ella Fitzgerald'],[184502],-0.2826872680807251,-0.19011389889586044,0.1642271867146703,-0.20436106777348778,-0.6452239889720041,0.7131591799447312,0.17577010530827486
['Ella Fitzgerald'],[184502],-0.30611992658687953,-0.4132356170661315,0.24537120002868273,-0.10183504275812164,0.08205782520530484,0.47328859024252673,0.07856779167131975
['Ella Fitzgerald'],[184502],-0.12755078329790362,-0.31367578026605036,0.24158696931034296,0.03166226162760698,-0.8407320240128883,0.4090065411189892,0.05904968426041219
['Ella Fitzgerald'],[184502],-0.20573074913984216,-0.1210207282607681,0.3131926201494441,-0.22479926465839534,-0.39527435596023647,0.5409385440891679,0.11768887095790906
['Ella Fitzgerald'],[184502],-0.3366826477391994,-0.28355983119578193,0.23526051435889114,-0.07630760566965816,0.0671393946876209,0.2829230717040327,0.006059357922462474
['Ella Fitzgerald'],[184502],-0.5588144019077422,-0.459891735370372,0.20648575204104797,0.005754760761493921,-0.06407065880707298,0.5101192136629618,-0.00345517578997887
['Ella Fitzgerald'],[184502],-0.4202255197757438,-0.5028264386845062,0.2059954469354557,0.07242296624893137,-0.514596038201542,0.609676589852849,0.10276843555798318
['Ella Fitzgerald'],[184502],-0.4063972368609949,-0.59554243020649,0.22597098225971676,0.1018344762803421,-0.7791482673439682,0.6780242126724907,0.05131638118080115
['Ella Fitzgerald'],[184502],-0.22833789525206927,-0.16649214298899662,0.17024360024229473,-0.1656183145954155,-0.3946335399660078,0.4643112137707544,0.16066511173343548
['Ella Fitzgerald'],[184502],-0.17679480071337206,-0.12433629651843954,0.25168860817305927,-0.07427210119618771,-0.8549664903494641,0.39613797963162395,0.07117157879523406
['Ella Fitzgerald'],[184502],-0.39343401971029995,-0.23257778562767759,0.7358824088022544,-0.0857108572907823,-0.19700853821389364,0.3512243394797116,-0.28018678356734616
['Ella Fitzgerald'],[184502],-0.35043547899670796,-0.48173563934744945,0.22790618605513477,0.039334878556996807,-0.6188475379300961,0.5731705457379889,0.06115101087734465
['Ella Fitzgerald'],[184502],-0.5397000834803222,-0.49779705190304613,0.3791859235895252,0.021534915811396035,-0.3258885710883679,0.62392884677594,-0.06278626538910012
['Ella Fitzgerald'],[184502],-0.15839454133121456,-0.27761668566444564,0.20936346940499362,-0.009347013272227912,-0.8453481763525101,0.40037227643611784,0.06364744312327594
['Ella Fitzgerald'],[184502],-0.6732945755575729,-0.5339490997419107,0.1616846972337657,-0.06769850918383752,-0.1251765864965643,0.8097133452123765,0.03324417903441192
['Ella Fitzgerald'],[184502],-0.4559045689417392,-0.4521927904493135,0.2002978984977476,-0.08412417496657643,0.012143838033588202,0.5351728166462741,0.03983344189410234
['Ella Fitzgerald'],[184502],-0.4711970198088357,-0.18104134216476164,0.32510586329844643,-0.11692997682273064,-0.015150064040021997,0.3514273491530454,-0.09274223299473822
['Ella Fitzgerald'],[184502],-0.35301794580947254,-0.21255461476271195,0.3788359309117598,-0.16368049599595608,-0.013231191667722193,0.4817967211200193,0.015387284898466217
['Ella Fitzgerald'],[184502],-0.2080641981385113,-0.1499019709496784,0.20402704737584826,-0.16373524095552872,0.042573394559414196,0.26203858224380366,0.09071739702846536
['Ella Fitzgerald'],[184502],-0.7698219288390764,-0.3445350736251749,0.2435386424656153,0.012585920452178956,-0.5698699178487017,0.8294133161246056,-0.0512725062224923
['Ella Fitzgerald'],[184502],-0.5964521432791686,-0.2553654921942398,0.3154687638743069,0.019118660277275278,-0.7027027633930809,0.5352056413134263,-0.11986689735927172
['Ella Fitzgerald'],[184502],-0.08169641317925572,-0.2991834911369669,0.2502666598482115,-0.03191197638003877,-0.39984378800954384,0.3207905394491065,0.1026184485175213
['Ella Fitzgerald'],[184502],-0.2757011105241826,-0.32852717609933774,0.22413757264109146,0.0792386196818407,-0.35924874609975177,0.3893309079379898,0.11036792370964532
['Ella Fitzgerald'],[184502],-0.23754996312117538,-0.03363775559258425,0.7544469909105428,-0.21906259234358152,-0.12637058269956325,0.427271139217581,-0.15226308956508364
['Ella Fitzgerald'],[184502],-0.4228839424137925,-0.47791060194376683,0.2567289110487413,0.1168496593257339,-0.34176860785343366,0.45944985577554415,0.06380212352436951
['Ella Fitzgerald'],[184502],-0.16889146010528663,-0.16472150927006357,0.1675645414582954,-0.12021968906977062,-0.40058963505553546,0.3705250878236093,0.06821503096194756
['Ella Fitzgerald'],[184502],-0.06642420053944754,-0.15564895125799316,0.25536212256755314,-0.13304826305659578,-0.5962689284445756,0.373669249345788,0.10565773417214006
['Ella Fitzgerald'],[184502],-0.1824024251556265,-0.31744774790223357,0.23849703538798225,-0.1403938014756638,0.07471018065347981,0.4919211714634641,0.19169792970885743
['Ella Fitzgerald'],[184502],-0.5922845090435558,-0.5902936034714013,0.1942827512043669,0.002484733073318092,-0.30977321035004823,0.7780726251026846,0.0513213493968984
['Ella Fitzgerald'],[184502],-0.4597144156211368,-0.4832271492669189,0.34616957084628147,0.0746682360969636,-0.7824630034942468,0.6517355641372201,-0.05438033682962641
['Ella Fitzgerald'],[184502],-0.40740301355929603,-0.5536516205585972,0.22447135786680403,0.025279575726950224,-0.5151698885005301,0.6531473228429767,0.06459362910352841
['Ella Fitzgerald'],[184502],-0.5340382484916572,-0.09287765112427951,0.6343266169494726,-0.10872516574586184,-0.2720527552957628,0.4455779306912465,-0.21603244806620658
['Ella Fitzgerald'],[184502],-0.15433059566739427,-0.1502808478305513,0.19505227883770532,-0.07010552047697421,-0.855529857907854,0.40490819253421856,0.07891777559789652
['Ella Fitzgerald'],[184502],-0.39340939529173025,-0.06179658832021014,0.5611179519453448,-0.18922489663016717,-0.11355130656197773,0.4061434182009398,-0.11884090338485791
['Ella Fitzgerald'],[184502],-0.46268569830138145,-0.33675558689597807,0.15170511154786143,-0.08660440710225001,0.09331189636360702,0.4494687387665447,0.08729664060662871
['Ella Fitzgerald'],[184502],-0.8042801156874295,-0.33514689030536854,0.15271838137082513,0.10814329259526431,-0.5676260697585611,0.7042759267246401,-0.0532450353118737
['Ella Fitzgerald'],[184502],-0.19981437854239514,-0.19432893241717997,0.1874522196789031,-0.02449239765154232,-0.8478877304893726,0.38020575064780193,0.09611381312526203
['Ella Fitzgerald'],[184502],-0.6706021609678827,-0.4405726004007709,0.18641732975580086,0.06406839334843072,-0.3165656134324102,0.6219463207162723,-0.008212310122508129
['Ella Fitzgerald'],[184502],-0.9814590162511896,-0.6564453482609197,0.20726854295950148,0.27010909002705685,-0.5298045570719861,0.7015141403474163,-0.19568498874695256
['Ella Fitzgerald'],[184502],-0.22095603741103775,-0.1997276771348221,0.20093595492843588,-0.16052266801483528,-0.21989882461314314,0.35935430306120103,0.11084363048473057
['Ella Fitzgerald'],[184502],-0.30010442798753995,-0.15109739933452823,0.14064351662816096,-0.01197826653823729,-0.836387943563152,0.40899850961773576,0.07887985668809919
['Ella Fitzgerald'],[184502],-0.19283765227292812,-0.23702255727175936,0.27133407745105576,0.0017460078245877717,-0.5718483638255998,0.32482417575405476,0.038192682304843524
['Ella Fitzgerald'],[184502],-0.1358191703246316,-0.1501336629247338,0.17319540509424508,-0.06770971295540126,-0.7690528148506405,0.3534228129696964,0.11383260145067527
['Ella Fitzgerald'],[184502],-0.563425156033768,-0.24865896498749365,0.18750638086789476,0.10237294761536003,-0.5142540803916231,0.5161658635010666,0.02803412628281855
['Ella Fitzgerald'],[184502],-0.13550838901037945,-0.24392314625249714,0.20865578373305477,-0.03532746281296977,-0.6702044577892684,0.36428803739819765,0.10767744941099427
['Ella Fitzgerald'],[184502],-0.8167703950186168,-0.3116443756971259,0.16483189241462148,0.029804136847308024,-0.4757321869335896,0.8105102487622085,-0.03248389829257555
['Ella Fitzgerald'],[184502],-0.11295158914492395,-0.2729357631567731,0.21659338138992984,-0.05226050696670123,-0.6724127521648922,0.3780666398285129,0.09826354935661115
['Ella Fitzgerald'],[184502],-0.7547431550967216,-0.3040805431078678,0.6237434204619742,-0.016299687142697902,0.04817929271305127,0.5965787628446176,-0.2406517993211653
['Ella Fitzgerald'],[184502],-0.7568002421481835,-0.6023465740076612,0.3192210081600732,0.222288642765825,-0.7300490423830247,0.8295520074235727,0.015319775909100032
['Ella Fitzgerald'],[184502],-0.5325477937425572,-0.4413138444075527,0.15509905881730707,0.02111894391262536,-0.6014523782295415,0.6581360303591984,0.020774170203219162
['Ella Fitzgerald'],[184502],-0.23328491520480482,-0.2195625216277821,0.23242471848536697,-0.04961400094174066,-0.6616009722299973,0.4030537137017008,0.05264085638329421
['Ella Fitzgerald'],[184502],-0.35876446172649773,-0.45132425491982286,0.21348792104714448,0.04712405895851781,-0.7965121615726425,0.6177935291242611,0.0597451536767414
['Ella Fitzgerald'],[184502],-0.7020619238104565,-0.31309710409429803,0.2974748918008304,-0.11534361973509595,-0.05479017182342168,0.6616459906898235,-0.06232247727682832
['Ella Fitzgerald'],[184502],-0.5215574821932559,-0.38237718641093327,0.1531130429918547,0.04779979554711556,-0.34225954821484217,0.4676516131134777,0.004544692516219205
['Ella Fitzgerald'],[184502],-0.31145337307057996,-0.12634034570881206,0.15483040697709735,-0.007609679992416407,-0.5702215837811972,0.32540070361400036,0.044283507968285694
['Ella Fitzgerald'],[184502],-0.25790238288421385,-0.08569918478803248,0.15769276936123697,-0.04741586406362752,-0.8480572130080916,0.3815540780308125,0.0802387763291227
['Ella Fitzgerald'],[184502],-0.20690274578388712,-0.2281428113624226,0.17029816213196436,-0.21914356427783338,0.05620471834299075,0.447826244202835,0.17583163048937636
['Ella Fitzgerald'],[184502],-0.6808961814258735,-0.28048018031211863,0.28227437057787413,-0.053530514777939305,-0.14678078604326317,0.5918637576584613,-0.035153638162077776
['Ella Fitzgerald'],[184502],-0.4723861372354745,-0.41184462908989644,0.13859072099048111,0.10415057242525932,-0.792021322891224,0.5369501888680512,0.026014313128050085
['Ella Fitzgerald'],[184502],-0.7079976237055227,-0.2938191736321024,0.13586008174179823,0.07168366127224293,-0.5030313608709214,0.5487318017727761,-0.02225551021477828
['Ella Fitzgerald'],[184502],-0.12732814626752467,-0.2660037532071665,0.25901019400355785,-0.06889644003253037,-0.40436916379339627,0.3137781186303593,0.06762522481130119
['Ella Fitzgerald'],[184502],-1.022583427047729,-0.29232351290724196,0.5503482514339649,0.10308939032218314,-0.2781847976388813,0.707714567054413,-0.3381872394292101
['Ella Fitzgerald'],[184502],-0.9186434383207065,-0.15768091084114608,1.1024448047914464,-0.07205854300844967,0.07270865921295631,0.9373735539113534,-0.16014412332508088
['Ella Fitzgerald'],[184502],-0.12358981342058373,-0.1828476660342378,0.3189806251780963,-0.059033821755309045,-0.6608490426850145,0.44556773121810755,0.00429617832249116
['Ella Fitzgerald'],[184502],-0.18675151857537334,-0.18280277912237236,0.1564840438239295,-0.0477242128806185,-0.8364683395055637,0.5040484927477599,0.19103480380446156
['Ella Fitzgerald'],[184502],-0.30269494450430917,-0.3993782351288785,0.1820747617658205,0.1139415142082383,-0.816002120966368,0.4070157381795123,0.06666697501194212
['Ella Fitzgerald'],[184502],-0.3432929684773662,-0.4511546598720937,0.226751118087231,0.09817708692832797,-0.5406275070736662,0.3883835332791103,0.045129301569266776
['Ella Fitzgerald'],[184502],-0.43823514236985067,-0.5456146146060442,0.21531926016119374,0.04305379742336389,-0.5991437561374293,0.6900209729157576,0.06888208281666151
['Ella Fitzgerald'],[184502],-1.018157877798074,-0.2491122658081122,0.5826459379697352,-0.0046739640617217805,-0.8202941142239664,0.9059937866961886,-0.3535170906028058
['Ella Fitzgerald'],[184502],-0.28237668077506245,-0.061682643939472884,0.4658593423184267,-0.08256604338153296,-0.7539639575276506,0.40920221303502935,-0.06915506222411145
['Ella Fitzgerald'],[184502],-0.8126185016059154,-0.3254712327390903,0.5137418068185077,-0.1344218199273133,0.149577836217011,0.8754522438596266,0.027459054414248132
['Ella Fitzgerald'],[184502],-0.6064413870700274,-0.2138220252160133,0.20667215846941503,0.09136783654083831,-0.6200202255369098,0.42170266586410443,-0.10540996276665773
['Ella Fitzgerald'],[184502],-0.7324648933984704,-0.43705983150367345,0.18678018992870277,-0.030955400543157464,-0.30863329835354364,0.7282748147620792,-0.033628257594061656
['Ella Fitzgerald'],[184502],-0.28189950224269944,-0.12706945023764182,0.30003337873950925,-0.21149713144750854,-0.03218525689559505,0.4263308413626256,0.08543806121783823
['Ella Fitzgerald'],[184502],-0.40129932783759337,-0.14744335035237402,0.15981449381274568,0.06654545135666481,-0.8276405442114275,0.36391702280234783,0.03462848000348692
['Ella Fitzgerald'],[184502],-0.5549466614729944,-0.37694870867864066,0.14853954614804657,0.05111531356135455,-0.7809418954127677,0.6451286133862981,0.052546524690622654
['Ella Fitzgerald'],[184502],-0.682650634467648,-0.4108263511758565,0.28718685775239444,0.06718742415731359,-0.5817804923864499,0.6738588175566206,-0.0887792764166329
['Ella Fitzgerald'],[184502],-0.19621307068189978,-0.15510404153392612,0.17682361522870987,-0.13918893825375506,-0.6643131042082551,0.5262570329856182,0.15591891125186205
['Ella Fitzgerald'],[184502],-0.4492989995797194,-0.42915690055114053,0.20825137056040524,-0.05465708042008741,0.09395727973221808,0.41858453298348525,0.027335395698462963
['Ella Fitzgerald'],[184502],-0.4006792510898463,-0.224022523539631,0.1388386007729541,0.012906395907563858,-0.5586212051309757,0.33054931568427254,-0.002865225299684942
['Ella Fitzgerald'],[184502],-0.40327703687500155,-0.3189843454233244,0.24598327913058443,0.11065627516157175,-0.8088530557818173,0.4164816506806012,0.007486896987688745
['Ella Fitzgerald'],[184502],-0.39932256983476794,-0.28403685894307007,0.13794432667835832,-0.09709077681806917,-0.3620745473149525,0.5679327524063225,0.11377405767731247
['Ella Fitzgerald'],[184502],-0.4477744725480176,-0.3105747765093124,0.21002807679895233,0.029997304967119102,-0.8023881245266246,0.5646356381251351,-0.00024120687674857174
['Ella Fitzgerald'],[184502],-0.2535761013999548,-0.26904189188438105,0.20566514858592821,-0.1698683094745598,-0.027769182522968467,0.40869696137295175,0.13674297802841665
['Ella Fitzgerald'],[184502],-0.2764323827045439,-0.19050381233791078,0.17684522466978844,0.05391796094757986,-0.8361422651028014,0.3282142234271058,0.07080246631559921
['Ella Fitzgerald'],[184502],-0.4067671869394999,-0.302340294760354,0.17866018047649435,-0.04661092072086377,-0.3662188848523298,0.44924852861468295,0.059901713645598
['Ella Fitzgerald'],[184502],-0.40318228881134177,-0.1602488650827865,0.26652839107016213,-0.008258087982985142,-0.6499357986232186,0.34999516172492257,-0.04281365348168272
['Ella Fitzgerald'],[184502],-0.3215223724311012,-0.34051184281264707,0.30576712838618203,-0.16737510822002696,0.08389261510696462,0.5402945576331883,0.10418913976909229
['Ella Fitzgerald'],[184502],-0.1846897548077075,-0.12224732155754525,0.23093193017347044,-0.3587691113885909,-0.03589689749938022,0.6493227417732473,0.2080669019176105
['Ella Fitzgerald'],[184502],-0.5856387368178722,-0.5634803940872888,0.21730685723441703,0.2128250356870484,-0.6784621905631353,0.49899658336147185,-0.07247136905884574
['Ella Fitzgerald'],[184502],-0.19581544643378715,-0.1514545470320534,0.2906551067250817,-0.16348865102233087,-0.401633527717952,0.41557866464414683,0.07786210639976146
['Ella Fitzgerald'],[184502],-0.22151745228021413,-0.1904904133958822,0.1671344894953366,-0.1295485039861388,-0.5718766393674578,0.47976410395587826,0.16115338727434575
['Ella Fitzgerald'],[184502],-0.4908719046410909,-0.5485750154847262,0.19071939862103895,0.03565820597456304,-0.33187291340710995,0.5703170595175465,0.006977923775611757
['Ella Fitzgerald'],[184502],-0.4378158118082124,-0.45746222105399903,0.3359621887057953,0.0017477396162930944,0.014368000682724875,0.46839742880522983,0.02271104599783714
['Ella Fitzgerald'],[184502],-0.8922931555452183,-0.386795526866862,0.7259302899855609,-0.004488597911501263,-0.288986037274414,0.7748203156937514,-0.3768456219265331
['Ella Fitzgerald'],[184502],-0.7837963198610943,-0.31601052874343555,0.6919225700409205,0.007619348935388817,-0.30667081981077116,0.6516829548552406,-0.3378734346347043
['Ella Fitzgerald'],[184502],-0.2259247070733236,-0.23304556480798475,0.2125638970974922,-0.02386521980112827,-0.836593368246868,0.4626319850715945,0.07752524705531498
['Ella Fitzgerald'],[184502],-0.26699258098503276,-0.13100414950289935,0.34662868167148725,-0.010349288367190733,-0.8445716849060625,0.35340043862148907,-0.03850882891354057
['Ella Fitzgerald'],[184502],-0.53990602967912,-0.5035612485815103,0.1588649905758318,0.06722323353755849,0.10621870508185062,0.33535395502565785,-0.02907942351969017
['Ella Fitzgerald'],[184502],-0.8674378491925763,-0.4196765594816162,0.43949620266500394,0.06708792283216601,-0.2915079728287387,0.7213420688128183,-0.18863213841769777
['Ella Fitzgerald'],[184502],-0.42076206719527875,-0.3613698881194265,0.1767234649759007,0.0680527606982624,-0.7136457586209649,0.4873331129166853,0.030055045102673306
['Ella Fitzgerald'],[184502],-0.403917717417048,-0.26488319792470477,0.30321000792299324,0.003376115851465159,-0.5485953531281067,0.40796352102147593,-0.049685424502117694
['Ella Fitzgerald'],[184502],-0.5560262963433523,-0.42477789949794237,0.4053713543389831,0.051980495197065234,-0.6789139863432315,0.729278043476236,-0.031630768911110864
['Ella Fitzgerald'],[184502],-0.8177440475259793,-0.2282879375170974,0.6735566695884929,-0.15533684121456887,0.07294773059335113,0.9769624647667172,-0.17721065845413164
['Ella Fitzgerald'],[184502],-0.20745638323244206,-0.40151545020486734,0.2942190538296804,-0.07247281019574342,0.07473319907414834,0.40112610651783853,0.1071170595211961
['Ella Fitzgerald'],[184502],-0.41400450714012293,-0.4015057918329088,0.34031728939389255,0.10895986393480026,-0.7966598283094052,0.5258830881040004,-0.025306094361276357
['Ella Fitzgerald'],[184502],-0.2872976269792994,-0.19210531984903337,0.2549301827262178,-0.15643679812758296,0.053488742880538474,0.29234988593574796,0.04746296385536212
['Ella Fitzgerald'],[184502],-0.19350561752810988,-0.06263481256045185,0.35067648577554467,-0.12644385310381187,-0.6804007194633931,0.36201733127261954,0.0023812357721956262
['Ella Fitzgerald'],[184502],-0.4673459366252601,-0.015185203986078533,0.5030362119751026,-0.1982260339562566,0.0643079034083632,0.3119621135245955,-0.12336250747666151
['Ella Fitzgerald'],[184502],-0.6201277792082306,-0.5260827680427833,0.17756810644486573,0.0016178852759289862,0.04654029491003261,0.6432629012695102,0.06372011585511851
['Ella Fitzgerald'],[184502],-0.3928351964425171,-0.35337259848736113,0.1619524115732528,0.048137819431582796,-0.8029135765069978,0.5694668074731153,0.0579491075511684
['Ella Fitzgerald'],[184502],-0.6215515743278337,-0.46466844028025506,0.1952299859000936,0.024632740786184413,0.031982008082701935,0.5098503111294745,-0.05060201561134809
['Ella Fitzgerald'],[184502],-0.4032820542740701,-0.263521835225166,0.15990471907626927,0.0011592946383147701,-0.8099364826481866,0.5576695113750473,0.07613174311715577
['Ella Fitzgerald'],[184502],-0.8578395025642783,-0.33686392260213127,0.23935698167670366,0.08475562956976584,-0.8298104675225497,0.8522195654764687,-0.01805424579099943
['Ella Fitzgerald'],[184502],-0.7280961376116939,-0.3588081881750775,0.33828717982160245,0.10936963627401367,-0.7607123970556278,0.6564142602470402,-0.14105412229229236
['Ella Fitzgerald'],[184502],-0.34675637628463934,-0.20310623408669545,0.16740230456899652,-0.0005122899218717145,-0.8240417827494487,0.4791051385106117,0.07708789435029098
['Ella Fitzgerald'],[184502],-0.5435838303332048,-0.3905425069791839,0.22209668692193982,-0.018414532828442656,-0.5887337412064015,0.8459071315436208,0.16951680992189058
['Ella Fitzgerald'],[184502],-0.34282611075960345,-0.020503106678975785,0.14355183799278032,-0.25750369329726824,-0.3869204230769795,0.5839614115942042,0.1955171299757743
['Ella Fitzgerald'],[184502],-0.3768860731819441,-0.1278084058123778,0.21602719634643866,0.008430362621031274,-0.6560264822658655,0.30040266936480964,-0.0048294969794354815
['Ella Fitzgerald'],[184502],-0.06785408953216203,-0.20559638353897475,0.18639948536188541,-0.18443405035873464,-0.057859000850299935,0.30779795844159896,0.157313000473764
['Ella Fitzgerald'],[184502],-0.18176920452106907,-0.22442932256608752,0.24112004386519972,-0.0036187394394408302,-0.663556638096864,0.344904618926098,0.06976045188054583
['Ella Fitzgerald'],[184502],-0.2628865793971392,-0.1264229279369457,0.15540512351336622,-0.2539437758899118,-0.3885198626005739,0.6148164330369418,0.20956249407905686
['Ella Fitzgerald'],[184502],-0.18214875752893367,-0.2082892445581685,0.25521806555937565,-0.034114290637951364,-0.84846038069182,0.39963786221744874,0.038904910662113074
['Ella Fitzgerald'],[184502],-0.2091496189514803,-0.17597960139702812,0.32057441541040343,-0.015589591473999197,-0.6236300081749143,0.593223990710942,-0.1678503882074853
['Ella Fitzgerald'],[184502],-0.8477954223638158,-0.38541830649183406,0.7637479096966738,-0.005604548106247894,-0.11810162016759587,0.6684340294168661,-0.4058943176638984
['Ella Fitzgerald'],[184502],-0.7500488732210155,-0.40155624524242284,0.24792400597665232,-0.0675390838057204,0.14213856434923622,0.7335914521421654,0.02644383422046808
['Ella Fitzgerald'],[184502],-0.38847922996070816,-0.4589154407388664,0.18636752785542285,0.13271932045843254,-0.797752547194502,0.49355153893010445,0.04977677649570203
['Ella Fitzgerald'],[184502],-0.4000706449937797,-0.6022955733446282,0.273337763802386,0.05644215838754271,-0.07012348736761094,0.49116289820305287,0.03850861284675484
['Ella Fitzgerald'],[184502],-0.466275665878362,-0.3606807457933676,0.1931128147084981,-0.0562744154025446,0.0976019544224371,0.45091774339812757,0.06112488137673525
['Ella Fitzgerald'],[184502],-0.4168970709964876,-0.39450537095958854,0.17943440757014548,0.012640558060931093,-0.6166187723453893,0.599851422228595,0.07175236342999365
['Ella Fitzgerald'],[184502],-0.3140887381469353,-0.2725015597244218,0.3106463505656774,-0.1130662721445848,0.07035881680548144,0.3662615253314902,0.043535531224433786
['Ella Fitzgerald'],[184502],-0.22481612828239825,-0.15990609670630285,0.20007706972029468,-0.06434511075726507,-0.6700934981327993,0.344614996399394,0.062111893280753054
['Ella Fitzgerald'],[184502],-0.3285141947511072,-0.3039947346781652,0.21875790912032364,-0.08339997849134287,-0.36129442244074617,0.5847196257103845,0.10309993155179663
['Ella Fitzgerald'],[184502],-0.10957840068776127,-0.11024885694888514,0.36028275759528944,-0.09882510117189792,-0.5977053293557518,0.2945451832424194,0.0005101039351868956
['Ella Fitzgerald'],[184502],-0.16809851334858877,-0.18895939636269363,0.18248267000759374,-0.1496883078205025,-0.6612446938735027,0.5710443125540328,0.16139376475396902
['Ella Fitzgerald'],[184502],-0.8054856660472094,-0.47137026251185477,0.1865735012740676,0.059655677860597216,-0.2957864610261652,0.6891992470728706,-0.06631598295016945
['Ella Fitzgerald'],[184502],-0.1633253892619948,-0.24164652504276318,0.2091781258702403,-0.25441338416826037,0.05649413188387638,0.5087080607986093,0.18602748567808972
['Ella Fitzgerald'],[184502],-0.948534054093723,-0.25645329296130137,0.8285512630529774,0.10011930020872527,-0.5459037270959763,0.8305183295701352,-0.29060967891836126
['Ella Fitzgerald'],[184502],-0.2758195693553433,-0.4021662016550506,0.23933602952686264,-0.09622362934019123,0.07152665916109874,0.3558962963724854,0.07009806304357008
['Ella Fitzgerald'],[184502],-0.35826721786146476,-0.4553072451506289,0.22040687712431228,0.09192263502967124,-0.3538758492284257,0.41005930706551114,0.08091065572583338
['Ella Fitzgerald'],[184502],-0.5348650122288886,-0.1532626519473975,0.2612419857486505,0.02689431852125777,-0.8865240991122779,0.5976836675703785,-0.0014010947818872688
['Ella Fitzgerald'],[184502],-0.5026589238902058,-0.5981123422273876,0.22280335548825597,0.10327055946563907,0.11570854304353788,0.38869217175086407,0.011093192277268946
['Ella Fitzgerald'],[184502],-0.4683978247683232,-0.15754465124664213,0.17451290488302384,0.080120935694859,-0.9020954729791475,0.46467964502270803,0.012813364347912862
['Ella Fitzgerald'],[184502],-0.3990163016746339,-0.09829231726527744,0.24666025247901172,-0.2307107004200656,-0.6338603249895511,0.7954061861270585,0.15645494383126812
['Ella Fitzgerald'],[184502],-0.4647828928873392,-0.5216082618138601,0.16738908964047525,0.11599454698070542,-0.6917760079357544,0.5981463958867349,0.032362111565310776
['Ella Fitzgerald'],[184502],-0.10519084714545969,-0.31198399148053274,0.19771979922984106,-0.044890187165163395,-0.40176260710823175,0.31865882333825457,0.10858541009769952
['Ella Fitzgerald'],[184502],-0.36366225722240847,-0.35406309479591047,0.17068800017400373,-0.14755831215225193,-0.0065617699456933295,0.5198469809357973,0.10424660918458745
['Ella Fitzgerald'],[184502],-0.21983636249644473,-0.23268145447819666,0.24578283730614683,-0.09481068147280816,-0.39437900587905966,0.37222807197653196,0.05415071748459629
['Ella Fitzgerald'],[184502],-0.6500361431130963,-0.5434959876907048,0.22736562129735036,0.19203133200859065,-0.6660726185315414,0.6404566131313358,-0.06125715209225535
['Ella Fitzgerald'],[184502],-0.25235877787787087,-0.5604859947869122,0.3077735835962657,-0.05453978316492835,0.08621850944394018,0.4768087080717913,0.049640844164213556
['Ella Fitzgerald'],[184502],-0.6528899442323306,-0.37899031896121876,0.16010461361990613,0.059621651111867104,0.11995703071178968,0.4155015432610651,-0.02202560293697708
['Ella Fitzgerald'],[184502],-0.701704865082532,-0.4662127853292804,0.23716031488844655,0.04260693964099139,-0.30446420629236925,0.7302944173184541,-0.035795807662389635
['Ella Fitzgerald'],[184502],-0.056240922218507926,-0.2654937235291874,0.22416038301320146,-0.14181737595841518,-0.04383488838872824,0.35311186824227747,0.16818161044570692
['Ella Fitzgerald'],[184502],-0.1565966530066646,-0.53299697925389,0.161626517497396,0.315363628148196,-0.6892059548070817,0.999733761934495,-0.49053028791612197
['Ella Fitzgerald'],[184502],-0.18902289489583726,-0.2907548463817015,0.2178446681872926,-0.07639316025528682,-0.5708217331339654,0.43541862596183134,0.10916416106059958
['Ella Fitzgerald'],[184502],-0.18189319255301195,-0.40947081826765763,0.26585580344558407,-0.056953681051107555,-0.11931143705786468,0.3115063747593837,0.0618679125443678
['Ella Fitzgerald'],[184502],-0.2424898599440309,-0.30540859910708473,0.23490108540655072,-0.16050809104066333,-0.28869638945433684,0.5483714201619387,0.14019995172190436
['Ella Fitzgerald'],[184502],-0.28739876940890535,-0.2191842350634553,0.1654896534980455,-0.2788568223045696,-0.0203514860193461,0.6025347824198894,0.20037231351499632
['Ella Fitzgerald'],[184502],-0.358459273144467,-0.5860514932034134,0.22812658898714433,0.08359107439790073,-0.7854044116109536,0.6583088819735851,0.07597456323902124
['Ella Fitzgerald'],[184502],-0.25550249191873037,-0.4267344839960279,0.2450112364136698,-0.014995086011762146,-0.6393998158089683,0.5157344648249426,0.07040825850297076
['Ella Fitzgerald'],[184502],-0.24272217319487358,-0.37785745669210946,0.21110770039152732,0.005104798038323516,-0.8175542722744615,0.5571664598154809,0.11838962510147143
['Ella Fitzgerald'],[184502],-0.3470347702846889,-0.41978044556101307,0.18962408660188684,-0.25346925119365565,0.09450354756605454,0.717739991217908,0.17846298016562637
['Ella Fitzgerald'],[184502],-0.6973218332034181,-0.5234284654168847,0.20203217576115193,0.196669708819846,-0.7614088882659332,0.553516155846628,-0.12446376663806316
['Ella Fitzgerald'],[184502],-0.7191153773612629,-0.40690368159921486,0.2161337463360082,-0.07391142326179935,-0.04632967747611314,0.6712343371735474,-0.03520764414775342
['Ella Fitzgerald'],[184502],-0.7160308214496364,-0.5692633424112684,0.24176470450671,0.1263504580504191,-0.3005893709680969,0.6017765413718003,-0.037558617626127055
['Ella Fitzgerald'],[184502],-0.6708790463860516,-0.46303614828915124,0.16904668599767475,0.07420208468037988,-0.4056369026651279,0.5859806683672194,-0.0172987805554376
['Ella Fitzgerald'],[184502],-0.14932620697740537,-0.333806979449883,0.23709164028811255,0.006950371173325791,-0.386418741592812,0.33854175227419864,0.0789377734177324
['Ella Fitzgerald'],[184502],-0.31242334765219376,-0.04097247729996628,0.31976008505304077,-0.08883976638077849,-0.579669637813454,0.31994482498885557,-0.035377628091930305
['Ella Fitzgerald'],[184502],-0.21199445157562322,-0.12155082273195017,0.22058186215215445,-0.10496409790269887,-0.5834858353938978,0.3619098966534518,0.06908219414926792
['Ella Fitzgerald'],[184502],-0.46438521396726695,-0.37592277809946567,0.16227444250518228,0.04220876775242982,-0.795787044822424,0.5827538437033154,0.03264285535416074
['Ella Fitzgerald'],[184502],-0.26386940563034783,-0.4162484538796368,0.20443052844323223,-0.019464183845342747,-0.6267583596715872,0.6498884025748412,0.11750231444732254
['Ella Fitzgerald'],[184502],-0.44855452943924035,-0.38032324668283546,0.1403400390399871,0.038872641451719446,-0.6166771549815957,0.5719148858265655,0.06526633715708602
['Ella Fitzgerald'],[184502],-0.28417537700562734,-0.25345571667387595,0.20335773156862455,0.03222164614163344,-0.8300878233896563,0.42000357127995747,0.036081596210622076
['Ella Fitzgerald'],[184502],-0.34805253304216066,-0.10000578785754895,0.28541607894738374,-0.04144493597576879,-0.5607913089619263,0.4318944675478472,0.002935775949838022
['Ella Fitzgerald'],[184502],-0.2353523982727187,-0.4375113321935354,0.343181751956323,-0.07895051870307063,0.07186703851899001,0.3886691408214266,0.03059813253243879
['Ella Fitzgerald'],[184502],-0.18083881386860426,-0.27543805312403336,0.20251777941109134,-0.07466719577270806,-0.5557229696098266,0.5675171456634627,0.1922307275733096
['Ella Fitzgerald'],[184502],-0.5753384205370026,-0.5212830296865569,0.4280744286389052,0.05127855013011706,-0.1321585020959308,0.6620508188661078,-0.029249818210130077
['Ella Fitzgerald'],[184502],-0.5955124660296939,-0.3486040579870978,0.14660025019296521,0.05212464635108103,0.11536021619485147,0.40512580328351894,0.0038099150843834196
['Ella Fitzgerald'],[184502],-0.058140745386032505,-0.34579149201986986,0.24680218665092163,-0.09797398754659135,-0.3161343247716048,0.3526047152469533,0.0909301986852544
['Ella Fitzgerald'],[184502],-0.7387851732984558,-0.538340573782078,0.20685031856123026,0.22400514782837352,-0.4780472777443693,0.5749016699439123,-0.09563087114450705
['Ella Fitzgerald'],[184502],-0.4250628249007944,-0.45433395450986436,0.3509242535472808,0.04994791707382492,-0.5206019835123985,0.5717403951916505,-0.03888253556692459
['Ella Fitzgerald'],[184502],-0.6264331514444494,-0.5489143632512141,0.4151736735819175,-0.009722658777042623,-0.30054316349109056,0.8502379239861922,-0.005496003985196865
['Ella Fitzgerald'],[184502],-0.47533606602291617,-0.45126527708600644,0.33941312987268374,-0.018787550814094518,-0.33989183330961914,0.5808532770451502,-0.055934985925737035
['Ella Fitzgerald'],[184502],-0.1819692576468525,-0.05823487999135205,0.13863183366186715,-0.16711600217902298,-0.9294424802485105,0.6821612969473134,0.22361616854832542
['Ella Fitzgerald'],[184502],-0.4953888701553818,-0.6057198877479777,0.2575806469732221,0.04922878702293959,0.11772542578685083,0.4458943193963386,-0.029146987819467493
['Ella Fitzgerald'],[184502],-0.2115395584086438,-0.13863950655554844,0.17940320246373528,-0.07028138707920777,-0.6711497014310693,0.3643289186063807,0.06512411605827441
['Ella Fitzgerald'],[184502],-0.587055447076829,-0.4846296140357014,0.2048741845720137,-0.089210458257925,0.03833393530556896,0.7043332306282857,0.031785965602334265
['Ella Fitzgerald'],[184502],-0.7789931039261262,-0.591388190765879,0.31884194963373613,0.1902861212953019,-0.5653766793133665,0.5996246684934184,-0.23942157382320806
['Ella Fitzgerald'],[184502],-0.10443201961542732,-0.2840162982511119,0.24415479421450115,-0.02869756916668376,-0.5769702054442589,0.3986701112671145,0.08579624052441193
['Ella Fitzgerald'],[184502],-0.5734269788593364,-0.6063466999936209,0.22734812686468875,0.06624480929272938,0.14336943921727563,0.6206045859829907,0.03472456263623041
['Ella Fitzgerald'],[184502],-0.8029756461260462,-0.5503343827027991,0.1810734863369708,0.08718724371945069,-0.5609148238556577,0.7692702401972358,-0.06522366096126427
['Ella Fitzgerald'],[184502],-0.4509893847851763,-0.2602563205113523,0.23795456030573367,-0.01693078214974197,-0.5486091252433343,0.40382416163331736,-0.0562324944794242
['Ella Fitzgerald'],[184502],-0.5379092203408404,-0.1529983698081833,0.28489831447593805,0.029924577746238915,-0.3688071746599491,0.2931838348759998,-0.09549012751819906
['Ella Fitzgerald'],[184502],-0.48699435715263717,-0.17473274984685877,0.3360743619364478,-0.04282441484840618,-0.3707206160414979,0.390085288333966,-0.099431157641662
['Ella Fitzgerald'],[184502],-0.9375195796061901,-0.5406797936593203,0.12306914487922184,0.17260278929192777,-0.7234408571261264,0.7769255615508004,-0.10180253588011766
['Ella Fitzgerald'],[184502],-0.3716788536103848,-0.16744304109658276,0.2488904021406885,-0.1483409916762949,-0.03122052570186637,0.2976177297553953,0.014859155163631213
['Ella Fitzgerald'],[184502],-0.4321979679610222,-0.0593597658022149,0.2756627707245093,-0.227305602762577,-0.02470111339111564,0.42161942194231483,0.04315221340301123
['Ella Fitzgerald'],[184502],-0.38883861964728395,-0.33515327007595574,0.2529300542942925,0.019405573130700855,-0.8107189840106306,0.5110257071157336,0.026132226030836793
['Ella Fitzgerald'],[184502],-0.870679402968976,-0.589419003487678,0.2690798274485641,0.18271920219580018,-0.7216163557341289,0.8110691638859069,-0.11931635703739531
['Ella Fitzgerald'],[184502],-0.21188565974837706,-0.38549245607073207,0.2385358861950921,-0.14315071229228052,0.06383622418189405,0.3862704785610226,0.0948121573936649
['Ella Fitzgerald'],[184502],-0.6395766500934087,-0.6666591621641965,0.20552525241660977,0.1944294413879042,-0.5695513506210342,0.6368454783632936,-0.0652666035956254
['Ella Fitzgerald'],[184502],-0.2525208609638368,-0.5473690373126688,0.2282605911961344,0.054236811612825876,-0.09075896455819499,0.39776910619817535,0.07742735179303153
['Ella Fitzgerald'],[184502],-0.7185998871296325,-0.7147283371526407,0.15681287010353806,0.29580990517079425,-0.4672845445231481,0.598985737449618,-0.10399367181204276
['Ella Fitzgerald'],[184502],-0.33158510014168635,-0.38836204436683053,0.21316585422890713,-0.08205250562802928,0.08015501331719942,0.437119054007651,0.05341406417102223
['Ella Fitzgerald'],[184502],-0.371380763553354,-0.19138094540346495,0.12124207337894259,-0.15957935099133358,0.0684278154664638,0.4315664535669543,0.11580085359659267
['Ella Fitzgerald'],[184502],-0.4759072483668806,-0.4077717817740452,0.19380948399296125,0.06970370028903795,-0.5209601447164465,0.5329648719564878,0.04699345215629093
['Ella Fitzgerald'],[184502],-0.581273328961614,-0.46768766572261317,0.1391471867125538,0.04689551589012169,-0.5027043167549408,0.6679895354259073,0.0015960724108778261
['Ella Fitzgerald'],[184502],-0.6520143762620422,-0.4810434506287772,0.11821977784822432,-0.029069403254031307,-0.4927710847673675,0.8144128122806062,0.015312018654769074
['Ella Fitzgerald'],[184502],-0.2765346289498136,-0.31792117885720184,0.3917403950585967,0.033592684873196506,0.08115053937172478,0.3043043490165262,0.010060126000232589
['Ella Fitzgerald'],[184502],-0.1310490489978598,-0.35570184150091605,0.22119964999444064,-0.19364987375337023,0.05851574884552358,0.46632899747902007,0.19345057583938843
['Ella Fitzgerald'],[184502],-0.43518939774731663,-0.35188353181886595,0.23109653059576482,0.052229594998679,-0.3498999155375905,0.4605423680661839,0.026586730080663274
['Ella Fitzgerald'],[184502],-0.7625219529134443,-0.38780775810198476,0.17150530560230107,0.0771517409567835,-0.5613925058339988,0.8713033765493307,0.05962112883683093
['Ella Fitzgerald'],[184502],-0.28362213861373886,-0.5524006868420658,0.2399141253179671,-0.048718949961201144,0.0909320213810117,0.45972875311560174,0.08130999101914806
['Ella Fitzgerald'],[184502],-0.5014361446004042,-0.5105233330633722,0.22394251078705704,-0.003653759937591344,-0.05797292846106465,0.6074806535560155,0.06605713088721465
['Ella Fitzgerald'],[184502],-0.3400080399591526,-0.22056745727203267,0.4725610647101559,-0.042472272555344866,-0.9022508274890523,0.6504369926803831,-0.04663911197855913
['Ella Fitzgerald'],[184502],-0.842214937926155,-0.2756919457999547,0.4171196048458548,0.10606954711610177,-0.5613177649439668,0.7193801551704998,-0.1465418483085267
['Ella Fitzgerald'],[184502],-0.30729800216698105,-0.24248346182909636,0.2428712408450157,-0.009998626600904783,-0.6484416148402468,0.41557242192352223,0.014239240737211662
['Ella Fitzgerald'],[184502],-0.31215169113940056,-0.47452805250367064,0.23837983774252747,0.0057195776733400166,-0.17315798781070296,0.5037551239965036,0.09381253590905347
['Ella Fitzgerald'],[184502],-0.31373667999210975,-0.3240836072376076,0.16045500746567043,-0.08173256579587812,-0.3750904122244983,0.483919155899164,0.09682550859646799
['Ella Fitzgerald'],[184502],-0.6487611571079548,-0.5996596345964246,0.1955585730976588,0.18122548268869845,-0.5723421778046033,0.61368686474254,-0.0024384266291712416
['Ella Fitzgerald'],[184502],-0.19393639482667333,-0.26174675840861794,0.2119564258395066,-0.0360725847024111,-0.8402678513606954,0.4531138137565927,0.0882564087831212
['Ella Fitzgerald'],[184502],-0.19027223905806392,-0.3478237953188306,0.2353075019444158,0.00775260597735262,-0.6594785765159229,0.35600426864014845,0.06848979533968125
['Ella Fitzgerald'],[184502],-0.39165275261069943,-0.6630190385289543,0.24858870516678108,-0.0372769789507284,0.11301331648490691,0.5531304877671072,0.07755001862560375
['Ella Fitzgerald'],[184502],-0.35254868746800755,-0.3846506896174512,0.21462217768883246,-0.04271245422614518,-0.6264140725682315,0.6012675963208955,0.11070854507248049
['Ella Fitzgerald'],[184502],-0.4164177454656815,-0.41156949327114045,0.2082131340630485,-0.19728189879953126,0.009250928565183524,0.684602204990765,0.12282850864271551
['Ella Fitzgerald'],[184502],-0.5246395541431124,-0.6500298609983647,0.1998626288804715,0.05485693381828869,0.11946059849627712,0.4434886018176289,-0.03617031474851024
['Ella Fitzgerald'],[184502],-0.190080321034106,-0.1237952238687299,0.19125361382033396,-0.21245224411247668,0.03268221536281776,0.2479554618028124,0.09194877277513776
['Ella Fitzgerald'],[184502],-0.5278380149858019,-0.4346485861906503,0.20443338867450567,0.08593729486315899,-0.518381820597992,0.49051406239989576,-0.03965458702628742
['Ella Fitzgerald'],[184502],-0.5471282798714654,-0.6438959233576,0.16703593307463438,0.09231616903697037,-0.48914536425616967,0.7485678018174525,0.029724518924611563
['Ella Fitzgerald'],[184502],-0.5251303587725943,-0.7402211176461728,0.20931154233835528,0.10837816661262441,0.14022140527686475,0.5792053536543622,0.03984633960787734
['Ella Fitzgerald'],[184502],-0.38055190148699064,-0.5733005609243844,0.24781871053597887,-0.07431410633010142,0.10277540507367472,0.5647823333273527,0.042344870462397155
['Ella Fitzgerald'],[184502],-0.6067302595930634,-0.664081089847178,0.16071300271052052,0.0741707854913808,-0.48166149214730003,0.7924092812284305,-0.003317740472936175
['Ella Fitzgerald'],[184502],-0.5406508624022945,-0.3823751995890291,0.09853975086955799,0.011700474768280473,-0.6879748166529358,0.7523084428437642,0.10642644594874456
['Ella Fitzgerald'],[184502],-0.48842283578262574,-0.5380998432770282,0.20149925441164154,0.055937032447882486,0.10664746589325949,0.3663342111928816,0.0006216798875487848
['Ella Fitzgerald'],[184502],-0.028203375971550575,-0.2756888685836468,0.25949654150289764,-0.15110980605674876,-0.14304283088594555,0.34849077386930993,0.0933564434492379
['Ella Fitzgerald'],[184502],-0.2641938933949851,-0.25839286099172804,0.18280977617753796,-0.16527536958358346,0.06266070048501197,0.4153404148699801,0.1229589490675459
['Ella Fitzgerald'],[184502],-0.5210805092298774,-0.43914817622732105,0.15805684533285075,0.14222027277372712,-0.6012600493717891,0.5247187522935269,0.02975432096544631
['Ella Fitzgerald'],[184502],-0.502716565570914,-0.4719852882239062,0.20460604942507396,0.022488233347708258,-0.5068018285099802,0.7033367681827195,0.04135075567710864
['Ella Fitzgerald'],[184502],-0.2976707937376703,-0.28368621090659324,0.247400692905908,-0.024522772496008465,-0.37208218470750354,0.44156395004011834,0.04452944880690104
['Ella Fitzgerald'],[184502],-0.2987763744712642,-0.02486033864509883,0.5299648085661787,-0.09644260544891695,-0.575757733955245,0.39254537643142445,-0.14455930191335473
['Ella Fitzgerald'],[184502],-0.2608206874027546,-0.17153307210855906,0.23742208524323447,-0.19141601836316702,0.049097679429709294,0.312499588299694,0.05259268751677324
['Ella Fitzgerald'],[184502],-0.15891703567083953,-0.3108446659133245,0.21157669573822124,-0.007666248322096336,-0.6413709170045456,0.5440561925724607,0.18763481484667463
['Ella Fitzgerald'],[184502],-0.7467359545603383,-0.42473555573255484,0.3808750043432732,0.038194080522103255,0.14084934850834002,0.5352688169321539,-0.1964758524371191
['Ella Fitzgerald'],[184502],-0.5547081837214682,-0.4494861109063349,0.16490299549392107,0.04929076628019051,-0.0677862927586604,0.44677846651543274,-0.021447757611168683
['Ella Fitzgerald'],[184502],-0.7042651325011756,-0.5393120669282858,0.20779423527379945,0.007603916381344917,0.15018170187708085,0.6965237991124482,0.010216874979405276
['Ella Fitzgerald'],[184502],-0.5828868151467207,-0.46176376050256823,0.3996472570042879,0.04665478375804348,0.04099712506504639,0.5864639566991781,-0.02709770448839612
['Ella Fitzgerald'],[184502],-0.7402308468244913,-0.5424795007871608,0.2596019206255254,0.04545368946423973,0.14542454019098658,0.5675342882891851,-0.09913125116594289
['Ella Fitzgerald'],[184502],-0.5429428375602495,-0.6697133139557938,0.2888800767005724,0.06964054185807432,0.12447458322189793,0.47823415645287165,-0.11147639474332116
['Ella Fitzgerald'],[184502],-0.11332830044813358,-0.1504523080468185,0.21544451066735995,-0.1665060797690813,-0.15278616147629434,0.2251824065993832,0.09739888998328278
['Ella Fitzgerald'],[184502],-0.43695976262465563,-0.1543501298377011,0.15991286588890852,-0.032969116669633924,-0.8137399691633443,0.5512081576164441,0.08769590356422052
['Ella Fitzgerald'],[184502],-0.19145707335020473,-0.1645592792097108,0.1870895890036648,-0.0637703209638161,-0.667716786441507,0.38944818602978204,0.09939251215523184
['Ella Fitzgerald'],[184502],-0.3407077628064804,-0.23433672260001523,0.20286170216562813,-0.1789114460924744,-0.19538999478075805,0.5191155298926466,0.12792373939062243
['Ella Fitzgerald'],[184502],-0.4713447212403177,-0.30726538058291164,0.21631649164726569,0.04329561459941391,-0.6285016667831506,0.42030019024471926,-0.05684608008301542
['Ella Fitzgerald'],[184502],-0.663340426903755,-0.582712071344118,0.22051104172900415,0.12903455868560293,-0.2230250389685585,0.49611183408602616,-0.11690238809268001
['Ella Fitzgerald'],[184502],-0.6505124225110742,-0.7833269377707692,0.4755872021307322,0.13138705134991036,-0.19613816882521484,0.7499119883233772,-0.129658667195754
['Ella Fitzgerald'],[184502],-0.6171644491830953,-0.322067971968045,0.7943778313554346,0.10964399629032244,-0.5879016715749429,0.5959558825063945,-0.345574922779935
['Ella Fitzgerald'],[184502],-0.4749680174357281,-0.4072107020150978,0.3031113161561436,0.10738019068913127,-0.6124001227152938,0.4803922120578319,-0.049879260074386415
['Ella Fitzgerald'],[184502],-0.5553324703382996,-0.4151748479170742,0.27553309397571546,-0.00509138126368977,-0.3368733958292412,0.534312087288674,-0.040234975916938365
['Ella Fitzgerald'],[184502],-0.3749662182832439,-0.6280857772004638,0.23838300684821723,0.054922048678884595,-0.5142693712385872,0.6232705227907608,0.06848349798125038
['Ella Fitzgerald'],[184502],-0.8192274988661101,-0.5790882034801534,0.4143249759390232,0.07091021492886404,0.15749838551469447,0.5640908480621006,-0.18721888800328546
['Ella Fitzgerald'],[184502],-0.2559840610861289,-0.3943051700679362,0.21800783919376804,-0.03188906001546445,-0.5520186526272013,0.4937756358161766,0.09948840717249172
['Ella Fitzgerald'],[184502],-0.27842876036779934,-0.18352511972886537,0.16363506835836594,-0.21944414690016004,-0.5591987705186435,0.6724371814227706,0.23361688852634951
['Ella Fitzgerald'],[184502],-0.16317434632281874,-0.32404322912336564,0.21632363560990245,-0.06095006281404239,-0.6595474242734803,0.4661521292457812,0.11406700391660353
['Ella Fitzgerald'],[184502],-0.33830719609772786,-0.2008881120318351,0.3339639637115921,-0.09735005512034911,-0.3871746149892716,0.3778781087693794,-0.05392809778296701
['Ella Fitzgerald'],[184502],-0.6314219189947606,-0.7466535963918917,0.18657441519548879,0.24062030839520182,-0.5680976744335612,0.6185251450679342,-0.12320567001457305
['Ella Fitzgerald'],[184502],-0.09216489902366946,-0.31031144155838486,0.20931942550756835,-0.19810163409777876,0.05337740135901762,0.46031523125639157,0.2066021993540958
['Ella Fitzgerald'],[184502],-0.5907295850205478,-0.45690555146254147,0.10388922170301772,-0.16262278584302425,0.12632413109596444,0.7825423381483886,0.09098417612925631
['Ella Fitzgerald'],[184502],-0.7205442446429893,-0.44651827299261004,0.0725888173752359,-0.10641621480882711,0.14107682031869678,0.7849682997568405,0.06588615356202551
['Ella Fitzgerald'],[184502],-0.42945215322428637,-0.21313085769600099,0.20063273296094364,-0.10550482813283982,-0.18684491119560548,0.4882672372726861,0.057719991489438675
['Ella Fitzgerald'],[184502],-0.2541804781287132,-0.09788122172977731,0.2918358260198704,-0.07425889252885856,-0.8454879472033806,0.44717759159610687,0.012562566338214624
['Ella Fitzgerald'],[184502],-0.23603524615707666,-0.15204342681922325,0.20324773374088587,-0.05713440810484039,-0.8431127625484365,0.439312275063071,0.09189353493960764
['Ella Fitzgerald'],[184502],-0.7772614057601747,-0.27617187357859535,0.0901749126386904,-0.0052565754846603955,-0.49063851569760275,0.7798481107381202,0.01371053302690048
['Ella Fitzgerald'],[184502],-0.07808166527908844,-0.3467833845604623,0.22910354916707476,-0.20790822060711173,0.05488687422480939,0.48988203078350556,0.19381384934006288
['Ella Fitzgerald'],[184502],-0.23581654771147942,-0.1316083256167488,0.24902835626449252,-0.21252583859723545,0.04097351692295676,0.28970784841987385,0.0468628885656123
['Ella Fitzgerald'],[184502],-0.22809419468158698,-0.08715955234004487,0.36519208304946177,-0.17813414077162198,0.043899049036405256,0.27848098523109,-0.002342516081100479
['Ella Fitzgerald'],[184502],-0.4429603069798432,-0.15036536925993157,0.29860948420150124,0.018283648858363245,-0.8177934112859596,0.46701618747585455,-0.07731852674252766
['Ella Fitzgerald'],[184502],-0.464667511789365,-0.5907286626203777,0.23898235018805863,0.17541652117468534,-0.5949187730221768,0.5419292505172504,-0.01312267730756503
['Ella Fitzgerald'],[184502],-0.6779174972714279,-0.49229033039273146,0.4439209681343387,-0.03292268682623676,0.1369816948954393,0.6239121726014467,-0.1865748787863696
['Ella Fitzgerald'],[184502],-0.4268990758922284,-0.5370228511672216,0.31188813866475973,-0.0279460933334482,0.11231519367973171,0.5542234073450271,0.06589890767652314
['Ella Fitzgerald'],[184502],-0.1394013804156921,-0.23310451421461495,0.18779260458756916,-0.12192072657589777,-0.31505780932170957,0.35373054822365047,0.13452822691829194
['Ella Fitzgerald'],[184502],-0.2323280790620431,-0.07305180088798836,0.7400771535218691,-0.17161708854010188,-0.573310167456312,0.5172910361612695,-0.1781885116329761
['Ella Fitzgerald'],[184502],-0.14180679670666063,-0.17475233655120348,0.2938284812122424,-0.08902561215078125,-0.941120949886065,0.5020412492713164,0.04929238131492243
['Ella Fitzgerald'],[184502],-0.1147579641733108,-0.3002391298141558,0.22829538363278734,-0.08612541909259598,-0.5759327157085747,0.45404663870032813,0.11597662001794369
['Ella Fitzgerald'],[184502],-0.17213535432894012,-0.08959905272233076,0.17110090850072684,-0.04818797858505826,-0.8576228353199568,0.36286791116693806,0.08334751571744381
['Ella Fitzgerald'],[184502],-0.14388701543732998,-0.32811728401544615,0.23285089768532508,-0.11604149823690045,0.07039010036947543,0.4509498757227134,0.18778187168984475
['Ella Fitzgerald'],[184502],-0.5059425347421153,-0.601746269280124,0.25158427829753527,-0.023502631698429803,-0.053872286401355426,0.6337999627014563,0.03869913124377969
['Ella Fitzgerald'],[184502],-0.22603962911699652,-0.13498485831675522,0.1306357605172241,-0.2510949526356944,-0.3892500575190146,0.6215364925015033,0.2426138128378876
['Ella Fitzgerald'],[184502],0.09373602114944952,0.24361118917210864,0.1864521827170602,0.06974594722510616,0.037610058827077,0.529140257216464,-0.4391634299297178
['Ella Fitzgerald'],[184502],-0.3797414083911242,-0.5127051310531608,0.24467865553730003,0.10552116119619288,-0.787292807452033,0.6150324182149802,0.07699182993504988
['Ella Fitzgerald'],[184502],-0.05990417023148094,-0.2861730709085931,0.2213400008767566,-0.16384236251794512,-0.408511929781602,0.44858293440362357,0.10427885703797801
['Ella Fitzgerald'],[184502],-0.22777295133351208,-0.20651697456533558,0.23150998091060845,-0.10388780102676022,-0.6512768129765272,0.5604523192979978,0.12701422751214744
['Ella Fitzgerald'],[184502],-0.5764677728123957,-0.5045035053933312,0.24407785912917543,0.033693521110907086,-0.5871725109229318,0.7302320352853162,-0.0026176505097208207
['Ella Fitzgerald'],[184502],-0.3833297423013952,-0.3438075288350429,0.18243269685775884,-0.09511180294733196,-0.3590736271629779,0.5930040810221305,0.10238408015127792
['Ella Fitzgerald'],[184502],-0.621468980102781,-0.5095024273295435,0.18423529469787348,0.16671613299734367,-0.7565247704017563,0.6645674224825137,-0.008837842516209001
['Ella Fitzgerald'],[184502],-0.621451099660881,-0.32489248383907043,0.12879168575651437,0.04541722740815988,-0.6852467000790762,0.6687537164872085,0.060516428308413896
['Ella Fitzgerald'],[184502],-0.4659188091250053,-0.516786338016699,0.29377176320987286,0.03840224928446205,-0.513928552238344,0.5962692368747463,-0.008064724864329131
['Ella Fitzgerald'],[184502],-0.3651707605280203,-0.12753416164055253,0.32154043638497987,0.009803046496761881,-0.5621606895968965,0.32076719238325047,-0.052725607583245335
['Ella Fitzgerald'],[184502],-0.3316266591979259,-0.3792854249257715,0.18412961188681948,-0.03909046715321616,-0.6258703424480907,0.6201968574284678,0.11882840990676083
['Ella Fitzgerald'],[184502],-0.19402742013635776,-0.3361551189893124,0.23769313137651893,0.005910598865177018,-0.46880741739219767,0.41142531506576846,0.08987112013182519
['Ella Fitzgerald'],[184502],-0.8175062135001782,-0.17902172076042563,0.7316702620259845,0.023680360298407404,0.15544609398521003,0.5693397668695386,-0.44376727585677755
['Ella Fitzgerald'],[184502],-0.2458169036245336,-0.2980468569463245,0.20281878365421077,-0.04912268056510673,-0.6510603177271249,0.4669969057329573,0.10108172820765612
['Ella Fitzgerald'],[184502],-0.2095422894696654,-0.336236339461653,0.20738043892799954,-0.08697346065317747,-0.3846495592311349,0.4431851963833227,0.14489077788354418
['Ella Fitzgerald'],[184502],-0.16488892616736467,-0.35818833438294756,0.24619809593403638,-0.05207196163473499,-0.2150448492731928,0.2844864748220192,0.09493215955957039
['Ella Fitzgerald'],[184502],-0.274669802580704,-0.18751155363540778,0.15749232222359258,-0.18538798241612872,-0.12302986309435134,0.40783270805643534,0.17274722096614067
['Ella Fitzgerald'],[184502],-0.4497047425866099,-0.2933027300273296,0.25416571597573256,0.04497819472723679,-0.3581058299245259,0.38563598225540147,-0.04525693170990972
['Ella Fitzgerald'],[184502],-0.13901439286233977,-0.45607996512101523,0.2678038698801854,0.021134839950547633,-0.39077622427430525,0.2925858030415266,0.025363878883723063
['Ella Fitzgerald'],[184502],-0.2428410487281975,-0.22308383152592262,0.19747492226779859,-0.03574408754005743,-0.6623809844846252,0.38137480275644864,0.04062845582385279
['Ella Fitzgerald'],[184502],-0.10830857619216312,-0.2922177683109214,0.23834394110774976,-0.15085828632789575,0.04135105092565946,0.275044511684313,0.09327201360035287
['Ella Fitzgerald'],[184502],-0.4468882035281302,-0.6386504801967973,0.2276133783565433,0.13850629047797752,-0.5022741995075147,0.6065291374502821,0.04497535659486008
['Ella Fitzgerald'],[184502],-0.39222681354316274,-0.254329673206539,0.10808123402791696,0.0020956538198253004,-0.6192814752376266,0.6124514341221193,0.15979849905926638
['Ella Fitzgerald'],[184502],-0.5068833159054682,-0.4773498017379713,0.27485668278579445,0.09446100618962487,-0.5152164449851842,0.5315334110057209,-0.06117252961772998
['Ella Fitzgerald'],[184502],-0.6233753870975297,-0.47598868800354005,0.20385199720156902,0.0890404104358267,-0.49285456806295336,0.6618156987850075,0.0020272694537384985
['Ella Fitzgerald'],[184502],-0.3601834938137413,-0.42148909874125257,0.34040179485805755,0.04670535390720041,-0.35593392802333573,0.44489499530130083,-0.039397079160261035
['Ella Fitzgerald'],[184502],-0.4021946854958402,-0.4404867716312526,0.45128506417638486,0.10508230975679117,-0.515091157858398,0.5473464839785914,-0.08713363444202189
['Ella Fitzgerald'],[184502],-0.41830496369084896,-0.5090627358443288,0.2667026634087941,0.06807908976327072,0.10663149250997918,0.41042803405598555,0.0782606136640965
['Ella Fitzgerald'],[184502],-0.5233459365979286,-0.4494379279840649,0.43227179980018043,0.0011987810765629128,0.11114510144873851,0.4803033278924933,-0.07644828469264855
['Ella Fitzgerald'],[184502],-0.10231683623246847,-0.3657340920933945,0.25696245044711447,0.05297891091542176,-0.56832095037381,0.34185436058728186,0.09522292705049686
['Ella Fitzgerald'],[184502],-0.44479097475966495,-0.521697382556205,0.18399816970721697,0.040065893951280344,-0.6047562117687102,0.6452206591974532,0.057011236453653004
['Ella Fitzgerald'],[184502],-0.03480767069681652,-0.1176940904867321,0.2103409195472299,-0.213452510965236,-0.07070322303105868,0.24786225695794498,0.14296475058418112
['Ella Fitzgerald'],[184502],-0.5542535450958456,-0.5164276976677856,0.2608170013391208,0.18850195456476704,-0.5908018413355528,0.5420634286397333,-0.08798600733616806
['Ella Fitzgerald'],[184502],-0.26647928810804,-0.16150985492424966,0.15559929432375838,-0.30578436688419347,0.06067073776378112,0.5637066217267873,0.2176265402517966
['Ella Fitzgerald'],[184502],-0.15454980124068327,-0.18429048982655352,0.27464644862531995,-0.08719803581685431,-0.937191626490299,0.5211524779650429,0.05633934849392742
['Ella Fitzgerald'],[184502],-0.29530867051107185,-0.317779204843168,0.3025073013121312,-0.01923920953222157,-0.36105577739344896,0.5217484177709023,0.05627464662100549
['Ella Fitzgerald'],[184502],-0.20602178866543758,-0.06892227983331899,0.20209237713343622,-0.12295317839765454,-0.7509733609349009,0.5506831551055619,0.1660757560934102
['Ella Fitzgerald'],[184502],-0.15595681339376885,-0.09705908246715537,0.14811153944815947,-0.06380028327954233,-0.8596892718531016,0.3642632558868819,0.11738040899661877
['Ella Fitzgerald'],[184502],-0.6945251557306309,-0.5592776368241836,0.22475196200046887,-0.07092251953567169,-0.12225576376236488,0.8107727336244802,-0.039456764949670244
['Ella Fitzgerald'],[184502],-0.5755349075987027,-0.5817984824202076,0.1813756684700577,0.21091209989890677,-0.7559855412219864,0.6646398887703918,-0.003692631837013062
['Ella Fitzgerald'],[184502],-0.1703131014618386,-0.3785814985536948,0.21812536871311036,0.08662741772300432,-0.7319737813219291,0.4417300270106018,0.12274543100813264
['Ella Fitzgerald'],[184502],-0.9156046758959474,-0.5337102555929303,0.3528596440771817,0.12450867493606972,0.16457874694369556,0.5181457305772567,-0.16549159733860677
['Ella Fitzgerald'],[184502],-0.52218727314834,-0.30277879910457745,0.1823093994942967,0.060331103874068426,-0.3514957930271278,0.36685448642766894,-0.03128327796695986
['Ella Fitzgerald'],[184502],-0.8557396331405671,-0.4957278821880979,0.2610752676818222,0.04950067635363266,0.1527381746755768,0.5394175317002485,-0.15273818182443447
['Ella Fitzgerald'],[184502],-0.2635039501235896,-0.14229636693855185,0.164258160308653,-0.12470721509675521,0.040062719308691354,0.17932548560209777,0.055560224607432145
['Ella Fitzgerald'],[184502],-0.2787909271953913,-0.13830001065764863,0.1536750343483131,-0.23223827168196462,0.055460643287876026,0.40945924999309313,0.17924050827547716
['Ella Fitzgerald'],[184502],-0.13946094083137764,-0.3729142976219038,0.24548710869162044,-0.11209684373704608,-0.30216598912106596,0.44369997330820854,0.09627600028801706
['Ella Fitzgerald'],[184502],-0.3300889353269435,-0.10704706131635389,0.18346385746373545,-0.02163048396311321,-0.839751432717348,0.3752882991992163,0.011588697487767368
['Ella Fitzgerald'],[184502],-0.7256261924373011,-0.43577654997856935,0.2673913671883804,-0.008967595593797485,-0.04360273162790131,0.6224840807218543,-0.10663823545527229
['Ella Fitzgerald'],[184502],-0.6309791488301644,-0.4899536089877998,0.24849843495993246,-0.04561966896672268,-0.1350111704626874,0.7058537543822989,-0.01287785196931348
['Ella Fitzgerald'],[184502],-0.022035466508864014,-0.28672289882791263,0.21063071477710515,-0.098850185541118,-0.5893090876064936,0.4196829168340923,0.12229002775162538
['Ella Fitzgerald'],[184502],-0.3958154827631657,-0.4322137220454155,0.20749052834949946,0.08643419597110587,-0.35110373189877364,0.41897318047707816,0.020794753245279116
['Ella Fitzgerald'],[184502],-0.024386395116342902,-0.2629902227281264,0.28702075318891496,-0.10390227495166403,-0.23821241314141925,0.24899703965368614,0.08996957437419444
['Ella Fitzgerald'],[184502],-0.20862494876852722,-0.21905542190393704,0.5133937868060969,-0.17671305886611283,-0.039247285428486565,0.3574663289696951,-0.07380960049914849
['Ella Fitzgerald'],[184502],-0.19777972703094973,-0.2429355836838117,0.1798838312408244,-0.04655845570337507,-0.6644006524889512,0.3927326822752769,0.10370791925443777
['Ella Fitzgerald'],[184502],-0.6220672786179772,-0.3555565810314208,0.3005612689153058,0.009895396035915618,-0.2291821147494043,0.6690562878415013,-0.03206601152338194
['Ella Fitzgerald'],[184502],-0.3581394681380573,-0.3711669514784103,0.2044440838306616,-0.05309227226068459,0.0805053002125799,0.36252189888288705,0.03185556602252112
['Ella Fitzgerald'],[184502],-0.3810478563066284,-0.36861520051539715,0.2011446989804433,-0.10596539777426937,0.08735901133999263,0.4681715787745604,0.07854767735128813
['Ella Fitzgerald'],[184502],-0.17221658502458714,-0.09987541376700443,0.2307308480149034,0.019210694727373613,-0.8546412542804324,0.2953452763162757,0.04381233440952639
['Ella Fitzgerald'],[184502],-0.5530076257025954,-0.5603592508489846,0.3161549008055937,0.053141195328936415,-0.5866449358155763,0.6944868210099744,-0.06637769696149119
['Ella Fitzgerald'],[184502],-0.5726173088699366,-0.6507325889591866,0.16339144145999332,0.041799546508848914,-0.037221905964247945,0.6931029732475722,0.04685704819937607
['Ella Fitzgerald'],[184502],-0.35833695401909094,-0.4522141647856583,0.21241510467762406,0.044674012403964306,-0.5248530477239937,0.6028232702186468,0.0928867071797587
['Ella Fitzgerald'],[184502],-0.054140962759254514,-0.09820751919769298,0.20840966993032536,-0.10879328996640251,-0.6042016363690812,0.27847718730080673,0.089347588650976
['Ella Fitzgerald'],[184502],-1.0181585510676836,-0.5712104614315008,0.13861287813350417,0.07583536574218262,0.09614676058563956,0.7295744582243945,-0.12949780821978965
['Ella Fitzgerald'],[184502],-0.2573973047827064,-0.10714810322775466,0.32427074147347096,-0.1691290913205254,-0.399700277694212,0.3972461659686659,0.044785968455775586
['Ella Fitzgerald'],[184502],-0.44428596459823383,-0.24456465903710486,0.2788382865938318,-0.10863965929598644,-0.5407478266451831,0.5986745747433401,0.01159441936619294
['Ella Fitzgerald'],[184502],-0.24706528375635584,-0.21296960651748809,0.2350787634872395,-0.18869780126228344,0.048609191072175435,0.30418460928088015,0.06896624118152436
['Ella Fitzgerald'],[184502],-0.5056835917770385,-0.15029200798220607,0.08792149497152542,0.02427476944312861,-0.5483159768276729,0.38991288008112285,0.03405847286029534
['Ella Fitzgerald'],[184502],-0.4994387936214912,-0.6050993211692935,0.20288091649986612,0.09465454494616085,-0.7681995787285364,0.7279116308037504,-0.014704246634768263
['Ella Fitzgerald'],[184502],-0.7006824439579417,-0.5729872394671118,0.2715954993422149,-0.034971556272977905,0.14032328639620098,0.6420832616426256,-0.1238977002919027
['Ella Fitzgerald'],[184502],-0.5635263328258204,-0.221119986483495,0.07651082684547969,-0.11008507559886771,-0.5235156658064941,0.6977030240335149,0.11755327243502631
['Ella Fitzgerald'],[184502],-0.4906251831864239,-0.515565015447735,0.23113763755796507,0.017291288732373247,-0.6033030221090184,0.6573035613735734,-0.025766438465726148
['Ella Fitzgerald'],[184502],-0.27420468772545564,-0.10707361577210707,0.3367702053036573,-0.17871341511526198,-0.13484801711206826,0.29616023724857826,0.0031184337216522
['Ella Fitzgerald'],[184502],-0.1858248311334859,-0.19150726435473597,0.2122104291423804,-0.1951738526261222,0.041722540379467925,0.2942664795751102,0.1004696470097444
['Ella Fitzgerald'],[184502],-0.6529408002047429,-0.41031417003321546,0.12530738678774614,-0.04365663332568005,-0.3138888118292497,0.8021291049224503,0.07067574255040227
['Ella Fitzgerald'],[184502],-0.3162088044048869,-0.13827075879091896,0.2809164973534459,-0.005737803439901695,-0.8370931613471007,0.38563958396327436,-0.006784859725186646
['Ella Fitzgerald'],[184502],-0.6702636662610395,-0.570849171280169,0.29251707815978834,0.09770280566445903,-0.30193070110270825,0.6671741098995164,-0.09852476570634812
['Ella Fitzgerald'],[184502],-0.4366111528172536,-0.4887023129429828,0.2287123023854392,0.1657387562384694,-0.34067869758005287,0.41383607024655633,0.013936512088470784
['Ella Fitzgerald'],[184502],-0.3955127215164631,-0.34429488010320314,0.18543346492836932,-0.02178463976452267,0.08218881605626266,0.31827212883475225,0.062467265189492166
['Ella Fitzgerald'],[184502],-0.4101351495973673,-0.4980965643441631,0.21259135718918187,0.0604592467795685,-0.6143583262008984,0.545117445516304,0.012197841847431272
['Ella Fitzgerald'],[184502],-0.5844535207978866,-0.49378912896008886,0.1515828147415211,-0.0658829009582392,0.12152925721463874,0.6031958174603514,0.04090949620831775
['Ella Fitzgerald'],[184502],-0.49212088766764106,-0.41414708192372,0.35455253392286856,-0.0802424317449503,-0.33987252904176923,0.6760748290643027,-0.07239100878530595
['Ella Fitzgerald'],[184502],-0.06865610661678297,-0.328772229471293,0.21993618343360538,-0.13443555177977223,-0.22890040982719553,0.3526006031442041,0.10530985881988447
['Ella Fitzgerald'],[184502],-0.6292648798867576,-0.4572932021783023,0.2769396157957637,0.04376247150107138,-0.4828073809719555,0.8355921661251311,0.05825630714872164
['Ella Fitzgerald'],[184502],-0.4601942929303288,-0.4552326524817878,0.1803499873032174,0.005962867070355882,-0.07988318528826859,0.4379794279692508,-0.029289756055416866
['Ella Fitzgerald'],[184502],-0.27127513074498794,-0.2401209173864797,0.23557443946162465,-0.1748806127203092,-0.37436282950872035,0.6247271286797451,0.13256563338042374
['Ella Fitzgerald'],[184502],-0.18468761998343397,-0.3155508456217582,0.19722031434037596,-0.04150306385633434,-0.8281633520167176,0.5755842160414887,0.14792875979208495
['Ella Fitzgerald'],[184502],-0.9221785714197883,-0.38976850564078713,0.2035464180941875,0.0378689358325476,0.06574838519315435,0.6420639107880416,-0.14318969766511333
['Ella Fitzgerald'],[184502],-0.5375135453446542,-0.5296815555500151,0.20174455973376357,0.1419366625113372,-0.5888881990563608,0.6062406091748695,0.0363649529628713
['Ella Fitzgerald'],[184502],-0.12746606964381255,-0.1916390329498197,0.20603631888482749,-0.20732934769183375,-0.04842719823036048,0.3722423492032253,0.14455256871893002
['Ella Fitzgerald'],[184502],-1.0069486670377579,-0.47860105330131913,0.5548406348805132,0.14410260932273947,-0.4455119418890386,0.7547141779639505,-0.3675846656647876
['Ella Fitzgerald'],[184502],-0.5526659409109335,-0.571674595677003,0.20782539074453765,0.05933579376643452,-0.5907806019509213,0.665617280060504,-0.023828052178244997
['Ella Fitzgerald'],[184502],-0.5758323098539929,-0.4614258860982685,0.16736998321161714,0.12288973677590592,-0.5972279723149988,0.5283487912165012,-0.036382553794075165
['Ella Fitzgerald'],[184502],-0.5631440979185831,-0.4803976838080456,0.3027310833469619,0.10684274529732947,-0.7646144898383908,0.7184977450282586,-0.053363165130085766
['Ella Fitzgerald'],[184502],-0.46640060675704503,-0.21960538362892112,0.18493016469203485,0.03165112078856309,-0.5475704520092217,0.34484632290753797,-0.011034961555007999
['Ella Fitzgerald'],[184502],-0.2471883966469471,-0.42552983604722533,0.22448184801877652,-0.0039660949929907685,-0.3740498406992927,0.41391296753542955,0.03881540920128935
['Ella Fitzgerald'],[184502],-0.1106454832180778,-0.3130911778621209,0.20702811469187923,0.03137216136154107,-0.6582773721736912,0.3843857109649279,0.12494470117789716
['Ella Fitzgerald'],[184502],-0.2203204422105468,-0.1957989460011975,0.20434335160886313,-0.20038422503336392,0.043160875810101695,0.30411965363589827,0.08535543243982745
['Ella Fitzgerald'],[184502],-0.3871015725431937,-0.5941318451787084,0.21655597503735785,0.059083242333805894,-0.7830707591341434,0.7041071563475881,0.03148534315726265
['Ella Fitzgerald'],[184502],-0.6823784873161595,-0.46266578922145696,0.15411596413247086,-0.08811832754677679,-0.03894192639843117,0.7739243869741351,0.0508230360561035
['Ella Fitzgerald'],[184502],-0.17676420100427784,-0.19250401963233135,0.18531213066078403,0.005549753213053578,-0.8409180700153015,0.4045568218925442,0.12603718158724336
['Ella Fitzgerald'],[184502],-0.2581374680117803,-0.49242761096085275,0.2383253882832012,-0.04938330241185847,0.07919899166931935,0.3891472072830299,0.05294671290733023
['Ella Fitzgerald'],[184502],-0.2007154485469006,-0.31224522500540397,0.2161268824918522,-0.07457999215464589,-0.3759954110899698,0.5101856837450862,0.16184360756018856
['Ella Fitzgerald'],[184502],-0.08217801320833013,-0.31885269300955227,0.19516495118704294,-0.07052300515377179,-0.7554608812812059,0.5072573068804702,0.12796036323842613
['Ella Fitzgerald'],[184502],-0.416468916842404,-0.4653351711835141,0.23935238771454106,-0.028620519406396313,-0.34092020267680645,0.6382888639004474,0.09787390052229941
['Ella Fitzgerald'],[184502],-0.2731549468216267,-0.1355412043543504,0.1979247430777181,-0.10260366023792293,-0.9241422019062796,0.5878663464643715,0.11049725139986982
['Ella Fitzgerald'],[184502],-0.8296446007313115,-0.10193246516503464,0.7303368479014978,0.018250828497391878,-0.5639854609855296,0.812239513243668,-0.2428967370811944
['Ella Fitzgerald'],[184502],-0.4282874463062108,-0.17344412363609063,0.12141758238967035,-0.14135924830043878,-0.7219238322718026,0.6911554887317974,0.14100567513363227
['Ella Fitzgerald'],[184502],-0.25692508059832175,-0.1037335527413881,0.19209783377480344,-0.0904864591833353,-0.40638712928738535,0.25124501407899313,0.06594453112604069
['Ella Fitzgerald'],[184502],-0.5072824803406223,-0.36824998904533174,0.2078497759307553,-0.041344053496758494,-0.16904784379246643,0.49600377630714554,0.008824701688892479
['Ella Fitzgerald'],[184502],-0.6183033002014182,-0.7252041016983818,0.3818705326787751,0.2528934229561354,-0.7404767419851688,0.7334816577599157,-0.07105866635859556
['Ella Fitzgerald'],[184502],-0.5120868093074762,-0.3535313633748424,0.22687772554396254,0.08334437405753545,-0.7906854605386375,0.5520263739513319,-0.003060919873398024
['Ella Fitzgerald'],[184502],-0.23384048541075733,-0.029586874846630383,0.2335475407709534,-0.27118469331318323,-0.5727347567359907,0.656974032077321,0.17782730202556138
['Ella Fitzgerald'],[184502],-0.7684804640034903,-0.4323734390871004,0.4787703236670749,0.14626708610484276,-0.7406944696326535,0.8393656197769146,-0.0022877507519210552
['Ella Fitzgerald'],[184502],-0.706450575679677,-0.5488326331861272,0.45047841927785787,-0.03167451929770375,-0.016026515759189088,0.9705237576830069,0.1762193072400366
['Ella Fitzgerald'],[184502],-0.1725486153795036,-0.17728382622248165,0.6129295015636571,-0.20619859973055302,-0.1281994538418681,0.450618611385049,-0.07332246706703137
['Ella Fitzgerald'],[184502],-0.2506513911755224,-0.4228800127681424,0.22126147885444866,0.04631317336050673,-0.8219514939597773,0.46585211169456126,0.020151772833731558
['Ella Fitzgerald'],[184502],-0.20723388054686012,-0.3163669649258542,0.20648464517225731,-0.1090374622991577,-0.12557716033240335,0.318688099451848,0.09903527704243463
['Ella Fitzgerald'],[184502],-0.2155124293934307,-0.3051407026651191,0.3571149935732815,0.003531158928836389,-0.7455197840735088,0.40294665926040213,-0.022878883600995922
['Ella Fitzgerald'],[184502],-0.5352687967612836,-0.3428327843647356,0.1795236526522031,-0.006987860085762078,-0.6076097060654799,0.6381497511115064,0.09117139004872987
['Ella Fitzgerald'],[184502],-0.4785416073900175,-0.4681382774861196,0.3158005281103745,0.17933653202479982,-0.3367321607578798,0.42653598613735333,-0.046474705614783986
['Ella Fitzgerald'],[184502],-0.2534439777897254,0.007369704814976026,0.28244924547264255,-0.2911230563066602,-0.5772089491647533,0.6345714663675359,0.14083368943874983
['Ella Fitzgerald'],[184502],-0.7435382396891451,-0.44439068201889487,0.26779697562963917,0.03531628149641146,-0.3015137693252467,0.7255609131709937,-0.10823381004375154
['Ella Fitzgerald'],[184502],-0.015211230721677403,-0.23857030902420492,0.23998474471182255,-0.19793728846241493,-0.1511556221878439,0.3441152029791706,0.11508593036855928
['Ella Fitzgerald'],[184502],-0.18357634958521776,-0.1292869717796427,0.18050040117557398,-0.08249047824669765,-0.6759534243600659,0.3581586342301672,0.09176606487399006
['Ella Fitzgerald'],[184502],-0.498975312900187,-0.3662314215734371,0.22566771915393827,0.05725126531636018,-0.792625731395789,0.5784135151971104,-0.005054386409149227
['Ella Fitzgerald'],[184502],-0.4340402017879917,-0.42693794996791573,0.1927908877393401,-0.007332042304749315,-0.3456224786170724,0.5507439133807096,0.06918636200861193
['Ella Fitzgerald'],[184502],-0.26710334630844507,-0.21567704834552787,0.262646149277561,-0.1546529019158327,0.06091241853245315,0.3498433698975656,0.0991717399921899
['Ella Fitzgerald'],[184502],-0.3523430545878499,-0.1339099370995739,0.19003956080362563,0.04196946284443747,-0.9254689687883346,0.3547540718975663,0.012615001452802276
['Ella Fitzgerald'],[184502],-0.41118307054937114,-0.021648955543608836,0.6792981403726492,-0.242118739921988,-0.8126054353962213,0.8534947441464127,-0.15389600500800313
['Ella Fitzgerald'],[184502],-0.28279583475963266,-0.47167667842816796,0.24252705423047094,-0.020092050364996072,-0.009907350340122998,0.36919980790072143,0.043179168767992784
['Ella Fitzgerald'],[184502],-0.7590007001109901,-0.6636720319582748,0.2712675539875527,0.19331734009365045,-0.5614877763913761,0.6352916684998033,-0.18795500636388768
['Ella Fitzgerald'],[184502],-0.5114463958267693,-0.4416771646169604,0.11738183451223351,0.1128785882797644,-0.5127889138798031,0.5387624275178604,0.09413516884788775
['Ella Fitzgerald'],[184502],-0.7892941556994725,-0.2024472319891382,0.6920488047118748,-0.06805089374667245,-0.566857207447665,0.9617625719505056,-0.06458109188975705
['Ella Fitzgerald'],[184502],-0.5922455744679908,-0.5908822142934779,0.3085923436864912,0.08074329934962435,-0.47021615682694645,0.9231543584861468,0.11413734617317363
['Ella Fitzgerald'],[184502],-0.46792837478128535,-0.42279815064681253,0.2569410357466595,-0.07955830328756962,0.10173678346025543,0.5035514903222886,0.01726310973282219
['Ella Fitzgerald'],[184502],-0.45468053404406195,-0.6009125349735085,0.21930941216748184,0.10687925950906242,-0.5067922477277258,0.5957766646879461,0.006571140920627603
['Ella Fitzgerald'],[184502],-0.8645072206634626,-0.4552317173454439,0.36628808574937294,0.06299579961871973,0.1477147063533571,0.4694758891339602,-0.2566446761835164
['Ella Fitzgerald'],[184502],-0.2493078379152513,-0.36441588581359985,0.19802131809737938,-0.05792827795200729,-0.6450176486030953,0.5362491913818132,0.06372301721381124
['Ella Fitzgerald'],[184502],-0.3837505172268362,-0.37114104005776416,0.18264849610093434,0.03912391344913291,-0.6344065542562904,0.4296164388894423,0.004144520144452775
['Ella Fitzgerald'],[184502],-0.05658216752491259,-0.13824452629446995,0.345565423537435,-0.1442524482960959,-0.23939760608664248,0.26268541953113245,0.019938381092652696
['Ella Fitzgerald'],[184502],-0.26112494672397196,-0.4025569984342554,0.22689399721269174,0.048477857814948254,-0.6408502665206831,0.42402956330284425,0.030294096969434334
['Ella Fitzgerald'],[184502],-0.19809692163513778,-0.2518381493398802,0.19363399462237568,-0.16273178957862625,-0.12176355642947781,0.42816160913118334,0.16935297161479707
['Ella Fitzgerald'],[184502],-0.47415257753495793,-0.4377101323332547,0.18599512693375575,0.056431908610462184,-0.5175832951053727,0.5542017683466745,0.0799398215513256
['Ella Fitzgerald'],[184502],-0.559068115805223,-0.28452589362889946,0.15140755580858975,-0.004566308516293105,0.015954733171231576,0.47042141676233545,0.1060014048773064
['Ella Fitzgerald'],[184502],-0.5502922602905221,-0.4896780378340456,0.26577264903898984,0.051132924221684445,-0.3281670834547575,0.5683184745782702,0.008901726171723967
['Ella Fitzgerald'],[184502],-0.5946161096285006,-0.49196722242993124,0.12570874855953598,0.017954320453807605,-0.7641257369229297,0.825380308899104,0.016885326335044835
['Ella Fitzgerald'],[184502],-0.27653806764049804,-0.23181538301943014,0.1442605490343441,-0.011815257408823703,-0.8322872938028263,0.4507243182650684,0.08599089876301644
['Ella Fitzgerald'],[184502],-0.39692960075573935,-0.29376060872048343,0.3121430864879308,0.021261104307132617,-0.6313857581150714,0.48668019119230044,-0.046485147484859636
['Ella Fitzgerald'],[184502],-0.24699335692427526,-0.23407387740757377,0.3497014003228509,0.0011103883982723152,-0.566108146457147,0.3478698269406288,-0.024535839728455158
['Ella Fitzgerald'],[184502],-0.5458851505546786,-0.4953715595154801,0.17271002721636608,-0.08556078835998995,0.12011008571447887,0.6429788220872206,0.06173212009344146
['Ella Fitzgerald'],[184502],-0.3399047979764624,-0.4812975642044405,0.388093162170469,0.03710025461288304,-0.5309205822126569,0.5456336200146269,-0.07050166230261805
['Ella Fitzgerald'],[184502],-0.3909574095662882,-0.44987715399472006,0.23855014944494898,0.01975193824910817,-0.34415164258972747,0.5663561750032822,0.05943911987315453
['Ella Fitzgerald'],[184502],-0.1491089939351104,-0.23772376662801945,0.17199771102730785,-0.28922421914045676,0.05864097761451279,0.5865955723150262,0.2707963248101679
"['Elmer Bernstein', 'Frank Sinatra']","[175087, 792507]",-0.13211059660638214,0.08733639550282954,0.025150719200192993,0.026016749090830765,0.09639410819713756,0.3316339321397294,-0.2566408553445511
"['Elton John', 'George Michael']","[796734, 545074]",-0.8471197878906345,0.07344967019000917,0.488394019070825,-0.06693312796030575,0.11859004720742189,0.4586769475858634,-0.1888154290082693
"['Elton John', 'John Lennon']","[796734, 232564]",-1.3463127346179875,0.10516698471258956,0.34632610777184364,0.04612324061093684,-0.18536577000686685,0.6524189550504901,-0.3196482418364345
"['Elton John', 'Mick Ronson']","[796734, 467853]",-1.040789849804098,0.008183213884065644,-0.009541842781915073,0.26872102823099586,-0.6509455833418746,0.5076948123635509,-0.008782986249193934
"['Elton John', 'Mick Ronson']","[796734, 467853]",-1.0654914684837602,-0.0022157759557584747,-0.012301303252313553,0.27563247737950347,-0.6468581387196055,0.5213637822245811,-0.01854129718490893
"['Elton John', 'RuPaul']","[796734, 852656]",-1.3213898629042953,-0.36729841285004833,0.04530075131199386,0.25240436478460154,0.21162642408725615,0.5967499750236964,-0.19491131429788855
['Elton John'],[796734],-0.823041003588972,-0.3501406199709748,0.1536367017732612,0.14128781656482803,-0.47706899556485344,0.6259777461029079,-0.07605926753957831
['Elton John'],[796734],-0.6343085985989294,-0.1518215206722913,0.09046164914053229,0.044300102248337504,-0.16139233670077302,0.40654396233197265,0.0681550683152239
['Elton John'],[796734],-0.2518988686416554,-0.2458565220637363,0.19371654894568424,-0.07938471307172264,-0.556994508485013,0.5196554358290532,0.17096411185829435
['Elton John'],[796734],-0.7333386185596027,-0.09456269144755548,0.16989416674786204,0.09524482643502617,-0.6876866246951252,0.5544851261550966,0.0013808425495766845
['Elton John'],[796734],-0.7339345119705516,-0.419157924622365,0.12654685359060855,0.13057436381083454,-0.5725303371577063,0.6338218000356866,-0.010797388168430717
['Elton John'],[796734],-0.35261278891161874,-0.4303759517574122,0.20380651855084259,-0.0937024656732929,-0.17188721517951713,0.6007649328132376,0.13662247226579785
['Elton John'],[796734],-1.2018997840401833,-0.23785278810663518,0.1901412233147976,0.2257794018452934,-0.2672160505237781,0.5654194205110169,-0.2300454086439335
['Elton John'],[796734],-0.8989899765373611,-0.3893780431221271,0.06027946866855878,0.17528127226345314,-0.46587280539153747,0.7056193062112914,-0.012930401532758774
['Elton John'],[796734],-1.3821309861537983,-0.31039594726761244,-0.029087130483230136,0.22013952922027147,0.2279195456661743,0.7161209425970843,-0.26225582484251586
['Elton John'],[796734],-0.9451978004411459,-0.2354998239933751,0.028838455358157565,0.13022755750429532,0.14672891268587582,0.4281087226733361,-0.04434664361113852
['Elton John'],[796734],-0.5611133242296107,-0.23095989272726825,0.20080034346487308,-0.03220249733663307,0.10643558579978436,0.44305587309668193,0.06980812785413526
['Elton John'],[796734],-0.7395752370810232,-0.07122919619546733,0.11025757311905277,0.033571945285009605,0.02377305368816327,0.37900108274148153,0.05312787789005321
['Elton John'],[796734],-1.2182148929475165,-0.504539068993577,0.02765628006055769,0.24929243764923487,0.11503758847282299,0.6418912464675144,-0.1462581365096805
['Elton John'],[796734],-0.9766060115496668,-0.21773928341827245,0.0059489122989026325,-0.012942044208669163,-0.10486947296888095,0.7833379653600719,0.0686438866281269
['Elton John'],[796734],-0.5094950755039053,-0.3450325241091051,0.15955974362032319,-0.014967939926086913,-0.1631762938551499,0.5000065839020614,0.0851138614315347
['Elton John'],[796734],-0.9177237689997884,-0.37750644367389036,0.0415953215983589,0.2317673380626101,0.06818343135021081,0.40425407524548274,-0.012086057697064357
['Elton John'],[796734],-0.797051587422724,-0.35698763776495945,0.22162530974626432,0.057816940566014115,-0.140637363389858,0.4307297279242041,-0.18587657728481286
['Elton John'],[796734],-1.0781652854499886,-0.09726950120708241,0.039187172625941895,0.08725628837459194,-0.2964042105850697,0.5638673314565465,-0.11120476863939242
['Elton John'],[796734],-1.1379690125517046,-0.34198568495034365,0.11558462425915794,0.20599024036609376,-0.5257958829774374,0.789137400607281,-0.13060193306144496
['Elton John'],[796734],-0.7945849017506947,-0.18893059987550648,0.05537371670961568,0.15835285061731758,-0.31978250575758144,0.4200279524987641,0.013731977349333147
['Elton John'],[796734],-1.1874470478876413,-0.46632923832410106,0.024305390034773583,0.28433680456986027,-0.6022066555779652,0.7841737813445204,-0.15182954002218835
['Elton John'],[796734],-1.3475540040959308,-0.4076088332678811,0.07121919151677729,0.29816614240954886,-0.14324790087003458,0.6644310347402251,-0.2202519758573224
['Elton John'],[796734],-0.9198777224681095,-0.20261835740011053,0.024662134859475687,0.18741879606562453,0.04358996635774681,0.2794968620817253,-0.09218478337805805
['Elton John'],[796734],-1.3501782472077846,-0.4190677873961266,0.1031238301922452,0.3398191896259332,-0.40564842443434246,0.7236983211529887,-0.267988336265241
['Elton John'],[796734],-0.6655076839606535,-0.27183342720606707,0.09040410653800024,0.13936459695274467,-0.5150885075309128,0.4198584195364297,-0.005815948381189583
['Elton John'],[796734],-0.7284730036184915,-0.3215747022594973,0.0995441039702421,0.09696274843508779,-0.32173530546840795,0.49345521954905863,0.005146044452662001
['Elton John'],[796734],-0.8707958963860241,-0.27494025220518364,0.04148099246757774,0.16016920918519928,-0.4840733328714144,0.5685015468651067,-0.03468672054774273
['Elton John'],[796734],-1.1476351720255975,-0.06632472660118445,0.6733645087726213,0.0334250079190203,-0.27624682435771664,0.72838298699164,-0.4152541636028565
['Elton John'],[796734],-1.214621883108363,0.03888772895297498,0.5757910013734615,-0.001002283773505334,-0.26984293018839234,0.7964061797067719,-0.3863527641380887
['Elton John'],[796734],-0.9678394413347086,-0.3266845312963871,0.025591436500242443,0.2000757734458238,-0.2005947504241737,0.5136022205933126,-0.04909224401890204
['Elton John'],[796734],-0.9219185505882953,-0.3905431064368133,0.09505497796711929,0.2592888099457669,-0.4715755467596601,0.48498200127232594,-0.16589100834024936
['Elton John'],[796734],-1.306223344361793,-0.4913902807012841,0.05980802338926044,0.29468996599240543,0.0401628677045037,0.6507922145113578,-0.19968040798508072
['Elton John'],[796734],-1.2211556097867233,-0.5306185220191606,0.08013731781753569,0.3888431421528584,-0.602501297898675,0.6375861422357125,-0.2933302309568626
['Elton John'],[796734],-1.2763127614707281,-0.34795285636650014,0.05837117706974748,0.2108211586965937,0.20053827727546072,0.5927367608728353,-0.18188824041119608
['Elton John'],[796734],-1.2878096700760575,-0.2971777430583385,0.12203893084669719,0.2093935424326643,0.20099609096647536,0.5891894558303343,-0.1942771786088478
['Elton John'],[796734],-1.09042345722334,-0.4809341424881381,0.08000325161100112,0.11111217047549067,0.1961046304467995,0.7446086936345062,-0.0795684931667633
['Elton John'],[796734],-0.7493312937396253,-0.08975429367650681,0.4975286605137544,0.04750455464907513,-0.7693993534891046,0.6717760190272472,-0.2117947875533795
['Elton John'],[796734],-1.1702783315285956,-0.25576553538690316,0.00818013495940188,0.11875771243213216,0.1754942840035918,0.5663410706506133,-0.11005394272373453
['Elton John'],[796734],-0.862637260359682,-0.19019801509276738,0.11937066961296317,0.1439309249551601,-0.3143040963239373,0.4623177183458001,-0.049957704008427396
['Elton John'],[796734],-1.3082550952020398,-0.5730694745854852,0.006757461056334921,0.3324654439564578,-0.04562317007363448,0.6927762487329997,-0.1861623722783976
['Elton John'],[796734],-0.8948021142087934,-0.4478025138958201,0.04518806219525992,0.09380211410015013,-0.2835263185110573,0.7719628240112186,-0.011797849129588709
['Elton John'],[796734],-0.9660175947589866,-0.3107491644758736,0.08172016604132766,0.32590309308925725,-0.4695392427271282,0.43573075364741354,-0.1474379671652877
['Elton John'],[796734],-0.8794860826410245,-0.07074145855984863,0.03940181367995052,0.05542560656361498,0.1263207149056124,0.38400346256668094,0.03716714978927112
['Elton John'],[796734],-1.2160897561520823,-0.20550741824860463,0.5169236427284725,0.36831547441535967,-0.527898939901321,0.5152864428465301,-0.3916767008051921
['Elton John'],[796734],-0.9887600230539262,-0.39331027205321367,0.16887557668646533,0.1600646807179676,-0.18896911083661558,0.6075913676971373,-0.1289793070842032
['Elton John'],[796734],-0.762809773416764,-0.10789312112270666,0.09747383317088593,-0.07411892200278938,0.11301094691306315,0.4827501532677497,0.02794002150866911
['Elton John'],[796734],-0.7126638842849748,-0.4529177841471225,0.18975930453011572,0.030606618266683285,0.14765711604544235,0.5649057521543432,-0.08910817864581792
['Elton John'],[796734],-0.25454327185692055,-0.3394403829321065,0.20900485396865623,0.10413208917336633,-0.646883571354907,0.32073177245120127,0.10077140873483327
['Elton John'],[796734],-1.1384398323148084,-0.05115062096033759,0.4619274202558581,0.13308165632520924,-0.458106125072437,0.6512977889392855,-0.32099225527273795
['Elton John'],[796734],-1.044559585872199,0.19126994259623878,0.004361599151781449,0.326637572932191,-0.6290365654743113,0.5407626210833469,-0.14280495049981287
['Elton John'],[796734],-1.200012335111977,-0.2095670570796607,0.047716552405420096,0.008741589552885317,0.0037944998407530347,0.7967863366481488,-0.092685058279617
['Elton John'],[796734],-1.4105894943027855,-0.15109619122569443,0.4815108139598909,0.2177909869223416,-0.16330233982071674,0.5734544019887136,-0.5509099139252133
['Elton John'],[796734],-0.9854364272512486,-0.37676587046367355,0.16872564519499017,0.21137814617193232,-0.2905896564683019,0.5056221610299363,-0.2478284100534391
['Elton John'],[796734],-1.0517615131843387,-0.4019862998557995,-0.021006211208286687,0.3823860563401987,-0.4231116267314769,0.6303318182748833,-0.3435710005595975
['Elton John'],[796734],-0.9304257554860651,-0.4968010896556301,0.14774788220435073,0.23734157944050774,0.16042756269629566,0.390180592374023,-0.1366551197770973
['Elton John'],[796734],-0.23706771131788737,-0.12317241495519829,0.18534849798336922,-0.1984096641322472,0.06328469922339677,0.4393914999718371,0.20849925416727824
['Elton John'],[796734],-0.816419104397079,-0.32285592309462,0.124912480840042,0.06801727471983028,0.1408716370376782,0.4613063312100221,-0.011675298891155872
['Elton John'],[796734],-1.2526601420994015,-0.3453747128805784,0.15186708003251048,0.2648337693030538,0.023058477369087303,0.60042783540553,-0.25666430040916316
['Elton John'],[796734],-0.7709413919912668,-0.05816944784322745,0.08173149638006046,-0.013329432373159044,0.11651607515710984,0.43311667361544626,0.06182862148905149
['Elton John'],[796734],-1.0686982188574108,-0.1341174482521536,0.09352449745756951,0.08870775167475614,-0.2885430747119748,0.6499842134667668,-0.10454467301467789
['Elton John'],[796734],-0.39609686349414597,-0.27905000869057944,0.18763719256442582,-0.1300312701064642,-0.09888079335456303,0.48318928641460457,0.07836970750794393
['Elton John'],[796734],-0.6064670583258341,-0.3285714378102344,0.14345244819398134,0.06847245377365892,-0.15018817375833143,0.46089978175287405,0.08242721320861959
['Elton John'],[796734],-0.558187871011794,-0.4950909313428238,0.2546820431886578,0.10129304960277961,-0.3334002000754853,0.43871479308081013,-0.06673725468320671
['Elton John'],[796734],-1.157254292647511,-0.07844099804696103,0.8004814733850939,0.27551089123911915,-0.4430784234555064,0.616029558009608,-0.4905012865430144
['Elton John'],[796734],-1.2128674343787613,-0.46057648890536285,0.026473276703199832,0.2579406351463807,0.20205158275055998,0.5667822051364232,-0.14273867521410047
['Elton John'],[796734],-1.2734099044108602,-0.37309526699915707,0.09840540732823799,0.24012718632333266,0.18508765576542568,0.4269811111687947,-0.3272661166747632
['Elton John'],[796734],-1.35146486706143,0.276546279758826,0.5530085422338097,0.08334041939323829,-0.27317227768463004,0.6249844819504682,-0.3696234213272844
['Elton John'],[796734],-1.1698982182444606,-0.5032198651068084,0.040281093707043934,0.2586403902099246,0.20100450062698139,0.5881658656599563,-0.14106644778470506
['Elton John'],[796734],-1.019849483302315,-0.16351450133409431,0.17901684143198454,0.19946230780067817,-0.025977227903721208,0.3916064571856534,-0.19016614928628617
['Elton John'],[796734],-0.9902776840645502,-0.48728479875116604,0.11964200113734721,0.3317201173642283,-0.4438115061561055,0.6027000876478114,-0.16852847338891908
['Elton John'],[796734],-1.3004800647737809,-0.3717476187130499,0.04209315984244372,0.2983556102600865,-0.4177798096778754,0.6985127988869362,-0.19780057792165054
['Elton John'],[796734],-1.2420806834696814,-0.06385125104419166,0.27440896949213234,0.019745898702128013,0.08794623508982354,0.6724979502530558,-0.22435868782436086
['Elton John'],[796734],-0.9837322149038756,-0.2097226120116071,0.08489086488329364,0.0817852371496132,-0.2790977290190047,0.7870981170077105,0.035007440210299445
['Elton John'],[796734],-1.0693682735592256,-0.20516968156806958,0.020702719746096575,0.07431319660687773,0.1644375976065958,0.562675804364064,-0.024922633603352236
['Elton John'],[796734],-0.5516818177268309,-0.5748620932010745,0.22394943856132604,0.1529131812976214,-0.4143634915698786,0.4773339647024905,-0.0879825909401263
['Elton John'],[796734],-0.8256792004727157,-0.4060750808747997,0.2090523344239798,0.19913802840811726,-0.7488081161067742,0.58479094345519,-0.21202105656280582
['Elton John'],[796734],-0.37956295622685277,-0.3407506164518528,0.2460734196183888,-0.11583174291053326,-0.27198806789862706,0.5495579737590293,0.07947178066227448
['Elton John'],[796734],-0.16800291005117077,-0.22587454713090177,0.23335519276640043,-0.10975414538654961,0.04308523283951316,0.21421663021319876,0.09388916333269148
['Elton John'],[796734],-1.0004907291649991,-0.4348365610015632,0.3825265537707007,0.2585366465013103,-0.45613893388966603,0.5822677857288661,-0.34446496819155015
['Elton John'],[796734],-1.2960910636618512,-0.1260917057858514,0.47483535038360775,0.08289525305851604,0.18907674845396424,0.6507883374630365,-0.4186326357840913
['Elton John'],[796734],-0.4337175783324051,-0.2656675049483731,0.1998123463089989,-0.07719854436879042,-0.4412132520761034,0.5878538692786626,0.09397912483239339
['Elton John'],[796734],-0.2509902871203547,-0.21882925766161027,0.1480661382315731,-0.028491191627207476,-0.9145141556715818,0.5742717094533993,0.17342468288081803
['Elton John'],[796734],-1.1353674679057324,0.17131187517871918,0.5394848986144934,0.17600406143212863,0.2013455098212882,0.6304398921195838,-0.35333109357724374
['Elton John'],[796734],-0.9060844335906764,0.18353162460834865,0.4409472439064723,0.13466328481168352,-0.8441472844166877,0.6022708154829081,-0.2324437888387638
['Elton John'],[796734],-0.955071588660199,-0.38109399474116223,0.5344478700793008,-0.011806459543120765,0.1745189889649024,0.7465910175471022,-0.3307241120390581
['Elton John'],[796734],-0.6022812842278167,-0.1934864559408151,0.532422789310432,-0.1252564229177103,0.10987338314139088,0.5546231265143517,-0.12111415657449037
['Elton John'],[796734],-1.2456724260526388,-0.41375665024131225,-0.02273604815042624,0.30364977899742435,0.02011821178847829,0.536439388882833,-0.17706436976214204
['Elton John'],[796734],-0.7262575378749356,-0.07875450051135834,0.13452408303301103,0.08202188353408557,0.10294870977897885,0.21678992644269296,-0.057390825678078385
['Elton John'],[796734],-0.7715024309980615,-0.3140043383043995,0.2503526114423614,0.06256892493813877,-0.49199259561455455,0.6096485835215653,-0.09660216452705375
['Elton John'],[796734],-1.1417636123692183,-0.4548497080363442,0.05501873502731973,0.14992892271699715,0.016764175316568566,0.7206936646953742,-0.15364863256551803
['Elton John'],[796734],-0.3458916261999832,-0.2841213734535861,0.18746136374563968,-0.11290595578768298,-0.27740207468428013,0.5199386702732957,0.12154784491192076
['Elton John'],[796734],-0.6977262580157175,-0.130254022974354,0.1519637451446129,0.11040640774289724,-0.6874469887744804,0.5655505026040365,0.01396555812565108
['Elton John'],[796734],-1.0081099273035237,-0.24796532187527406,0.0018626150730087412,0.1985586524759783,-0.4715378601664299,0.5700118106198311,-0.06667158906380805
['Elton John'],[796734],-1.2606439216893437,-0.19619109136332896,0.4002052644416872,0.11690237345734744,-0.41945002817726756,0.9221797602184771,-0.34240388943909994
['Elton John'],[796734],-0.4851896141111099,-0.21227133095912365,0.15389432768930536,-0.07986788877112583,-0.09921263875710436,0.3516447953782403,0.06549071020106394
['Elton John'],[796734],-1.2499074676243427,-0.06652121342052611,-0.05288532566728619,0.24875008997953013,-0.45522414791134774,0.5123625752540661,-0.10443649014124338
['Elton John'],[796734],-0.622832005574133,-0.5400615783993108,0.17592656695778155,0.0926288723917563,-0.2224740305681084,0.5783793351669434,0.03256164383704088
['Elton John'],[796734],-0.8849155304433561,0.052120591014922536,0.5792525011836518,0.08400467924924283,-0.7640163777352663,0.607205498996854,-0.2931191812996285
['Elton John'],[796734],-0.7189632386027569,-0.0014701282008524133,0.055341319689291,0.1027399776434264,-0.1732714567194272,0.2227930805120155,-0.011634141682895388
['Elton John'],[796734],-0.42831787334007543,-0.10289662975508684,0.1823054343954805,-0.04723083283422258,-0.2069592494198025,0.25673163454430203,0.012362389124199537
['Elton John'],[796734],-1.0240232724720306,-0.4176587341695468,0.12489207912077198,0.15900968776889501,0.17403035908794495,0.519201397390422,-0.11863858735874548
['Elton John'],[796734],-1.201961087613807,-0.2086251025130706,0.03417194107260301,0.252562171332407,0.1720636066000856,0.3381187659416383,-0.14834308128152746
['Elton John'],[796734],-0.5006844991252047,-0.3590148379198372,0.15589780454337163,-0.019814047271901176,-0.16356953108292463,0.5002688608091158,0.0911768998724797
['Elton John'],[796734],-0.5115543116006248,-0.4092248186402805,0.2015372650558795,0.04617406545202496,-0.5161663328677989,0.5512011686936257,0.06515141815362514
['Elton John'],[796734],-1.0337824990659845,-0.3250563559448897,0.020557850083766285,0.13318978863119538,-0.19106620595803575,0.6448134698992726,-0.07756636389841691
['Elton John'],[796734],-1.0778119031092734,-0.42176170205047586,0.28890644899748097,0.21097924648275934,0.17226438866619145,0.46942775138019643,-0.3090073022838254
['Elton John'],[796734],-1.3875122497967836,-0.18178565247283202,0.47916290631566877,0.15387671894631064,-0.2406466649750715,0.804386382555634,-0.437199110408092
['Elton John'],[796734],-0.6467729246498912,-0.5561300466344684,0.17906475831269014,0.1297941119231528,-0.2227074734011939,0.5097400252008946,-0.044949734936628225
['Elton John'],[796734],-1.1313737075903698,-0.29685211176809845,0.055426181097269246,0.24519664539921932,-0.2713084081128066,0.5519377371471402,-0.1367284571055416
['Elton John'],[796734],-1.1925017695594022,-0.13871569836219708,0.5282628777764689,0.20125774511825165,-0.4554961128176373,0.553192617537664,-0.5027078896857821
['Elton John'],[796734],-1.2038096273109107,-0.13915763744345888,0.1738999085488865,0.3809033139471047,-0.7198774444751718,0.4733203023773212,-0.27122956028964257
['Elton John'],[796734],-0.4127145696021187,-0.12950187751524964,0.7304460359920741,-0.24657150049188759,0.08561837957459742,0.5899228183849002,-0.17580886224512712
['Elton John'],[796734],-0.9407666664109172,0.06274159032207141,0.211183044903105,0.14616024500038857,-0.580912925627251,0.5031687269459781,-0.08405074455020065
['Elton John'],[796734],-1.0237360897874588,-0.15176480811940402,-0.025167829391548272,0.05735109359740797,0.1566032683363952,0.5782641845317785,0.010555974132811095
['Elton John'],[796734],-0.9186450028021322,-0.1760968965241707,-0.027528200647613667,0.05744232884688468,0.1407834548734847,0.48636741747409284,0.0785070475346881
['Elton John'],[796734],-1.317879543833998,-0.4806043897811276,0.23605574327942627,0.34992930979220266,0.056468786987713265,0.715542070247571,-0.30874946516919954
['Elton John'],[796734],-0.802329266892782,-0.12081388677894903,0.07983453557979757,0.06784220458284271,-0.7743711216829323,0.6042980789500162,-0.003247957519465891
['Elton John'],[796734],-0.7700885065549615,-0.14272771312181923,0.37339280542756376,0.12020282153228942,-0.23341424732574573,0.40489441900383466,-0.12361597279238512
['Elton John'],[796734],-1.1445800197041873,-0.3118071969145581,0.39350273657714163,0.12663144077683264,0.18673668853775008,0.6181497175678207,-0.285946693413136
['Elton John'],[796734],-0.9460948633677996,-0.30294724238722937,0.05695934726692091,0.07788172044094457,0.14889780465223354,0.5081598809382266,-0.06053296303049182
['Elton John'],[796734],-0.29682389998273545,-0.2795998863938958,0.3074133285637925,-0.06830168034447029,0.06370101167149325,0.24571562814236486,0.037547324573963654
['Elton John'],[796734],-0.4221003105924784,-0.38643784650130164,0.18931200456986058,0.14946255966526825,-0.7126479887616535,0.36338023904798217,0.03134533951500571
['Elton John'],[796734],-0.21313664209053373,-0.26166603472669325,0.19047228647169676,-0.0768257565477795,-0.5586932116214084,0.5291085402921925,0.18122555285276762
['Elton John'],[796734],-1.074246381696886,-0.0019589866408355754,0.4598508283179059,-0.06078629601529579,0.1570409856703075,0.6270566296134515,-0.26700535280210763
['Elton John'],[796734],-0.7915323675457139,-0.1606657861209436,0.486859655453579,-0.012942431657795777,-0.32037125016264345,0.5981884460448634,-0.22091893787579917
['Elton John'],[796734],-0.8514135334908364,-0.2841624378413463,0.4251549975473829,0.1487732447408364,-0.4798767645156598,0.607751013836497,-0.23125512563695846
['Elton John'],[796734],-1.2205364898386837,0.41263719790666964,0.4906471532355967,0.1489975034062057,-0.4646582186783335,0.5591066797058748,-0.30769047519796294
['Elton John'],[796734],-1.2419322269891606,-0.12539505127881254,0.5884869888917512,0.23799433522181584,-0.6108142967842326,0.735251631863331,-0.45085086677669844
['Elton John'],[796734],-0.3592782963985312,-0.0942070820370617,0.23099251218707845,-0.03059260996675438,-0.5687914158857477,0.3214353773141111,0.030444746528808426
['Elton John'],[796734],-0.484342814993416,-0.3750385006778947,0.16761350859078053,-0.02390704325305274,-0.16341215880697155,0.5165879832525028,0.08673956165166119
['Elton John'],[796734],-0.7200387555841807,-0.11623783853632709,0.07914235320919417,-0.023419665347825695,0.11623596725504604,0.46453121462842983,0.0725936164622
['Elton John'],[796734],-0.9815710633004193,0.025867434800110854,0.17503656808902773,0.05736637216669478,-0.31068068184995773,0.5588983837584339,-0.11266876387298795
['Elton John'],[796734],-0.8471545491417066,-0.2647901118839389,0.05281846525807411,0.21280808064435086,-0.7494047543811792,0.5836089792594805,0.012356056136719409
['Elton John'],[796734],-0.48869516975053834,-0.3887404786818581,0.18556470379828408,-0.07087425533444772,0.10829961720582558,0.5177939136863773,0.07574567177093566
['Elton John'],[796734],-1.1857315582895025,-0.40116058289152223,0.06938142460451234,0.09122432483105593,0.020561334696532145,0.8036660442575948,-0.13094786088205862
['Elton John'],[796734],-1.1202341906738524,-0.37199168522237075,0.33245772850995425,0.1464126949056325,0.1889302709210349,0.6328109115941842,-0.2473280768660948
['Elton John'],[796734],-1.343597464159645,-0.47404218514099705,-0.02142858663875528,0.2766682190283662,-0.1379422048812291,0.7449531590263992,-0.1808688554669578
['Elton John'],[796734],-0.7991943240687317,-0.29082168084723004,0.11678145427470989,0.11265888250857047,-0.31584149319386834,0.49227011866678766,-0.030202121781148044
['Elton John'],[796734],-1.1202341906738524,-0.37199168522237075,0.33245772850995425,0.1464126949056325,0.1889302709210349,0.6328109115941842,-0.2473280768660948
['Elton John'],[796734],-1.3821309861537983,-0.31039594726761244,-0.029087130483230136,0.22013952922027147,0.2279195456661743,0.7161209425970843,-0.26225582484251586
['Elton John'],[796734],-0.9324979878678722,-0.6427300385055452,0.1051677369244035,0.14545216915788264,0.18326014390077958,0.6831785734272795,-0.09894157369267026
['Elton John'],[796734],-0.9678394413347086,-0.3266845312963871,0.025591436500242443,0.2000757734458238,-0.2005947504241737,0.5136022205933126,-0.04909224401890204
['Elton John'],[796734],-0.7991943240687317,-0.29082168084723004,0.11678145427470989,0.11265888250857047,-0.31584149319386834,0.49227011866678766,-0.030202121781148044
['Elton John'],[796734],-0.884670630220357,-0.12210164663202513,-0.004708345283487122,0.05318743502191329,0.13073039932404834,0.4344893554934612,0.04018360305442374
['Elton John'],[796734],-1.3372817373598853,-0.4303783978491863,0.034861980586104624,0.24111671711056937,0.12201593953600347,0.6453434088717566,-0.2133216791644776
['Elton John'],[796734],-1.211860290163358,-0.490737375379431,0.007778358125430332,0.2736640073461599,0.20359491807827787,0.5683511511971693,-0.13161706050477334
['Elton John'],[796734],-0.7197562450804799,-0.06265443032925017,0.08586619848227028,0.03566757204908686,0.02116659449374413,0.3718749072336525,0.0731388928023595
['Elton John'],[796734],-1.1947787038139792,-0.2522219714075037,0.1297051534219612,0.1782434760424456,-0.3269068929507651,0.8648339230968974,-0.18110321604628013
['Elton John'],[796734],-1.0724173216042634,-0.405210052983589,0.1068881843833191,0.19623038344419463,0.18122574948012182,0.5279969672901906,-0.14679406421140656
['Elton John'],[796734],-1.1014522271366283,-0.4558163889544932,0.03553404657889496,0.3878324648360228,-0.4393426073500697,0.5213863300882138,-0.18416450272293153
['Elton John'],[796734],-0.9947315915736518,-0.4167458890762552,-0.02413886115276521,0.4338502162252106,-0.8078548172091169,0.5657917791377927,-0.044792145663268126
['Elton John'],[796734],-1.259454044836146,-0.47004045312904685,0.027794435179924228,0.33159657677014387,-0.23538576477806114,0.6492284927331761,-0.16325265354481805
['Elton John'],[796734],-0.4643533844712061,-0.10276576594398057,0.11543375982718272,-0.01577434487220445,-0.8174741520163161,0.48172201703360196,0.0918489811264955
['Elton John'],[796734],-0.4259753429911291,-0.37259326611652865,0.1728217011302849,-0.03642869870047256,-0.1696448413729639,0.5133420579606641,0.10882282116201944
['Elton John'],[796734],-0.8292627058469139,-0.2784102275617141,0.21191556036694775,0.1536681408892035,-0.31648421678526867,0.44425954060408773,-0.14561520651402507
['Elton John'],[796734],-1.020095818274589,-0.1578936066181959,0.05281431240444631,0.13986445639722703,0.15961153240950757,0.4728017990284679,-0.11601923577313199
['Elton John'],[796734],-0.8785314413958737,-0.5041104850706121,0.1369216388185341,0.06071601971772446,0.16254830769218792,0.6241668031012271,-0.0675190593526785
['Elton John'],[796734],-1.044559585872199,0.19126994259623878,0.004361599151781449,0.326637572932191,-0.6290365654743113,0.5407626210833469,-0.14280495049981287
['Elton John'],[796734],-1.1602612914748842,-0.21536127645900113,0.02269866547700036,0.21948216770932927,-0.2718402660324635,0.5408114164452826,-0.10803409218299738
['Elton John'],[796734],-1.3821309861537983,-0.31039594726761244,-0.029087130483230136,0.22013952922027147,0.2279195456661743,0.7161209425970843,-0.26225582484251586
['Elton John'],[796734],-0.9678394413347086,-0.3266845312963871,0.025591436500242443,0.2000757734458238,-0.2005947504241737,0.5136022205933126,-0.04909224401890204
['Elton John'],[796734],-1.0282690825134115,-0.14911926595901792,-0.03516278276547516,0.05155084922656821,0.15636986430808789,0.575446112655565,0.01878907767182495
['Elton John'],[796734],-0.9442436848848306,-0.37189488238300256,0.07403471368389809,0.3325474767340016,-0.46563522996001466,0.4783250147854919,-0.15064098792052022
['Elton John'],[796734],-0.3707650753192342,-0.1940658781904715,0.21321089093642612,-0.0524129301267322,-0.5497095747470092,0.49375701322045545,0.10284896111605793
['Elton John'],[796734],-0.6570178796959137,-0.08207172704457416,0.007895842021390279,0.08700438941824518,0.10406995034578773,0.32618512774086433,0.13673793034717338
['Elton John'],[796734],-0.7642866433330792,-0.5523684750976617,0.10382191183614284,0.20785621189127015,-0.7264180549941238,0.8190086576205123,-0.03553398171306948
['Elton John'],[796734],-0.4583515782044167,-0.2523546506421692,0.13048453893467798,0.08294179818787352,-0.5354056066419794,0.4298673167750298,0.071254492822252
['Elton John'],[796734],-1.153662598698461,-0.4132368274134285,0.047128654516273405,0.0887199112227653,0.018193698063819937,0.8090744267776085,-0.10914906727338006
['Elton John'],[796734],-0.7624602269510735,0.22546039614667873,-0.10873940974629356,0.19534481876440118,-0.7270766678397571,0.7001630219437187,-0.23254164273135455
['Elton John'],[796734],-0.4651141730769985,-0.28024723058398926,0.14056454275537067,-0.11935129535342001,0.08917181419053472,0.4551601014949983,0.1042259850976206
['Elton John'],[796734],-0.7155023338352903,-0.3613722252619029,0.19149632056967708,-0.0029933676072837136,0.13546956357857726,0.5332254153805456,-0.022226095975573203
['Elton John'],[796734],-0.7671013238157478,-0.2153645553273973,0.044840692210989824,0.15468393664188382,-0.6711490974651768,0.5936723452443882,0.03512510944876748
['Elton John'],[796734],-0.8919887789177987,-0.24963714473261522,0.09164199718840599,0.1031439243259984,-0.12601275432815917,0.5065550028320028,-0.035118526923065344
['Elton John'],[796734],-1.1941164115395968,-0.17515337546801898,0.0024700339188385065,0.23246753051396776,-0.2717108049221586,0.5250473828060648,-0.10830153977839314
['Elton John'],[796734],-1.2479430766011923,-0.17331315278533332,0.11073196958128989,0.3390238496913192,-0.7066199055911213,0.5985271665278847,-0.15272174453422452
['Elton John'],[796734],-1.3800680325089012,-0.48122828885706703,-0.04075798872529738,0.40357557454730053,-0.5763772064793362,0.7607120855079047,-0.2176169726874734
['Elton John'],[796734],-1.3298070884022517,-0.4820973486142143,0.2394380351985103,0.2763156288903864,0.21641760842458777,0.5805772951770304,-0.34602847500707345
['Elton John'],[796734],-0.28547854495984004,-0.16841144725448728,0.1560245233923439,-0.04638797599236283,-0.8285820366716427,0.5322635834458035,0.1307422016182716
['Elton John'],[796734],-1.050042384961443,-0.22734204924434007,-0.013534161936901231,0.17036568331253277,-0.3762296897863175,0.5887622257740508,-0.053637954697023094
['Elton John'],[796734],-0.598721011445153,-0.1891320769480314,0.16551788253677915,-0.108809736633291,-0.16885251379860303,0.5395747920180873,0.04693256083688116
['Elton John'],[796734],-0.9663260539330734,-0.24689562774588075,0.10521715492146015,0.23539860213937894,-0.736698389864225,0.6122455172588593,-0.10111730903611406
['Elton John'],[796734],-1.2171882012977702,-0.3171103603869587,-0.0041833815860556015,0.17321212561319838,0.19249126013482196,0.6016860332648731,-0.10866323814829965
['Elton John'],[796734],-1.2499074676243427,-0.06652121342052611,-0.05288532566728619,0.24875008997953013,-0.45522414791134774,0.5123625752540661,-0.10443649014124338
['Elton John'],[796734],-0.4851896141111099,-0.21227133095912365,0.15389432768930536,-0.07986788877112583,-0.09921263875710436,0.3516447953782403,0.06549071020106394
['Elton John'],[796734],-0.9154821231391852,-0.27108271282596735,0.033035772775011886,0.12663039224943173,-0.12606441931327367,0.4908911485265122,-0.01801906031949712
['Elton John'],[796734],-1.2038096273109107,-0.13915763744345888,0.1738999085488865,0.3809033139471047,-0.7198774444751718,0.4733203023773212,-0.27122956028964257
['Elton John'],[796734],-0.8514135334908364,-0.2841624378413463,0.4251549975473829,0.1487732447408364,-0.4798767645156598,0.607751013836497,-0.23125512563695846
['Elton John'],[796734],-0.8159477883646524,-0.17247155654402038,0.23467801554508802,0.19578829799908976,-0.22610646459531977,0.39659566127068024,-0.07708862509252636
['Elton John'],[796734],-0.22277163386140153,-0.31424909719744687,0.3789216676439867,-0.10028634919209244,-0.11569033062716569,0.3784666108646687,0.003807292941815345
['Elton John'],[796734],-0.6355371894142491,-0.151416191652383,0.10367724440922303,0.04048944942460312,-0.16133567172433405,0.4101160235345469,0.05501651520501304
['Elton John'],[796734],-0.45829677574924943,-0.24863314981004253,0.15257951916105936,-0.003687530631758629,-0.5237358822134718,0.6030019202335642,0.11332077978196611
['Elton John'],[796734],-0.9760084850170748,-0.14329513430881158,0.0571616215626195,0.061644321341045735,0.14485107580428475,0.4988372697792088,-0.06355354775467498
['Elton John'],[796734],-1.3437751904716573,-0.49192214347507385,-0.004911926864364747,0.3588915417657291,-0.584078240309419,0.7845659302694277,-0.20748398789058378
['Elton John'],[796734],-0.7945849017506947,-0.18893059987550648,0.05537371670961568,0.15835285061731758,-0.31978250575758144,0.4200279524987641,0.013731977349333147
['Elton John'],[796734],-1.044559585872199,0.19126994259623878,0.004361599151781449,0.326637572932191,-0.6290365654743113,0.5407626210833469,-0.14280495049981287
['Elton John'],[796734],-1.3082550952020398,-0.5730694745854852,0.006757461056334921,0.3324654439564578,-0.04562317007363448,0.6927762487329997,-0.1861623722783976
['Elton John'],[796734],-1.2079664924297888,-0.6134609640899847,0.033817138127813916,0.32459469214897496,0.21437363038057358,0.586982449742694,-0.19971518158185447
['Elton John'],[796734],-0.6605536547503162,0.101313241410531,-0.05471079834037995,0.12281408959478396,-0.7640419270456944,0.6460639089158519,-0.03404010676006297
['Elton John'],[796734],-0.43183027225943565,-0.34052580449460873,0.229138219527206,-0.08040305639708613,-0.2625186710540844,0.5397141618892339,0.054121304695149766
['Elton John'],[796734],-1.136218537056062,-0.30702227091505546,0.44949884009021795,0.12276780169718153,0.1870858764794281,0.6331319363310012,-0.302891547075399
['Elton John'],[796734],-0.8930070465589615,-0.4203564091645605,0.10528677149246925,0.000541192556629352,0.0715483860121099,0.7204668230695704,0.03224634587058289
['Elton John'],[796734],-0.5217594905465812,-0.2962573084435873,0.14723239748154382,-0.11139238718553134,0.09606686811239239,0.46435189594787357,0.07839230680085564
['Elton John'],[796734],-0.8772070678785834,-0.3207056324885285,0.23328405509406397,0.17322347728103804,-0.30685290575049073,0.4640936553455018,-0.1720846560560053
['Elton John'],[796734],-1.332019977247098,-0.09050912860036073,0.4807501084338861,0.08557949048108443,0.18953283705014728,0.6339894317643286,-0.42817553036617156
['Elton John'],[796734],-0.911769170217034,-0.3523838562951712,0.09374692115718315,0.204388484298304,-0.6419602209364301,0.6772545121692201,-0.06484470776990356
['Elton John'],[796734],-0.7598416799684484,-0.30154232248302676,0.07941858918951827,0.12806966662450367,-0.22324922477523704,0.5132936261109995,0.016850931054823975
['Elton John'],[796734],-0.33267618391175524,-0.3549898541758952,0.12536276283379025,-0.1751050679867212,-0.08636684002491,0.6994179728458452,0.15364394735462053
['Elton John'],[796734],-1.112368384116883,-0.26180883312289277,0.04614390379981271,0.13882082427511772,0.0007197436028228574,0.6440319253429305,-0.1254385694349652
['Elton John'],[796734],-0.9539327804837665,-0.22539444727290614,0.03629454970913874,0.04325199709599587,-0.027544570095784714,0.6058773529044759,-0.05327894565045022
['Elton John'],[796734],-1.1158447986502658,-0.2895688052703038,0.05248792793589383,0.1995260439022114,-0.18292438205941938,0.5626879689228619,-0.1166100224161375
['Elton John'],[796734],-1.2783541515070311,-0.32371302578494004,0.10924678061769218,0.4016559435828082,-0.7892611274377834,0.5839691690543677,-0.3001713190517256
['Elton John'],[796734],-1.0797945217809313,-0.4260843272904872,0.008390995954063979,0.31868553355616647,-0.44484748814076674,0.6012934973217975,-0.11735213425860201
['Elton John'],[796734],-0.9219185505882953,-0.3905431064368133,0.09505497796711929,0.2592888099457669,-0.4715755467596601,0.48498200127232594,-0.16589100834024936
['Elton John'],[796734],-1.306223344361793,-0.4913902807012841,0.05980802338926044,0.29468996599240543,0.0401628677045037,0.6507922145113578,-0.19968040798508072
['Elton John'],[796734],-1.3321431808185134,-0.2611076474431341,0.13811689298914046,0.1846608048050141,0.02156287138061362,0.6367289714060692,-0.25493729737546567
['Elton John'],[796734],-0.862637260359682,-0.19019801509276738,0.11937066961296317,0.1439309249551601,-0.3143040963239373,0.4623177183458001,-0.049957704008427396
['Elton John'],[796734],-1.200012335111977,-0.2095670570796607,0.047716552405420096,0.008741589552885317,0.0037944998407530347,0.7967863366481488,-0.092685058279617
['Elton John'],[796734],-0.5270562933041527,-0.17616654680524127,0.22596381820427333,0.0553134861907698,-0.5291326138714977,0.49903219046159103,0.041846002031006475
['Elton John'],[796734],-1.3938364188954464,-0.32110381510906183,-0.03878096079110643,0.20607934613747017,0.22454303300099804,0.7069220281349048,-0.24188023242776058
['Elton John'],[796734],-1.0107110918714528,-0.06660810288219282,-0.0063251178341282655,0.35111473192853837,-0.7560114351471215,0.31917782849981896,-0.1168765004244961
['Elton John'],[796734],-1.1349064865107337,0.015931696021510573,0.1273372714797573,0.1927730452551408,-0.6515321180400043,0.5462396532888828,-0.1389390435993892
['Elton John'],[796734],-0.4906261272208419,-0.2681812006829059,0.12002482173582717,0.020039426620418126,-0.26368790491983524,0.4287731768957398,0.09893894438997074
['Elton John'],[796734],-0.42335279131897396,-0.2747775380701169,0.2014347111254205,-0.12574530430546024,-0.0971609631827182,0.4726601675072291,0.05938487514474451
['Elton John'],[796734],-1.1288930842438343,-0.49260533101553833,0.06027929143024022,0.2380573613192149,0.019441391686668006,0.6392576785878324,-0.13140790176848427
['Elton John'],[796734],-0.24519750746651844,-0.29866357738121924,0.1731312594172087,-0.06972462390188933,-0.8268019589837459,0.594496544570929,0.12041934024579523
['Elton John'],[796734],-0.5864711541039132,-0.10631417594286187,0.08660755834429783,-0.03465263343073346,-0.34567812462992953,0.5395384228754433,0.10222958499759384
['Elton John'],[796734],-1.4105894943027855,-0.15109619122569443,0.4815108139598909,0.2177909869223416,-0.16330233982071674,0.5734544019887136,-0.5509099139252133
['Elton John'],[796734],-1.2963954936738615,-0.4578553683818346,-0.0296926905178151,0.4136250405659733,-0.6612028493583929,0.7971851789613191,-0.31879592580664
['Elton John'],[796734],-0.9154821231391852,-0.27108271282596735,0.033035772775011886,0.12663039224943173,-0.12606441931327367,0.4908911485265122,-0.01801906031949712
['Elton John'],[796734],-0.8913401226283771,-0.16989322003005874,-0.013232549852923828,0.04954065587621831,0.13807409352830752,0.49146735676766407,0.08205605883514766
['Elton John'],[796734],-1.3310170616624941,-0.358721268011112,0.0011418780073332699,0.3773370766844702,-0.4286335701331334,0.5167321135535218,-0.26750221893512993
['Elton John'],[796734],-0.7991943240687317,-0.29082168084723004,0.11678145427470989,0.11265888250857047,-0.31584149319386834,0.49227011866678766,-0.030202121781148044
['Elton John'],[796734],-1.2499074676243427,-0.06652121342052611,-0.05288532566728619,0.24875008997953013,-0.45522414791134774,0.5123625752540661,-0.10443649014124338
['Elton John'],[796734],-1.2038096273109107,-0.13915763744345888,0.1738999085488865,0.3809033139471047,-0.7198774444751718,0.4733203023773212,-0.27122956028964257
['Elton John'],[796734],-1.1564200819940968,-0.49262319891143397,0.05205453535690552,0.3222396112830663,-0.16221826623464794,0.5438111227224148,-0.20012561948716082
['Elton John'],[796734],-0.47375198544202207,-0.06745641101562193,0.09279766730063604,-0.09571745787319255,-0.35330368760915376,0.5909399176295366,0.21522059244165045
['Elton John'],[796734],-0.9313271642846427,-0.11982994465680473,-0.023967980789198862,0.2272507390896937,-0.7486029513181899,0.5845791019227665,-0.025183518272513652
['Elton John'],[796734],-0.9551902387983645,-0.20280534647222453,-0.00524291470121751,0.2455011039749333,-0.6541607294427088,0.5657182020899133,-0.02387691293690073
['Elton John'],[796734],-0.8993437928476187,-0.5342507066256078,0.06899888666170371,0.1158046316787077,0.078899045109921,0.6690287796732378,-0.03838691170462853
['Elton John'],[796734],-1.3048991600355255,-0.6468827743565587,0.050048917496176785,0.40286617798984825,-0.033683956451160194,0.6950181019463232,-0.20351538875659417
['Elton John'],[796734],-0.6939535032341392,-0.42032334818103745,0.14247981445091396,0.15050561751494218,-0.31511307353430823,0.5024372894190481,-0.07115247659131856
['Elton John'],[796734],-1.1988112420683035,-0.3073906083954588,0.17161569268564061,0.17690028887945186,-0.6967781235952432,0.8962058000888945,-0.1056110724061209
['Elton John'],[796734],-1.295446052167044,-0.2418012124662289,0.17677118261217623,0.19349335161729603,0.19866609208985084,0.5849809648752031,-0.23699695903968726
['Elton John'],[796734],-0.9460962848330371,-0.24112158572681902,0.00047082880779238844,0.16236499264350007,-0.38300864482461244,0.597872076894172,-0.015566520405836115
['Elton John'],[796734],-1.1089681050287596,0.02630828400205714,-0.07361620309409836,0.08042281133253316,-0.5603520320210799,0.7020620296913641,0.0681480586290629
['Elton John'],[796734],-0.9153734828319432,-0.21471022782037305,-0.08308882532211004,0.511271121807665,-0.5353233023887334,0.9300951508892594,-0.5350976564914467
['Elton John'],[796734],-0.7213220252454562,-0.36014396594143644,0.22226165153272393,-0.008006886463403144,0.136395904887343,0.5438827493915805,-0.04240433453677187
['Elton John'],[796734],-1.018903537768599,-0.14585785455918018,0.05990762381135517,0.1437458085795673,0.15959207141922768,0.46624562723690677,-0.12854821830301771
['Elton John'],[796734],-1.1442417688440778,-0.3799310487671411,0.11161227181098485,0.21149921943963942,-0.5215350554487478,0.8088713539829495,-0.13611841747596598
['Elton John'],[796734],-0.9090016708286058,-0.3468854227852946,0.09101766161171707,0.20332676030857866,-0.6429214653750033,0.6732431883381729,-0.06327283287141786
['Elton John'],[796734],-1.2347982011141867,-0.2451703867403685,0.0010980337717638963,0.20025033469291514,-0.25788048398678937,0.6689856267996728,-0.11103433290336659
['Elton John'],[796734],-1.0390133300142421,-0.34192548414360524,0.0428383611596066,0.26011791997228434,-0.5443891649405399,0.60778679631207,-0.10064113301842952
['Elton John'],[796734],-1.1202341906738524,-0.37199168522237075,0.33245772850995425,0.1464126949056325,0.1889302709210349,0.6328109115941842,-0.2473280768660948
['Elton John'],[796734],-1.2514274742120763,-0.584058685946328,0.05456408062390343,0.36700767666604533,-0.415354995196308,0.6725290592371811,-0.26510089985396107
['Elton John'],[796734],-0.8514135334908364,-0.2841624378413463,0.4251549975473829,0.1487732447408364,-0.4798767645156598,0.607751013836497,-0.23125512563695846
['Elton John'],[796734],-1.3318746657507685,-0.2529863217853083,0.13965794520119015,0.190059893850059,0.02146656666456407,0.630438603875298,-0.2543284702939264
['Elton John'],[796734],-1.0099481958180418,-0.34643505050230894,0.0017660847110695893,0.29687302038375113,-0.6356360185131807,0.6068889668791447,-0.048846487158470446
['Elton John'],[796734],-1.0368669346995123,-0.45271622414283696,0.08720388714325478,0.36864872699791673,-0.6271131525536869,0.5903085989419469,-0.21511108755335903
['Elton John'],[796734],-1.3325924698483955,-0.3286689571053358,0.12582412199560297,0.2932130242114691,-0.23787941406989127,0.6659408742595683,-0.24710465244178648
['Elton John'],[796734],-1.1158264962989455,-0.5511173627288896,0.04132094913302536,0.37142383669683937,-0.6897960667127044,0.7710910032684912,-0.13294943293392125
['Elton John'],[796734],-1.2357674850937763,-0.3422510949883148,0.07907874661492838,0.2228547494774492,0.20063533622291121,0.5797524611471878,-0.15376892881305765
['Elton John'],[796734],-0.5878947915158743,-0.4631030153292307,0.1885187283587302,0.0012867444093255494,0.1273245705089642,0.5218045826734711,0.054723974450609586
['Elton John'],[796734],-0.2896578314720747,-0.20922693359673078,0.13631906753297449,-0.019474552468550014,-0.9124349733095579,0.5524377739290783,0.17135729828086088
['Elton John'],[796734],-1.1170412894943436,-0.509615840694925,0.06587660371520526,0.2353084285093659,0.01949855836009607,0.6471178869899796,-0.12965208335941542
['Elton John'],[796734],-0.7587714312874081,-0.29404816582772736,0.07370843810349713,0.12942335204593064,-0.2238461741101369,0.5072066078790117,0.021409339259939635
['Elton John'],[796734],-1.07868979725401,-0.3152074251374601,0.014394338527154032,0.140292524160199,-0.18725734785270484,0.6381390574728403,-0.08997086468005537
['Elton John'],[796734],-0.20398478181574153,-0.23311984456262605,0.24493668260240378,-0.10914732579554906,0.04720565426196674,0.21825602209961256,0.08374495225449059
['Elton John'],[796734],-0.2665599908762748,-0.33538534441539475,0.20021898788889697,-0.06753640361752139,0.07106637179661318,0.34118296627544453,0.16466702719100537
['Elton John'],[796734],-0.3380127370785787,-0.358827293725968,0.13170261401422098,-0.1707896200722448,-0.0851149763975504,0.7007992575105882,0.14947534616302685
['Elton John'],[796734],-0.47319405574645845,-0.27116685788543227,0.12555880448241002,0.015018027156274705,-0.2654400674347288,0.427261740401604,0.1043184349580475
['Elton John'],[796734],-0.9722511102883115,-0.37208543334513494,0.07173615117966925,0.21924405013009338,-0.45492040315034704,0.6576265687560525,-0.07611897021026454
['Elton John'],[796734],-0.4851896141111099,-0.21227133095912365,0.15389432768930536,-0.07986788877112583,-0.09921263875710436,0.3516447953782403,0.06549071020106394
['Elton John'],[796734],-1.3440269746409483,-0.03226047449169403,0.06402726930207572,0.1331350213301371,-0.4301643616192248,0.8160213036166647,-0.16529716730277552
['Elton John'],[796734],-1.0206372774673236,-0.45124403562593995,0.15906082813586603,0.21894299603416228,-0.2591593108431649,0.6894146357398937,-0.13051455737854736
['Elton John'],[796734],-0.3745163165099322,-0.14848255059309487,0.14457739274355202,-0.03172971662028158,-0.8219343814037509,0.5127456485310988,0.10874874292302403
['Elton John'],[796734],-0.9402437432738558,-0.20644549065454723,0.2623020229661114,0.2821744760137845,-0.7431033944648527,0.5369210578581738,-0.0935827101959612
"['Elvis Presley', 'Junkie XL']","[180228, 306851]",-1.303220888113051,-0.2313201470446346,-0.008490698852949318,0.36865056384438816,-0.134102201656237,0.5997428768282942,-0.36709011599915065
"['Elvis Presley', 'Junkie XL']","[180228, 306851]",-1.3123759497357408,-0.17072305606448057,-0.03254194810354101,0.49517868150571437,-0.7463698144560046,0.6993846213098034,-0.445986576701803
"['Elvis Presley', 'The Jordanaires']","[180228, 87113]",-0.19449450967679624,-0.18848394984602396,0.23619359861129663,-0.2168752339918315,0.04330081599173884,0.34370691814591786,0.10226854702289048
"['Elvis Presley', 'The Jordanaires']","[180228, 87113]",-0.25585982393119916,-0.32966221282157904,0.19880553470797072,-0.09634295677739299,-0.20377091828750515,0.4069283050913631,0.06920607997636939
"['Elvis Presley', 'The Jordanaires']","[180228, 87113]",-0.9501181681015123,-0.36946323184759794,0.662289040994633,-0.009272138444334341,-0.4535373687918659,0.9746835633280498,-0.24632997133637136
"['Elvis Presley', 'The Jordanaires']","[180228, 87113]",-0.5635760997776063,-0.5581480118795425,0.17606013785905705,0.09341490325251607,-0.31970277676582926,0.5903885141509209,-0.030806882556097467
"['Elvis Presley', 'The Jordanaires']","[180228, 87113]",-0.5725766916706614,-0.6807218430417478,0.21873815160887364,0.17885376472410525,-0.6646228118248635,0.664984861399251,-0.0474886845496701
"['Elvis Presley', 'The Jordanaires']","[180228, 87113]",-0.7640149175626294,-0.6533859757496449,0.25214232346079923,0.19399051150212687,-0.10785959912609067,0.6383916572029569,-0.026772851222018244
['Elvis Presley'],[180228],-1.0021842119594764,-0.35512534285637787,0.14545237243995043,0.3532737350917302,-0.5901112834382297,0.7594075774939592,-0.5118405467753498
['Elvis Presley'],[180228],-0.6722823413198868,-0.4676989255359478,0.4159918238585502,0.020768218117705198,-0.7499599115983704,0.8984949819902253,-0.13231608164403016
['Elvis Presley'],[180228],-0.745378642726408,-0.6298448341733017,0.3972078256701538,0.155491857427976,-0.29649810849086694,0.6022233460909974,-0.22212377191190463
['Elvis Presley'],[180228],-1.0602363017226542,-0.45872136338592967,0.2595833649519115,0.0821748135683905,0.18097798480128402,0.6864930244920898,-0.22081836618214545
['Elvis Presley'],[180228],-0.40041231160240975,-0.5577863423835582,0.23584722709814582,0.044085982252485584,-0.5155959980878989,0.6264908499237108,0.03881463110597032
['Elvis Presley'],[180228],-0.8700160672560469,-0.6247240360365905,0.22103103678908728,0.16455308941628038,-0.26228416581491276,0.7907703279146067,-0.1904701461345281
['Elvis Presley'],[180228],-0.24469454010589847,-0.29231446619071977,0.23687040247154412,-0.18507578304590172,0.05973613348153305,0.4096423746873576,0.09326881264734886
['Elvis Presley'],[180228],-0.16653173642776764,0.054028049021252696,0.018730354046667952,-0.17085200445463353,0.12891062855143673,0.7845842689959455,-0.1915087665206475
['Elvis Presley'],[180228],-0.33202640871747136,-0.2989211273950433,0.30559923046540705,-0.10790806457183594,-0.10779645335400045,0.4109502313418085,-0.04582868794930192
['Elvis Presley'],[180228],-0.8834663758129133,-0.3996800327601624,0.28288765938507093,0.07423733732969286,-0.2920389761837626,0.6759065313724436,-0.2233323711135425
['Elvis Presley'],[180228],-0.5608997956789166,-0.5111977181346654,0.2610941624607984,0.08352983103222117,-0.49479430490133813,0.690040682076703,-0.10016308365789413
['Elvis Presley'],[180228],-0.845508005466034,-0.2998897524550998,0.28461815748331437,0.04202840675327074,-0.30946490752981626,0.5949962995204788,-0.19026279302202656
['Elvis Presley'],[180228],-0.6644371441797322,0.00583459157487673,0.6457403244697361,-0.06986772153550531,-0.3405170146489958,0.5929449929988639,-0.21181907149286588
['Elvis Presley'],[180228],-0.8237162657063254,-0.5741978340817361,0.24584564897155695,0.07099833392995818,0.07678973988874115,0.6278208721510158,-0.22206132269870416
['Elvis Presley'],[180228],-0.704822066744688,-0.5363859823668143,0.250743193318269,-0.029750948991380255,-0.12208098568638215,0.75003264711282,-0.09785553228466348
['Elvis Presley'],[180228],-0.7488204344216721,-0.5541846048885359,0.3008690456979575,0.04206540432955498,-0.2126182852024232,0.6386029117216028,-0.19587302426244416
['Elvis Presley'],[180228],-0.19191574641234674,-0.43148629772402597,0.286102861776013,0.011863195029824592,-0.5600990924286737,0.4083237140124002,0.01921165331637923
['Elvis Presley'],[180228],-0.5480602296970616,-0.6239393452177427,0.2784094277647772,0.07826813271133641,-0.4901920226834584,0.723628234652634,-0.04584849005414332
['Elvis Presley'],[180228],-0.6965493698532476,-0.8113143287335262,0.32233455391229654,0.08217200814620013,-0.01163188721954471,0.7378882662918065,-0.1578035689931175
['Elvis Presley'],[180228],-0.7504383254835214,-0.5828789470003918,0.34971984328941463,0.03827718032107499,-0.29607327719198867,0.7246284062595272,-0.2407985238997816
['Elvis Presley'],[180228],-1.0238850911170772,-0.556688923723378,0.20819570471116114,0.2951052068546289,-0.2607010052652382,0.6111575033662827,-0.1628194009238017
['Elvis Presley'],[180228],-0.743155192891513,-0.5707198037369051,0.16940185920305842,-0.12864189022226202,0.07302915231979161,0.9594959048045063,0.03692465036453661
['Elvis Presley'],[180228],-0.35774790524793815,-0.2907191008010629,0.32608688326821217,0.014463645862707002,-0.554003069661104,0.40610078160498647,-0.12246201509190786
['Elvis Presley'],[180228],-0.9215144657713665,-0.3669405781341893,0.050367272105979397,0.18064749732726343,-0.29439029560489094,0.5805053525049008,-0.12744328402259456
['Elvis Presley'],[180228],-0.6158068116581993,-0.13519137718200205,0.43141737253592705,0.08685542392833183,-0.5281936961957799,0.408165909745336,-0.2051067484664357
['Elvis Presley'],[180228],-0.667010219646343,-0.4754115794648372,0.3192788540006592,0.09579020141810268,-0.15360696427350615,0.9555969131790975,-0.4610320229584317
['Elvis Presley'],[180228],-0.8862448179640277,-0.3668158060055197,0.14633935546226978,-0.015957523900848022,0.15396018037737297,0.6567756114437178,-0.0825942056447626
['Elvis Presley'],[180228],-0.332914269392588,-0.29445924918058836,0.33328634564238846,0.05339100130574884,-0.9119389188960025,0.43673711342448174,-0.060631827340853414
['Elvis Presley'],[180228],-0.9519089104378476,-0.5690144976340646,0.1565752554060681,0.09207781201491302,-0.09534300248534623,0.6706380415211602,-0.16643145314052468
['Elvis Presley'],[180228],-0.6144251022339984,-0.6477820290825587,0.26287307196927123,0.04995664227553347,-0.0416363120332214,0.5941928505946908,-0.11357472645311928
['Elvis Presley'],[180228],-1.0038663865922235,-0.6948065371406187,0.24580796884072695,0.204886948737481,-0.07637394732585052,0.7100714862276511,-0.21711461091519535
['Elvis Presley'],[180228],-0.6407355392277986,-0.441108349527123,0.35336371643817954,0.017582763471647427,-0.23148260052800196,0.5781316710534277,-0.13169626028362205
['Elvis Presley'],[180228],-0.9101253098984855,-0.4463936317084231,0.321925727970854,-0.13673740408980303,0.1681595974134281,0.9042172737885145,-0.09780061876208891
['Elvis Presley'],[180228],-0.3671240042006037,-0.3202945894108923,0.16753745526041042,0.1718899653589672,-0.7871470354033131,0.48970507907654304,-0.07197453522503686
['Elvis Presley'],[180228],-0.030112273962769737,-0.12131971959972868,0.16875816892387155,-0.11852568161205221,-0.01990482319440715,0.41765381110202054,-0.14418935264818977
['Elvis Presley'],[180228],-1.0551052485052839,-0.13487950667868948,0.4760122956397983,0.015963225628592956,0.15367777028366902,0.5449538001157009,-0.32354922974345435
['Elvis Presley'],[180228],-0.9834258028053393,-0.5705878540440561,0.1287769049792886,0.11401957105812464,-0.1752118054788529,0.7568063200329493,-0.14932402898544733
['Elvis Presley'],[180228],-0.8574728593905455,-0.2571548432442559,0.2937063713885562,0.039863585435805544,-0.3116068205812094,0.57896161124189,-0.1980261221454692
['Elvis Presley'],[180228],-0.7882816081834157,-0.09822722367564099,0.6505990420931362,0.07558158337549853,-0.49937716250028735,0.5443319017108974,-0.4253738519671948
['Elvis Presley'],[180228],-0.5084656784945403,-0.38572402777810444,0.16388242296381664,0.08940333130862219,-0.6129928054601232,0.5077097825867932,-0.06122299251085305
['Elvis Presley'],[180228],-0.5732408580814956,-0.0930793450260105,0.23840276206365976,-0.008856102794069974,-0.2769014263350173,0.3505569613989105,-0.07088352471810323
['Elvis Presley'],[180228],-0.7618097692716779,-0.474172211756746,0.12226527880289427,0.13644183367409504,-0.4807522707894303,0.6501552538618582,-0.06362586904930324
['Elvis Presley'],[180228],-0.6255039054422503,-0.29821376300219493,0.14881525817180338,0.14831368067644393,-0.5157460835330282,0.4216929600015526,-0.03898728743809767
['Elvis Presley'],[180228],-0.4223812288962431,-0.34635865495611595,0.12251585905513968,0.18731513974794461,0.025744824209429744,0.8022724396089159,-0.5151983040092252
['Elvis Presley'],[180228],-0.9730075933869333,-0.4760193760191552,0.37297480800678445,0.2080673909039146,-0.43250124562609793,0.7184523503591742,-0.4778672620609796
['Elvis Presley'],[180228],-0.8008983690668426,-0.5288667414095377,0.3998659472851638,-0.010176199221547017,-0.026400566407834152,0.6978049121475387,-0.24734080730371993
['Elvis Presley'],[180228],-0.8339896770676283,-0.7150251978859001,0.28147400687558977,0.14263175484873292,-0.2696002763778133,0.7841228924246297,-0.13754021009456613
['Elvis Presley'],[180228],-0.81392982809761,-0.49597674023542104,0.3263687232766073,0.032934795834450976,-0.47185452334903594,0.778299501657584,-0.2114990244787903
['Elvis Presley'],[180228],-0.9983375558792389,-0.6315768855991364,0.0495233593675617,0.2590426192874285,-0.5261848505517372,0.7865698316523362,-0.10168538005067644
['Elvis Presley'],[180228],-1.1688234591498112,-0.4612375113077548,0.40289242295336897,0.17201452737176062,0.11024173290398193,0.7050772087821146,-0.34570889366738616
['Elvis Presley'],[180228],-0.6380947537910704,-0.7784761103774552,0.47365676926489675,0.24034008344634944,-0.726649456230253,0.880265709720932,-0.02746948863803032
['Elvis Presley'],[180228],-0.8019061337842682,-0.4643690606089119,0.5089915943134641,0.013176673447129408,-0.2040763986199142,0.7273536004002797,-0.26792361720626234
['Elvis Presley'],[180228],-0.9588517520840343,-0.6156240656998397,0.17522580519384315,0.17609998482479042,-0.7085885188449218,0.8565474725719341,-0.16904777099519136
['Elvis Presley'],[180228],-1.050013950327466,-0.4880674252531004,0.5503565637902423,0.11991882005153931,0.17840694892011577,0.6212149470258186,-0.2821193650398795
['Elvis Presley'],[180228],-0.24365425867406001,-0.14383948581648298,0.17109639209429567,-0.2307526966921618,-0.12623463898085438,0.45682937003664703,0.14710220969640375
['Elvis Presley'],[180228],-0.9230598488212534,-0.16723762231055944,0.2575806290402826,-0.14332797792187552,-0.2064745250693508,0.87662498862702,-0.03608591286432089
['Elvis Presley'],[180228],-1.2088225278841565,-0.29591627098553064,0.5369893179271166,0.229007451042967,-0.6162665350532994,0.7208521472356253,-0.5278212181726611
['Elvis Presley'],[180228],-0.8168838473482671,-0.7960600273255677,0.23124295078435284,0.20119917915315091,-0.18230087346330787,0.6612589164565661,-0.174684030573958
['Elvis Presley'],[180228],-0.6984938388937325,-0.45269436312429,0.09906040684089705,0.13629188831511932,0.041563044325333316,0.4499342618733926,-0.034030962309131677
['Elvis Presley'],[180228],-0.5587647355011162,-0.361326142472507,0.22398345717729573,0.02871205801029999,-0.25487352167968397,0.4574856287781048,-0.10408430782272377
['Elvis Presley'],[180228],-0.6989592194270918,-0.39961851210493965,0.2982586287512357,0.07657207475431999,-0.6658924654865153,0.7034780945718407,-0.09889454777027606
['Elvis Presley'],[180228],-0.7544834214869097,-0.5559748550265011,0.1718094869561638,0.1871811929644764,-0.3737553059274961,0.6849704336806757,-0.14638642982918446
['Elvis Presley'],[180228],-0.4457515887522045,-0.4481174293591852,0.2381331891854107,0.004686141687936405,-0.2558038791098298,0.4988345213168632,-0.044359199735738514
['Elvis Presley'],[180228],-0.20821835493540747,0.15164745054346448,0.4748732156563424,-0.10190562890281933,0.09336229210797052,0.4438976910751142,-0.3928905954420263
['Elvis Presley'],[180228],-0.7308421417942011,-0.03198557809751061,0.4331324169776989,-0.12576451567138303,0.12631327260137293,0.6189351121892905,-0.2529163507442511
['Elvis Presley'],[180228],-0.5644634617950808,-0.44792639681673024,0.47084637146093256,0.10182942338545357,-0.5050671279369038,0.5716735811907961,-0.21510772973101056
['Elvis Presley'],[180228],-0.6219258486643796,-0.545901117124549,0.22194638605829264,0.039074507324196844,-0.31615156038258224,0.6288278630859331,-0.06626210124417924
['Elvis Presley'],[180228],-0.5765704957044424,-0.3664532646308647,0.16029319932376168,0.14006959621838896,-0.7850506385758558,0.49037615686835034,-0.04746195551317675
['Elvis Presley'],[180228],-1.1168065949105583,-0.21623279127238715,0.2922112762815582,0.21292510215840899,-0.45834386355021556,0.6020954779438161,-0.28764171261963917
['Elvis Presley'],[180228],-0.3723920522367008,-0.18729621476394992,0.2074889905110103,-0.20696376446314618,-0.636815090004447,0.7432043858625267,0.11298170212072163
['Elvis Presley'],[180228],-0.36944244162328893,-0.6329902248422119,0.2728719377795733,0.06321864526751181,-0.2452687026313581,0.5910265983250796,0.0747480503792744
['Elvis Presley'],[180228],-0.8087676190372479,-0.5807799956666837,0.1353877149653001,-0.12274848978466743,-0.09924145153087537,0.996301902883719,-0.005436966799791663
['Elvis Presley'],[180228],-0.33435183433650334,-0.47118170832587786,0.33897691561449456,-0.025484850329349218,-0.08759395959537696,0.46842934569995925,0.019444295751802333
['Elvis Presley'],[180228],-0.47668824884995964,-0.6253446724491079,0.2340398258004109,0.014094627043683609,-0.056079109862391924,0.6211072108017649,-0.036205628732992
['Elvis Presley'],[180228],-0.7562261229114499,-0.6844528509591331,0.24400986072005593,0.04403033675032807,-0.27795335014360895,0.8728598658213149,-0.0817892343340326
['Elvis Presley'],[180228],-0.9126152755923892,-0.6205482860695587,0.16293647001608597,0.2131229343423281,-0.2718667189686558,0.6344189364355733,-0.1310795267653275
['Elvis Presley'],[180228],-0.5844747756890543,-0.7869634668868999,0.29978416886376885,0.04819578373619047,-0.03029151692422756,0.7230083944322218,-0.10380480049024848
['Elvis Presley'],[180228],-0.10546706808329129,-0.3648554363124342,0.13478812188256792,0.1149281240788917,-0.4938321557170622,0.7078902546904051,-0.2561569169424834
['Elvis Presley'],[180228],-0.7913886712482912,-0.6121556581340574,0.18080327721892048,0.011984263247648994,0.07005555106499063,0.7274276287967677,-0.09064621308485342
['Elvis Presley'],[180228],-0.30926676133570946,-0.5153136722369802,0.2157126351834428,0.11175723942602575,-0.804538849827593,0.49700620460622774,0.03213167406213175
['Elvis Presley'],[180228],-0.7437972460060603,-0.40125922129852115,0.28768777982702337,-0.03780127486428593,-0.31051969606457946,0.7100679612498654,-0.11496779280526183
['Elvis Presley'],[180228],-0.7507518999179642,-0.3641074180817244,0.3796491707613408,-0.042672957812773485,0.1329244979879311,0.5537682346165358,-0.15465798020762794
['Elvis Presley'],[180228],-0.09088889669935342,-0.06743600174927666,0.04730392866778883,0.22254015111298125,-0.17286995483815298,0.7380406879370083,-0.6631741811765245
['Elvis Presley'],[180228],-0.5605922470884768,0.018844091206807648,0.5764057332433705,-0.006092496760933878,-0.6337812974781629,0.4440302413920441,-0.2423235799815136
['Elvis Presley'],[180228],-0.9562064858573599,-0.40224623162393397,0.28090320318361683,0.11759201242622165,-0.017865675770245937,0.5554673317409203,-0.2482744817020369
['Elvis Presley'],[180228],-0.6069410631229737,-0.013973272500363057,0.6267315796626959,-0.09089304519759128,0.09974220730900658,0.42191469418349237,-0.30921898876923
['Elvis Presley'],[180228],-0.7275366598008034,-0.6070163116559906,0.13534628007868882,0.23043399467323616,-0.7338426157693132,0.745505487654737,-0.0448711659733793
['Elvis Presley'],[180228],-0.3765059341517399,-0.2667874947586615,0.15748607259313008,-0.034519251442167734,-0.05044429380177157,0.6706956926783313,-0.23221888573507432
['Elvis Presley'],[180228],-1.1518674942664284,-0.13480460004460115,0.59407524739467,0.14201385838039204,-0.18638449896616524,0.6142125191698836,-0.4025543412562001
['Elvis Presley'],[180228],-0.2111368458914021,-0.3192113926599963,0.22182983444933407,-0.16632978194702788,0.05678631103419046,0.3620900156891152,0.1268904853194968
['Elvis Presley'],[180228],-0.7362510391023329,-0.5283714292087733,0.2077035663801587,-0.001965662062876395,0.1406258246554201,0.5856769710602795,-0.1356406205765559
['Elvis Presley'],[180228],-0.5646672547979017,-0.0544984508123552,0.4410798028982089,0.26248685877122724,-0.2546061087553722,0.7440665778046345,-0.689795044547721
['Elvis Presley'],[180228],-0.21162913952639545,-0.10597171806390797,0.595382542923778,0.013524002359899066,-0.23273596906791694,0.6385412444951959,-0.5302375113199287
['Elvis Presley'],[180228],-0.23826844232194538,0.19014913913226317,0.4813279010790878,0.06645190519196592,-0.6623739070130182,0.7487695940831147,-0.7072852325221812
['Elvis Presley'],[180228],-0.7281260237931673,-0.08987682965495813,0.4243504959814975,0.10660133388842352,-0.8738764582920473,0.5053639758957837,-0.24081740979102553
['Elvis Presley'],[180228],-0.5411890592477013,-0.43627956002403045,0.22413666300893156,-0.02275016889194133,-0.05426495944471066,0.593571259626088,-0.08741604246920265
['Elvis Presley'],[180228],-1.0211562121920577,-0.15682388199049732,0.21467023635140772,-0.020259747772361534,0.14983660666850662,0.5555236871190969,-0.1185597445018364
['Elvis Presley'],[180228],-1.4328291692306314,-0.4126230661268623,0.13912549577237665,0.36347631156843274,-0.7556345682396411,0.8240684615021022,-0.3261880270429233
['Elvis Presley'],[180228],-0.5867888650142002,-0.616443896777706,0.2186173955615469,0.12426719639174723,-0.764051224332806,0.6906781011110551,-0.16818254692699974
['Elvis Presley'],[180228],-0.7609638232774669,-0.5440011031533505,0.24398946402056582,0.14991489106256223,-0.21246386712057239,0.5659530424899374,-0.09096868286259463
['Elvis Presley'],[180228],-0.6467993813924635,-0.37583252967084413,0.30133001466408976,-0.08324931552220922,-0.22995409814333245,0.7337412111313578,-0.09604403473037858
['Elvis Presley'],[180228],-0.46527840152385014,-0.2574039118092844,0.17146405218561012,-0.07968279696635308,-0.17776138733828237,0.4890495821920581,0.06765812774888055
['Elvis Presley'],[180228],-0.208503472471248,-0.16268632591432955,0.17536338948227667,-0.0956205151520207,-0.39157142197714007,0.36668460504687783,0.011570462931989474
['Elvis Presley'],[180228],-0.0821452057366625,-0.05751013520620527,0.09899540969949408,0.03417075050650784,-0.05637523973274428,0.563331871480921,-0.315075153206691
['Elvis Presley'],[180228],-1.142857216437409,-0.08528366414105731,0.3155916746144454,0.17092410307775593,-0.3412731939123575,0.7812225245376115,-0.4107676108310346
['Elvis Presley'],[180228],-0.2865903767549211,0.15777484501040662,0.44730256934649626,0.05593604229979212,-0.6347340595026393,0.9393126454677033,-0.6997193678800709
['Elvis Presley'],[180228],-0.2867817849278854,-0.06437909030188614,0.1835870984025363,0.09463694933498956,-0.3037910107863595,0.629117214592598,-0.46557983136920944
['Elvis Presley'],[180228],-1.2211086478262128,-0.18614275506391548,-0.03711389888138917,0.3372798794485541,-0.35731836350790436,1.0241867461009424,-0.5191783092472424
['Elvis Presley'],[180228],-0.4479371981876907,-0.27043191886878964,0.14190595688209226,0.0869398121823384,-0.72195378130552,0.3992402232710207,0.016613458931392815
['Elvis Presley'],[180228],-1.0742218730447193,-0.08510387394559008,0.5923446849650686,0.1324680245668614,-0.47858457088630624,0.5178812186103084,-0.4771853766983896
['Elvis Presley'],[180228],-0.7653818729163172,-0.6695502480533311,0.1960128577321166,0.05315223479090554,0.16601795292429045,0.7060987553503839,-0.07211558867061674
['Elvis Presley'],[180228],-0.7415487251637299,-0.6278318231917043,0.23879068473497894,0.19837831400867328,-0.8311119628403442,0.6964352035291832,-0.17962096652409468
['Elvis Presley'],[180228],-0.9496155605790247,-0.45053497461529457,0.40882691952480443,0.042830541069047455,0.16162076484810123,0.5854160098079629,-0.35222363163515036
['Elvis Presley'],[180228],-0.414673143204756,-0.7737254351865401,0.3133026729299768,0.04238515355306365,-0.04725076171907073,0.6888292720087296,0.006279186865828152
['Elvis Presley'],[180228],-0.2612155320498263,-0.33311165201955173,0.20745538617172304,-0.037927768881535824,-0.28616609391755865,0.3896312911068389,0.015332517472446131
['Elvis Presley'],[180228],-0.978487732988432,-0.571342107070735,0.1963778186650693,0.09179413101291325,-0.34567882113007464,0.9110958992635741,-0.1366064308363411
['Elvis Presley'],[180228],-0.6763091552970218,-0.7229720966239956,0.23301441615825275,0.10248772050528834,0.14769940120834932,0.5484852993145503,-0.17006540410932186
['Elvis Presley'],[180228],-1.0553674746216555,-0.5208739607979694,0.0741505049044399,0.22176080545827515,-0.17022456699428745,0.6769413506075413,-0.1779943485537598
['Elvis Presley'],[180228],-0.7210218198366377,-0.6385551196614347,0.18955467273913518,0.09739022649770976,-0.11913749958839447,0.6202967480186353,-0.1329300077905538
['Elvis Presley'],[180228],-0.3408000658528099,-0.28251022319147734,0.13507675880989556,-0.009057727990467479,-0.727802179046009,0.5356921946219825,0.11212516064282142
['Elvis Presley'],[180228],-0.5354277055613856,-0.513743863269943,0.12102919668044683,0.007715881506083448,0.03798759800707531,0.6161257446624383,0.004886961622561092
['Elvis Presley'],[180228],-0.5834757983264728,-0.37288975227945065,0.3480536690964493,0.08119920784340959,-0.5088208821014919,0.5578109835148071,-0.1166693216856965
['Elvis Presley'],[180228],-0.45570359166447905,-0.19432142201016248,0.6084427290732431,-0.15754143508623594,0.08257120807007487,0.44036522114365506,-0.222701951537089
['Elvis Presley'],[180228],-0.29787578998666664,-0.2591820407316845,0.23006061253599455,-0.11911016955809176,-0.1971627698533759,0.46207004162913573,0.028008123172059567
['Elvis Presley'],[180228],-0.49938911692073207,-0.3086788068864696,0.17948292523839035,-0.02386787076629295,0.10081795110215092,0.40147616739786357,-0.036968938178046945
['Elvis Presley'],[180228],-0.5014680080104728,-0.253768270278609,0.3383175915258508,-0.008623564059893013,-0.6188598609110464,0.5280220546527102,-0.1356458003799991
['Elvis Presley'],[180228],-0.4197805678665672,-0.25189006878145254,0.07455673625840432,0.17311412209997504,-0.701586705909837,0.9720238753595365,-0.4393592786879231
['Elvis Presley'],[180228],-0.12437299014305968,0.32329484610374204,0.3443489258226772,-0.01863745199563672,-0.8225750376814666,1.077003030278154,-0.6198148654865573
['Elvis Presley'],[180228],-0.43318841162271554,-0.4428614231575229,0.05787444027718199,0.2125111324235297,0.23895298430041306,0.9527815406269701,-0.6552021629306515
['Elvis Presley'],[180228],-0.31537237076504815,-0.13576391702557072,0.0988749671700385,0.18302021398016516,0.0882782743723498,0.6218434014110013,-0.47973950412643684
['Elvis Presley'],[180228],-0.5447675783048843,-0.11545696473903054,0.21756645819136622,0.03130262211523126,0.10308500389612402,0.34087050818201947,-0.1177404156090427
['Elvis Presley'],[180228],-1.2059867895223575,0.029758404879161458,0.5308081200474485,0.16306936162689276,-0.63424651930462,0.7145983588329525,-0.3019460112773965
['Elvis Presley'],[180228],-0.9194162405086708,-0.6149854458147637,0.314834307145868,0.059055180869965404,0.17211647181406095,0.7028849312576608,-0.21969483094074804
['Elvis Presley'],[180228],-0.2926465622031783,-0.27602769093069557,0.19962858921647134,-0.006011424078403413,-0.7389594749236384,0.4348674569559637,0.05981743545278164
['Elvis Presley'],[180228],-0.27424910955415216,-0.49319693041580476,0.23699535590465773,-0.029069262830953936,-0.09322504354726258,0.44809980942277894,0.034784087625411096
['Elvis Presley'],[180228],-0.5738576731531625,-0.5106744321629643,0.14321493258755782,0.12373537258347127,-0.5041282656268259,0.5544783003731024,0.008076477680420018
['Elvis Presley'],[180228],-0.8740239540425682,-0.6414872436223562,0.20801560870494434,0.10905787696203346,0.1709533242082185,0.6461047002418523,-0.1501283739801489
['Elvis Presley'],[180228],-0.48423559875935496,-0.5860020800599436,0.227193936184174,0.006958248238894304,-0.042660497107521386,0.6894769636147955,-0.10019287734928632
['Elvis Presley'],[180228],-0.4040490927649885,-0.5265435837162481,0.23416580971655035,0.10322948766066818,0.18836950466475283,0.8301947329492185,-0.4009289377958599
['Elvis Presley'],[180228],-0.8747174757112169,-0.49794296310236813,0.1430565773539829,0.22681026058163498,-0.8187887975780755,0.7025574254265163,-0.10363375006792679
['Elvis Presley'],[180228],-1.1291418221024991,-0.03982013583769053,0.5939319866559888,0.10161147147415897,-0.817019644061629,0.8188631444138958,-0.39930358145762773
['Elvis Presley'],[180228],-0.39707091275694933,-0.21066429288704594,0.1816299032801686,-0.051303813853780945,-0.19847567984698863,0.32025085681912396,0.020393439391317228
['Elvis Presley'],[180228],-0.6633035657360697,-0.0983924711533789,0.492042414929752,0.0861481112122553,-0.794341652596946,0.4699827284026153,-0.27231592416755623
['Elvis Presley'],[180228],-0.22275383625548129,-0.20255868285028025,0.16056679803701737,-0.18145160387266845,-0.5683770254794654,0.5889604779919264,0.17406812735526087
['Elvis Presley'],[180228],-0.5857975366397662,-0.39452237494917036,0.30556552477356935,-0.09552494124527115,-0.24496825968350153,0.6461952232453854,-0.1130641516917623
['Elvis Presley'],[180228],-0.5283261761352692,-0.31951703385988584,0.10195571433914322,0.0936417033910868,-0.3244336261088287,0.545553428332051,-0.10907698341000191
['Elvis Presley'],[180228],-0.792306024134662,-0.5129071892672863,0.27717536103002494,0.19990760715638686,-0.8330756826139317,0.6820626095081141,-0.2344852738423678
['Elvis Presley'],[180228],-0.8641584325437582,-0.27684821647047336,0.5705676327355723,0.10097333245974001,-0.6526904488162728,0.6888027712035859,-0.4534334582870144
['Elvis Presley'],[180228],-0.7827480054523005,-0.3112078681367848,0.5647324619952802,-0.0387852523780502,0.1262327168809273,0.5020805148138051,-0.37901568084971576
['Elvis Presley'],[180228],-0.4813856640041021,-0.6085592943978398,0.22434184943992208,-5.8795443066222065e-06,0.1274450055622024,0.600593848505875,-0.07409191475470606
['Elvis Presley'],[180228],-1.0579830956059233,0.012418801427741724,0.38365671357740755,0.06260782976250288,-0.6424095661880492,0.825520056984558,-0.283677922804486
['Elvis Presley'],[180228],-0.21930336394425362,0.04438373187001615,0.4805212647625579,-0.1550112033190706,0.06238896967413407,0.3545458123246364,-0.2014145132960804
['Elvis Presley'],[180228],-0.2508826646273736,0.0877713028738905,0.41703491284184674,0.20381185437964014,0.17243029828485032,0.5339314096194394,-0.7778858780010732
['Elvis Presley'],[180228],-0.5072254188387607,-0.3165578342937949,0.5072564591664807,0.027092276860037318,-0.3227068587026433,0.6205748480998325,-0.2830860259316545
['Elvis Presley'],[180228],-1.0084520695818646,0.002123640300818479,0.5588484352337076,0.012799102860117201,-0.4644647989333133,0.8004087631357896,-0.4504892742285393
['Elvis Presley'],[180228],-0.5115279842062456,-0.4595984033302128,0.17287016687950224,0.15907551217931,-0.781169989696856,0.5227461822192201,-0.04573912534528555
['Elvis Presley'],[180228],-0.5636716058552002,-0.5192493334355122,0.24581203247958835,0.10291653718018173,-0.5030024312129967,0.5583790002063831,-0.18799268682640727
['Elvis Presley'],[180228],-1.4458146511743621,-0.43052347381186395,0.0822646561010482,0.37393022883527893,-0.7543569359152014,0.811357841794047,-0.29691390731830447
['Elvis Presley'],[180228],-0.6707224094936667,-0.3680842092280188,0.1601533115673587,-0.01702781288648224,0.11744260465846268,0.4593679570672929,-0.047952505435947666
['Elvis Presley'],[180228],-0.7549545935922255,-0.8044080076034561,0.21516827112760745,0.08317866724523486,0.1645656178422546,0.6277602757613738,-0.1489287636124718
['Elvis Presley'],[180228],-0.5299172830055113,-0.5450633464793541,0.2625679135810626,0.06765479216207712,-0.5017635075713824,0.6444506394414585,-0.039515846533589735
['Elvis Presley'],[180228],-0.24198491028995778,-0.4065243735286258,0.22938156440561222,-0.01431792193328157,-0.37091207588160857,0.4684703500479757,0.10510371410649057
['Elvis Presley'],[180228],-0.8925822015796154,-0.4984615120388594,0.2775308744072407,0.0015490465998803764,-0.44803457371196903,1.0621899668631465,0.025201809680996248
['Elvis Presley'],[180228],-0.9855208522478668,-0.5409610219433245,0.1860816686299763,0.11983903197872535,0.17143821803305395,0.6153985960115569,-0.20939029382293672
['Elvis Presley'],[180228],-0.7990238709032255,-0.6413395797904028,0.35627653691759187,0.027496937331428495,-0.1896395190076439,0.8330812669804452,-0.18941772387686515
['Elvis Presley'],[180228],-0.8772174050136862,-0.5913841596629541,0.2568391977610537,0.029763998166413678,-0.01228907117072606,0.7230850824192548,-0.1581984481320111
['Elvis Presley'],[180228],-0.8004081917326047,-0.19485246289776118,0.2893403536657912,0.18989197912062075,-0.8423158378610678,0.6371725030452208,-0.1591572281448436
['Elvis Presley'],[180228],-0.6799123044943045,-0.3814028873610907,0.08851116835556837,0.06795775961735342,-0.04984182598826994,0.5464902518299553,0.017533235076502632
['Elvis Presley'],[180228],-0.2997133992512431,-0.3106755353362537,0.17047650381188106,-0.09697807632919053,-0.0224311947796416,0.37693168026887486,0.0527332812163302
['Elvis Presley'],[180228],-0.6516171250802442,-0.11648839774165544,0.49943914668386985,0.07201548412365365,-0.7941128497845001,0.4911881133961697,-0.2779630066070608
['Elvis Presley'],[180228],-0.1999499740478801,-0.35913125241466803,0.2713013609052075,-0.1572890088377106,0.06204701714201573,0.4063885341140686,0.04071069566527364
['Elvis Presley'],[180228],-0.8897593352419171,-0.53707153947086,0.22166968939629206,-0.03652488583549096,0.17240178542100656,0.813408927564646,-0.11206349646361317
['Elvis Presley'],[180228],-0.10703779688650107,-0.27817728837163175,0.1896433572517988,-0.22441608120156165,-0.10755107476045761,0.6715126737376126,0.20815256633794837
['Elvis Presley'],[180228],-0.46228939183959494,-0.2898491279644972,0.14546850084454094,-0.09821293581093905,0.15492855783957016,0.829604416938683,-0.24925651473260557
['Elvis Presley'],[180228],-0.13934623938913365,-0.2624632837765878,0.17492164077519684,0.1980856361176461,-0.18505964971840386,0.7163988785339863,-0.5029144247309958
['Elvis Presley'],[180228],-0.5404229324729191,0.053985546655641925,0.5572688438839677,-0.05145645508550707,-0.2157573471339861,0.7568455361298256,-0.4591394167155687
['Elvis Presley'],[180228],-1.0105505078109291,0.06767406112009249,0.6370823275147777,-0.09604801894438246,-0.01955138384047225,0.7692261374010537,-0.41248220318223366
['Elvis Presley'],[180228],-0.45984953163787456,-0.22929609492015554,0.11470321619635046,-0.13539788778642975,-0.07264283527117396,0.6566562647639574,0.03445937300414262
['Elvis Presley'],[180228],-0.6951231599349444,-0.6613921469545573,0.4888550428353818,0.20262967240588892,-0.4759183078321855,0.63563068111003,-0.16554328384838643
['Elvis Presley'],[180228],-0.6747783663852611,-0.15871091340960466,0.5267964809172005,-0.26623710341880824,0.11732128464662213,0.7943566510547597,-0.05486982325638557
['Elvis Presley'],[180228],-0.7496239619738624,-0.7964992911950882,0.26590600574609224,0.17540496020530158,-0.45359697150240713,0.7923436722588618,-0.09268392061943179
['Elvis Presley'],[180228],-1.0329363988628228,0.43067070695045157,0.6269529160538378,0.21905747638937278,-0.6312763542381858,0.6787814434732649,-0.33119362521388485
['Elvis Presley'],[180228],-0.8928859954426599,-0.5347297527202785,0.1379968825511836,-0.03728519819768288,-0.09711899716502519,0.8803214816242116,-0.10708223216424481
['Elvis Presley'],[180228],-0.5542471971361476,-0.39327034317223797,0.12243682339451542,0.10491949922331902,-0.4131375655127184,0.5489879784560812,-0.09432888163915008
['Elvis Presley'],[180228],-0.659556274896281,-0.23592052091946475,0.08448728644490341,0.01039488848631822,-0.514574699596103,0.5709047239463918,0.019028134027000244
['Elvis Presley'],[180228],-0.2822580857747935,-0.23831739044386735,0.21799715535243044,-0.19672780857027142,0.052277502121817934,0.3307593246113883,0.06392937489960446
['Elvis Presley'],[180228],-0.704993727863356,-0.2694025624514769,0.1889088086612855,0.09948269713169382,-0.4109019994809254,0.530983655509007,-0.103789821749462
['Elvis Presley'],[180228],-0.409122641672378,-0.1978465577199027,0.161830470165075,-0.04651261412133265,0.0855760174012643,0.33916491783080216,-0.0819409506362484
['Elvis Presley'],[180228],-0.8554265577066277,-0.5418110204392411,0.23879026211145965,0.08392844157288348,-0.6315860141454053,0.9133246938011288,-0.14150912506222746
['Elvis Presley'],[180228],-0.9706360640995438,-0.38007935261274206,0.6545347878129273,0.04457576901186071,-0.015837717570520143,0.6125108164785089,-0.47233347466361925
['Elvis Presley'],[180228],-1.1827296724367307,-0.3261473924582235,0.22904047303650935,0.08658873159331845,0.1868520416543414,0.6659653346397364,-0.2593403422264095
['Elvis Presley'],[180228],-1.3205949536752501,-0.38055205204188125,0.1266915130624184,0.2529105572087468,-0.1606616559706985,0.6128755265444543,-0.28052664683884426
['Elvis Presley'],[180228],-0.8751800699829796,-0.693181460467832,0.370681702565211,0.2902660167336673,-0.7203769973681926,0.6748043318117285,-0.24338264511463678
['Elvis Presley'],[180228],-0.738829035418767,-0.3508477944876103,1.1051066505881224,0.0399952039558402,-0.21363430081282453,0.7303499814190374,-0.3152202696263066
['Elvis Presley'],[180228],-0.9085725382681578,-0.6226343361346011,0.21517591392516772,0.11933543953959212,-0.011459737794254259,0.6135347190562785,-0.21569715368549897
['Elvis Presley'],[180228],-0.0841613690629892,-0.22452114077980959,0.1084622743821011,0.07005877727800423,-0.6792716384586485,0.7843283034509335,-0.16854821143959794
['Elvis Presley'],[180228],-0.9559519518524422,-0.5120662368166068,0.3242824252580197,0.10489880605832662,-0.18260287760899757,0.7097410499173079,-0.24880144039647012
['Elvis Presley'],[180228],-0.9116897256160067,-0.6271725706845386,0.23738974336290655,0.17967884666371356,-0.45080057084077557,0.731276863690048,-0.19662341721588417
['Elvis Presley'],[180228],-0.2130224921484454,-0.3774491670768129,0.24196437714381328,-0.006921536933604268,-0.3864986457834012,0.3215305438244396,0.07363866549562811
['Elvis Presley'],[180228],-0.9614997628038748,-0.6309904582080201,0.19044241660618985,0.18673988504453615,-0.178549476646791,0.6379494562502334,-0.20792825931531506
['Elvis Presley'],[180228],-1.0111080194265525,-0.47283434266491153,0.2807382960130218,0.1719687216470053,-0.27466136427209425,0.6409829441473136,-0.27634270626588414
['Elvis Presley'],[180228],-0.40970499441210134,-0.5133913171736603,0.2527642920090689,-0.014307515126374301,-0.25624813556652304,0.5480132249143604,-0.03792700791456152
['Elvis Presley'],[180228],-0.09024953005533791,-0.2890450034593901,0.3496621046258439,-0.16342857638394895,0.039267212385339235,0.29065036698086094,0.022269440223725137
['Elvis Presley'],[180228],-0.6646872592533274,-0.6996622326596403,0.48074687073755357,0.05727805045011911,0.1488797490907228,0.6304794173345749,-0.18759849420964475
['Elvis Presley'],[180228],-0.41081953527520876,-0.7584615355517593,0.27630937064670236,0.03162187666403497,-0.0550771062480787,0.5995248301108334,-0.10372437580074452
['Elvis Presley'],[180228],-1.0712237798806685,-0.5736805002357453,0.08048305483241831,0.22889834173628426,-0.6950333276586516,0.9123275256754405,-0.09326423210580506
['Elvis Presley'],[180228],-0.9925511872349655,-0.2619781281499528,0.5541787727029728,-0.18625561304551896,0.1639220597793195,0.8693631348604884,-0.3286493529113065
['Elvis Presley'],[180228],-0.5191612056744049,-0.7314313156016392,0.2607371347597678,0.10596009965763924,-0.22519631275295293,0.5964664259330184,-0.044892476370464326
['Elvis Presley'],[180228],-0.6941121545036069,-0.7562812454393307,0.3336511208519313,0.24423084863703548,-0.7358793677709268,0.7032184814235556,-0.19444245696386897
['Elvis Presley'],[180228],-0.7154871832539637,-0.7267127004827181,0.33763357739068633,0.15173663466670712,-0.02085689155963357,0.6009574873711304,-0.1194446791543064
['Elvis Presley'],[180228],-0.21267465865103063,-0.37479558028194626,0.20584515135406822,-0.01681385743268383,-0.7361885350776203,0.5333535709966076,0.09182806252193343
['Elvis Presley'],[180228],-0.5092766872946101,-0.5205022419568822,0.35976317888706766,-0.05313876070024543,0.1089020122253613,0.48828782084953776,-0.15652940228197373
['Elvis Presley'],[180228],-0.7251802487419535,-0.5862841768867807,0.19980583744428487,0.1548510850849982,-0.7516829360046431,0.6584743165639158,-0.18860532877694716
['Elvis Presley'],[180228],-0.8464131947162972,-0.524883356077301,0.5700685050569825,0.03658923336959157,0.1587426414063548,0.6238398502145913,-0.27709350693301593
['Elvis Presley'],[180228],-0.6788547377428149,-0.6950907768787649,0.3482438108289842,0.10394139396522244,0.1499067133719481,0.5517778328865899,-0.14323067613434626
['Elvis Presley'],[180228],-0.6421353903260147,-0.6341668079537437,0.21950822871212158,0.05703103191546302,-0.04077430672786422,0.5753402505313142,-0.07105038223639112
['Elvis Presley'],[180228],-0.7939911123550002,-0.5098554417785169,0.21380337557030604,0.139624214008756,-0.1990908017794492,0.6282065825466087,-0.12884703020521923
['Elvis Presley'],[180228],-0.7566846270119142,-0.4779716482322563,0.25090067266127,-0.012058712815450736,0.14522195933323664,0.587955578455561,-0.062456991467629897
['Elvis Presley'],[180228],-0.31426298335885866,-0.3816260436225173,0.20717666535046014,-0.10845528292562577,-0.09829280168325041,0.5013736401894879,0.08939172420405317
['Elvis Presley'],[180228],-0.28473210023209145,-0.5935839191905045,0.2432937965790888,0.12816766035491578,0.016550583687865023,0.38615161432699635,-0.024770591831278953
['Elvis Presley'],[180228],-0.9708082845330416,-0.408901054443982,0.21891130126929262,0.0807520114116957,-0.8054538568152937,0.9632185048227593,-0.148675179657085
['Elvis Presley'],[180228],-0.34297559875741535,-0.3470247778057095,0.20373742125796923,-0.09785212973906834,-0.1007279048126856,0.4322613802067621,0.04848646675294201
['Elvis Presley'],[180228],-0.300634075176559,-0.2683596776690877,0.27405289778898845,-0.15948142887313674,-0.029041572488375196,0.3650014471528507,-0.008598241803481725
['Elvis Presley'],[180228],-0.3800101551213939,-0.22357995142668644,0.25725335830755863,-0.08625077347470517,-0.8142916128666207,0.6345221321802107,0.024320553865897
['Elvis Presley'],[180228],-0.8268090982441445,-0.6019373917988713,0.20065873681542218,0.19876620236892226,-0.7344917760368389,0.6911307833145949,-0.18820598011703848
['Elvis Presley'],[180228],-0.9607905403030826,-0.8114001005764526,0.1469223624405009,0.2792348038129605,-0.5136641830071983,0.8248234755221419,-0.13928707033677523
['Elvis Presley'],[180228],-0.8121486974521582,-0.7113878023846688,0.18884564915329022,0.14439577134487702,-0.4506213724822503,0.8242101708067773,-0.1284326330993101
['Elvis Presley'],[180228],-0.16250550255077398,-0.3070756307480254,0.2292625581590481,-0.006941685594529322,-0.5750664325297443,0.3423725238380247,0.06776341144834869
['Elvis Presley'],[180228],-1.0415671928888044,-0.48490617337986597,0.28713439380662376,0.20413622224281966,-0.6172488019445408,0.8312011925167007,-0.23469923916645063
['Elvis Presley'],[180228],-0.8665868822246148,-0.4780980137087394,0.37526213759311217,0.10019511917677379,-0.19440476225472814,0.7011759629394003,-0.22228772764698487
['Elvis Presley'],[180228],-0.855635139466202,-0.5490511837528023,0.4045214208511153,0.06103046807898889,-0.013471090018470954,0.7167560862690492,-0.2609916191950603
['Elvis Presley'],[180228],-0.8196010466163725,-0.5629260280608881,0.331599098068036,0.06819621712020105,-0.4588785592167796,0.837861266987467,-0.1766089502785118
['Elvis Presley'],[180228],-1.0066047988309585,-0.2906085916569541,0.2122941469391808,0.21702539480052904,-0.4648247107977446,0.6139014600368045,-0.21115578223476197
['Elvis Presley'],[180228],-0.43947521025371816,-0.36216609658572135,0.13812531972662295,0.14425512486684094,-0.7779679522300448,0.5888446439314532,-0.12504327091488318
['Elvis Presley'],[180228],-1.2615404368608325,-0.48653872660145536,0.1476286712666696,0.21294135128335936,0.03312231951028413,0.7424619948712645,-0.2610286128298696
['Elvis Presley'],[180228],-0.7731277751207807,-0.6062256032434186,0.1658022153440104,-0.0766769973923124,-0.014439623312104797,0.8887815554965415,-0.04401047530815579
['Elvis Presley'],[180228],-1.0044793094652313,-0.6025579691075272,0.14744873190629915,0.13186831158632312,0.006638592219247881,0.7204838334126704,-0.16388334629951223
['Elvis Presley'],[180228],-0.19623809873090411,-0.35160872759349737,0.2086435009232161,-0.12308788778028613,0.053931333989757406,0.3078248093254195,0.09421757786191245
['Elvis Presley'],[180228],-1.0393771073872748,-0.6000035835916704,0.16455919084126197,0.14048336418282067,0.1829896643141865,0.6015286698399394,-0.23114410375595232
['Elvis Presley'],[180228],-0.9840879640493119,-0.6559268539390154,0.21197250374300713,0.13437833690457476,0.18823302718884652,0.6978963915762425,-0.1756455078961652
['Elvis Presley'],[180228],-0.9437073545185839,-0.47078565616073925,0.09150568644177876,-0.1223038010931889,0.17012127781831865,0.8684947001763871,-0.06806172205247392
['Elvis Presley'],[180228],-0.40616816066979505,-0.4892572145614723,0.20222696633237364,-0.10710212397299641,-0.07791509223136432,0.6124161976411523,0.07768828589302865
['Elvis Presley'],[180228],-0.2679475411630757,-0.33085374264975587,0.19315903526460598,-0.1757355153081749,-0.10942935048994808,0.5077851497094694,0.1330991247525385
['Elvis Presley'],[180228],-0.9730660770668816,-0.5505963810738614,0.2859064972728245,0.21088214302229913,-0.45118980857420393,0.643180993552145,-0.2645707691715786
['Elvis Presley'],[180228],-0.10687423147530216,-0.31221768169410496,0.2243373542982998,-0.17530170502314593,-0.13290798741895127,0.40657403602545433,0.1283797188153924
['Elvis Presley'],[180228],-0.11089064448352637,-0.26293949178144466,0.20266258437369405,-0.0948260960143494,-0.5796315028937086,0.4427210706450222,0.11646194066801456
['Elvis Presley'],[180228],-1.0302681275283954,-0.2951176755260353,0.3003759685772088,-0.06367426824441866,0.16593942585776386,0.7780887158464508,-0.19220286207682563
['Elvis Presley'],[180228],-0.5439293401205019,-0.6681523481608627,0.22165398111976745,0.06477746390829597,0.13639594453771411,0.5648887449589947,0.01604821709507039
['Elvis Presley'],[180228],-0.6648076016435217,-0.6908292847687715,0.5049917738876997,0.05309347934845776,0.14845831336393564,0.6336882916946613,-0.19549909052514494
['Elvis Presley'],[180228],-0.1656993959734073,-0.40727707774345817,0.2218722454951011,-0.178806315643457,-0.026207913801684236,0.49478453949599366,0.11605053753472937
['Elvis Presley'],[180228],-0.21440855579452003,-0.36632772396304825,0.2413872483158959,-0.01764715518110404,-0.38755186051680607,0.32671043028578034,0.06881228025836558
['Elvis Presley'],[180228],-0.8161657572043818,-0.5896692495243232,0.2294457123859731,0.060010636987777734,-0.10657130961526257,0.6921411031182391,-0.14581566539565
['Elvis Presley'],[180228],-0.5965451722394882,-0.554413793875446,0.5545664366775399,-0.008143780435624616,0.12764068136272053,0.6106497936896909,-0.12650975906801828
['Elvis Presley'],[180228],-0.4096449154609126,-0.362105557002753,0.21032072401003793,-0.14077682092388152,0.08352474307745666,0.44518900033723524,0.011052818040783341
['Elvis Presley'],[180228],-0.1462042231146256,-0.3060209880526317,0.21169966687345126,0.005183415813272815,-0.8415750298034479,0.41924235811374866,0.10079384089405374
['Elvis Presley'],[180228],-0.794174495309623,-0.6024652638155283,0.3266740840876694,0.09385835423262152,-0.1956648202552149,0.6951713327622756,-0.17159101583259526
['Elvis Presley'],[180228],-0.7685405072512991,-0.7070728563949061,0.20818276715317982,0.18057882596967134,-0.6319003865188592,0.7882385540150632,-0.1813962471803652
['Elvis Presley'],[180228],-0.18023046017222896,-0.45947288605300585,0.2524092100087425,-0.033513899716069176,-0.11376500293805197,0.3229876479302101,0.05460130912614977
['Elvis Presley'],[180228],-0.9487806372172657,-0.5335895563793018,0.09433797778352054,0.03348809774337234,-0.18206469289536234,0.8539273669382705,-0.07073169521962507
['Elvis Presley'],[180228],-0.9228379642466426,-0.4605497270251023,0.3605653897420618,0.11807591406488298,0.19360251591617364,0.6585339538803126,-0.4974626288113944
['Elvis Presley'],[180228],-0.7025863090217621,-0.6333532680251259,0.3872686430610077,-0.005042021227794652,0.06967486470186245,0.768791799049022,-0.18738200990008574
['Elvis Presley'],[180228],-0.8364691872852215,-0.38652578849858543,0.48535855133141814,0.07891417468466683,-0.8254658464782894,0.8830632606559325,-0.18156785445793397
['Elvis Presley'],[180228],-0.7356773689892235,-0.7716380505288211,0.2539847415467517,0.0453819623613638,0.16939711453200637,0.7366363023550206,-0.12154891249370356
['Elvis Presley'],[180228],-0.24505166791802446,-0.4766138071888413,0.2053654466895187,-0.0257875617382115,-0.3724306120284788,0.46148908267651406,0.038048957510058296
['Elvis Presley'],[180228],-0.6394611940656143,-0.4512258690019068,0.30220057077381024,0.04471461847132073,-0.2355731808394117,0.5220435573748208,-0.13952910368224325
['Elvis Presley'],[180228],-0.4631475375083729,-0.8344091652637571,0.2588286866377996,0.10298579372047695,-0.13432493165012127,0.6050944380428653,-0.07105775453282465
['Elvis Presley'],[180228],-0.4830726797729993,-0.7210227175268589,0.27338504988547374,0.009825623006683914,-0.04686286969757061,0.6668993981056285,-0.038098591866617834
['Elvis Presley'],[180228],-0.3211957984911434,-0.5065605330654219,0.2324245675027743,-0.0523043839605158,-0.17930190785940117,0.5118493381153683,0.0077896507131253795
['Elvis Presley'],[180228],-0.31572439656910917,-0.2135110284762629,0.23988476635038938,-0.0893109373406253,-0.5636543331075445,0.45224510288123965,0.018991810356944347
['Elvis Presley'],[180228],-0.2645890651013691,-0.32526740820885647,0.22218725471883236,-0.0785195900772634,-0.47103114900025406,0.4658537316696285,0.03389707729287904
['Elvis Presley'],[180228],-0.73942120463709,-0.7147859779446206,0.2668618263031128,0.10795526654524851,-0.2868926287647531,0.7033485649725227,-0.16323799076751128
['Elvis Presley'],[180228],-0.8994142684814278,-0.4501412925698338,0.3350779240286944,0.018678686321243584,-0.5463185319488882,0.9670166299375105,-0.04278156369257189
['Elvis Presley'],[180228],-0.4590371459657651,-0.5027605566182316,0.20396907149411844,-0.11036057549976566,0.01960017732479755,0.6219227940306769,0.06311295231066455
['Elvis Presley'],[180228],-0.8020358964033111,-0.5613490655350247,0.17927431134964106,0.00043218476485175225,0.1512175698271925,0.6279851009072156,-0.12014065536405756
['Elvis Presley'],[180228],-0.2691749243572912,-0.4979179187006876,0.22761237064268056,-0.08301342619143814,-0.0950972509532564,0.5106434556630163,0.02823912992772058
['Elvis Presley'],[180228],-0.7502153762305853,-0.6172470081494273,0.49663966092259915,-0.05078323954604363,0.161678261821964,0.8291831839666315,-0.10518730304822695
['Elvis Presley'],[180228],-0.7483514965922976,-0.4081579028927066,0.29114536467262553,0.03127618114700943,-0.14103358849041706,0.49933450561075604,-0.22270384673801036
['Elvis Presley'],[180228],-0.44849111021946203,-0.5973254449194412,0.20952502107981197,0.17186302758046076,-0.7579990522860707,0.6812463833796504,-0.09144479844123331
['Elvis Presley'],[180228],-0.9175258264153259,-0.4739673478616222,0.2612183564923187,0.12351781402301322,-0.2807885988988503,0.7284298200492128,-0.185183974756711
['Elvis Presley'],[180228],-0.6104581218789397,-0.26599120766449286,0.10745653841241659,-0.08190259241129974,-0.5042687804938516,0.7917053949343414,0.07210060169327687
['Elvis Presley'],[180228],-1.1033032485828638,-0.029551303156296064,0.11836695888814332,0.3518196889364567,-0.4985334995521383,1.2814053062842548,-0.8565862876576563
['Elvis Presley'],[180228],-0.3341602343955877,0.0005519334066209034,0.6232502480126854,-0.2253876369230725,0.0454536427261889,0.29072338823527644,-0.17992954997616986
['Elvis Presley'],[180228],-0.9930969867604528,-0.46659015306171664,0.21865609881577228,0.13703273276793584,-0.2755360010442541,0.7015049431670082,-0.14601019874281182
['Elvis Presley'],[180228],-0.13711705888647877,-0.38642665869352494,0.23063513388053844,-0.13616676061438548,0.05030258363525003,0.3188814158354334,0.08777618610303846
['Elvis Presley'],[180228],-0.8237789504074887,-0.5981323805860146,0.31236855404514285,0.05751714981431026,0.1598637106019567,0.5981751003069261,-0.1907600870666617
['Elvis Presley'],[180228],-0.6242993906308604,-0.5457291487432128,0.2357047875007057,0.09688838004222128,-0.29896913172102235,0.6522021623776899,-0.24239228279691866
['Elvis Presley'],[180228],-0.21335685435058835,-0.29895936013079594,0.2042963325882414,-0.1464941550371306,0.05531122021704369,0.3242471147821463,0.12190987710733961
['Elvis Presley'],[180228],-0.8282254087286338,-0.46706335039668,0.2570341972323539,0.051735614900062905,-0.2089807091725919,0.6309925999976846,-0.18746652317313928
['Elvis Presley'],[180228],-0.13982117619787646,-0.2655910846565729,0.21677047072761182,-0.014852076272538681,-0.5814978997519584,0.30547089314118225,0.07395802759938973
['Elvis Presley'],[180228],-0.569750646714177,-0.629937497049857,0.39330106895113814,0.03281978259562255,0.0415251901569698,0.5445277695202722,-0.15104193251989606
['Elvis Presley'],[180228],-0.20455664839217474,-0.2868794638483306,0.17039108325417068,-0.3199131142315235,-0.02490510427289476,0.6753069714655557,0.1975062550312636
['Elvis Presley'],[180228],-0.6325539430392865,-0.37452617351231976,0.1735283937039312,0.019136914400083433,-0.15585578474321504,0.46550221176783585,-0.06784739019972162
['Elvis Presley'],[180228],-0.9647666933551625,-0.6607370839090897,0.24127443629784137,0.19575532350204505,-0.26191213915014017,0.6851675894060449,-0.25204373498334903
['Elvis Presley'],[180228],-0.2030821980446635,-0.26980824237909184,0.19296569297654484,-0.1847576100731487,0.04915721473581036,0.3455106189546621,0.10933800480590505
['Elvis Presley'],[180228],-0.6591272831709021,-0.7635431169709893,0.2647279139253138,0.05320742588171947,0.15139472645691843,0.6360309318620683,-0.151354460284155
['Elvis Presley'],[180228],-0.3758528650962366,-0.5425963851543691,0.3250215384707756,-0.00121981151319223,0.09281466799607502,0.37489333535435193,-0.028830678367854478
['Elvis Presley'],[180228],-0.671297394918301,-0.7271281938594379,0.37799703495220127,0.25193247513194555,-0.6408711059826218,0.7851064917227929,-0.002787219772128416
['Elvis Presley'],[180228],-0.16679644541018213,-0.3907594376792927,0.2447093516707622,-0.08650201985222285,-0.21604374690394157,0.33169094600501686,0.06177861275037839
['Elvis Presley'],[180228],-0.949588578354288,-0.6208563813635742,0.12560033163463896,0.25187807236279214,-0.6246590583058446,0.7236142469802554,-0.14999368535090285
['Elvis Presley'],[180228],-0.788256185007031,-0.5798507170022897,0.20150102747747844,0.41272179680960946,-0.6428662195681164,0.9597102983386477,-0.6383481760453875
['Elvis Presley'],[180228],-0.6953561671416278,-0.5851339144781652,0.22698212617516705,0.14679786612333245,-0.6591915312210482,0.661718247784072,-0.11373599961557194
['Elvis Presley'],[180228],-0.4891189186444954,-0.5727769567023898,0.2567057110560532,-0.00045105862114499975,0.11089164986873988,0.4623799489311901,-0.0642993761866829
['Elvis Presley'],[180228],-0.8480090288196344,-0.6915450967311759,0.2457156056612145,0.09441181681906448,-0.007249054493821429,0.6789624692757541,-0.18078206720940804
['Elvis Presley'],[180228],-0.9044302056304758,-0.7063063552020151,0.20192652269582292,0.18582937815891418,-0.17440846355633582,0.6905999418481542,-0.21050721381085016
['Elvis Presley'],[180228],-0.935293031425551,-0.4224803679383684,0.394804681454697,0.10256929723046683,-0.19448769420238898,0.6113781281405981,-0.28348372140195355
['Elvis Presley'],[180228],-0.25420447391437195,-0.33431093138688145,0.2276142750841859,-0.05754850997843299,-0.20563478214417436,0.3347420404039191,0.04711954880152796
['Elvis Presley'],[180228],-0.27818856458411284,-0.3290441029019223,0.2813444491004645,0.017346370099993125,-0.9159766658427725,0.4910806060380113,-0.03697631591998121
['Elvis Presley'],[180228],-0.4239143989377949,-0.5817013287592925,0.2319002723887466,-0.05111557757280035,0.11036676850902413,0.5359536452142357,-0.013798250586801276
['Elvis Presley'],[180228],-0.7529044912692217,-0.6342703994416725,0.36331770893566134,0.10990930401427741,-0.28876609682709986,0.6932270713672372,-0.21791597471046362
['Elvis Presley'],[180228],-0.7621878688798871,-0.6369233556177296,0.22702196572396866,0.014502630718341507,-0.19437463973085375,0.8145733378203039,-0.08862284289947167
['Elvis Presley'],[180228],-0.20289978375398887,-0.3466141619169566,0.215772001511831,0.02637441304096043,-0.8344224185816294,0.42811484954283646,0.04262994237529135
['Elvis Presley'],[180228],-0.24497795173171175,-0.36989418297578436,0.23822135993017268,-0.13336615526630646,0.06740164644860329,0.39724156341389,0.07150864392606898
['Elvis Presley'],[180228],-0.23622016931582507,-0.4071987082752895,0.22470381212253143,-0.08112569084159653,-0.20062078149189494,0.4284889303883134,0.059941325262159846
['Elvis Presley'],[180228],-0.9145207957621269,-0.2837970626850806,0.3086136519860019,0.12282650871361227,-0.21619153489548634,0.46871307210041885,-0.3097317563806644
['Elvis Presley'],[180228],-0.7938599853288827,-0.7152462072534966,0.30445027707759836,0.12344313495046065,-0.2776833035138121,0.7471090206672453,-0.19967786300135298
['Elvis Presley'],[180228],-0.45110503555127823,-0.4868848074617738,0.1911473992800718,0.08246046273369972,-0.5169070179106766,0.5452358919371667,0.013696678977454772
['Elvis Presley'],[180228],-0.24428655799421597,-0.37555852690758884,0.3259505025615142,-0.1027489602391028,0.061788216490740844,0.3085008240017522,-0.0003149791906488747
['Elvis Presley'],[180228],-0.7143555078582348,-0.7659557530389324,0.21190949244512552,0.0921519122790192,-0.003141605943977121,0.7878779300727858,-0.12067354682268217
['Elvis Presley'],[180228],-0.9853122732455877,-0.5950440537140582,0.18116185309217123,0.2208872550653435,-0.4415016048962829,0.7074551956744554,-0.25356232265222084
['Elvis Presley'],[180228],-0.9777168655787569,-0.6910665684833593,0.3202112324519728,0.15597112484257775,0.1890232937008151,0.6577344900513973,-0.22485771110785835
['Elvis Presley'],[180228],-0.3144479923955539,-0.064708614668603,0.08351327315300584,-0.20677462432790822,-0.8124513124203935,0.8231343594597174,0.14818057024368333
['Elvis Presley'],[180228],-0.7466062429516556,-0.6709179356860098,0.22212388734444413,0.04475504979366026,0.1588682572029474,0.6555260378492216,-0.11649529910374354
['Elvis Presley'],[180228],-1.0122022255697205,0.04810795632606863,0.32289702610887994,0.15255040984608434,-0.49847817980247594,0.4044024799211242,-0.2827059195461723
['Elvis Presley'],[180228],-0.6849920833050887,-0.33336051241610026,0.13995472341551632,0.009576587147540864,0.11800554474040723,0.4592860617000029,-0.05960037393107076
['Elvis Presley'],[180228],-0.2955898476789254,6.329583686174717e-05,0.5637653046797233,-0.2268222482677947,0.04609427185367857,0.31476751057034014,-0.13469384615125157
['Elvis Presley'],[180228],-0.6656169449510847,-0.828774240531659,0.31732825580280405,0.08316655363288204,0.15886594867590453,0.6436510754458983,-0.16787624567080145
['Elvis Presley'],[180228],-0.4199246733659255,-0.35989253005648625,0.1947406725521331,-0.06915139420782987,-0.09180139226125165,0.429314391210913,0.03463649478201191
['Elvis Presley'],[180228],-0.8703987152112683,-0.6374322052925728,0.26959891423650817,0.07904049904530881,-0.18328106802095223,0.7885393115028285,-0.1770128780130192
['Elvis Presley'],[180228],-0.5912922738992997,-0.6267686652063381,0.3592992145920379,0.04083859350725488,0.13169653240062773,0.5319117188886887,-0.17954806825573358
['Elvis Presley'],[180228],-0.7145515012255619,-0.6209338445938895,0.18969314674933943,0.0673244896244587,0.1382598751858808,0.46816882763433304,-0.13857158022557153
['Elvis Presley'],[180228],-0.19770395218545134,-0.4255872812594424,0.3541409720395138,-0.09397904504400793,-0.10716495781601017,0.4649287843955196,0.025185934485274956
['Elvis Presley'],[180228],-0.0650174147080441,-0.33313369021263595,0.2059587499432526,0.08112392228205868,-0.8203842298390075,0.4709312436609459,-0.032868223318107355
['Elvis Presley'],[180228],-0.4987613952007262,-0.5609584484196221,0.2694604908895837,0.10121045504095931,-0.3333391706945129,0.4789983388142411,-0.07155018529950145
['Elvis Presley'],[180228],-0.05529808486958925,-0.3249317726083758,0.2352958437016498,-0.1392000787925761,0.0407434072091247,0.2891976957706913,0.11394732469624048
['Elvis Presley'],[180228],-0.8063480946198787,-0.6066714670973641,0.38761028459360736,0.08348431046903441,0.15567716596561257,0.5726562143346828,-0.17208906468764182
['Elvis Presley'],[180228],-0.2785901253843159,-0.3682185220266595,0.24163621439451421,0.03611554742817335,-0.823909778468253,0.45115703541078456,0.026595719067401245
['Elvis Presley'],[180228],-0.21376228822817406,-0.3139964383718959,0.19510943353321103,-0.15642835665663443,-0.3826911004959652,0.5692412081200314,0.16049386595395781
['Elvis Presley'],[180228],-0.8943691570555341,-0.41803110572849067,0.4169470377428985,0.1446181576884502,-0.1986824582863145,0.6155203045318746,-0.24645030355690303
['Elvis Presley'],[180228],-0.5396924268109037,-0.530768189566344,0.2387511157835807,0.028404866481537686,0.11612375825433019,0.4511478174932261,-0.0018627654237911876
['Elvis Presley'],[180228],-0.99715657994515,-0.4473562293264838,0.3838511947935,-0.02241767321590066,-0.44259764095578796,0.98150443675061,-0.24296445932937838
['Elvis Presley'],[180228],-0.9700940330577327,-0.6833401345383352,0.27350026446327697,0.18666084459277632,0.011548353678403395,0.6872933489214615,-0.2000371066777981
['Elvis Presley'],[180228],-0.9955248052747242,-0.5758540236763614,0.18865372844677003,0.22662100605977145,-0.18020622849599385,0.6069649209047459,-0.2543727794327301
['Elvis Presley'],[180228],-0.7377600042893177,-0.6901146455291887,0.2153817992909194,0.21506028436642144,-0.8239047777605079,0.7398976458290204,-0.15866323842360483
['Elvis Presley'],[180228],-0.30614219450318186,-0.22386139943435154,0.1483782047277568,-0.21242274007367096,-0.5484921224823535,0.7479787226815139,0.1643065979309071
['Elvis Presley'],[180228],-0.882715979970789,-0.571244988656352,0.1887179454978124,0.031850360800096615,0.07677108005060744,0.7018984687180526,-0.11281152622983752
['Elvis Presley'],[180228],-0.38529915034576856,-0.43840535157107835,0.22124668292505284,-0.0037190158610931998,-0.18610976382460542,0.358832726570233,-0.04613199927143963
['Elvis Presley'],[180228],-0.6460418627754326,-0.615726659671716,0.3875052934317682,0.049601953624309025,-0.12014354247940465,0.718508139506114,-0.02636197223307946
['Elvis Presley'],[180228],-0.2572859279866108,-0.28381090465814524,0.3022295504906285,-0.10333840962617684,-0.032238234558623464,0.3191851467981139,0.06657060832355659
['Elvis Presley'],[180228],-0.8798964546939183,-0.5819957375488933,0.3052230205052082,0.17728207563893847,-0.6391406827261826,0.7077545936567387,-0.2788592775396809
['Elvis Presley'],[180228],-0.8704418365978412,-0.618255127660855,0.2397762266343605,0.1293454249595301,-0.18230681706531376,0.71730421958918,-0.14686664653994083
['Elvis Presley'],[180228],-0.8149488627055934,-0.6347791301102057,0.1352249437780791,0.25011584450124014,-0.734535666290334,0.6484908506237347,-0.1829720548516705
['Elvis Presley'],[180228],-0.9925348088848103,-0.5373066255040803,0.2262583384980892,0.19626643473343425,-0.7098118935232902,0.8375199312478648,-0.21634159905815184
['Elvis Presley'],[180228],-0.5158408021857802,-0.5559236635793902,0.2176678264177339,0.02889642743962078,-0.3228259936853091,0.6372938354214805,-0.039242181040871266
['Elvis Presley'],[180228],-0.11775716891519583,-0.09995859763053633,0.1540618516890243,-0.11602989719993644,0.07622861074522962,0.3922280931898134,-0.1506877559581058
['Elvis Presley'],[180228],-0.228477238899477,-0.1466162272103744,0.3461068694179588,-0.027725889258219026,-0.9378665187721063,0.3897731233172173,-0.03946981575496187
['Elvis Presley'],[180228],-0.6571338178187979,0.009470259347826889,0.6473552566009192,-0.07474085598617838,-0.3417627240158798,0.5919233995965778,-0.2096947790465062
['Elvis Presley'],[180228],-0.6053976972911242,-0.1333536161706173,0.4294574514885022,0.08262735184003044,-0.5293694384125944,0.4063440589926176,-0.19637763186204008
['Elvis Presley'],[180228],-0.31140398864845453,0.02152544497300829,0.4661113178437122,-0.05655265321802003,0.10557175031946871,0.46613491093677323,-0.40236355217634523
['Elvis Presley'],[180228],-0.9603261658481743,-0.6286192497342474,0.20587512857320392,0.06597316781737841,0.18506080537828948,0.7337330068485103,-0.17838413718749505
['Elvis Presley'],[180228],-1.1762649477769196,-0.5121623442809925,0.042752051623167274,0.2535315679271602,-0.689331617085167,0.8765948372239147,-0.11476767445240021
['Elvis Presley'],[180228],-0.834536277250496,-0.6479514157712513,0.30302212198307915,0.17671778709609093,-0.01530225217380375,0.5585839496679224,-0.13076327733997312
['Elvis Presley'],[180228],-0.8183206577476266,-0.5313090659535872,0.2673338089698757,0.10132203110564486,-0.19653491818132454,0.6827806604294153,-0.14708399563817334
['Elvis Presley'],[180228],-0.11039544336810105,-0.20744801214630015,0.16286265837684852,-0.11033381608226407,-0.8352362331777626,0.6341240153691714,0.12332515833244641
['Elvis Presley'],[180228],-0.11290862471689188,-0.2677437565374452,0.3389055899896316,-0.07606712288411596,-0.5849406141458725,0.37016884523204857,0.011578340421007756
['Elvis Presley'],[180228],-0.34781034807607125,-0.48700132535369195,0.2939918518357107,-0.03485829964404425,-0.1755863154214287,0.504783343316248,-0.009239039745316922
['Elvis Presley'],[180228],-0.39111407629726375,-0.48292696158050036,0.22235073398160593,0.03792628469772792,-0.7998930192024425,0.5833702522616336,-0.016194954145824968
['Elvis Presley'],[180228],-0.5628646606588095,-0.6406786690830438,0.3760081236274907,0.06324429500596788,0.12798998359302458,0.5054855851762324,-0.051650535576431574
['Elvis Presley'],[180228],-0.3926432369096577,-0.6084591047004142,0.3361403094590908,0.04030933027582657,-0.16124579149809573,0.5402519741965183,-0.047393906463960016
['Elvis Presley'],[180228],-0.6494918903367449,-0.7808874416458484,0.27830982655991227,0.06631079708490452,-0.02499364225463207,0.6721674844203213,-0.12910350182769956
['Elvis Presley'],[180228],-0.7355921983875678,-0.6832600644687133,0.24666416544347852,0.14179798842902996,-0.46033155009845717,0.7671202067441688,-0.07836445462835138
['Elvis Presley'],[180228],-0.26941131537034624,-0.2974058872005668,0.21607638450545993,-0.18482345544323733,0.06355994611498325,0.4159516165052041,0.09858782175776787
['Elvis Presley'],[180228],-0.665650993869832,-0.5956608754624383,0.22528120443892805,-0.10309330022075264,0.1460927209892452,0.7830153968305149,0.006718896845817656
['Elvis Presley'],[180228],-0.6643448834010884,-0.766660209969834,0.282616798766634,0.1301828992336777,-0.4670590600638853,0.7684037067223238,-0.13858273542745836
['Elvis Presley'],[180228],-0.6327434276509193,-0.3312912066265767,0.3884372786258581,-0.1448833324060854,0.11135754210597494,0.5652101751874044,-0.16987365729387666
['Elvis Presley'],[180228],-0.9439892147293029,-0.5540427198544083,0.23782272354572723,0.10420306843781374,-0.10015031592404214,0.6251010750209594,-0.27236236464686925
['Elvis Presley'],[180228],-0.6316395648756004,-0.5580987593951343,0.21050195102993932,0.0947090609877982,-0.22663840039016472,0.5238951113419794,-0.16929156207775278
['Elvis Presley'],[180228],-0.21089657691531769,-0.48248962774135046,0.2440546334341046,-0.059882110322898245,-0.0197769728078687,0.3654979279693028,0.044692621714640515
['Elvis Presley'],[180228],-0.9882278666841169,-0.562586847320631,0.2796189279538016,0.1895395546914178,-0.7074966830692503,0.8214932629094651,-0.2358411619949184
['Elvis Presley'],[180228],-0.53304520105998,-0.631180804347246,0.2216358598188356,0.09000310167821032,-0.31677974795986447,0.6160867861859236,-0.04233126824336975
['Elvis Presley'],[180228],-0.7963917558245563,-0.7636995180366256,0.1928415530973856,0.15662530323735366,-0.44318653749266235,0.8441338935761389,-0.14436948697754623
['Elvis Presley'],[180228],-0.0962528236394275,-0.28574337368603925,0.2020578606167429,0.001683573055136297,-0.08956421828507657,0.43417258182003937,-0.1285341485858795
['Elvis Presley'],[180228],-0.1358713744473325,-0.24054958545003638,0.21055698360475708,-0.052221405084084974,-0.5828992205340595,0.3334539811207315,0.0840502286714788
['Elvis Presley'],[180228],-0.25112722986218144,-0.3555617221320126,0.18945829156991015,0.027036270941747747,-0.26279667501994597,0.4557426577603889,-0.06612571441236857
['Elvis Presley'],[180228],-0.3277020126888417,-0.36257557361614223,0.2425795706824986,-0.048732290662701024,-0.1019780075794692,0.39198475635693036,0.012960305638172655
['Elvis Presley'],[180228],-1.0302625775005998,-0.48426758924268803,0.15984299884906972,0.24004571352243792,-0.62616224131422,0.7027771200878185,-0.1928336686977853
['Elvis Presley'],[180228],-1.145032889028434,-0.5251154149171031,0.08345783753825751,0.28967988080993445,-0.6945284385580411,0.8229883375320746,-0.1652936270398296
['Elvis Presley'],[180228],-0.4402845457001789,-0.17920696916284445,0.13052200564877997,-0.2077352559671624,-0.5365029240105091,0.766676858307936,0.12913807332507724
['Elvis Presley'],[180228],-0.790329509655324,-0.18491145426503242,0.04157242462287851,0.13187948578923836,-0.49620389320689784,0.576780304241292,0.02412720838184695
['Elvis Presley'],[180228],-0.6095717797007619,-0.7131216123992237,0.22632980823538565,0.19332491943269517,-0.6625283784282375,0.6436615463169642,-0.0717350742198385
['Elvis Presley'],[180228],-1.1521045607220832,-0.24441480133615875,0.390710727691405,-0.04225122711773737,-0.2674080428237953,0.893754218741885,-0.25887193240904255
['Elvis Presley'],[180228],-0.24622604263340128,-0.39358542343218095,0.27877534292841233,-0.12906427484302824,0.06168485051605398,0.3481492051960568,0.01852108653213056
['Elvis Presley'],[180228],-0.8852896912752883,-0.5000218705961663,0.26888903838504996,0.021372078245148845,-0.3726960685526541,0.8089446670474465,-0.1766016269926662
['Elvis Presley'],[180228],-0.43417105294827457,-0.5569520079671051,0.31577733954000375,0.007641757390510575,-0.3437396476435037,0.5341773750141571,-0.092086517896934
['Elvis Presley'],[180228],-0.6333439211439866,-0.78415302866865,0.27056009814222803,0.14682086286127305,-0.28993394887234847,0.6839320319400807,-0.10152297541910121
['Elvis Presley'],[180228],-0.43759413493259225,-0.4502306775775117,0.3774699432928763,0.054675779145713255,-0.35104928886750897,0.43916159748777267,-0.06158707804061676
['Elvis Presley'],[180228],-0.49995901832418654,-0.32479292788296577,0.11468270533006569,-0.1342396159046386,-0.779270794054556,0.9454728535640559,0.18203063652988635
['Elvis Presley'],[180228],-0.20589900654392249,-0.4250950233563418,0.24012028803472377,-0.027980995263772557,-0.3828010560453946,0.384451782898726,0.05962063362441711
['Elvis Presley'],[180228],-0.8326831215024206,-0.4064585851076046,0.30762373942324645,-0.1135721735456508,-0.20043245980498867,0.9089783787153137,-0.14402654793287348
['Elvis Presley'],[180228],-0.38533879105337143,-0.37765798287428326,0.27446211524903436,-0.10986483758474527,-0.26777894652656326,0.5865787074262354,-0.0025845148891527445
['Elvis Presley'],[180228],-0.4602265926315149,-0.542824978653016,0.24997088908410317,-0.02718470911290898,0.10547257945917905,0.44889877559502805,-0.06487289650699833
['Elvis Presley'],[180228],-0.6314390251299868,-0.6216207988174826,0.33914512512930634,-0.014993557004679463,0.1397725588935507,0.6292586399512164,-0.13100831239587563
['Elvis Presley'],[180228],-0.8780511043077253,-0.6352192161816436,0.16785745996741447,0.07047647004713427,-0.3632483472318603,0.8213002598391186,-0.14761754496798382
['Elvis Presley'],[180228],-0.7870390726061639,-0.6616073518805261,0.3188744385806268,0.07400475965254263,-0.4555284297861185,0.8728132493747026,-0.18363274295205992
['Elvis Presley'],[180228],-0.22290871971665882,-0.10211138854257498,0.138491975291604,-0.3052824254738235,-0.12513791720584497,0.5927798242602771,0.24285148460640624
['Elvis Presley'],[180228],-0.37750559226661956,-0.39109833655811144,0.24607365699239175,0.006217508287146263,-0.08112815832114559,0.44924811459859193,0.07548064986561627
['Elvis Presley'],[180228],-0.9133038747821328,-0.2677297318298062,0.4801398655565415,-0.1108344877257261,0.16442186235091705,0.9346496550506531,0.07087046508688326
['Elvis Presley'],[180228],-1.1854813797895727,-0.25520795704518195,0.015933047068548145,0.29677794713155475,-0.44926184397311564,0.5222786025089168,-0.15607647317779164
['Elvis Presley'],[180228],-0.7370244163522168,-0.6754325149682663,0.34867411183114105,-0.011818251465810876,0.16175815427114038,0.7370903771631928,-0.13896111301478364
['Elvis Presley'],[180228],-0.9343230539647515,-0.6729537812972878,0.16056557184753872,0.25731710440591926,-0.6232845733769887,0.7606244023409675,-0.17261790224832863
['Elvis Presley'],[180228],-0.2366130255577238,-0.18959733021686992,0.36757257762788464,-0.17217762862011332,-0.13451701466065563,0.30921515517054804,-0.02602241687944613
['Elvis Presley'],[180228],-0.7180492847465157,-0.38716496824460633,0.17977251672018207,-0.22711910861691523,-0.13260967446855187,0.9220091757739574,0.005048958381283466
['Elvis Presley'],[180228],-0.9569928343226489,-0.49078170334261284,0.3078136746697835,-0.01391815541170747,0.1722698996275932,0.7320251704215835,-0.19439009914441677
['Elvis Presley'],[180228],-0.23309340762277134,-0.378836321806918,0.3073664305492834,-0.06815293437007648,0.08169536586832746,0.3978057771933914,-0.054085323451522054
['Elvis Presley'],[180228],-1.0062732433627195,-0.5617676244347817,0.17665737753420446,0.12775393999848617,0.17504306275571757,0.5564931467932741,-0.2404673793511482
['Elvis Presley'],[180228],-0.27207847165981336,-0.4911498714295799,0.23194800592858525,-0.03384634987293392,0.09237500820621072,0.43757901714935177,0.03368162656880527
['Elvis Presley'],[180228],-0.6577587864257353,-0.6403987462570588,0.3331324969810392,0.11795148462538829,-0.6520025457387411,0.8166353927212319,-0.0989551247012948
['Elvis Presley'],[180228],-0.08726462464786344,-0.16995899823183064,0.1623001133547776,-0.3032434442088883,-0.030478221371909284,0.6481238935778278,0.2072242109459613
['Elvis Presley'],[180228],-0.7332485772975801,-0.5666649647698165,0.17803344465813759,0.19328659320298303,-0.46081321036879413,0.6863811099269207,-0.19600699442833322
['Elvis Presley'],[180228],-0.2235915263459016,-0.4471780193576892,0.22125600010487867,-0.0340620348650643,-0.4593110751672664,0.5355919520058037,0.06447158446680182
['Elvis Presley'],[180228],-0.9425377688962668,-0.6027832133300299,0.13695271079003887,0.20584544073305916,-0.3579462766406266,0.7077766225854818,-0.16907650552981401
['Elvis Presley'],[180228],-0.5947759957825114,-0.3189191898037599,0.10652087142385377,-0.024288220591273585,-0.8482313753188008,0.9053644467322572,-0.01854657549916318
['Elvis Presley'],[180228],-0.5567306497240055,-0.24638960938893306,0.0857979886321531,0.0625088498110686,-0.5267527248622127,0.4837208728602551,-0.00487295194018931
['Elvis Presley'],[180228],-0.8973574964470182,0.016523500195117967,0.631073053525956,0.03550527712431091,-0.5028886610519077,0.5330730889707342,-0.457653139309016
['Elvis Presley'],[180228],-0.4548216954558489,0.38759790772134994,0.44520286286887717,0.1566164936202719,0.1803518899934955,0.6100948100242956,-0.8411108298667359
['Elvis Presley'],[180228],-1.0378654099045148,-0.16573454727362832,0.14252848458819636,0.0034909205057348743,-0.1983145506129964,0.7439504820720862,-0.11240806574757728
['Elvis Presley'],[180228],-0.3064098152404886,-0.26705210891221526,0.198758533013754,-0.18015085922766333,0.06915475347428335,0.43931441875706156,0.15011093068433742
['Elvis Presley'],[180228],-0.2137193905047357,-0.30072384970603067,0.29754637369258946,-0.2677366508497581,-0.1141018654276082,0.6280651813718592,0.12360238301242744
['Elvis Presley'],[180228],-0.9720675427390782,-0.5193366839409078,0.18022981442445035,0.012760266616554853,0.1726252014432924,0.6993179307410027,-0.17196972605362448
['Elvis Presley'],[180228],-0.04898470617015319,0.14266091770359496,-0.04389581433658151,-0.038323697311739756,-0.10376215414171852,0.9244317683147733,-0.43339849004340975
['Elvis Presley'],[180228],-0.8405553797384137,-0.682191004153089,0.4937139289668308,0.13326480323019413,0.16865009646178203,0.6312148194151721,-0.2111731260693175
['Elvis Presley'],[180228],-0.35918261899110226,-0.24638589809208916,0.17518405974593446,-0.08786340158034013,-0.10994552261945659,0.3843698123177833,0.06270451463074453
['Elvis Presley'],[180228],-0.8286132854963953,-0.555544156596199,0.26411175649110064,0.13976774288388974,-0.28042530233187335,0.6705398603355713,-0.2822877828678025
['Elvis Presley'],[180228],-0.9770124613472579,-0.6593585910085903,0.15404048094028888,0.28358544103311195,-0.7062777086128543,0.764825516986795,-0.18851199909011396
['Elvis Presley'],[180228],-0.9382380878471832,-0.566700250645803,0.1996064912063407,0.18348955689759697,-0.5442947358362334,0.6983158243218214,-0.24131753833759498
['Elvis Presley'],[180228],-0.36482440381016434,-0.6234733948464827,0.2814543219607156,-0.05065999875790594,0.10610658098888659,0.5404072242772728,0.019733100411694696
['Elvis Presley'],[180228],-0.9365808397391362,-0.4436554342108248,0.26191518472709774,0.2474124407563927,-0.46803947318133055,0.5162505615157233,-0.24578623402823976
['Elvis Presley'],[180228],-0.9092308035526631,-0.5951798285948153,0.22961588505618463,0.11721939611103306,-0.26768738722964414,0.7703401713321253,-0.20839462806284825
['Elvis Presley'],[180228],-0.8714926938421799,-0.5534215652735051,0.3011781403366918,0.06186628921697757,-0.5440481042752936,0.8682882976621037,-0.20529053610126433
['Elvis Presley'],[180228],-0.028800335967790185,-0.2001514302930877,0.17500737540801756,-0.16181239105560716,-0.12328130905759677,0.45609592482789896,0.07100104759271991
['Elvis Presley'],[180228],-0.2245461966986194,-0.360212792093798,0.20111788609082676,0.011444785313679713,-0.4635242420736283,0.3970151063749205,-0.012031337591440431
['Elvis Presley'],[180228],-0.11088069713803497,-0.302265566722053,0.2357745449594861,-0.07884928373939154,-0.12106679558015751,0.34961074263796843,0.05247634610962267
['Elvis Presley'],[180228],-0.15921183051980645,-0.04901858841553721,0.06211152843685699,0.2589146027185455,-0.7065525150897377,0.8568586351900821,-0.642723297585734
['Elvis Presley'],[180228],-0.8684279639550474,-0.5446095844434932,0.12759772334253702,0.16702785643875367,-0.2799536298666056,0.6911714243115812,-0.13452375417581935
['Elvis Presley'],[180228],-0.7517309771759265,-0.45826275127060634,0.14458361287426016,0.1354610872292247,-0.2195510975385651,0.5379587069382487,-0.12522620322865508
['Elvis Presley'],[180228],-0.20605825279297785,-0.21587306549636037,0.1114565917999805,-0.01474660457219816,0.11874230331148428,0.5396567632391756,-0.22457533368931196
['Elvis Presley'],[180228],-0.673419583246394,-0.5448864504636,0.20075220963953236,0.0520889662439583,-0.5732961855124171,0.7834345701063123,-0.11724501899156821
['Elvis Presley'],[180228],-0.8600377014643525,-0.13497318680906148,0.547575778406404,0.02821661505501142,-0.8448390208801341,0.793406550921533,-0.2953947043905574
['Elvis Presley'],[180228],-0.298191474020617,0.0022469406935714206,0.5682797775041682,-0.22900486799820644,0.04673350816240553,0.3207920610262148,-0.13272800760612014
['Elvis Presley'],[180228],-0.2656190633633058,-0.23353359536478654,0.21163998737824652,-0.1334388112970408,-0.21390387555522952,0.36241398218670795,0.027542536843189535
['Elvis Presley'],[180228],-0.32865833490469376,-0.04250902911516885,0.4795390307934384,-0.05978484338869679,0.10057716910718452,0.44421201417336914,-0.33585366564042934
['Elvis Presley'],[180228],-0.31330229233681955,-0.14227755790802196,0.1282866170130101,0.04099061301761543,0.03232175487712961,0.45218730581774036,-0.28187644475917417
['Elvis Presley'],[180228],-1.1107109646250017,-0.5624222701580367,0.1637564688092943,0.21616849524848178,-0.16627127831224028,0.6260384309439682,-0.25011602847797465
['Elvis Presley'],[180228],-0.8715304386260743,-0.7431032676391762,0.30472017400081236,0.30429195025324157,-0.7170210524071824,0.675474493385899,-0.23452310139382948
['Elvis Presley'],[180228],-0.9494783047332277,-0.7983777754277134,0.21893516722160444,0.26935679306497584,-0.251306100427459,0.7505889831586843,-0.16438987272347988
['Elvis Presley'],[180228],-0.9229317688328119,-0.6126869976911101,0.42482607735600425,0.2326534516174448,-0.45361546732617875,0.6386941993152572,-0.37880928800382246
['Elvis Presley'],[180228],-0.2897006812476073,-0.20765161426898546,0.33613508077279225,-0.06989455051505848,-0.6518727795193594,0.48197636509180736,0.023507848945465835
['Elvis Presley'],[180228],-0.49453532301311925,-0.5545374967522003,0.3361898434474543,-0.006557634403588399,-0.2336867482349561,0.6952405574910094,-0.022336427618351737
['Elvis Presley'],[180228],-0.5371643076757614,-0.3938522391328798,0.20435179531714068,-0.057593919700347655,-0.24854341983210557,0.6089637180715963,-0.017232537901676264
['Elvis Presley'],[180228],-0.5709918695988956,-0.6109346750187623,0.2337154412149688,0.07039122770547421,-0.31496697691015524,0.6340811391579403,-0.05856442869033099
['Elvis Presley'],[180228],-0.8241953146848514,-0.664150770669226,0.3990187172032611,0.14710198215344378,-0.28384326157627315,0.6459509074425923,-0.29200518490083865
['Elvis Presley'],[180228],-0.1806223497431599,-0.3024137373815284,0.22967352858046464,-0.03320178408964797,-0.6632319490241758,0.3966410577374184,0.03845926839284558
['Elvis Presley'],[180228],-0.7705743568182608,-0.6696590325199383,0.3448686981667142,0.04037355669926353,-0.10127545358384007,0.7824911509094202,-0.19704746834457412
['Elvis Presley'],[180228],-0.2812557201943374,-0.37648001580116874,0.2114818888846552,0.04661143776469431,-0.7272754011757323,0.4861857603951086,0.06369158757726368
['Elvis Presley'],[180228],-0.9284771405603991,-0.6186374927977599,0.29696201797435123,0.21123654759358143,-0.3638121884547775,0.6416334983026298,-0.29374040167891124
['Elvis Presley'],[180228],-0.2706931471814206,-0.28955869991679084,0.17744692682859659,-0.18541130922406063,-0.6390355653047388,0.7548082630879264,0.17847854342210537
['Elvis Presley'],[180228],-0.863271540841054,-0.579232565442413,0.3089089551624229,0.09038479511896486,-0.10317530311733046,0.6588616302645999,-0.2358244737117787
['Elvis Presley'],[180228],-0.24152113073983916,-0.2947511274083542,0.18153425245281116,-0.0517205007778206,-0.37612432998752776,0.47345545285143414,0.1279429280933389
['Elvis Presley'],[180228],-0.7681349151773533,-0.5862051598881756,0.22365482710627554,0.18848148214520255,-0.5557243604399051,0.7352153425351715,-0.07976929451251887
['Elvis Presley'],[180228],-0.502697006700554,-0.4290195467786998,0.1478286818239179,0.01379007089510526,0.10394541785424696,0.4242976275283008,0.02035651061168205
['Elvis Presley'],[180228],-0.7637947492982905,-0.25031612552021937,0.007408430334298726,0.2801924655784353,-0.5843837679552013,0.4078350204327136,-0.09757454034394496
['Elvis Presley'],[180228],-0.9127265188788162,-0.6866980694317658,0.3728459590960103,0.2683963379661795,-0.6252215037261866,0.7044351577708056,-0.26729401820233833
['Elvis Presley'],[180228],-0.1768491140002471,-0.3350600922993396,0.2149112654834421,-0.0068668797377507,-0.7481792825525905,0.43919475641498995,0.07911938541037047
['Elvis Presley'],[180228],-0.9367506714154871,-0.6028672349881724,0.20364920556036062,0.1168580139681035,-0.011031206619353796,0.5983830583481629,-0.21736269422335033
['Elvis Presley'],[180228],-1.2046455548387223,-0.4371521714489101,0.0619063429002891,0.23257842380259075,0.010941616142321193,0.5706762822599067,-0.1905549478082117
['Elvis Presley'],[180228],-0.3530479461269564,-0.5376103368501347,0.28529164212927965,-0.021789369409593206,0.0900874255764195,0.3817759704166926,0.01502839249275005
['Elvis Presley'],[180228],-0.8244302706841208,-0.5136749777075784,0.40598128670739786,0.1627636832045736,-0.47366693098642476,0.5973143266068769,-0.27561278637801745
['Elvis Presley'],[180228],-1.190146651663521,-0.482631178864172,0.1290385469939607,0.1470940354706116,0.1945721499902185,0.6632748724799675,-0.23146291000338892
['Elvis Presley'],[180228],-0.6670028158203558,-0.3585350758584012,0.16637484125195648,-0.08524821402722166,-0.049294507561051124,0.7099925639767846,0.02386080840627255
['Elvis Presley'],[180228],-0.6851298874653052,-0.3485991640122285,0.4179717097887059,0.02478631657244459,-0.5881616935093122,0.689460572842273,-0.1757321531469824
['Elvis Presley'],[180228],-0.7351182114860052,-0.7386277232001727,0.24956278213110727,0.1465774913519331,-0.5444269256454513,0.8446302080370318,-0.12155578487939107
['Elvis Presley'],[180228],-0.11561450589011364,-0.37567843988884864,0.2377679198177368,-0.12469258351800815,-0.21207558307875765,0.46153289636410494,0.08522878853336181
['Elvis Presley'],[180228],-0.38136309498215554,-0.3501141098375549,0.28601189256569703,0.013078475705448622,-0.26730233265800235,0.4191668131705513,-0.08129309740635779
['Elvis Presley'],[180228],-0.1954467903480593,-0.3103503014781857,0.19618989293243413,-0.13944869159827747,0.07120697641015905,0.4261749497559945,0.04216502980326335
['Elvis Presley'],[180228],-0.24615585828586897,-0.2957503135730699,0.2135417418316079,0.03830875290208478,-0.9205284111568527,0.44016369413557116,0.05282416067192392
['Elvis Presley'],[180228],-0.6648361194903405,-0.2589228904518995,0.35726505198886277,0.005651723377045779,-0.5085807579325896,0.6254678632004614,-0.15479680696122333
['Elvis Presley'],[180228],-0.6421761348105207,-0.4998193442324892,0.36700251181554716,-0.006233784562031355,-0.03611015228578852,0.6920840563612096,-0.18647355296455612
['Elvis Presley'],[180228],-1.0134407781985502,-0.08995944196475271,0.6838612379457393,0.2058439919438372,-0.6350835231225195,0.7808319516780853,-0.22315760926779454
['Elvis Presley'],[180228],-0.1888994345396994,-0.317053276449115,0.2771163058005582,-0.16553943350998,0.05760013334313724,0.38821891592488883,0.05507088046741734
['Elvis Presley'],[180228],-0.23254764041387366,-0.1707744176429921,0.18694632113394058,-0.17785257345673,0.06138418938696505,0.3670228530525925,0.015100917213150789
['Elvis Presley'],[180228],-0.2454456988867572,-0.16026856272195214,0.2569386336239438,-0.08613093088900693,-0.48786778260722186,0.335644147927555,0.0029413020989284577
['Elvis Presley'],[180228],-0.38606885734358104,-0.2690811390306345,0.27586243022970397,-0.031010370664233816,-0.3585615415667495,0.47038133377036945,-0.11520954240288744
['Elvis Presley'],[180228],-0.471605297560047,-0.4287333487824846,0.19430063182408916,0.008809459710112972,-0.16586976851501545,0.47492243685198765,-0.06626158642756924
['Elvis Presley'],[180228],-1.0390357307412434,-0.7744777298634872,0.1401970428108046,0.28957909712713464,-0.5089233162039916,0.8114961433106763,-0.15834972858461566
"['Emmylou Harris', 'The Band']","[159699, 38490]",-0.8780970666567216,-0.32326209405932366,0.14765156124510603,0.17305139564056185,-0.6522370746160658,0.6756236133519429,-0.07962726366879302
"['Eric Clapton', 'B.B. King']","[187478, 59156]",-0.7663569287505932,-0.35693610372122003,0.15219583255833702,0.3344789075143079,-0.8378559581230941,0.45865680023210637,-0.07052065528991498
"['Eric Clapton', 'B.B. King']","[187478, 59156]",-0.9436749072934776,-0.5750036941826719,0.17450850576118662,0.36384242405297995,-0.44988502888157195,0.5246263874792583,-0.18608865819383566
"['Eric Clapton', 'B.B. King']","[187478, 59156]",-1.2077301349096632,-0.2586238212103657,0.12817194247633013,0.09323473900288556,-0.6076276134673801,0.9532860377807199,-0.13778652025256402
"['Eric Clapton', 'B.B. King']","[187478, 59156]",-1.0076137092605455,-0.496630993407639,0.19083621336226778,0.22104898189648978,0.08649068515060686,0.5140317735899895,-0.19802328224376736
"['Eric Clapton', 'B.B. King']","[187478, 59156]",-0.7985856505996133,-0.24578247333474135,0.07765927957284628,0.22433288826568587,-0.27101488751170993,0.6188910056218043,-0.14880347550319437
"['Eric Clapton', 'Duane Allman']","[187478, 807028]",-0.6903404767386554,-0.5446984622070343,0.19479068163775798,-0.06913275983872014,0.1612064218732799,0.8801114139363468,0.03747460998638084
"['Eric Clapton', 'John Mayer']","[187478, 239827]",-0.40466290143598926,-0.37997982063531127,0.15636420758106265,0.08507260929152585,0.11092605533006232,0.3719794084840278,-0.07973220487490654
"['Eric Clapton', 'Steve Winwood']","[187478, 45313]",-0.5590205696188278,0.028021457976723157,0.449988692119078,0.3005499398386219,-0.2424831194495743,0.6691220578136428,-0.7585748719357412
['Eric Clapton'],[187478],-1.110870479816246,-0.24703472685246228,0.03342087211638711,0.17421336062761622,-0.009001110295822864,0.5377038727075137,-0.1486354716153646
['Eric Clapton'],[187478],-0.3850548727598493,-0.3500998789054769,0.1569795447325278,0.08556905231449051,-0.6824206188105175,0.7008097136625584,-0.020063908989138898
['Eric Clapton'],[187478],-0.4379965715091113,-0.12362037659677746,0.07316187037589755,0.20958948013317827,-0.21978504007481206,0.4671067696805257,-0.26748165420692893
['Eric Clapton'],[187478],-0.7067671250118539,-0.6821239802221077,0.1648476112875131,0.1266849908650983,-0.18135201489042993,0.8009536834304478,-0.1432008915025001
['Eric Clapton'],[187478],-0.4945429771150977,-0.27373712929728294,0.6772249602195546,0.06685568869271694,-0.5147710623478272,0.5476715124058393,-0.3035099742059523
['Eric Clapton'],[187478],-0.8988750675398207,-0.515459527366775,0.13378542849620034,0.03398843182131204,0.16872219226128438,0.7068835858280038,-0.09678179992168028
['Eric Clapton'],[187478],-0.45490462290728134,-0.37393358515160147,-0.03901691382920088,0.5782426960344735,-0.3797491485164377,0.8073719507539601,-0.6161563696474978
['Eric Clapton'],[187478],-0.8561302569805596,-0.5515611278316739,0.34478706460891395,0.28284922174832267,-0.6136285355376973,1.0141093292187666,0.12690827206937094
['Eric Clapton'],[187478],-0.6810357132043091,-0.3821884286452824,-0.03557385367016514,0.5030643931959546,-0.5531582327712836,0.946976250629109,-0.5283595920199805
['Eric Clapton'],[187478],-1.2972770237360849,-0.10202628630513932,0.5389749650437016,0.23317222290790587,-0.42118638980836615,0.7735035027152279,-0.4834803822370183
['Eric Clapton'],[187478],-1.2318906940889434,0.11921643841968692,0.3754341816453073,0.23086360587896265,-0.23281164475165586,0.7279526509572438,-0.636877126498415
['Eric Clapton'],[187478],-0.35508024903493396,-0.07713583438375843,-0.059444686155558604,0.29392275548514635,-0.5639763750542167,1.1620158814378276,-0.38462788739038556
['Eric Clapton'],[187478],-0.7538175035192161,-0.11530280505117987,0.4848207328597248,0.04295878828139766,-0.05300647448181277,0.46731850936058134,-0.1753794522343357
['Eric Clapton'],[187478],-1.0671475900573968,-0.38600105656871536,-0.018366372778412313,0.4238007386196395,0.06483556522356097,0.6639599516234264,-0.49514109633473596
['Eric Clapton'],[187478],-0.674657082575299,-0.628117666741072,0.27696245203090675,0.2992166036689771,-0.4589855629486439,0.6473948084222481,-0.12852984129981568
['Eric Clapton'],[187478],-0.28999810807471976,-0.4545840712760584,0.21065741833025,0.06537599885707648,-0.5334897963265194,0.523027468409305,0.09055020072584494
['Eric Clapton'],[187478],-1.0256406702309455,-0.27740464983794144,0.311522213384852,0.29301246658394664,-0.6090183927317958,0.7666865686492549,-0.4041108430982985
['Eric Clapton'],[187478],-0.8231247151352806,-0.5038551855784219,-0.004311517733119673,0.4552575260690493,-0.4111913218624943,0.6777185936862599,-0.3805676423834624
['Eric Clapton'],[187478],-0.4572887085669061,-0.12222210837670822,-0.08901936233210504,0.4312309301175469,0.06058718338595281,0.7344725557336913,-0.6261951871835086
['Eric Clapton'],[187478],-0.7857078357926931,-0.3738377812078644,0.061860302106302854,0.1023767299151844,-0.43432354417859287,0.9745505885290503,-0.21630025192249472
['Eric Clapton'],[187478],-1.0344169551102238,-0.10069937655909014,0.5034477714063251,0.46432154387806346,-0.5328837417372277,0.9593271336480123,-0.9000790218976115
['Eric Clapton'],[187478],-0.46994037533232597,-0.45374832745690213,0.23412286231638274,0.09288075946517017,-0.6092537719507902,0.5318566424200161,-0.054044145423617906
['Eric Clapton'],[187478],-0.05632517648249481,-0.26717504411529325,0.03384469412676446,0.3969712855115482,-0.6814559422855596,0.937396110498712,-0.46763257156191596
['Eric Clapton'],[187478],-1.1274413618276682,0.1870231926783088,0.4161338079436149,0.5055949405649196,-0.15431446212063277,0.8951007325172782,-0.9927133595730907
['Eric Clapton'],[187478],-1.4080935906919196,-0.013488642286517857,0.5110121804400103,0.10669072473184679,-0.42277067547829783,0.8681972867792361,-0.5067225752735507
['Eric Clapton'],[187478],-0.4568412309906325,-0.12337603554883356,-0.09218638311718508,0.43215555334956973,0.060677342631440354,0.7342406665340552,-0.6242236852244842
['Eric Clapton'],[187478],-1.0144295910123795,-0.30944640799166967,0.3187330230685212,0.21228221158489913,-0.4311915233259844,0.7657383729247141,-0.3320429807368759
['Eric Clapton'],[187478],-0.7253846908616974,-0.3587929619262143,0.2351795062504935,0.12348791137150172,-0.48204911659694116,0.6476828852413263,-0.047542929856067326
['Eric Clapton'],[187478],-0.5296013131578454,-0.47859666022777714,0.7216374262601956,0.181166091003851,-0.8567747071625862,0.6378450401868911,-0.30720112899336866
['Eric Clapton'],[187478],-1.3085569159854997,-0.1319166255109067,0.5055664462585292,0.18737833345768273,0.20706053897553728,0.6150512504163521,-0.5278841460973231
['Eric Clapton'],[187478],-0.5437111596615283,-0.12915808382720115,0.08093562074839625,0.05288374142984713,0.10955990348111411,0.3460061448035856,0.02832628287343147
['Eric Clapton'],[187478],-0.7537240429542861,-0.14335892604946765,0.1581909334334209,0.19962686282433884,-0.42586726573506734,0.23979245869861726,-0.07126404986277488
['Eric Clapton'],[187478],-0.3014277626729798,-0.4167809264199852,0.1609015651279816,-0.021083380422568354,-0.25489195239323365,0.629455857668068,0.08647399257793584
['Eric Clapton'],[187478],-0.5822132549689545,-0.4516114224050139,-0.020188226324976587,0.4518244695969148,-0.5730682077090189,0.946756593858409,-0.4304214522935761
['Eric Clapton'],[187478],-1.1398240554570809,-0.3767941528961843,0.18587336493289477,0.12510104536546468,-0.4314656606369756,0.8848133453475574,-0.23112340144008658
['Eric Clapton'],[187478],-0.6405409384319134,-0.3586809139100686,0.1243777979080295,0.10296120930127277,-0.23793027548605183,0.47663462547378554,-0.007706242792831292
['Eric Clapton'],[187478],-1.3841878475033649,-0.4836984808938194,0.15756251299365048,0.40209790671735696,-0.38661055946580436,0.7400331108718561,-0.37597644042419
['Eric Clapton'],[187478],-0.5852827998119436,-0.3147406649683986,0.6682119082799552,0.16996233080550857,0.129891989644816,0.889228209183508,-0.7896977528380155
['Eric Clapton'],[187478],-0.8014036081216548,-0.3068516884472457,0.37870296537288634,0.102742941977773,0.054389922945518775,0.4937713418221391,-0.18052618084002886
['Eric Clapton'],[187478],-1.1275620775813786,-0.069527349303553,0.3245287896622768,0.20221421273715745,-0.46057413695564503,0.5444151415323253,-0.24842774148203306
['Eric Clapton'],[187478],-0.8944108684698951,-0.4852792163820605,0.15761820209706637,0.01432801783445184,0.16510120865863306,0.6977352030547231,-0.10510353378658568
['Eric Clapton'],[187478],-0.9014754829239018,-0.4156666789743469,-0.008403707579940627,0.41896575937981023,0.07133991459401101,0.7464078238235821,-0.5566077647172665
['Eric Clapton'],[187478],-0.513248130075317,-0.6124283830276331,0.27402981052975944,0.3016584123645872,-0.4543233614627972,0.7097565398070228,-0.19963188243399643
['Eric Clapton'],[187478],-0.7322858901724829,0.1479739211523882,0.6031334959986343,-0.060628549625429365,-0.5269907537740499,0.54899961844545,-0.23708711195939064
['Eric Clapton'],[187478],-1.3085884166501556,-0.12451552153845225,0.585423800771955,0.3192765881182589,-0.42091107720927806,0.6251416370928192,-0.592202205649851
['Eric Clapton'],[187478],-0.5427650212105009,-0.2818385431831895,-0.01056996210396062,0.44277916023193237,-0.4332411584849001,0.6422418964889507,-0.2473253422728052
['Eric Clapton'],[187478],-0.7388665551656335,-0.8280575961074185,0.1712825926296782,0.24704697000027803,-0.1825187626177409,0.6767972128294605,-0.13640643048164877
['Eric Clapton'],[187478],-0.16033585776922685,-0.44661256584828374,0.09115984364971134,0.25814282478931816,0.021627026276676394,0.8134221676142386,-0.48714441132192765
['Eric Clapton'],[187478],-0.5269113903012451,-0.052348555345617394,0.3096793219092662,0.002005652693319536,-0.5377965486857923,0.45183900215817036,-0.014885607891594948
['Eric Clapton'],[187478],-0.7223168955544426,-0.31579139091768793,0.061288164189183945,0.18383777057157394,-0.42817949870393435,0.8891338935509797,-0.2991817397500273
['Eric Clapton'],[187478],-1.239980877282732,-0.5421375110322029,0.07419781607537751,0.32918601820583493,-0.23573521197782082,0.6386312775727939,-0.2459923995075122
['Eric Clapton'],[187478],-0.93366576683248,-0.19817345692298585,0.6362642163357263,0.09678376075959941,-0.02985191505147345,0.518227778313723,-0.4000129665188074
['Eric Clapton'],[187478],-1.1479487449795809,-0.38763254936681774,0.024927556751093413,0.3600837466878935,-0.6137301629309242,0.6205051978516551,-0.17392995593979407
['Eric Clapton'],[187478],-0.6306686167030268,-0.35672862486158785,-0.020675403514939728,0.4123333589367752,-0.5782778318298414,0.8928249278615681,-0.4488970041393366
['Eric Clapton'],[187478],-0.9111293101099777,-0.15801313231444264,-0.027025844967519055,0.2752962123764562,-0.4735667786967662,0.48585561173459885,-0.07121843343186166
['Eric Clapton'],[187478],-1.2731765137424356,-0.12599029752643798,0.08696654524935048,0.2912424423967874,-0.4336872197733951,0.6129020988141783,-0.23769042656106446
['Eric Clapton'],[187478],-0.5149819451669391,-0.0033561144843394742,0.4765524098677031,0.05021111004681475,0.10023635605515704,0.31017639438290895,-0.12615926613147935
['Eric Clapton'],[187478],-0.7067671250118539,-0.6821239802221077,0.1648476112875131,0.1266849908650983,-0.18135201489042993,0.8009536834304478,-0.1432008915025001
['Eric Clapton'],[187478],-0.830080755187916,-0.5651105405197685,0.13506740340457918,0.14163483662262008,-0.3640990602592855,0.8027718557270884,-0.07684237970183436
['Eric Clapton'],[187478],-1.361842183421567,-0.3693031523067569,0.09269121581536653,0.40015685405321766,-0.41627019923480946,0.5581624086067678,-0.3347662371077373
['Eric Clapton'],[187478],-1.0631573996990558,-0.16488525280830693,0.43909088910182786,0.09632528147364375,0.1682683590185764,0.5691314305683411,-0.26325072106136105
['Eric Clapton'],[187478],-0.5394228549323847,-0.4811564274106959,0.2014937151897698,0.11821061561937284,-0.599665126430412,0.5431285358677912,-0.06841981735454372
['Eric Clapton'],[187478],-0.6176421244366175,-0.316508928225233,-0.013749681243789934,0.4892765968156664,-0.10214223526634512,0.8373684358706963,-0.6524816421092061
['Eric Clapton'],[187478],-0.650969824171658,-0.5749555218080216,0.19343301210432273,0.11835420361694876,-0.4824544570522837,0.6729849372604468,-0.06130000014278343
['Eric Clapton'],[187478],-1.20641282529034,0.09685287263542161,0.3060101424912021,0.2313547561639486,0.07254553241689737,0.8907497619822538,-0.7224481044563944
['Eric Clapton'],[187478],-0.8745589865949399,-0.7408514753670358,0.11936709056629458,0.3156914774204487,0.016678124351776794,0.6280796449819306,-0.21280469453443862
['Eric Clapton'],[187478],-1.3255159325045733,-0.15693947865089214,0.14954195570370563,0.209481772951142,-0.6038972315481002,0.8101814153351428,-0.20623963013345464
['Eric Clapton'],[187478],-0.8007946872037055,-0.21662835781046674,0.4735554662357121,0.08177974281499743,0.048412362863970396,0.47448504398807567,-0.23039649697298153
['Eric Clapton'],[187478],-1.3023709542979343,0.05706879758250867,0.5157647695076039,0.11351235801599467,0.003665384802075147,0.5965562123403058,-0.4941635498577232
['Eric Clapton'],[187478],-0.6321807045272102,0.11426496548756127,0.6047128887673772,-0.0120598153430707,-0.7134200260214801,0.5342087397282584,-0.19984174269189045
['Eric Clapton'],[187478],-0.8231247151352806,-0.5038551855784219,-0.004311517733119673,0.4552575260690493,-0.4111913218624943,0.6777185936862599,-0.3805676423834624
['Eric Clapton'],[187478],-1.1551990927024105,0.027639144271224898,0.2658748544641385,0.32920049944501284,0.03200393227036989,0.520857101985797,-0.538214799106084
['Eric Clapton'],[187478],-1.1931165956662446,0.1967815246455916,0.43559822857760794,0.340205699038743,-0.12119035735852127,0.6936867546890274,-0.7817312926864425
['Eric Clapton'],[187478],-1.0908277444454118,-0.04073968760811719,0.5480398519451001,0.22570224896733884,-0.45257615440565546,0.5892158787995974,-0.49537795434054116
['Eric Clapton'],[187478],-0.8060508554313016,-0.046727182217671866,0.60006239355125,-0.2362260354582281,0.13773450329590467,0.8400036805514879,-0.2239383330265954
['Eric Clapton'],[187478],-0.7497720785722224,-0.7504417270198365,0.321739906438771,0.23416928119219,-0.6296410656943556,0.7790819689144157,-0.2065609412251463
['Eric Clapton'],[187478],-1.2131436029288813,-0.446883470859461,0.06888577926212722,0.19864082946574757,0.19485666403432958,0.6100149857929357,-0.2044737567097214
['Eric Clapton'],[187478],-1.159404255182311,-0.4082262433005268,0.12973152895324727,0.13466554826627608,0.015410052298774133,0.735702190848762,-0.15939550025271265
['Eric Clapton'],[187478],-0.8023532319972949,-0.2287830516363924,0.06900867625606869,0.29596660065572,-0.8576347286056818,0.3792856618922117,-0.0699426841441501
['Eric Clapton'],[187478],-0.8705703430430481,-0.5237780284822832,0.08534785238520691,0.2909990695551249,-0.2877392435664091,0.4657980368461881,-0.1371576027358712
['Eric Clapton'],[187478],-0.9574525919388476,-0.0682312296409606,0.43296531519881337,-0.0311225718198292,-0.29012140504418393,0.8152751551664025,-0.18224649089726788
['Eric Clapton'],[187478],-0.5924618531447162,-0.2494163708789371,0.6438147384010405,0.13511626614050284,-0.4821474205738544,0.6504036327990388,-0.4366668934435383
['Eric Clapton'],[187478],-1.1021811397420906,-0.5241353318154803,0.23696804054640402,0.1926811597437726,-0.25443361932735575,0.7300976899976344,-0.23551298055395828
['Eric Clapton'],[187478],-0.8405134853036141,-0.32028639552241445,0.31922187685657827,0.1382436452254265,-0.4845957290623705,0.5520886095160541,-0.24159396603009187
['Eric Clapton'],[187478],-0.9420570014487712,-0.5694632452372295,0.21170199245482996,0.3035078160037624,-0.6295065496798484,0.6406127004008844,-0.2557069836516402
['Eric Clapton'],[187478],-0.7887672411287829,0.2826692911747383,0.48730161594998084,0.019479318890787838,-0.6865431329204263,0.6344709986716388,-0.24559606516343754
['Eric Clapton'],[187478],-1.0167863434973015,0.24546106111731808,0.520915171926548,0.022753271615730215,-0.22901817669515523,0.4995224765134662,-0.3206167280452001
['Eric Clapton'],[187478],-1.2627928138576516,-0.08063738719715459,0.3042900474111534,0.20086984501833904,0.02952819567302588,0.6702250214641017,-0.5136708052751313
['Eric Clapton'],[187478],-1.1301342835265646,0.0385651657821436,0.5115247868189933,0.26017142363724705,-0.42970866551273235,0.6986666534230523,-0.5361981244807478
['Eric Clapton'],[187478],-1.079844734288411,0.14256211462676183,0.19750696885902616,0.4156862822869969,0.1127273738520171,0.9095558806141707,-0.919802713002092
['Eric Clapton'],[187478],-0.4356018791660551,-0.5636805884408439,0.0040666163441733395,0.41335434975211116,-0.3625143974418665,1.109022185271569,-0.5668083078696639
['Eric Clapton'],[187478],-0.7608813951561851,-0.5443013124807553,0.1452766759854219,0.28981801412606056,0.02382673033139752,0.6815567936347651,-0.28575390740147794
['Eric Clapton'],[187478],-1.1134077479225313,-0.7057188228806622,0.2229913626954657,0.2959381439585163,-0.14674930901599786,0.6853104557492169,-0.26695145531661457
['Eric Clapton'],[187478],-0.563971873936676,-0.37879979521850804,0.5774361517821417,0.16022112604781233,-0.683341869514205,0.5260921920650096,-0.23583498277239767
['Eric Clapton'],[187478],-1.0508259782472975,-0.31862703632513284,0.02372073580477553,0.16754082253279662,-0.009859531087631476,0.5662670255447179,-0.12817954528042616
['Eric Clapton'],[187478],-1.1035309689811708,-0.4551405659593074,0.06508584302533804,0.39986048857006334,-0.43864293516077324,0.5238860570826372,-0.16352470787567308
['Eric Clapton'],[187478],-1.0570697335254309,-0.40565781538208767,0.1649664082534821,0.36749208283063645,-0.6204737085327875,0.6137555787538571,-0.23923693070158109
['Eric Clapton'],[187478],-0.4745853599911558,-0.4492054574531403,0.15121841631291708,0.17060983770283933,-0.49527995975201866,0.5771461656087058,-0.09783060027534173
['Eric Clapton'],[187478],-0.8024709556664886,-0.4524850222615133,0.1409945406585588,0.06067071466953723,-0.18563280518717426,0.8561506714123449,0.04836837134800476
['Eric Clapton'],[187478],-0.563971873936676,-0.37879979521850804,0.5774361517821417,0.16022112604781233,-0.683341869514205,0.5260921920650096,-0.23583498277239767
['Eric Clapton'],[187478],-0.93366576683248,-0.19817345692298585,0.6362642163357263,0.09678376075959941,-0.02985191505147345,0.518227778313723,-0.4000129665188074
['Eric Clapton'],[187478],-0.8658457582219189,-0.48160699526273265,0.12318268806699029,0.3023479030588734,-0.644534624675099,0.5404357334860103,-0.1079338981923691
['Eric Clapton'],[187478],-0.43436366505363544,-0.328756999547548,-0.023081907026261995,0.2693841679972288,-0.38966313053997786,1.0943474652338714,-0.5163310920087932
['Eric Clapton'],[187478],-1.3796117109307926,-0.3034523051839599,-0.04128800256669798,0.11207231708002573,0.13114783355680829,0.8382085886319182,-0.12417230145580753
['Eric Clapton'],[187478],-1.1365500468460414,-0.5345663613283952,0.12427289188373467,0.366267597462115,-0.6098769690546075,0.6225343813763923,-0.23175874706137323
['Eric Clapton'],[187478],-0.8240636310187119,-0.26939739514123406,0.44064404743229696,0.09614059746819953,-0.041281542558942674,0.5007848781883744,-0.2716723523277585
['Eric Clapton'],[187478],-1.1674583502277867,-0.49485804126512567,0.11660361423455058,0.186140123435637,0.19536186290460156,0.6447966386428964,-0.21900692127366822
['Eric Clapton'],[187478],-0.619785873328315,-0.020571422591402738,0.08236375251727868,0.24970846137203911,-0.2100447258573218,0.4217979631785669,-0.32371948237409015
['Eric Clapton'],[187478],-0.8583403446561253,-0.5176885737580729,0.10184515899408898,0.3031723013460668,-0.6287821086100065,0.6687279521380547,-0.10175754626105327
['Eric Clapton'],[187478],-0.8055317298714575,-0.16393102079321256,0.40581452007659446,0.2154226578038974,-0.44923742947830836,0.6909231914736216,-0.36519082922441176
['Eric Clapton'],[187478],-0.6960174052077278,-0.3089288068574207,0.21546647328608146,0.2003086010765894,-0.49741121742989947,0.48802450897977,-0.12187417789674572
['Eric Clapton'],[187478],-1.027320064903241,-0.28747466051359977,0.6138232940797766,0.16448970666280324,-0.013589269254049068,0.5188563033461667,-0.4245237694635473
['Eric Clapton'],[187478],-0.3217819355316615,-0.17387977706600627,0.04633738771973074,0.14930551183900326,-0.6366305731038375,0.8650434597023747,-0.2420044905819664
['Eric Clapton'],[187478],-1.0835680131760121,-0.09963214770678677,0.049461143044183094,0.38425326420029104,0.08409623693829836,0.8188351874656684,-0.6606139724555705
['Eric Clapton'],[187478],-0.38087512186439115,-0.41277408563231033,0.17978316278769021,0.0836160514101844,-0.5279536406774883,0.49273531442670165,0.07622759220251313
['Eric Clapton'],[187478],-1.0570707088493179,-0.4056570326114144,0.1649657259453551,0.3674905507768053,-0.6204735076076949,0.6137587516959446,-0.23923551585405395
['Eric Clapton'],[187478],-0.4739946542722803,-0.44894091017688315,0.15067155519638753,0.17153687771312418,-0.4948546021224298,0.5786349538322871,-0.1000829133671244
['Eric Clapton'],[187478],-1.2408194117208122,-0.3100275602495995,0.24893476290944055,0.2848360884312913,-0.1664760372456511,0.5259580787337725,-0.2989688527347352
['Eric Clapton'],[187478],-0.971345470241198,-0.3726690055812511,0.07686159664902417,0.2605772767959815,-0.018455822542719297,0.37577557277195295,-0.13656695327962887
['Eric Clapton'],[187478],-0.3217819355316615,-0.17387977706600627,0.04633738771973074,0.14930551183900326,-0.6366305731038375,0.8650434597023747,-0.2420044905819664
['Eric Clapton'],[187478],-0.8378903100130225,-0.008728505713924991,0.5943289567665362,0.05191363176005009,0.15470901029646286,0.5719774011065633,-0.33679036872358686
['Eric Clapton'],[187478],-0.8024709556664886,-0.4524850222615133,0.1409945406585588,0.06067071466953723,-0.18563280518717426,0.8561506714123449,0.04836837134800476
['Eric Clapton'],[187478],-0.6217697343943498,-0.4093855126962256,-0.08389052344971175,0.4414950818310316,0.10625470111713854,1.0236968855798338,-0.6999588387831087
['Eric Clapton'],[187478],-1.0364451362475642,-0.3636894704094831,0.10141521861886049,0.3967075213531067,-0.6138162916635043,0.6229952155127694,-0.26946913256213423
['Eric Clapton'],[187478],-1.09883061553784,-0.32336413771017186,0.16201732208694147,0.37390022287159563,-0.44859402580526864,0.4864262535379574,-0.19832127785112358
['Eric Clapton'],[187478],-1.2113349347222708,-0.3443982554800998,0.003135582877844928,0.38415236412325554,-0.6155388975680446,0.5295723995271161,-0.19264048161831268
['Eric Clapton'],[187478],-1.0007276591589767,-0.10450661951923552,0.4524713786653548,0.05487963005067476,0.15450921325004313,0.5351298737866593,-0.25550502373085066
['Eric Clapton'],[187478],-1.0875402996908845,-0.5499077647411286,0.12033506358837431,0.1682381345619604,0.19133731327759335,0.6663829163873216,-0.19440585975551128
['Eric Clapton'],[187478],-1.1015084242800222,-0.3028829130625989,0.15728187687628029,0.3475840179355933,-0.5976491990682365,0.7496264596664451,-0.3673466861081523
['Eric Clapton'],[187478],-0.8437496098956797,-0.6570127462197739,0.36852856740444634,0.4590242126628405,-0.6215184076414143,0.6853904937365949,-0.03541463544997257
['Eric Clapton'],[187478],-1.2444584690405887,-0.4085852444369323,0.12393503930632793,0.2509346002629735,0.018432737990792078,0.5539995863866202,-0.2524964985250099
['Eric Clapton'],[187478],-1.2766190940366757,-0.4028169519781191,0.2220751584317889,0.24433216779839395,0.11710801700313452,0.5800641044856439,-0.28601878726202096
['Eric Clapton'],[187478],-1.0779394084958105,-0.23016408655995138,0.6456138641853997,0.12886285792034097,0.16459519281180668,0.48857705563006376,-0.48349029534218335
['Eric Clapton'],[187478],-1.00425928674956,-0.48720522674137784,0.07783146718895875,0.3822256781845492,-0.4454666419076222,0.550125480200315,-0.14704521546592755
['Eric Clapton'],[187478],-0.7857078357926931,-0.3738377812078644,0.061860302106302854,0.1023767299151844,-0.43432354417859287,0.9745505885290503,-0.21630025192249472
['Eric Clapton'],[187478],-0.9237237758705469,-0.5206213316310395,-0.004053555247998365,0.47602535958667247,-0.358893980519897,0.9440257007330831,-0.4738764343517004
['Eric Clapton'],[187478],-1.2444198057929075,-0.538629733304923,0.05920398777911305,0.31129539093673086,0.20758109258829222,0.5172952853709832,-0.2311077543379287
['Eric Clapton'],[187478],-1.056723629867767,-0.002532341651163903,0.5759987038067452,0.06604599133993046,0.15717948590321087,0.5076070406336729,-0.3967162031716196
['Eric Clapton'],[187478],-0.7309853131204448,-0.3118368450596638,0.7381998853504191,0.01284463905037069,-0.04310589316071513,0.6214834425075557,-0.3001921471977991
['Eric Clapton'],[187478],-0.8111765543247169,-0.3427140113594931,0.7024225889455938,0.17790561514957817,-0.2067559869241675,0.5076204491832567,-0.4017447435965426
['Eric Clapton'],[187478],-0.7300559675072977,-0.30638669991492873,0.3538516328180565,0.03054662254209508,0.08990178457765437,0.8429057890725505,-0.24147816492573407
['Eric Clapton'],[187478],-1.1696606517927086,-0.5239733612433373,0.15983201706140177,0.3929386758356456,-0.15722594740658008,0.5240615262843116,-0.22936579671898188
['Eric Clapton'],[187478],-1.0298649354800433,-0.13234610397689445,0.0005847405276388799,0.49015255774710026,-0.5403772563153459,0.9134626479041987,-0.6389391599562334
['Eric Clapton'],[187478],-0.8583403446561253,-0.5176885737580729,0.10184515899408898,0.3031723013460668,-0.6287821086100065,0.6687279521380547,-0.10175754626105327
['Eric Clapton'],[187478],-0.43700102228948434,-0.31543355599777967,0.1632923781685483,-0.08338105877970604,0.08675473518154597,0.4052719018024036,0.07724594414794493
['Eric Clapton'],[187478],-0.15901439724865762,-0.4433822325818537,0.09011958846925734,0.2585369548797714,0.021686850904462446,0.8131507110307642,-0.48848827003759143
['Eric Clapton'],[187478],-1.0041713190987354,-0.6335148415881942,0.02754443097088107,0.4449718119047285,-0.5803411806789698,0.7890410067706899,-0.23328052503370905
['Eric Clapton'],[187478],-0.8749669384940197,-0.3535345291214729,0.11374532706475005,0.0795811263342747,-0.18650885054350144,0.8016619350794644,0.032687031724967085
['Eric Clapton'],[187478],-0.7116429621251887,-0.4923487798268834,0.14115963439738505,0.208581671784031,-0.6460914023596539,0.7209015936148019,0.02097805196430657
['Eric Clapton'],[187478],-1.1275620775813786,-0.069527349303553,0.3245287896622768,0.20221421273715745,-0.46057413695564503,0.5444151415323253,-0.24842774148203306
['Eric Clapton'],[187478],-1.1539759066218087,-0.12905808715061926,0.5711344254210275,0.15332878301087502,0.1631711086077931,0.40247751151990624,-0.45659705106260434
['Eric Clapton'],[187478],-0.7637427058351891,-0.12305027645136736,0.5263204359444434,0.46449127424656905,-0.5412174569993576,0.9687559765729968,-1.0100727138526968
"['Eurythmics', 'Annie Lennox', 'Dave Stewart', 'Aretha Franklin']","[206241, 585249, 575695, 927555]",-1.449376977839585,-0.3905322520037361,0.14337521441686177,0.41754540340671553,-0.6593108991527905,0.7826282938035722,-0.3144255980921135
"['Fall Out Boy', 'Elton John']","[170879, 796734]",-1.1924656566741751,-0.1513220184345538,-0.004542448256757333,0.2864757713611572,-0.6285651169566533,0.5882354750530802,-0.06893407814637247
"['Fall Out Boy', 'Elton John']","[170879, 796734]",-1.1924583650075085,-0.15133160176788713,-0.0046146357567573345,0.2864588963611572,-0.62856709612332,0.5882197458864136,-0.06895657814637246
"['Fishbone', 'Little Richard']","[796045, 824022]",-1.3050721568504537,-0.2853389630610869,0.25333082940025553,0.27015473812722884,-0.42788946570542186,0.6682089521739211,-0.3431984946833769
['Fleetwood Mac'],[182900],-0.9164736853729281,-0.6023842169694591,0.2063087172964299,0.25409878377390116,-0.26960910634556756,0.6517896971653644,-0.12325829614165022
['Fleetwood Mac'],[182900],-0.5234294040222348,-0.7143514437664573,0.2593052538029234,0.013895795582054761,0.14288034643233882,0.6902873188846519,0.0157339887477324
['Fleetwood Mac'],[182900],-0.7590644860934727,-0.19918698334528573,0.07772625257947163,-0.05024827281729924,0.12534856668774425,0.56326016233888,0.07446646322427408
['Fleetwood Mac'],[182900],-0.9016012834734564,-0.044377136498968725,0.13460465612820285,0.1966213175358174,-0.22440194601825342,0.36871406470695206,-0.07684205153887283
['Fleetwood Mac'],[182900],-1.1824020318970976,-0.45864185499264715,0.028063005124748103,0.3736492947638884,-0.5986225454842015,0.7273656783511514,-0.20304641335738854
['Fleetwood Mac'],[182900],-1.366992501470056,-0.2639208373376155,-0.024662254635692177,0.28329761700334277,-0.6024227495468727,0.7253110539505853,-0.19971349206295566
['Fleetwood Mac'],[182900],-1.2545062004870737,0.3520942989339571,0.49555580285991974,0.13631232391234,-0.6405184649082916,0.6280618864004295,-0.39457622110514146
['Fleetwood Mac'],[182900],-0.163132580849412,-0.3269374018022875,0.20221238833465027,-0.023823084729210162,-0.7504970109461506,0.4652808973341187,0.07836995326947299
['Fleetwood Mac'],[182900],-1.262142370889192,-0.4078498935463674,0.016996742855404645,0.28233573738475376,-0.059473170269887604,0.6270738089772667,-0.22127979023108219
['Fleetwood Mac'],[182900],-0.7686125632197399,0.046484484959469254,0.5017625142801725,0.07328872913900243,-0.6939329967793605,0.5091614888673843,-0.2893941833978272
['Fleetwood Mac'],[182900],-1.0536094873505664,-0.38739814666797723,0.034650738427376794,0.25827975560174143,-0.18980151545894283,0.4931245602082853,-0.13268658204330333
['Fleetwood Mac'],[182900],-1.0931419737643868,-0.29022568675751476,-0.06518499311286048,0.4809927787104673,-0.6677138019814042,0.7280837506184378,-0.316857730193901
['Fleetwood Mac'],[182900],-1.188174178028848,0.13157317587146775,0.582690371390284,0.23011300542357274,-0.476676211530534,0.3880252027203992,-0.4711178770389044
['Fleetwood Mac'],[182900],-1.0765254251228007,-0.5273113846290818,0.10300043144006744,0.19739412376275783,-0.2561456476003647,0.6987948781248351,-0.1632573816163324
['Fleetwood Mac'],[182900],-0.6686097175535669,-0.2412742530325236,0.22583353531851547,-0.01779523348373359,-0.24415722080891542,0.5589993738477469,-0.0234229042443444
['Fleetwood Mac'],[182900],-0.7293182146230364,-0.4751209477266422,-0.08346914063781803,0.5114901568951787,-0.5484158013087892,0.9554261220705981,-0.5898463368899847
['Fleetwood Mac'],[182900],-0.42884263876027817,-0.4487073226153558,0.14782489298762785,0.13756866909341992,-0.7033472257624949,0.5004869838661018,0.027830025480522727
['Fleetwood Mac'],[182900],-0.9650435380646565,-0.2818743564253855,-0.08838344133857053,0.4288006450160018,-0.09402169388256687,0.8849130804487256,-0.4822908756762492
['Fleetwood Mac'],[182900],-1.0066728416457293,-0.4492021786517834,-0.021673690282743706,0.30265759368489303,-0.4247639499536997,0.7905045349697217,-0.12227277548931265
['Fleetwood Mac'],[182900],-0.5228625679912535,-0.2722253107615882,0.12901069073807842,0.04709807237188431,-0.2536213254811166,0.45634479395259164,0.10340906594288009
['Fleetwood Mac'],[182900],-0.6372309871481352,-0.5051677038615231,0.5797714363746896,0.017866424740680755,0.05318224423292033,0.6259210640214714,-0.34766107764443704
['Fleetwood Mac'],[182900],-1.2552947779219994,0.00532464705582396,0.555362632100713,0.1750128141941871,-0.6315233293612461,0.66004521698695,-0.45273500754856116
['Fleetwood Mac'],[182900],-0.859557204760627,-0.18399228702530643,-0.013041291893439022,0.11609620144914136,-0.3127026783925053,0.5191416065919074,0.047679402205661504
['Fleetwood Mac'],[182900],-1.238803301472206,-0.4658982884117192,0.034513885362063595,0.4302776140731428,-0.5127080428927636,0.5482679342390165,-0.33881043399020716
['Fleetwood Mac'],[182900],-1.1449706872050895,-0.5441133402678058,0.032299237854524813,0.3412055578133505,-0.42748412099751715,0.6719112788229096,-0.16036629371878958
['Fleetwood Mac'],[182900],-0.9778552679425363,-0.27628739802455177,-0.0018992810789284049,0.32430597556498214,-0.6496244265398391,0.4915756009407509,-0.05071865364525634
['Fleetwood Mac'],[182900],-0.8478656015362628,-0.3365353091999779,0.1313751237238835,0.22298682641089443,-0.3168649271427551,0.34557256754134325,-0.1587076455672547
['Fleetwood Mac'],[182900],-0.8323982473958027,-0.6482778237968817,0.10335748703707326,0.14906658426956207,-0.18565651357978616,0.7556927483172394,-0.04248605986091622
['Fleetwood Mac'],[182900],-1.0421397837077322,-0.5054323891787043,0.06221735422854826,0.169478788421788,-0.004585190257514994,0.5861652842748649,-0.18019328878954363
['Fleetwood Mac'],[182900],-0.31467189038746923,0.05326700099201566,-0.010404387465124332,0.2444344689075597,-0.14271444023020655,0.8394979626881667,-0.5308043212897765
['Fleetwood Mac'],[182900],-0.9159669993045928,-0.19925778590704565,0.25014345322460624,0.09447325238484221,-0.028994260529729397,0.5202583957183929,-0.11658666788598772
['Fleetwood Mac'],[182900],-0.7762335984941493,-0.03726528913867183,-0.028343969699086185,0.23963337499184922,0.14151135479130095,0.26772973669150496,-0.16418931202871473
['Fleetwood Mac'],[182900],-1.003367238084379,-0.3620715008481061,0.1376245336453704,0.04102490796319445,-0.44634616761373436,0.9485532047962411,-0.10448449379655479
['Fleetwood Mac'],[182900],-0.35112447281653175,-0.09584539916275746,0.08459832488811089,-0.033836464657963,-0.07670962266452681,0.5289987050122564,0.0020920896486832504
['Fleetwood Mac'],[182900],-0.6445298521019895,-0.4189905418008429,0.28514055179375164,0.12206640891699885,-0.14087527717576495,0.45973465458095614,-0.10307933931579646
['Fleetwood Mac'],[182900],-1.0028684300856652,-0.5930578215355274,0.10301542939341524,0.23296194718709579,0.011324549411372132,0.6475503506589407,-0.1619398668450389
['Fleetwood Mac'],[182900],-1.3075437703325912,-0.3461317817722811,-0.012709582187662176,0.285189043782199,-0.6030525148771521,0.751766018257472,-0.18807962555110852
['Fleetwood Mac'],[182900],-0.7755633219924916,-0.12330199452480543,0.6731180763591366,0.0406779663663907,-0.01752061514133783,0.6739696419934833,-0.40404322264754017
['Fleetwood Mac'],[182900],-0.6533280845026105,-0.6870778903073002,0.178467569227018,0.025821797722121096,-0.3719693306774096,0.9355017618481543,-0.0043310541870296105
['Fleetwood Mac'],[182900],-0.37051750111296555,-0.48650299055697205,0.19591358768686018,-0.0005304220487243438,0.10349239764290336,0.43872261045047517,0.14598381026548007
['Fleetwood Mac'],[182900],-0.9229599247197242,-0.5103364204082825,0.0841314883948484,0.2994369773342191,-0.3481473551089011,0.6718037916408016,-0.17705843729023743
['Fleetwood Mac'],[182900],-0.6533795825268304,-0.42939328667393883,-0.07479620433213373,0.5508844879725728,-0.7278203044052783,0.9916661584842782,-0.5559882914137344
['Fleetwood Mac'],[182900],-1.012068590679858,-0.5612519893407819,0.09468600647174896,0.2413925957475678,-0.6990096279448597,0.8578670419707819,-0.11548723489337878
['Fleetwood Mac'],[182900],-0.9946497756564663,-0.4878268623422598,0.08708194953989648,0.20952219785471873,0.1719747804857382,0.47328726805469784,-0.14853589951222898
['Fleetwood Mac'],[182900],-0.2795549202060682,-0.30335276694428837,0.20647908637088988,0.0869539095836845,-0.7348570360937071,0.3583972267650067,0.08214871947169376
['Fleetwood Mac'],[182900],-1.091691267033772,-0.4469927618407822,0.05539665342534192,0.3448704217760144,-0.4445215850617243,0.5476546598142471,-0.17070859552297923
['Fleetwood Mac'],[182900],-1.258372779382888,-0.47880273796389766,0.23431035269209866,0.35614084668344886,-0.5939974524348333,0.7496689429855613,-0.31268983741699174
['Fleetwood Mac'],[182900],-1.1043043953479428,-0.26558772054334284,0.28512067935407537,0.13394271524093676,0.17288044868002606,0.528617112562603,-0.22825007163655373
['Fleetwood Mac'],[182900],-0.9039412088129826,-0.5322791502741961,0.12312395540954976,0.3140267813979548,-0.4661392182944189,0.5004834163474404,-0.18128360888490772
['Fleetwood Mac'],[182900],-0.9608433629719785,-0.5772108494566157,0.2864667194059829,0.11039306299030126,-0.0008101742997731731,0.6765327241182139,-0.24654058289718542
['Fleetwood Mac'],[182900],-0.17388760476744292,-0.384918542376939,0.18791079561666693,-0.10236392655243039,-0.37010859099105076,0.6122818571839825,0.18405298063366954
['Fleetwood Mac'],[182900],-0.29453246178261333,-0.5718174770592205,0.21705975449817683,0.03506086849916242,-0.06307691583905656,0.5435416025378218,-0.04826096602923977
['Fleetwood Mac'],[182900],-0.05200389969939477,-0.09982312157170595,0.07290679612955007,0.1640280775429889,0.1742914731268699,0.6960681538836991,-0.3817639554154001
['Fleetwood Mac'],[182900],-0.8974586376655994,-0.13141730767717302,-0.025173032879153096,0.2894337887877658,-0.4390370369810116,0.6432029997156544,-0.20423525534326187
['Fleetwood Mac'],[182900],-1.002311309063203,-0.236829301794761,0.12437297460350331,0.18203863726249128,-0.1673555784566387,0.7307850861299686,-0.2554742630315739
['Fleetwood Mac'],[182900],-0.9109787477270339,-0.6083557276910596,0.08887135591423506,0.1897684809628982,0.08677952500200402,0.6221974803946562,-0.1432000617783291
['Fleetwood Mac'],[182900],-1.1021979656626062,-0.5134491115795622,-0.0530757175066641,0.5656336552652602,-0.5342775071161218,0.893138873372165,-0.47760309015978675
['Fleetwood Mac'],[182900],-0.7442173440924328,0.10786928875600293,0.4279001493029115,-0.058782283007895515,-0.0783179117595408,0.4154031319488579,-0.1410996207607599
['Fleetwood Mac'],[182900],-1.2641905949811343,0.10253595182948312,0.4832917031726525,0.20644611615291772,-0.24886715881113003,0.6572713921741108,-0.5255684407804009
['Fleetwood Mac'],[182900],-0.5977641816714302,-0.4094190221293843,0.08663867934347858,-0.02658129336097229,-0.1140484849321684,0.8301900995177516,-0.021689815150984053
['Fleetwood Mac'],[182900],-1.1717839681920208,-0.019395515927196683,0.3082618518708487,0.36339398356049274,-0.4964442619369407,0.6760451009242642,-0.7319173480683547
['Fleetwood Mac'],[182900],-0.9020906360962445,-0.31092370492751437,0.2966833568784016,0.08068306510872617,-0.03510643716500218,0.5026455530882844,-0.2077043459061448
['Fleetwood Mac'],[182900],-0.9661523299630097,-0.35424782941466376,0.07885464707231858,-0.021484584885091394,0.07271853441250538,0.7495925105122272,-0.04569428187623391
['Fleetwood Mac'],[182900],-1.0187344788535309,-0.5238592704774505,0.22430669255384036,0.3283656619648105,-0.347423437506924,0.6757880906332164,-0.049178726887478194
['Fleetwood Mac'],[182900],-0.22307478314922544,-0.26192966371668286,0.19744080208063639,0.07083327581871737,-0.7436282991250156,0.362648974046801,0.05754581080952946
['Fleetwood Mac'],[182900],-0.9249242237845484,-0.2242587915402987,0.25934891113726255,0.13709863013701132,-0.04506089775824896,0.3834188729978825,-0.2563863900212957
['Fleetwood Mac'],[182900],-0.917721724970505,-0.4367253223272042,0.27567054352753434,0.18925597228352412,-0.6409610965035355,0.7066005381446575,-0.19286157755428662
['Fleetwood Mac'],[182900],-0.761318659949074,0.015891872405281608,0.1590809858115532,0.11689714966832854,-0.6885281507688089,0.5561884913998836,0.015439308787748907
['Fleetwood Mac'],[182900],-0.9882856302554529,-0.2471238760901354,0.12390433870741806,0.21436093191047687,-0.024491431372823086,0.42603745689336653,-0.16689930807103276
['Fleetwood Mac'],[182900],-1.1334075203851288,-0.42624239631232663,-0.031123863917298523,0.26617550599991857,-0.1378313275482395,0.811240611051635,-0.24888513009983837
['Fleetwood Mac'],[182900],-0.6679201368123868,-0.5310030801569948,0.19055056965940095,0.1468072077050151,-0.22022434056085072,0.5290342701458827,-0.08562301624223069
['Fleetwood Mac'],[182900],-0.8026207367790656,-0.5632012853725615,0.09634202672783436,0.3359766939944036,-0.7574052388165254,0.9929092619309764,-0.3787322475106656
['Fleetwood Mac'],[182900],-0.7834553461098644,-0.295512834694494,0.0723205168931659,-0.08699422051603938,-0.03631709263083689,0.745893471592547,0.008121468569290979
['Fleetwood Mac'],[182900],-0.4680043498453136,-0.5058845226825057,-0.014523983393596071,0.47159295813538776,-0.554089964634174,1.0050475856455536,-0.5925627152667092
['Fleetwood Mac'],[182900],-0.7913099281544392,-0.725433190394653,0.1713750660250593,0.12705183243341261,-0.181512414488792,0.7874928654196012,-0.1094841102521803
['Fleetwood Mac'],[182900],-1.1006643265781226,-0.21502606006577682,0.00174940345747942,0.2753275390864612,-0.8122120261539013,0.6693934723099384,-0.10334371363220525
['Fleetwood Mac'],[182900],-1.0558825724219867,-0.5180423203834073,0.23301662514339336,0.2024781693631313,0.00630816036641213,0.605030650802542,-0.28161104705839557
['Fleetwood Mac'],[182900],-0.5929109484853144,-0.42644833675407023,0.1547688022245476,0.08603557823293845,-0.3241047195554223,0.5397210057450564,-0.04527077295676343
['Fleetwood Mac'],[182900],-0.8904596110597154,-0.4441633089746177,0.047926528623622754,0.39060932365067186,-0.5763466880423677,0.8605419978235906,-0.3584783514276186
['Fleetwood Mac'],[182900],-0.3754426510598502,-0.40463016855233114,0.19880589823149172,0.09730525230818306,-0.5222049738458455,0.5072565348324544,0.12820528215921673
['Fleetwood Mac'],[182900],-0.518302091273551,-0.21085918148962324,0.14431559122614196,-0.013023187406605225,0.08904519022298711,0.275257349550038,0.062200593168799424
['Fleetwood Mac'],[182900],-0.9809063394688082,0.1920641212507556,0.49086231937632485,0.2284531920486789,-0.43169766602296245,0.7244974781338467,-0.5800674855809544
['Fleetwood Mac'],[182900],-0.9790566663941009,-0.6313090759446671,0.06609322485685054,0.34422639756741114,-0.7931055391970441,0.7582605895065943,-0.13477353988143018
['Fleetwood Mac'],[182900],-1.0226491159846531,-0.17655791879894123,0.5980630439402479,0.15885542481174167,-0.26963171209402725,0.73270723630797,-0.37638875513822523
['Fleetwood Mac'],[182900],-0.9675500383664754,0.3478458934880075,0.5292749987559104,0.0018210082816239284,0.12128113087775945,0.37871473462754707,-0.2659448519516382
['Fleetwood Mac'],[182900],-1.2307323342635086,-0.5382980658261068,0.029433779910973675,0.4017251880388594,-0.41097972041755404,0.679781609342105,-0.1858415783107646
['Fleetwood Mac'],[182900],-1.0856355678424197,-0.10504797946718286,0.038436512892724164,0.15782539488708666,0.18434055603718635,0.577799415236783,-0.222698526496135
['Fleetwood Mac'],[182900],-1.0598643502100749,0.04201274904744317,0.24628979900792838,0.49187461747544003,-0.3641419011336723,0.7768443313824195,-0.8336600095256641
['Fleetwood Mac'],[182900],-1.2296724476061487,-0.04901583064378527,0.4706387491947493,0.146682881224238,-0.18840219526269728,0.5401310008379598,-0.3990853145427417
['Fleetwood Mac'],[182900],-1.0427912069478633,-0.46340438429820124,0.12387042167044472,0.26476057894572225,-0.6192218514777422,0.7013436864271074,-0.15159195112752252
['Fleetwood Mac'],[182900],-0.2604077136095493,-0.42237899332029044,0.208042892750166,-0.1363389558190531,-0.08607596776695396,0.6809194278537729,0.16821617749106904
['Fleetwood Mac'],[182900],-1.2467111767310115,-0.23265044056621204,0.1428222083719631,0.21578613560414175,-0.6199915730149279,0.707612523320525,-0.2420677466719764
['Fleetwood Mac'],[182900],-0.681680734012836,-0.468595397626791,0.13265784501629369,0.09583007068151381,-0.04195627126399706,0.5413494192666063,-0.0319291005940681
['Fleetwood Mac'],[182900],-0.15634719571531533,-0.09721099066727763,0.23048661426276035,0.28984829089263336,-0.42773866231474716,0.8318253332732783,-0.6347333453384741
['Fleetwood Mac'],[182900],-0.3343068826508188,-0.22045526099060225,-0.08902203528322393,0.3038276950547093,-0.3787303811878742,1.141386640661295,-0.6196289361304635
['Fleetwood Mac'],[182900],-0.4979709719449022,-0.286179431615461,0.2957674529578027,-0.11269486857377675,-0.5080582798927036,0.8310685816513967,-0.009735076364699587
['Fleetwood Mac'],[182900],-0.9052340660068049,-0.6099254189802257,0.09822592473103736,0.11354222946046841,0.18846500953071377,0.7592178130209614,-0.15737322196765646
['Fleetwood Mac'],[182900],-0.7532240426819994,-0.2809287960217555,-0.08280658717055421,0.4769444203283197,-0.3584961002455364,0.9167122651839513,-0.7533773681811619
['Fleetwood Mac'],[182900],-1.0612301466500207,-0.23309109301539963,0.02866232606048461,0.31516128631665347,-0.6394217933631047,0.5329835846896739,-0.1718804686362256
['Fleetwood Mac'],[182900],-1.0081084383472034,-0.48261240157528645,0.10147303113593746,0.26398260121753897,0.17196413271435482,0.4392568426217525,-0.15175167359106542
['Fleetwood Mac'],[182900],-0.825281699777953,0.07075716135243935,-0.166003422958733,0.3362411279477867,0.2315429714052593,0.6657018737847249,-0.532558834639403
['Fleetwood Mac'],[182900],-0.6826938186378221,-0.3176167524642359,0.20091286048262086,0.18088480314820418,-0.4936346681025437,0.5075115314960046,0.016732301803432548
['Fleetwood Mac'],[182900],-0.4127722210884808,-0.14182194183220118,0.7466246947913516,-0.09725069186921553,-0.3634181459664351,0.5305129017869691,-0.26868071297818824
['Fleetwood Mac'],[182900],-1.1870842929391587,-0.5614764744168321,0.019567735619366162,0.24608513897957193,0.20609858880281273,0.6385158889411434,-0.12680760534512248
['Fleetwood Mac'],[182900],-1.0756146199747287,-0.09236536624031622,0.4913545188886467,0.1364187403587579,-0.37124511102244845,0.6498402055846269,-0.34285499662723246
['Fleetwood Mac'],[182900],-0.7780369726695151,-0.15512215428876874,0.4265332675887556,0.009163192739761223,0.1257068794943865,0.4830915831282791,-0.1789979927279295
['Fleetwood Mac'],[182900],-0.665791219064632,-0.4618426557608397,0.1631670353235738,0.18279833276750834,-0.4994362448380585,0.47618872612832736,-0.09586999240499858
['Fleetwood Mac'],[182900],-1.023227504658923,0.29216077265375984,0.5514723632750202,-0.0010220222245951418,0.11094543069845243,0.2641096503563596,-0.3639734609394219
['Fleetwood Mac'],[182900],-0.5997128438470636,-0.0996479462261054,0.6479244724148518,-0.10422167797399301,-0.7864458467058848,0.772874206446955,-0.22477801933134797
['Fleetwood Mac'],[182900],-1.395880715731989,-0.15233180069717173,0.3780799268674455,0.2307266798858503,-0.23715237022768557,0.7033941234740375,-0.45864061625875424
['Fleetwood Mac'],[182900],-0.8957473162082966,-0.36538266369999073,0.2310169587142565,0.027954746596058847,-0.027437279483582093,0.6420778072605954,-0.14928400097381905
['Fleetwood Mac'],[182900],-0.8082251496525867,-0.13561364667752285,0.04490934231600757,0.37023565273317377,0.09274775854847021,0.9065352347422722,-0.8982691111245491
['Fleetwood Mac'],[182900],-0.28232480840734175,-0.25393717437613067,0.16727923770274872,0.0557158012058773,-0.7213574881236876,0.5071516507107641,0.05965918126873216
['Fleetwood Mac'],[182900],-0.38237976648721783,-0.08196524547154663,-0.052691635949541335,0.24886495921611332,0.012403750546409647,0.7104022353663251,-0.501427771674364
['Fleetwood Mac'],[182900],-0.8766458947901391,-0.05381922691715483,0.025357645680043554,0.08759604556122016,-0.025371402409952473,0.6090656841315367,-0.08780306971204818
['Fleetwood Mac'],[182900],-0.8826438252556624,-0.1471677126820023,-0.08545595900010608,0.42565046005947793,-0.31131845569876654,0.7064246090354765,-0.5362630160094497
['Fleetwood Mac'],[182900],-0.16018464608463723,-0.40251888383301865,0.21003408922921915,-0.17535438625317862,0.07538816635862886,0.5624827137571651,0.18182406549988456
['Fleetwood Mac'],[182900],-0.6912542437230427,-0.1614873532056461,0.08555992287281129,0.12591290996515164,-0.6825451479486442,0.5974153067693843,0.07591498797133354
['Fleetwood Mac'],[182900],-0.8411066962662062,-0.7012716998056405,0.17234334845817223,0.1220706335554378,0.08712513025128932,0.7267288862092518,-0.11876697167954904
['Fleetwood Mac'],[182900],-0.7890276608941916,-0.1704474511321133,-0.1515405309447534,0.5030196011962481,-0.5247058987132038,1.0477704258589073,-0.7137177825386802
['Fleetwood Mac'],[182900],-0.3361385487892911,-0.4610713209007013,0.20521613402769426,-0.25845920408719464,0.10046657329005375,0.7893888799449618,0.13351162424035654
['Fleetwood Mac'],[182900],-0.7740110604026121,-0.20995659533339034,0.26781414950784105,0.08040016366710188,0.03346650504950438,0.35357092147055297,-0.16026926539024908
['Fleetwood Mac'],[182900],-1.3050145972559002,-0.4758600846344752,0.03906901363362804,0.3862059815318265,-0.5873910184879549,0.7239976292625588,-0.22998836437834838
['Fleetwood Mac'],[182900],-1.0830908685310716,-0.11883758914576788,0.3892500352559412,0.21161016430687063,-0.6321629712623333,0.6976267624267323,-0.2750542171911085
['Fleetwood Mac'],[182900],-1.2528182057416293,-0.511176942025881,0.05627154648083849,0.2802003956848657,0.20303622748458489,0.5437048001477349,-0.23333644193756725
['Fleetwood Mac'],[182900],-1.2222295124768288,-0.4620239548080961,0.034693086684404593,0.29585264698923447,-0.24351665730099692,0.6550041154787514,-0.15603954796985423
['Fleetwood Mac'],[182900],-0.1759937256368303,-0.2489473521177284,0.2086265279549395,-0.013173752859208044,-0.7493130628617458,0.4224959231749603,0.11720678755419398
['Fleetwood Mac'],[182900],-0.9716748046892058,-0.6814436038631732,0.11342113051679296,0.27853029770590904,-0.7893304201217032,0.8457481658952744,-0.11845168641310444
['Fleetwood Mac'],[182900],-0.491178733667766,-0.4731903315612338,0.009498881664561355,0.48152048912661555,-0.5516003146634004,0.9508497521131788,-0.6772714343609422
['Fleetwood Mac'],[182900],0.12581166817332468,-0.2114283146688238,0.07322975611407631,0.26020572726803365,-0.27388950522631605,0.7557040876192438,-0.44720792776422963
['Fleetwood Mac'],[182900],-1.1873228307135846,-0.37137470304247444,0.028965604199361204,0.32719416532534007,-0.6129080695528781,0.6355912556280312,-0.2510918816752943
['Fleetwood Mac'],[182900],-1.2486789422157354,-0.41542295772048804,0.032747774299715496,0.23526729386228212,0.1945007466912837,0.5253764103792697,-0.19283712988120844
['Fleetwood Mac'],[182900],-0.6546563732754693,-0.40172289229955666,0.2930117771479329,0.10013803495308894,-0.48099257430233316,0.7053043499608972,-0.10690242871399142
['Fleetwood Mac'],[182900],-1.180094187863048,0.21152411771805082,0.577635627953584,0.2534546106222431,-0.6572557826638977,0.4052314288205217,-0.45017330252544624
['Fleetwood Mac'],[182900],-1.2370322283094635,0.4420367287346515,0.5628291249988754,0.11403134984440624,-0.2960022614978166,0.4677547196167534,-0.3786341980056699
['Fleetwood Mac'],[182900],-1.091691267033772,-0.4469927618407822,0.05539665342534192,0.3448704217760144,-0.4445215850617243,0.5476546598142471,-0.17070859552297923
['Fleetwood Mac'],[182900],-1.0241377386891344,-0.5420055787824243,0.0789855658896812,0.2999541386280616,-0.6174633255492519,0.7220647592135334,-0.13191357011120794
['Fleetwood Mac'],[182900],-1.258372779382888,-0.47880273796389766,0.23431035269209866,0.35614084668344886,-0.5939974524348333,0.7496689429855613,-0.31268983741699174
['Fleetwood Mac'],[182900],-0.9603663438761993,0.2630154362593338,0.20151410175188708,0.46068743906335735,-0.17955979045038348,0.8033831322481132,-0.883750652174401
['Fleetwood Mac'],[182900],-1.323141946512582,-0.19955319855246734,0.3722730916853833,0.2508220654289692,-0.4262488584110326,0.6900000260905625,-0.41404261682720617
['Fleetwood Mac'],[182900],-1.081474529724248,-0.31268941407091444,0.08547638627717133,0.32932757783040895,-0.45692608835814974,0.45904822074063134,-0.1920131588033418
['Fleetwood Mac'],[182900],-0.5294600803332283,-0.5016100903986116,0.13675409731365634,0.12424428659419931,-0.06603184399956065,0.3848352422962123,-0.005201620761710409
['Fleetwood Mac'],[182900],-0.15135372150541476,-0.04751076794875505,-0.03931545220778773,0.4456303237320356,-0.7820100528512006,0.7808099380907199,-0.5435402657367298
['Fleetwood Mac'],[182900],-0.26388338369982384,-0.13254339457304698,0.03129814899769073,0.09095823588161171,-0.7415990350566259,0.894934739168304,-0.1572892405546619
['Fleetwood Mac'],[182900],-1.0247319930043368,-0.007861098820979935,-0.021196009028206862,0.30853956580700204,-0.8162651780332786,0.5800812976296674,-0.10878424810982389
['Fleetwood Mac'],[182900],-0.9259856631110353,-0.06571850188473995,0.08208372677645319,0.4364273937701675,-0.5596910986395519,0.8421893399008914,-0.6866963502998349
['Fleetwood Mac'],[182900],-0.812342765739255,-0.4660416699103647,0.014423324982548943,0.3693869531693966,-0.2099982608565666,0.8666654489242005,-0.42107845599881966
['Fleetwood Mac'],[182900],-0.9391939072018648,-0.4658471576684441,0.12714649310071874,0.1809073107295424,-0.016500175754108202,0.5026372559502708,-0.15394342889939286
['Fleetwood Mac'],[182900],-0.792174010406003,-0.17777585404366955,-0.0989382583681688,0.40930629537981555,-0.06608962028034529,1.1091296872609269,-0.6876180544195991
['Fleetwood Mac'],[182900],-1.009768605974728,-0.14604023976815753,0.010011996603842074,0.08623066903183489,-0.20184643145446438,0.6100989071655558,-0.06801868410627238
['Fleetwood Mac'],[182900],-1.262142370889192,-0.4078498935463674,0.016996742855404645,0.28233573738475376,-0.059473170269887604,0.6270738089772667,-0.22127979023108219
['Fleetwood Mac'],[182900],-0.21437871186187588,-0.1650853023195182,0.14379338883582693,-0.23577068143193392,-0.03626895403230931,0.49221594850337397,0.22145183726366469
['Fleetwood Mac'],[182900],-0.35640198696484904,-0.2084618546166045,0.7010103232832051,-0.19957948805502213,-0.08613307302205314,0.707794483294492,-0.17998322427161298
['Fleetwood Mac'],[182900],-1.2959296744534412,0.052579111230022714,0.5806516492576141,0.09102446738454494,0.17214894954307733,0.5059783733246173,-0.4491757424594998
['Fleetwood Mac'],[182900],-1.2253093454822508,0.21800594821748143,0.5139551296054161,0.23255060956832652,-0.8217548588685217,0.566061831040719,-0.38517828958528777
['Fleetwood Mac'],[182900],-0.2795549202060682,-0.30335276694428837,0.20647908637088988,0.0869539095836845,-0.7348570360937071,0.3583972267650067,0.08214871947169376
['Fleetwood Mac'],[182900],-1.3487550743632812,0.10421231920554808,0.40618417138284624,0.289815272196251,-0.6079879830988622,0.6383830468817363,-0.4662507955258359
['Fleetwood Mac'],[182900],-0.5201710087854753,-0.1649700696512291,0.5509169272169279,-0.07920747367320885,-0.7935542595850265,0.7209430232808416,-0.13933654194223788
['Fleetwood Mac'],[182900],-1.2802832897560008,-0.19009611215205377,0.4301070030376037,0.273911823212517,-0.6049151616049487,0.7538999915815234,-0.31907234479830787
['Fleetwood Mac'],[182900],-0.7766148824535938,-0.4343496700829095,0.1654136040138478,0.11277510905388421,-0.6580688232391718,0.6864659957357029,-0.09759214694837233
['Fleetwood Mac'],[182900],-1.166877307696989,-0.28693591221378945,0.20164099530656363,0.22614086426376617,-0.6287161710430823,0.6776823574646185,-0.29950225355774956
['Fleetwood Mac'],[182900],-0.41379475227718193,-0.19632362241612944,0.27641863222887236,0.0182758860082935,-0.07207865016655321,0.5180237678092655,0.1325803651132629
['Fleetwood Mac'],[182900],-0.049579247693556386,-0.0819156637005654,0.03511394965974493,0.23712543040771536,-0.1732353998643269,0.7720473254681071,-0.4252674551082451
['Fleetwood Mac'],[182900],-0.37735892976563584,-0.5377033059137455,0.20550468390763169,0.022222101434520494,-0.08097609216692941,0.45373640259218145,-0.009866997247841033
['Fleetwood Mac'],[182900],-0.42526471968059015,-0.5415309739403553,0.16922387560551738,-0.08657221246617824,-0.06082577899585117,0.7169689240789109,0.02923454871493859
['Fleetwood Mac'],[182900],-1.237504171065171,-0.39758116218106376,0.06895509240544585,0.2086605517209554,-0.16089533969066994,0.7061204125252695,-0.22456700136947103
['Fleetwood Mac'],[182900],-0.6644331057652244,-0.640118581050707,0.23734866396707957,0.20178796437822083,-0.4456707329952136,0.8318081855930561,-0.19673414122821176
['Fleetwood Mac'],[182900],-0.22091272521432484,-0.3963222457110695,0.2268974434320062,-0.017904785122884452,-0.3733514877839034,0.43770377161841595,0.11876491443556268
['Fleetwood Mac'],[182900],-0.2624180190089337,-0.5080885534260243,0.2461563409109092,0.0037381547358189483,-0.2785262615754178,0.4179526754624086,0.06479689365802757
['Fleetwood Mac'],[182900],-1.1017561552821227,-0.4815754974829508,0.061839882404088026,0.3172635695163049,0.2037944945180956,0.5695365351415912,-0.08636549399709856
['Fleetwood Mac'],[182900],-0.9578526158443259,-0.19385364155073734,-0.03872613094920104,0.3718545482530303,-0.6336217691693514,0.5190530417650815,-0.1273530192639891
['Fleetwood Mac'],[182900],-0.9104243008430897,-0.3922269111413126,-0.07443680495188232,0.5424394720779908,0.30173532875183906,0.8570735053488518,-0.7960091812776452
['Fleetwood Mac'],[182900],-1.0555784217083837,-0.05717118261666846,0.6102639673071726,0.02730029457275477,0.06192136863635498,0.5789865993153243,-0.44994499258291654
['Fleetwood Mac'],[182900],-0.9893348888074316,-0.6467732882096806,0.1024875361270653,0.256751078327812,-0.34515842901219135,0.7549493676143717,-0.1280195259422094
['Fleetwood Mac'],[182900],-0.7292848939168164,-0.7274910273155185,0.4000960258784019,0.22479944157328313,-0.4441609152179088,0.8257318039755414,-0.17201174318834306
['Fleetwood Mac'],[182900],-0.40855559624088483,-0.3910286227095786,0.20123723395798324,-0.11969666264341165,-0.07293995762178941,0.6478059050119852,0.06900299344576269
['Fleetwood Mac'],[182900],-0.493645416959458,0.08828351393589232,-0.06164060303639659,0.3139051719982899,0.015146294943013198,0.5917193347609644,-0.5465143167299739
['Fleetwood Mac'],[182900],0.01550461161423387,-0.2344905554751186,0.07691362247425612,0.3307420535001633,-0.815294743448979,0.767781420515587,-0.4500028201991805
['Fleetwood Mac'],[182900],-1.007562516076513,-0.5747248957054516,0.24554395318876357,0.15392257266638482,0.006651060753738079,0.7068068836854537,-0.22949289869174622
['Fleetwood Mac'],[182900],-0.870002738933398,-0.28268589032412283,0.17483666732049843,0.07340794967764468,-0.21212981971609954,0.599302042136835,-0.1027609040276067
['Fleetwood Mac'],[182900],-0.6680812795950775,-0.37103549740285574,0.2733182024644991,0.011274637588607575,-0.051566410895781754,0.5645821869610004,-0.03282374893776252
['Fleetwood Mac'],[182900],-1.2490476082916295,-0.5077988384504211,0.052710408323664165,0.35903674441855654,-0.4108108545071834,0.7004848470346149,-0.20884753334514802
['Fleetwood Mac'],[182900],-1.127337905660081,-0.00717964223760791,0.5838268647956673,0.060007479094667075,-0.2866839111172062,0.638253875495793,-0.40976122543151194
['Fleetwood Mac'],[182900],-1.1905624786143527,0.21354018742722639,0.5155374216347897,0.15519371435932686,-0.6536753345417127,0.5300454671912184,-0.36977250253709093
['Fleetwood Mac'],[182900],-1.1997650515295608,-0.6454564433608166,0.05298409747952058,0.32096890814749063,0.03875835949594155,0.6698240800505949,-0.18632086520735278
['Fleetwood Mac'],[182900],-1.1834104765716624,-0.2497442715065662,-0.050245437106632915,0.2892630637961344,-0.6206144739362509,0.6688579750701504,-0.06943553466768018
['Fleetwood Mac'],[182900],-0.002959761945153641,-0.03789535827608679,0.016559430361677202,0.10598376500444948,-0.3730643029645414,0.8863910717360469,-0.41909800635117483
['Fleetwood Mac'],[182900],-0.33838813311727833,-0.3778218089479114,0.1688289388123349,-0.09204751504043332,-0.5287931193459686,0.7461153897960507,0.12091247108160715
['Fleetwood Mac'],[182900],-1.0320096426375391,-0.5220932694570118,0.016919620520024055,0.3877153042977732,-0.5977765666568982,0.762744417937337,-0.1862789565773513
['Fleetwood Mac'],[182900],-1.2133016965739085,-0.5734770594784203,0.0628250884047831,0.4026284418593622,-0.5867938112679174,0.7797786428206551,-0.2203599790978429
['Fleetwood Mac'],[182900],-1.0903329521727625,-0.4736585007277206,0.11642029628906334,0.21733066540210738,0.18236279340389716,0.5589168482176041,-0.22194358010265128
['Fleetwood Mac'],[182900],-1.0931048823719598,-0.5958382405808762,0.07762974909510797,0.2829756149758145,0.19805139106268535,0.5774858251680665,-0.12910923488251455
['Fleetwood Mac'],[182900],-1.1552093512429265,-0.1878927442379212,-0.060115201589625765,0.2806263065952112,-0.6296101626316859,0.6219322748499735,-0.0361958132339083
['Fleetwood Mac'],[182900],-1.388909709840281,-0.34917982943758813,-0.02565562708137769,0.3022585669134577,-0.23572477951036674,0.6405899403964592,-0.2039179545127717
['Fleetwood Mac'],[182900],-1.2562015533917534,-0.4804535070935891,-0.020822188586772514,0.39420677358783085,-0.5994097157523133,0.6575089196357662,-0.18367337014131335
['Fleetwood Mac'],[182900],-0.5975386444711285,-0.6448797810211897,0.09099961078057048,0.1307311705837642,-0.3213386946487545,1.1055774881033937,-0.26705569332205
['Fleetwood Mac'],[182900],-1.1692857093070397,-0.43819158363473726,-0.008686467577472982,0.35020541917125225,-0.4160565542122915,0.7126244437096638,-0.24417134236780885
['Fleetwood Mac'],[182900],-1.0592153942362805,-0.3841429829283882,0.23187161668702494,0.26167773523450827,-0.44395318867103684,0.6506597493419278,-0.2081028787789002
['Fleetwood Mac'],[182900],-1.23109235226931,-0.27709305141454244,0.06642260073972502,0.3703599625589995,-0.61749549132305,0.5355107986861456,-0.1214300835391197
['Fleetwood Mac'],[182900],-0.30149429050058174,-0.3424170470211913,0.16038642796219443,-0.20558591396822581,-0.3596501113685794,0.761115961243224,0.20280032135908305
['Fleetwood Mac'],[182900],-1.303107091218433,-0.5533322284127921,-0.011837555030729502,0.41445590684918193,-0.7599644477083046,0.8013221215547746,-0.19985456491143377
['Fleetwood Mac'],[182900],-1.053969192767075,0.025786777686521437,0.045739801493796056,-0.00836327393912638,0.15122626680466011,0.5926467569107785,-0.0571436899741129
['Fleetwood Mac'],[182900],-1.0045560046616715,-0.2584528678377185,-0.05092796014383529,0.33201165320576165,0.3017674558417823,1.1163824430897726,-0.6426090771660772
['Fleetwood Mac'],[182900],-0.9042881272195821,-0.44117113072224734,0.15273248940090073,0.2896798101149369,-0.7234084642085513,0.6664574919572381,-0.09430739274149563
['Fleetwood Mac'],[182900],-0.965357497156093,-0.5585683419999343,0.07542817617807986,0.2661480264771393,-0.1778473830387316,0.6014018901689558,-0.11029551565883458
['Fleetwood Mac'],[182900],-1.0948412998712862,-0.5335222614405699,0.036268497187207836,0.2208095199675084,0.012289102234273036,0.6362311762147455,-0.14407385278647902
['Fleetwood Mac'],[182900],-1.1379360705087043,-0.4059839880759521,0.025272601693838014,0.30276878079613573,-0.17264673249555235,0.5375076314334052,-0.12536128805292793
['Fleetwood Mac'],[182900],-1.1258317494889765,-0.43594945141636826,0.11970148901841553,0.2709449518496773,-0.2524692912796106,0.6974938044820694,-0.20512310782967258
['Fleetwood Mac'],[182900],-1.0320096426375391,-0.5220932694570118,0.016919620520024055,0.3877153042977732,-0.5977765666568982,0.762744417937337,-0.1862789565773513
['Fleetwood Mac'],[182900],-0.957554875143498,-0.5542109753767492,0.34817148736811465,0.20777450057802732,0.18441765095413815,0.6366963881356879,-0.21748148435260578
['Fleetwood Mac'],[182900],-1.041407693264914,-0.5306209292058679,0.07539382935206335,0.35177506857308694,-0.7003892158630425,0.7314088604141604,-0.15260376681811583
['Fleetwood Mac'],[182900],-1.2663928062291463,-0.3862555913010615,0.004176426314320126,0.28673519175841816,-0.2433895352884759,0.6722052128995097,-0.1890453918025869
['Fleetwood Mac'],[182900],-1.1761764175152074,-0.48726497442061545,0.0808431372191902,0.231863303187223,0.018364102829519675,0.6399328063050439,-0.20178449711242977
['Fleetwood Mac'],[182900],-1.0203994081280108,-0.5238731143472785,0.08328674092232144,0.26288746790231216,-0.17527977308318374,0.6038003146420232,-0.14053282528354338
['Fleetwood Mac'],[182900],-0.9461605556503374,-0.15246778654498955,0.10788542288442628,0.16114672677717018,-0.4878167230202039,0.5339082282442693,-0.09217120896109549
['Fleetwood Mac'],[182900],-0.8816555529296071,-0.5101842326074504,0.097737136595235,0.0024198632431130444,0.17429438859619367,0.8165627269848563,-0.070071120223424
['Fleetwood Mac'],[182900],-0.8470922054621741,-0.42452188418096287,0.17625060864251962,0.15615737021873843,-0.02711204993643954,0.5227036603406726,-0.15954325429083405
['Fleetwood Mac'],[182900],-0.8837354802885954,-0.5997407020754106,0.0598092032667523,0.23970368430588848,-0.00101429272418693,0.6358819272940595,-0.09530104011294935
['Fleetwood Mac'],[182900],-0.5506412927748594,0.029871645700999813,-0.1593982720548735,0.3190713455618952,0.21794145959025088,0.7193075509000025,-0.5052568355432648
['Fleetwood Mac'],[182900],-1.0601306629118696,-0.5019200531127775,0.025604185338781473,0.38581971456463504,-0.5896224479845114,0.7730607066707332,-0.23451815895360845
['Fleetwood Mac'],[182900],-1.053969192767075,0.025786777686521437,0.045739801493796056,-0.00836327393912638,0.15122626680466011,0.5926467569107785,-0.0571436899741129
['Fleetwood Mac'],[182900],-1.0592153942362805,-0.3841429829283882,0.23187161668702494,0.26167773523450827,-0.44395318867103684,0.6506597493419278,-0.2081028787789002
['Fleetwood Mac'],[182900],-0.7024780434896121,-0.38910319332814347,0.13122375138259687,0.04168959284777776,-0.04595505638062241,0.5676757287787542,0.026912585008686617
['Fleetwood Mac'],[182900],-0.7502941186707749,-0.6305649981793046,0.13458658214773847,0.19873777775389959,0.16472063685323013,0.553942821678367,-0.0030242909960723503
['Fleetwood Mac'],[182900],-0.9447270259807632,-0.20511775249496125,-0.06542004199240092,0.47205087871037693,-0.5893071296930121,0.6588086568699191,-0.339807106256026
['Fleetwood Mac'],[182900],-0.44314151611939995,-0.4737059960494153,0.21272758185985532,0.20411622053242756,-0.8627595656750474,0.5766181783302282,0.046039959620532235
['Fleetwood Mac'],[182900],-1.1960560965104816,-0.4606151636380783,0.03482798755162503,0.24755157053442323,0.19291362270107298,0.5332238668343152,-0.18324764217380984
['Fleetwood Mac'],[182900],-1.1838178294732282,-0.4585683277339413,0.02067521483462428,0.28940934353233544,0.18819175752937234,0.43817610570650684,-0.25776540183639995
['Fleetwood Mac'],[182900],-0.6073463220035369,-0.4714034777478815,0.04954656201140031,0.37556016130163006,-0.45299765885592314,0.5725044170047698,-0.2083358314708205
['Fleetwood Mac'],[182900],-1.209593951653995,-0.3413822987972387,0.05421204777274465,0.35582373353550717,-0.6962738024950056,0.6923277911174262,-0.19626642702409686
['Fleetwood Mac'],[182900],-1.0931419737643868,-0.29022568675751476,-0.06518499311286048,0.4809927787104673,-0.6677138019814042,0.7280837506184378,-0.316857730193901
['Fleetwood Mac'],[182900],-1.0675770528922235,-0.42864786946239625,0.032084762728512725,0.2797715349263894,-0.08971389176910735,0.522796828523556,-0.10956185159366959
['Fleetwood Mac'],[182900],-0.8030123389267074,-0.5135531087385695,0.0833586673879115,0.32963582039831574,-0.7196813026410783,0.7052653745242681,-0.03955312426730793
['Fleetwood Mac'],[182900],-0.915934311662014,-0.2464875372982908,0.1581894464005987,0.2608860495368983,0.28589048516224824,1.1493775944496485,-0.6911660435669694
['Fleetwood Mac'],[182900],-1.3228780416228694,-0.42722708592022063,-0.013939875125833471,0.37497209686253025,-0.5964007976102208,0.6642543398774958,-0.22534197707600637
['Fleetwood Mac'],[182900],-0.5221579110586911,0.2284933056445715,-0.10742465872567773,0.36706641127967155,-0.7834695897649244,0.7728519174074739,-0.39631188418738056
['Fleetwood Mac'],[182900],-1.0931048823719598,-0.5958382405808762,0.07762974909510797,0.2829756149758145,0.19805139106268535,0.5774858251680665,-0.12910923488251455
['Fleetwood Mac'],[182900],-0.8152601500234378,0.44166370858648474,0.43915967405200196,0.2822202261331305,-0.5895493170548084,0.8099259495297005,-0.7645263242613481
['Fleetwood Mac'],[182900],-0.37051750111296555,-0.48650299055697205,0.19591358768686018,-0.0005304220487243438,0.10349239764290336,0.43872261045047517,0.14598381026548007
['Fleetwood Mac'],[182900],-1.23109235226931,-0.27709305141454244,0.06642260073972502,0.3703599625589995,-0.61749549132305,0.5355107986861456,-0.1214300835391197
['Fleetwood Mac'],[182900],-1.303107091218433,-0.5533322284127921,-0.011837555030729502,0.41445590684918193,-0.7599644477083046,0.8013221215547746,-0.19985456491143377
['Fleetwood Mac'],[182900],-1.1552093512429265,-0.1878927442379212,-0.060115201589625765,0.2806263065952112,-0.6296101626316859,0.6219322748499735,-0.0361958132339083
['Fleetwood Mac'],[182900],-1.0261712271769985,0.09411162913792492,0.5729922299906653,-0.00803842560359021,0.13478680014339867,0.45082338169138064,-0.32548209173551335
['Fleetwood Mac'],[182900],-0.5975386444711285,-0.6448797810211897,0.09099961078057048,0.1307311705837642,-0.3213386946487545,1.1055774881033937,-0.26705569332205
['Fleetwood Mac'],[182900],-0.8553063579324499,0.06221867527089615,0.4128899465388973,0.11574339691279173,-0.6887792768892612,0.48276782965939713,-0.2698018974272812
['Fleetwood Mac'],[182900],-0.9209273972329073,-0.4145528554143866,0.09320624680692684,0.3498563949325145,-0.7158685499169999,0.6544908660076318,-0.07047015667112798
['Fleetwood Mac'],[182900],-0.7723539886892966,-0.02564059528926122,-0.007018531830814143,0.3309156783831319,-0.6437845600849122,0.5198608173410493,-0.21396360977309956
['Fleetwood Mac'],[182900],-1.0401438754615753,-0.44235584522099747,-0.055794618396042654,0.39839486440755995,-0.399834091750106,0.7937891544116873,-0.3315003721573252
['Fleetwood Mac'],[182900],-1.0322310197573308,-0.21695028021580104,0.27973859810728724,0.20811796300254654,-0.2905863438952302,0.4680291566159368,-0.23364724261473002
['Fleetwood Mac'],[182900],-1.2133016965739085,-0.5734770594784203,0.0628250884047831,0.4026284418593622,-0.5867938112679174,0.7797786428206551,-0.2203599790978429
['Fleetwood Mac'],[182900],-0.9192123942153272,-0.41520292983953333,0.11361873085020494,0.22871432941975714,-0.4625378499536263,0.5994790103432427,-0.09991871446571303
['Fleetwood Mac'],[182900],-0.636883864837133,-0.13496122228714702,0.50584103412048,-0.04061117449348306,-0.78049638581944,0.717153266964848,-0.15649976648402097
['Fleetwood Mac'],[182900],-0.7548203245330763,-0.10136827199659566,0.11082826286708439,0.1331440628613481,-0.6778381957045261,0.6036088548457721,0.0315617449300639
['Fleetwood Mac'],[182900],-0.8368557842596918,-0.0507717687644684,0.1279128326917232,0.12697648057389785,0.129214364747493,0.3299756743309694,-0.07217089182278415
['Fleetwood Mac'],[182900],-1.0601306629118696,-0.5019200531127775,0.025604185338781473,0.38581971456463504,-0.5896224479845114,0.7730607066707332,-0.23451815895360845
['Fleetwood Mac'],[182900],-0.4998238357368035,-0.36050782320696007,0.1505605713670667,-0.06183757096378155,-0.5145390899105843,0.7300283592965942,0.08130636826602156
['Fleetwood Mac'],[182900],-1.3120473491782447,-0.5277740584507966,0.01824219429905661,0.4168208071503411,-0.5813588553333914,0.7438938299880511,-0.22424386204514454
['Fleetwood Mac'],[182900],-1.2899100293937837,-0.052070413006582564,0.5747406548935624,0.09551392274387034,0.08453584817806617,0.5283970728443326,-0.49100616853715895
['Fleetwood Mac'],[182900],-0.8923873465136617,0.12941150496446094,0.48647016722894865,0.41241212896972324,-0.551874040553993,0.883780795184052,-1.0328415618867899
['Fleetwood Mac'],[182900],-1.1692857093070397,-0.43819158363473726,-0.008686467577472982,0.35020541917125225,-0.4160565542122915,0.7126244437096638,-0.24417134236780885
['Fleetwood Mac'],[182900],-1.388909709840281,-0.34917982943758813,-0.02565562708137769,0.3022585669134577,-0.23572477951036674,0.6405899403964592,-0.2039179545127717
['Fleetwood Mac'],[182900],-1.2545062004870737,0.3520942989339571,0.49555580285991974,0.13631232391234,-0.6405184649082916,0.6280618864004295,-0.39457622110514146
['Fleetwood Mac'],[182900],-1.2562015533917534,-0.4804535070935891,-0.020822188586772514,0.39420677358783085,-0.5994097157523133,0.6575089196357662,-0.18367337014131335
['Fleetwood Mac'],[182900],-1.2552947779219994,0.00532464705582396,0.555362632100713,0.1750128141941871,-0.6315233293612461,0.66004521698695,-0.45273500754856116
['Fleetwood Mac'],[182900],-0.9209273972329073,-0.4145528554143866,0.09320624680692684,0.3498563949325145,-0.7158685499169999,0.6544908660076318,-0.07047015667112798
['Fleetwood Mac'],[182900],-1.2050874557729858,-0.3052279114815753,0.01722365983566123,0.3932503428259076,-0.694856234349227,0.6550955648457337,-0.20332219912202554
['Fleetwood Mac'],[182900],-1.006154335699404,-0.09914158682206353,0.024945894611488523,0.10213124812233561,0.14677428022916997,0.428827996413398,-0.027733987595353893
['Fleetwood Mac'],[182900],-0.8470922054621741,-0.42452188418096287,0.17625060864251962,0.15615737021873843,-0.02711204993643954,0.5227036603406726,-0.15954325429083405
['Fleetwood Mac'],[182900],-1.1607302337242185,-0.468351219948588,0.08043357778261154,0.29116528139798004,-0.2541659919040406,0.6143454802550194,-0.21253039250170347
['Fleetwood Mac'],[182900],-0.9442751230142158,-0.5222250440998655,0.14174574002768747,0.1498633091430742,-0.004395781123634748,0.6035815887105228,-0.12009723363311797
['Fleetwood Mac'],[182900],-0.38955624706825365,-0.3039835768691709,0.10441369188723132,0.04786605882851798,-0.2631221355737514,0.4732081003792816,0.15584610919266753
['Fleetwood Mac'],[182900],-1.2900475867166867,-0.4027272147544704,0.13521482122724757,0.23737450640321534,0.19772215667178056,0.5347413129680627,-0.29615430119598335
['Fleetwood Mac'],[182900],-0.8062356000268712,-0.5239224785001814,0.12232912256840876,0.1346479319790817,-0.025314874271777858,0.5468313122467312,-0.11843451760450756
['Fleetwood Mac'],[182900],-0.30149429050058174,-0.3424170470211913,0.16038642796219443,-0.20558591396822581,-0.3596501113685794,0.761115961243224,0.20280032135908305
['Fleetwood Mac'],[182900],-0.6372309871481352,-0.5051677038615231,0.5797714363746896,0.017866424740680755,0.05318224423292033,0.6259210640214714,-0.34766107764443704
['Fleetwood Mac'],[182900],-0.7755633219924916,-0.12330199452480543,0.6731180763591366,0.0406779663663907,-0.01752061514133783,0.6739696419934833,-0.40404322264754017
['Fleetwood Mac'],[182900],-0.7442173440924328,0.10786928875600293,0.4279001493029115,-0.058782283007895515,-0.0783179117595408,0.4154031319488579,-0.1410996207607599
['Fleetwood Mac'],[182900],-0.6533280845026105,-0.6870778903073002,0.178467569227018,0.025821797722121096,-0.3719693306774096,0.9355017618481543,-0.0043310541870296105
['Fleetwood Mac'],[182900],-1.0045560046616715,-0.2584528678377185,-0.05092796014383529,0.33201165320576165,0.3017674558417823,1.1163824430897726,-0.6426090771660772
['Fleetwood Mac'],[182900],-1.0086459909474805,-0.5641071711900846,0.03787447378918652,0.4846548704415883,-0.26937811019119384,0.8628730084670484,-0.5803589700577736
['Fleetwood Mac'],[182900],-1.0868847692086037,-0.5352379422457827,0.0471874175608869,0.2714969307451418,-0.05754440671608626,0.6984416968617603,-0.2286847417157152
['Fleetwood Mac'],[182900],-1.2402803379354417,-0.2540327518993854,0.2269389771035276,0.26260492747933367,0.0010716151631669567,0.45074897296960065,-0.29997327301893434
['Fleetwood Mac'],[182900],-0.8122543975683634,0.05212932379721284,0.41490187139609075,0.015386226972308768,0.1031698246547073,0.2613879974104766,-0.23110997880097933
['Fleetwood Mac'],[182900],-0.7431490958775956,-0.1805951385489377,0.10215661954305663,0.07225920894000111,-0.05712815918652235,0.4733093028102197,0.04977469323944402
['Fleetwood Mac'],[182900],-0.5407623245334555,-0.46855379574574063,0.3060713535301497,0.115264918117508,-0.14519880739392224,0.511830598715335,-0.09910291278009216
['Fleetwood Mac'],[182900],-0.9213070400902924,-0.6206818793167214,-0.039998400350423936,0.5417361109620457,-0.5492481372356447,0.9327818417435226,-0.3966414402910703
['Fleetwood Mac'],[182900],-1.3075437703325912,-0.3461317817722811,-0.012709582187662176,0.285189043782199,-0.6030525148771521,0.751766018257472,-0.18807962555110852
['Fleetwood Mac'],[182900],-0.5228625679912535,-0.2722253107615882,0.12901069073807842,0.04709807237188431,-0.2536213254811166,0.45634479395259164,0.10340906594288009
['Fleetwood Mac'],[182900],-1.1536438187696083,-0.3606654044800136,-0.0063866179891931,0.2927397858474354,-0.7954271490151955,0.7814691909959474,-0.14298321650191564
['Fleetwood Mac'],[182900],-1.2641905949811343,0.10253595182948312,0.4832917031726525,0.20644611615291772,-0.24886715881113003,0.6572713921741108,-0.5255684407804009
['Fleetwood Mac'],[182900],-0.3754426510598502,-0.40463016855233114,0.19880589823149172,0.09730525230818306,-0.5222049738458455,0.5072565348324544,0.12820528215921673
['Fleetwood Mac'],[182900],-0.9809063394688082,0.1920641212507556,0.49086231937632485,0.2284531920486789,-0.43169766602296245,0.7244974781338467,-0.5800674855809544
['Fleetwood Mac'],[182900],-0.1759937256368303,-0.2489473521177284,0.2086265279549395,-0.013173752859208044,-0.7493130628617458,0.4224959231749603,0.11720678755419398
['Fleetwood Mac'],[182900],-1.114449103542782,-0.3296052798197676,-0.008577866394634981,0.2511559171518352,-0.6274140007980005,0.6942292458554955,-0.09770135058454034
['Fleetwood Mac'],[182900],-0.965357497156093,-0.5585683419999343,0.07542817617807986,0.2661480264771393,-0.1778473830387316,0.6014018901689558,-0.11029551565883458
['Fleetwood Mac'],[182900],-1.0948412998712862,-0.5335222614405699,0.036268497187207836,0.2208095199675084,0.012289102234273036,0.6362311762147455,-0.14407385278647902
['Fleetwood Mac'],[182900],-1.1379360705087043,-0.4059839880759521,0.025272601693838014,0.30276878079613573,-0.17264673249555235,0.5375076314334052,-0.12536128805292793
['Fleetwood Mac'],[182900],-0.9946497756564663,-0.4878268623422598,0.08708194953989648,0.20952219785471873,0.1719747804857382,0.47328726805469784,-0.14853589951222898
['Fleetwood Mac'],[182900],-1.2036762982527187,-0.33457668987891576,0.01722198431315557,0.2936028798919381,-0.4381730475360858,0.5951038207155861,-0.14609786897260366
['Fleetwood Mac'],[182900],-0.6646817898410902,-0.7679836093436219,0.266851205649575,0.20749230476021435,-0.6288131789893858,0.8495040872567204,-0.16493386911365973
['Fleetwood Mac'],[182900],-0.8711327516791757,-0.5430930373626291,0.026761122399686976,0.3195993529253297,0.015894695732999894,0.6452717573747305,-0.12066283758558538
['Fleetwood Mac'],[182900],-0.5369163948513552,-0.5296336390973365,0.23891607127687994,0.1172801603051182,-0.2341790070797876,0.49592427831822616,-0.09305874850544539
['Fleetwood Mac'],[182900],-0.6445298521019895,-0.4189905418008429,0.28514055179375164,0.12206640891699885,-0.14087527717576495,0.45973465458095614,-0.10307933931579646
['Fleetwood Mac'],[182900],-1.0028684300856652,-0.5930578215355274,0.10301542939341524,0.23296194718709579,0.011324549411372132,0.6475503506589407,-0.1619398668450389
['Fleetwood Mac'],[182900],-0.4998238357368035,-0.36050782320696007,0.1505605713670667,-0.06183757096378155,-0.5145390899105843,0.7300283592965942,0.08130636826602156
['Fleetwood Mac'],[182900],-1.0316622522641186,-0.5192967751503554,0.07909373575278844,0.29438464411736337,-0.612859305025573,0.7321765921285464,-0.15133490312861075
['Fleetwood Mac'],[182900],-0.4127722210884808,-0.14182194183220118,0.7466246947913516,-0.09725069186921553,-0.3634181459664351,0.5305129017869691,-0.26868071297818824
['Fleetwood Mac'],[182900],-0.5576989320012273,-0.28398004209201866,0.09194984446035154,0.14152374978708332,-0.7020906143483249,0.4740023709705302,0.031726928472577354
['Fleetwood Mac'],[182900],-0.7024780434896121,-0.38910319332814347,0.13122375138259687,0.04168959284777776,-0.04595505638062241,0.5676757287787542,0.026912585008686617
['Fleetwood Mac'],[182900],-1.2222295124768288,-0.4620239548080961,0.034693086684404593,0.29585264698923447,-0.24351665730099692,0.6550041154787514,-0.15603954796985423
['Fleetwood Mac'],[182900],-0.518302091273551,-0.21085918148962324,0.14431559122614196,-0.013023187406605225,0.08904519022298711,0.275257349550038,0.062200593168799424
['Fleetwood Mac'],[182900],-0.6826938186378221,-0.3176167524642359,0.20091286048262086,0.18088480314820418,-0.4936346681025437,0.5075115314960046,0.016732301803432548
['Fleetwood Mac'],[182900],-0.9716748046892058,-0.6814436038631732,0.11342113051679296,0.27853029770590904,-0.7893304201217032,0.8457481658952744,-0.11845168641310444
['Fleetwood Mac'],[182900],-1.1873228307135846,-0.37137470304247444,0.028965604199361204,0.32719416532534007,-0.6129080695528781,0.6355912556280312,-0.2510918816752943
['Fleetwood Mac'],[182900],-0.8021674990396785,-0.38035217021303164,0.08159793995408086,0.28591218162240206,-0.43320802922377877,0.74049355809724,-0.2555059866029349
['Fleetwood Mac'],[182900],-1.1703865454394138,-0.6844929047461576,0.046569545448814254,0.42175464713411087,-0.40570116166236575,0.7251905556038587,-0.18211939968993243
['Fleetwood Mac'],[182900],-1.1960560965104816,-0.4606151636380783,0.03482798755162503,0.24755157053442323,0.19291362270107298,0.5332238668343152,-0.18324764217380984
['Fleetwood Mac'],[182900],-1.0086459909474805,-0.5641071711900846,0.03787447378918652,0.4846548704415883,-0.26937811019119384,0.8628730084670484,-0.5803589700577736
['Fleetwood Mac'],[182900],-0.42681234357546727,-0.3533075058101931,0.11784717504419699,0.1255492723412188,-0.7007728583836352,0.5301128801105988,0.1519852381420571
['Fleetwood Mac'],[182900],-1.0327794971771578,-0.6619447606078882,0.11537849270137959,0.2147356639723326,0.19688348695565075,0.5973332035383465,-0.2379341159068606
['Fleetwood Mac'],[182900],-0.9447270259807632,-0.20511775249496125,-0.06542004199240092,0.47205087871037693,-0.5893071296930121,0.6588086568699191,-0.339807106256026
['Fleetwood Mac'],[182900],-1.2307323342635086,-0.5382980658261068,0.029433779910973675,0.4017251880388594,-0.41097972041755404,0.679781609342105,-0.1858415783107646
['Fleetwood Mac'],[182900],-0.8482356452899943,-0.5118963462854587,0.14564285047960907,0.1673815012932366,-0.643796344649118,0.7152938855557968,-0.13416201392011398
['Fleetwood Mac'],[182900],-0.7585706371409157,-0.42991097265083494,0.22477010524772778,0.22948013556398292,-0.39587670518591045,0.4800704042102119,-0.19070634701765057
['Fleetwood Mac'],[182900],-1.3120473491782447,-0.5277740584507966,0.01824219429905661,0.4168208071503411,-0.5813588553333914,0.7438938299880511,-0.22424386204514454
['Fleetwood Mac'],[182900],-1.1021979656626062,-0.5134491115795622,-0.0530757175066641,0.5656336552652602,-0.5342775071161218,0.893138873372165,-0.47760309015978675
['Fleetwood Mac'],[182900],-1.0316622522641186,-0.5192967751503554,0.07909373575278844,0.29438464411736337,-0.612859305025573,0.7321765921285464,-0.15133490312861075
['Fleetwood Mac'],[182900],-0.825281699777953,0.07075716135243935,-0.166003422958733,0.3362411279477867,0.2315429714052593,0.6657018737847249,-0.532558834639403
['Fleetwood Mac'],[182900],0.00963611096524629,-0.10203538668560448,0.026687274529711914,0.045396664997356534,-0.27487116555910457,1.0140392577130006,-0.25586653811357163
['Fleetwood Mac'],[182900],-1.0326852736022623,-0.5467382143986205,0.06656064354705031,0.22177041372991727,-0.43368882277357307,0.8144074707909279,-0.08859740482134065
['Fleetwood Mac'],[182900],-0.26628315227921184,-0.5951759619076056,0.12827903067065433,0.33054323867865354,-0.12898852896408422,0.9414122581309663,-0.597973382282936
['Fleetwood Mac'],[182900],-0.9472369535737928,0.1967227037812417,0.31267366104312505,-0.08209921668707323,0.13638576759744722,0.5973196090992939,-0.16799458102249296
['Fleetwood Mac'],[182900],-1.0866193253271377,-0.409899986366298,0.05006253808670364,0.2654017877721576,-0.26302675154207616,0.6194718978900099,-0.10260483625126562
['Fleetwood Mac'],[182900],-1.009768605974728,-0.14604023976815753,0.010011996603842074,0.08623066903183489,-0.20184643145446438,0.6100989071655558,-0.06801868410627238
['Fleetwood Mac'],[182900],-0.7058114901995614,-0.42719242990465356,0.09851473041166753,0.22679702746617247,-0.4784381243846314,0.5788784997252578,0.0033947780859587984
['Fleetwood Mac'],[182900],-0.22091272521432484,-0.3963222457110695,0.2268974434320062,-0.017904785122884452,-0.3733514877839034,0.43770377161841595,0.11876491443556268
['Fleetwood Mac'],[182900],-0.491178733667766,-0.4731903315612338,0.009498881664561355,0.48152048912661555,-0.5516003146634004,0.9508497521131788,-0.6772714343609422
['Fleetwood Mac'],[182900],-1.1372938529168022,-0.4360561422804,0.060700310898673907,0.34666966105492564,-0.6164714583011991,0.622757110292695,-0.1574078995964659
['Fleetwood Mac'],[182900],-0.792174010406003,-0.17777585404366955,-0.0989382583681688,0.40930629537981555,-0.06608962028034529,1.1091296872609269,-0.6876180544195991
['Fleetwood Mac'],[182900],-0.9229599247197242,-0.5103364204082825,0.0841314883948484,0.2994369773342191,-0.3481473551089011,0.6718037916408016,-0.17705843729023743
['Fleetwood Mac'],[182900],-0.6378483936173864,-0.6546001421378287,0.1522456914670468,0.022747382559970303,-0.031243763299705414,0.7279546029184234,-0.050048710878117415
['Fleetwood Mac'],[182900],-1.0327794971771578,-0.6619447606078882,0.11537849270137959,0.2147356639723326,0.19688348695565075,0.5973332035383465,-0.2379341159068606
['Fleetwood Mac'],[182900],-0.44314151611939995,-0.4737059960494153,0.21272758185985532,0.20411622053242756,-0.8627595656750474,0.5766181783302282,0.046039959620532235
['Fleetwood Mac'],[182900],-0.6378483936173864,-0.6546001421378287,0.1522456914670468,0.022747382559970303,-0.031243763299705414,0.7279546029184234,-0.050048710878117415
['Fleetwood Mac'],[182900],-0.7179583366066137,-0.42203611100904775,0.18516813783627672,0.10709725184669223,0.16195548772394833,0.5933047870200192,-0.2070531230227198
['Fleetwood Mac'],[182900],-0.6533795825268304,-0.42939328667393883,-0.07479620433213373,0.5508844879725728,-0.7278203044052783,0.9916661584842782,-0.5559882914137344
['Fleetwood Mac'],[182900],-0.9323790393193805,-0.27711984023570846,0.024257348051787756,0.04627574297107542,0.06491231396544522,0.6363185815394025,0.00888464489357778
['Fleetwood Mac'],[182900],-0.9778552679425363,-0.27628739802455177,-0.0018992810789284049,0.32430597556498214,-0.6496244265398391,0.4915756009407509,-0.05071865364525634
['Fleetwood Mac'],[182900],-1.1546510233725988,-0.4183026802488017,0.18448536275005806,0.1798148949269292,-0.17183485827317124,0.6769999780519064,-0.2795441867165474
['Fleetwood Mac'],[182900],-0.6462942455992764,-0.37807863921709434,0.15314895317875216,0.2165181437272189,-0.6618703214290189,0.6109120047458171,-0.09790771440979554
['Fleetwood Mac'],[182900],-1.0572019212621482,-0.3160800506292846,-0.0005385357935781196,0.38629263785180873,-0.6008312773432959,0.7068710738809034,-0.26047388972980734
['Fleetwood Mac'],[182900],-0.4609469711941417,-0.10772838778396038,-0.05731058742816489,0.2752017873983983,-0.569677655438039,1.0970938248165327,-0.5597013362218615
['Fleetwood Mac'],[182900],-0.5130882858505375,-0.4536738213376799,0.13184250505895034,-0.004078102533544631,-0.015816948452201118,0.8553281322820809,-0.16650929117417376
['Fleetwood Mac'],[182900],-0.9391939072018648,-0.4658471576684441,0.12714649310071874,0.1809073107295424,-0.016500175754108202,0.5026372559502708,-0.15394342889939286
['Fleetwood Mac'],[182900],-1.3050145972559002,-0.4758600846344752,0.03906901363362804,0.3862059815318265,-0.5873910184879549,0.7239976292625588,-0.22998836437834838
['Fleetwood Mac'],[182900],-1.2900475867166867,-0.4027272147544704,0.13521482122724757,0.23737450640321534,0.19772215667178056,0.5347413129680627,-0.29615430119598335
['Fleetwood Mac'],[182900],-0.5513573709934649,-0.5177839010520333,0.1332114497709242,0.24255452987405732,-0.4712924564962854,0.6472698318144975,-0.0037116211785510685
['Fleetwood Mac'],[182900],-0.9760478120804215,-0.6566836689332941,0.22235423534343673,0.3092337820805159,-0.6101678359776219,0.7649836282122809,-0.20219116747888044
['Fleetwood Mac'],[182900],-0.2624180190089337,-0.5080885534260243,0.2461563409109092,0.0037381547358189483,-0.2785262615754178,0.4179526754624086,0.06479689365802757
['Fleetwood Mac'],[182900],-0.43425629115590875,-0.5658853057240396,0.15266263951816655,-0.1071255116325722,-0.32107063152321175,0.8857464882733475,0.1291337730490617
['Fleetwood Mac'],[182900],-0.37376271461040333,-0.23409237599638733,-0.030675258969574258,0.11545264605350529,-0.5581660491242053,1.3940999207011857,-0.628995774094417
['Fleetwood Mac'],[182900],-0.6680812795950775,-0.37103549740285574,0.2733182024644991,0.011274637588607575,-0.051566410895781754,0.5645821869610004,-0.03282374893776252
['Fleetwood Mac'],[182900],-0.5228804281740301,-0.24220330041737034,0.016691727327420622,0.4917910634893662,-0.5549641105893658,0.8932668505983574,-0.7200833277441403
['Fleetwood Mac'],[182900],-0.42681234357546727,-0.3533075058101931,0.11784717504419699,0.1255492723412188,-0.7007728583836352,0.5301128801105988,0.1519852381420571
['Fleetwood Mac'],[182900],-1.1703865454394138,-0.6844929047461576,0.046569545448814254,0.42175464713411087,-0.40570116166236575,0.7251905556038587,-0.18211939968993243
['Fleetwood Mac'],[182900],-1.1870842929391587,-0.5614764744168321,0.019567735619366162,0.24608513897957193,0.20609858880281273,0.6385158889411434,-0.12680760534512248
['Fleetwood Mac'],[182900],-1.0024786413003683,-0.2847315702704041,0.041034049408811994,0.17231340239290416,0.15502597795515075,0.41223801265294435,-0.03935062241405843
['Fleetwood Mac'],[182900],-0.5977641816714302,-0.4094190221293843,0.08663867934347858,-0.02658129336097229,-0.1140484849321684,0.8301900995177516,-0.021689815150984053
['Fleetwood Mac'],[182900],-1.1103448119395951,-0.3261936589113383,0.28807462875013323,0.16999359770517744,-0.3622945646642488,0.6317454273575757,-0.340819729514113
['Fleetwood Mac'],[182900],-0.9509759300247429,-0.620398470497891,0.08432764436981235,0.3219833522404992,-0.6250482537937606,0.6886445289841088,-0.09103790286128582
['Fleetwood Mac'],[182900],-0.8360432936618487,-0.42021412129224756,0.30756282796228995,0.0880732395723808,-0.03416788225838514,0.5215974727176432,-0.18938480631267957
['Fleetwood Mac'],[182900],-0.7772199124651895,-0.09672959251677946,0.0445233299727376,-0.0341560953209264,-0.0606180093682508,0.5455572212347658,0.1068323735664089
['Fleetwood Mac'],[182900],-0.1431824109132685,-0.40219420148792095,0.24599320530123467,-0.11710066659216409,0.05094205905521079,0.29455651409052136,0.05843425017873405
['Fleetwood Mac'],[182900],-0.9682654570882403,-0.17026188728931163,0.033863178044951155,0.35315148931532653,-0.8267026372855986,0.5015352618576475,-0.14410636378758843
['Fleetwood Mac'],[182900],-0.46619942333658204,-0.2624374404472772,0.13250193774185623,0.12754321563098645,-0.5300817908753479,0.3973091744871158,0.051427985499695544
['Fleetwood Mac'],[182900],-0.8062356000268712,-0.5239224785001814,0.12232912256840876,0.1346479319790817,-0.025314874271777858,0.5468313122467312,-0.11843451760450756
['Fleetwood Mac'],[182900],-0.4354091514575013,-0.3726080189696888,0.1626253244829024,-0.026154064653019223,-0.787191058996096,0.7630716811912321,0.0981919577917118
['Fleetwood Mac'],[182900],-0.7616218186016684,-0.41949374106497234,0.08158574336101056,0.3091773495413829,-0.6223478718777214,0.713096498600655,-0.3190702012023501
['Fleetwood Mac'],[182900],-0.4656326584524798,-0.24613394887356277,0.15438678571630232,0.013314223130450073,-0.05446334525866096,0.5891234757593166,-0.042139140440941046
['Fleetwood Mac'],[182900],-0.32383864725763345,-0.6475283526213897,0.19981884535082445,0.09738517915147107,-0.7051752654244265,0.5771254955669121,0.005168823964335987
['Fleetwood Mac'],[182900],-1.2899100293937837,-0.052070413006582564,0.5747406548935624,0.09551392274387034,0.08453584817806617,0.5283970728443326,-0.49100616853715895
['Fleetwood Mac'],[182900],-0.8152601500234378,0.44166370858648474,0.43915967405200196,0.2822202261331305,-0.5895493170548084,0.8099259495297005,-0.7645263242613481
['Fleetwood Mac'],[182900],-1.0261712271769985,0.09411162913792492,0.5729922299906653,-0.00803842560359021,0.13478680014339867,0.45082338169138064,-0.32548209173551335
['Fleetwood Mac'],[182900],-0.8923873465136617,0.12941150496446094,0.48647016722894865,0.41241212896972324,-0.551874040553993,0.883780795184052,-1.0328415618867899
['Fleetwood Mac'],[182900],-0.6546563732754693,-0.40172289229955666,0.2930117771479329,0.10013803495308894,-0.48099257430233316,0.7053043499608972,-0.10690242871399142
['Fleetwood Mac'],[182900],-0.9790566663941009,-0.6313090759446671,0.06609322485685054,0.34422639756741114,-0.7931055391970441,0.7582605895065943,-0.13477353988143018
['Fleetwood Mac'],[182900],-0.6073463220035369,-0.4714034777478815,0.04954656201140031,0.37556016130163006,-0.45299765885592314,0.5725044170047698,-0.2083358314708205
['Fleetwood Mac'],[182900],-0.7179583366066137,-0.42203611100904775,0.18516813783627672,0.10709725184669223,0.16195548772394833,0.5933047870200192,-0.2070531230227198
['Fleetwood Mac'],[182900],-1.1838178294732282,-0.4585683277339413,0.02067521483462428,0.28940934353233544,0.18819175752937234,0.43817610570650684,-0.25776540183639995
['Fleetwood Mac'],[182900],-0.21437871186187588,-0.1650853023195182,0.14379338883582693,-0.23577068143193392,-0.03626895403230931,0.49221594850337397,0.22145183726366469
['Fleetwood Mac'],[182900],-1.0327035731605434,-0.47784778629177976,0.05908438415188238,0.2273248557444858,-0.35569558980263566,0.6653688171081347,-0.08369661402986563
['Fleetwood Mac'],[182900],-1.1494584917963604,-0.5255038713306317,0.04499449174715557,0.3867591613640695,-0.6036549887168097,0.6756240532927509,-0.1909296591348529
['Fleetwood Mac'],[182900],-1.188139354542413,-0.38230767521181847,0.025890982031707848,0.31196705173039374,-0.2508064661550213,0.6160540296263269,-0.1469254875005392
['Fleetwood Mac'],[182900],-1.0856355678424197,-0.10504797946718286,0.038436512892724164,0.15782539488708666,0.18434055603718635,0.577799415236783,-0.222698526496135
['Fleetwood Mac'],[182900],-0.7518132660891701,-0.28343380872735263,0.5521092757806679,-0.12511331855489763,0.04879469670610297,0.6960918011124031,-0.27631608661500173
['Fleetwood Mac'],[182900],-1.017584252401805,0.04585644867514823,0.47303120027901335,0.18852198625811734,-0.6557630647628292,0.553752124596059,-0.26837296973414587
['Fleetwood Mac'],[182900],-1.0286231658893914,-0.5794368947811039,0.11322956296274873,0.2606604899678185,0.19100102451347142,0.5745704353598757,-0.1228834708611792
['Fleetwood Mac'],[182900],-1.281814361971147,-0.3472217449745326,0.12003549926309806,0.2673656948221938,-0.24872066418918862,0.6287999708928051,-0.2424850596339919
"['Frank Sinatra', 'Antonio Carlos Jobim']","[792507, 781837]",-0.5543544211902078,-0.10143719359127959,0.47101521599820634,-0.020867184810416876,-0.3436931898804169,0.5569600614684774,-0.11219051636143525
"['Frank Sinatra', 'Antonio Carlos Jobim']","[792507, 781837]",-0.4161945781127162,-0.45224034836423493,0.17671447971758647,0.10498961661955707,-0.31568240303323114,0.6765162601647073,0.14189960858018366
"['Frank Sinatra', 'Antonio Carlos Jobim']","[792507, 781837]",-0.4619631794548806,-0.4404090769385474,0.19621271791001796,-0.022353271614064453,-0.3376622423421501,0.624890199107182,0.05658379346786728
"['Frank Sinatra', 'Doris Day']","[792507, 189644]",-0.5815626170299925,-0.6576843250416118,0.3903914715380763,0.18877729357034442,-0.8410608586615324,0.7212423981311615,-0.1576256120984336
"['Frank Sinatra', 'Keely Smith']","[792507, 495784]",-0.659349253923074,-0.6592298075428583,0.37817673925738543,0.2061153993499995,-0.5737302156142435,0.5717455512290793,-0.23577760929491154
"['Frank Sinatra', 'Keely Smith']","[792507, 495784]",-0.6295600146557125,-0.4462738300008648,0.11409937084323868,0.03686810779501072,-0.5867608495238774,0.738123398177578,0.04021102878461338
"['Frank Sinatra', 'Luciano Pavarotti']","[792507, 579458]",-0.6333109888205031,-0.23914737552465015,0.10474992405531379,-0.09631675356264181,0.10765276800329886,0.5237481218673146,0.05803882812135781
"['Frank Sinatra', 'Nancy Sinatra']","[792507, 366407]",-0.6244216926351834,-0.19206857444530018,0.17776210046634425,-0.2368374699509245,-0.2443814478107228,0.8467481252479601,0.06920582763488616
"['Frank Sinatra', 'Quincy Jones']","[792507, 378624]",-0.9433321850782931,-0.3049110733286057,0.20995344744500677,0.08788278289634906,0.07063210819063535,0.5810323188676774,-0.1067712991544696
"['Frank Sinatra', 'Quincy Jones']","[792507, 378624]",-0.7469654290544943,-0.38280392830872845,0.19372415769152682,0.16002812489096338,-0.7564585182068889,0.6298516583277154,-0.09134979212040466
"['Frank Sinatra', 'Rosemary Clooney']","[792507, 345734]",-0.4515943805395181,-0.7272075575479902,0.294163132177004,0.19859742838541108,-0.7665049033320389,0.6425903763299513,-0.03339473056331837
"['Frank Sinatra', 'The Charioteers']","[792507, 762921]",-0.46786515377533583,-0.5698995569447861,0.2851172091931796,0.011443719552821549,-0.3203136554912788,0.7000315147546844,0.0479448122891925
"['Frank Sinatra', 'The Charioteers']","[792507, 762921]",-0.11801396999670721,-0.16566390951515295,0.278192721731373,-0.07615641627180621,-0.856663217854324,0.41816073170767076,0.0884268028854594
"['Frank Sinatra', 'The Pied Pipers']","[792507, 483334]",0.0795118028030059,0.08526846699765313,0.2580802803631236,-0.011024574850087388,0.12297373756535163,0.564785029664831,-0.4932433938613781
"['Frank Sinatra', 'Willie Nelson']","[792507, 583959]",-0.6886271455839537,-0.24024925523757917,0.0796794243342273,-0.046159028433635854,0.11754915768793603,0.5356299688627026,0.054459954102143736
['Frank Sinatra'],[792507],-0.2563615935820556,-0.05160483922649322,0.14753551363780287,-0.06272914368456962,-0.7446825208207055,0.4804156965984361,0.10593084356792248
['Frank Sinatra'],[792507],-0.2961240466188736,-0.11976913073791716,0.20122066513075582,-0.017336670405822992,-0.5818540564789052,0.2223683320830893,0.02514750816901412
['Frank Sinatra'],[792507],-0.10434191065256221,-0.31691808801598925,0.39301354709153896,-0.062247642219601704,-0.30639007643088545,0.3545686152221212,0.02551619900763924
['Frank Sinatra'],[792507],-0.2567459229809442,-0.08459614224356432,0.35330085591508564,-0.12003310930247729,-0.3968786624983523,0.3739880266813637,0.010725899828508405
['Frank Sinatra'],[792507],-0.24097098845035383,0.054889398343302066,0.2963211162116546,-0.3598127105850973,-0.13473343986302352,0.5689054503205867,0.1394760024096437
['Frank Sinatra'],[792507],-0.2692126830353468,-0.12660064757260858,0.14996369327459053,-0.003537650713167925,-0.9311109166471072,0.4119416215448891,0.08735066883381912
['Frank Sinatra'],[792507],-0.8616873124604961,-0.5787696164741218,0.2537454958805955,0.17524143104003875,-0.285249840825903,0.6409562755309663,-0.19624664595005745
['Frank Sinatra'],[792507],-0.745772484490089,-0.0922785400768689,0.25395826562817303,-0.016580191550155533,-0.5130524732380398,0.598783495148477,-0.0892107070947737
['Frank Sinatra'],[792507],-0.7467934888836705,-0.40100337573969086,0.28213098389027413,-0.0681872324378542,-0.47888227393092814,0.9313638674335043,-0.06911511544624523
['Frank Sinatra'],[792507],-0.15761413985963574,-0.1025208755906951,0.2382274325235849,-0.12065379618646714,-0.41027343542505534,0.32479989313949276,0.08119978455452713
['Frank Sinatra'],[792507],-0.23129572319184516,-0.08049138613231802,0.19502932768425885,-0.07801269218524237,-0.3146307195067501,0.23573701825777474,0.028338556968756225
['Frank Sinatra'],[792507],-0.5269005630365795,-0.6025863626781226,0.26361089655359526,0.006126851796127357,0.1271538846800167,0.583001203121795,0.02581703091447797
['Frank Sinatra'],[792507],-0.18821917314708056,-0.10614622449692936,0.27446020884611866,-0.18402199919256426,-0.14350312677351598,0.2905181119061844,0.051705953627306823
['Frank Sinatra'],[792507],-0.15711717884561555,-0.15122382547772623,0.25606809462375263,-0.13686995205596303,-0.23449602635563271,0.26093496094325047,0.0667125913760331
['Frank Sinatra'],[792507],-0.22865298661439062,-0.14858198096588326,0.3324542355561766,-0.22386697919280574,0.050308861712191406,0.38369546170719276,0.06776580787955576
['Frank Sinatra'],[792507],-0.49701110263330245,-0.4594369524374282,0.209671451390352,-0.0011855621361013082,-0.3389418326176291,0.579088585734462,-0.01882558204904215
['Frank Sinatra'],[792507],-0.2518056734611206,-0.1524341606269869,0.14840850778391698,-0.1209417294776726,-0.4016782155909311,0.34427478228364156,0.09398362217386017
['Frank Sinatra'],[792507],-0.1557167182013902,-0.14426143615801004,0.23737430142891539,-0.21286812544333897,0.03296037675483532,0.28355309473441515,0.07054818544416785
['Frank Sinatra'],[792507],-0.1807222509474933,-0.3154634742455617,0.21339879837936845,-0.02942821381888797,-0.6581984706070887,0.43805475951180334,0.06991835939007263
['Frank Sinatra'],[792507],-0.8058029336570937,-0.11479944934171395,0.2863698843571496,-0.05981432505272563,-0.3354351406920153,0.5308381863399227,-0.16093293465002984
['Frank Sinatra'],[792507],-0.8847587658784353,0.38236081439335357,0.1639232909534952,0.045618474847505475,-0.038429697668774444,-0.19637695617978765,-0.3029929926723109
['Frank Sinatra'],[792507],-0.8358988015620862,-0.08709348637870358,0.3240627174960896,0.08187580377240147,-0.24714504222004863,0.33975109179504254,-0.20251647543990137
['Frank Sinatra'],[792507],-0.8175133145812148,0.2734517882597195,1.260012100087529,0.037529417516663714,0.02074604280821886,0.4725058702742443,-0.08663147920278642
['Frank Sinatra'],[792507],-0.23861076477712523,-0.0642305305165059,0.13986977705353684,-0.245364119031817,-0.39731853786468796,0.5608511259051234,0.21940488554559356
['Frank Sinatra'],[792507],-0.30850902227674437,-0.044145961992038844,0.17344147738717489,-0.05636378235644955,-0.40566528698961335,0.19787872678367568,0.029660067977294848
['Frank Sinatra'],[792507],-0.47026242072724567,-0.2400195337009319,0.15213695841675992,-0.09945148407835096,0.0801286613245838,0.37502077536963513,-0.02891485612381039
['Frank Sinatra'],[792507],-0.9199694203282358,-0.5551774504768007,0.09768153670963603,0.09136748063790168,-0.00608231031157029,0.7184509204188154,-0.07990264136228975
['Frank Sinatra'],[792507],-0.28986861107365225,-0.15211543446580705,0.12001296789019207,-0.06392552658557205,-0.8278423582509602,0.5737731224358528,0.16178373542708172
['Frank Sinatra'],[792507],-0.3654427356586588,-0.26011670171874934,0.36485350312057674,-0.02539606502043832,-0.6419237594008255,0.47063588008260543,-0.08614245850425295
['Frank Sinatra'],[792507],-0.36535265102939424,-0.06755914172702994,0.30897294801216096,-0.1211780352074779,-0.47852765306132117,0.4074603282716617,-0.033722695602541534
['Frank Sinatra'],[792507],-0.14740450550217887,-0.23001665110327163,0.3642811993368346,-0.1691417484537587,-0.22709328527442774,0.3682799964950073,-0.011929320189846061
['Frank Sinatra'],[792507],-0.23074299298910925,-0.03822233674403703,0.11642560525127442,-0.0915507016246162,-0.40459799662838836,0.314629844511823,0.14289759873051233
['Frank Sinatra'],[792507],-0.49390006115902474,-0.03346548019429825,0.2529511445090627,-0.001429574559045665,-0.5484682482805907,0.4332488731310937,0.01064982249499088
['Frank Sinatra'],[792507],-0.36514988329979453,0.01292702065481778,0.2503373779095297,-0.14464319590602395,-0.22393209025411775,0.2608248874921384,0.003754687892209757
['Frank Sinatra'],[792507],-0.3484905326231276,-0.029313316112185708,0.1342608129575074,-0.15673343294456835,-0.8306126226610239,0.6496150463517754,0.17054971954803505
['Frank Sinatra'],[792507],-0.3376683869635398,-0.08288615293419699,0.36701631159361325,-0.14838879848940625,0.05118117990217692,0.2625198097746104,-0.04566205032677163
['Frank Sinatra'],[792507],-0.34792215786909714,-0.13375151733832566,0.3129110012116127,0.025208570950770712,-0.9176249663442796,0.430339347525798,-0.09206283573738894
['Frank Sinatra'],[792507],-0.27875642685116675,-0.12890049468764736,0.19209652009781705,-0.212698740482733,-0.12436161351051123,0.43854367937673316,0.13492889826446047
['Frank Sinatra'],[792507],-0.20343115717966026,-0.057404491287790495,0.32852367227518026,-0.12187832517178339,-0.5009075068098782,0.3272021102686074,0.008037598279831151
['Frank Sinatra'],[792507],-0.7094610741491534,-0.5258336550095344,0.3520880042672273,0.04387146640072143,-0.30219135640538647,0.718490508494184,-0.1631613953492599
['Frank Sinatra'],[792507],-0.5696831945154434,-0.6038636042055808,0.186914954738447,0.04930403372924277,-0.31296207754005945,0.7052714001911444,-0.022285921268457614
['Frank Sinatra'],[792507],-0.1517698729272831,-0.16645887762361933,0.13243288581088536,-0.12045888304011283,-0.8460403970597018,0.5686053069351863,0.18519994542263404
['Frank Sinatra'],[792507],-0.6879829844754313,-0.5306557252213441,0.2583560107532511,0.11466601159229463,-0.7470746396961537,0.8027569885233808,-0.08413695576303455
['Frank Sinatra'],[792507],-0.2270353695279687,-0.15490876192737352,0.21414880176171264,-0.11315617797768385,-0.13402981524387764,0.26926795460985736,0.07729214638974148
['Frank Sinatra'],[792507],-0.9993235444559718,-0.011908657795561774,0.47673257764628707,-0.023527177506614774,-0.03624034782994326,0.5780174639150696,-0.19102480924091428
['Frank Sinatra'],[792507],-0.34744199312888807,-0.08574145287786465,0.13342837641563302,-0.16006382204436126,-0.9139996256097459,0.7026846287144434,0.15930618580374756
['Frank Sinatra'],[792507],-0.6097817423405041,-0.3778749820486408,0.16368352020058374,0.0758960258877166,-0.3387369606730633,0.4156614637947752,-0.055219275131077224
['Frank Sinatra'],[792507],-0.9295681102712628,-0.4185713274452151,0.18942230522997938,0.10685375630431747,-0.28758855420197516,0.7138790896305,-0.0658563335436178
['Frank Sinatra'],[792507],-0.49017388730838013,-0.40093661820488685,0.20331819381994393,-0.06182547649915536,0.1016339657811054,0.48123679197613933,0.02960755990940676
['Frank Sinatra'],[792507],-0.12160503529481866,-0.46067797895473744,0.2909872849010761,-0.07336387284035543,-0.11306825731230802,0.4372966182956449,0.06950955359624703
['Frank Sinatra'],[792507],-0.380725273373089,0.01981730136275526,0.0808611922882797,-0.17452915765448737,-0.8341679027189025,0.6191668279952945,0.18421415962475568
['Frank Sinatra'],[792507],-0.24348726945111296,-0.1359893482592002,0.17497733867925114,-0.09502863815453857,-0.6727825503158471,0.3732051723743817,0.06050212675582426
['Frank Sinatra'],[792507],-0.2170881622959297,-0.07144154951006104,0.3147818023761739,-0.0312911195879501,-0.41095459947362645,0.16301858181694925,-0.043649081966326594
['Frank Sinatra'],[792507],-0.19773108751983973,-0.19202147662727756,0.1753202008866944,-0.17475414549798218,0.04108942048049037,0.2933371037207897,0.11065072445447015
['Frank Sinatra'],[792507],-0.6104731930634265,-0.5802481797064304,0.2287652219421693,-0.007049629214792433,0.13250730317012935,0.5992972176902178,-0.06814697945836465
['Frank Sinatra'],[792507],-0.3637857665048606,-0.132040365873197,0.21225224578395022,-0.15320238985468806,-0.025778334374748395,0.39111559724960215,0.07117603214485586
['Frank Sinatra'],[792507],-0.3033185019377673,-0.08966501549519505,0.15344365610368418,-0.038478445636885135,-0.7506483989667807,0.4138936319360883,0.10323011677026153
['Frank Sinatra'],[792507],-0.41224665761680723,-0.07475798913298712,0.26538374391574576,-0.1131821711227181,-0.3782759379833897,0.4811033371050535,0.028008448562649432
['Frank Sinatra'],[792507],-0.4450049256499635,-0.448243440435482,0.16633274754618793,-0.02942775294875558,0.1050878273135725,0.497897993247334,0.06737126505256995
['Frank Sinatra'],[792507],-0.8241703981827628,-0.6898605364715136,0.370230348468092,0.05868295644596259,0.08537897063669865,0.7551478314839339,-0.21527978380483784
['Frank Sinatra'],[792507],-0.6041519289592651,-0.47170197021755,0.2751747254397629,0.0311272573823431,-0.40483907495816723,0.7021580197026434,-0.031699415953323276
['Frank Sinatra'],[792507],-0.24350577910651666,-0.19367751228288688,0.16752456255824044,-0.1550933287465533,-0.12636679936997625,0.36869346612000553,0.13605450189996549
['Frank Sinatra'],[792507],-0.2430424280645139,-0.1523411824503506,0.16654867907652968,-0.2091332945034998,0.05012721856401957,0.3679895570031847,0.152638688464404
['Frank Sinatra'],[792507],-0.17380977299432468,-0.09861741411520498,0.18801217015909022,-0.11592048435421669,-0.4164054925509721,0.264367510011731,0.07542695065859124
['Frank Sinatra'],[792507],-0.2279425164350161,-0.14568430449774544,0.16455094304051884,-0.17872655079312294,-0.04904396240183611,0.28467523448994475,0.09853641221080893
['Frank Sinatra'],[792507],-0.9580503585165189,-0.5078767265199466,0.09216174993894194,0.15410755540466778,0.07599691232353788,0.548700121375745,-0.07925587706763465
['Frank Sinatra'],[792507],-0.6215214727604721,-0.015147714404819705,0.6481885137214882,-0.11699369354408296,0.08243642433899118,0.3159860950399883,-0.27824815328613955
['Frank Sinatra'],[792507],-0.7479110309283098,-0.52488414761476,0.17738057574866073,-0.010257568240897559,-0.38409449449846705,0.8564167057868795,-0.05744556496568333
['Frank Sinatra'],[792507],-0.3774217337981076,0.05515737971551846,0.03444087422657014,0.06857956429220952,-0.44228822970011283,0.4107818583672304,-0.12590255651574594
['Frank Sinatra'],[792507],-0.13681318632503514,-0.040464892005491714,0.17466310058355725,-0.19782720316734695,0.024181653800857756,0.1946076891581643,0.12609389231818188
['Frank Sinatra'],[792507],-0.18404179735792092,-0.16509369434507035,0.2851636133615282,0.00015551545957137393,-0.9328459864747383,0.42869719120677563,0.037097746436083504
['Frank Sinatra'],[792507],-0.3059535028429677,-0.21789530277206853,0.14309510596593003,-0.031335568171388425,-0.5711106127104438,0.3553012022017026,0.040437104066995785
['Frank Sinatra'],[792507],-0.3871683395592558,-0.02253076914447348,0.13451970257107715,-0.29389228044204035,0.06025775699096656,0.5136293409411699,0.16191223945274225
['Frank Sinatra'],[792507],-0.17689941837292417,-0.14618625579225006,0.19013902863064644,-0.050095931642247925,-0.9426183822843249,0.4145312889698895,0.09379331706448928
['Frank Sinatra'],[792507],-0.40623047094003384,-0.061342584824080525,0.12012627049330875,-0.03670313351613206,-0.8296157587720517,0.4555701315074138,0.08708467496113036
['Frank Sinatra'],[792507],-0.13236734499951092,-0.1885303866741051,0.18273651630775653,-0.16097513198602023,-0.05468881068457433,0.27089285172442545,0.10131847436411327
['Frank Sinatra'],[792507],-0.8565118854007838,-0.4213703790836374,0.2706016855685388,0.11010371956720413,-0.3857402934819619,0.6375973690571193,-0.16107786108641572
['Frank Sinatra'],[792507],-0.17772255491450942,-0.06044268578259931,0.17044076524558788,-0.14275341123314994,-0.33008967884427354,0.24108533049759015,0.1044155627497058
['Frank Sinatra'],[792507],-0.1776473564761305,-0.10151239793642361,0.31077398363676134,-0.20099218418516837,-0.05697534971684869,0.27497471194379336,0.021154860436166597
['Frank Sinatra'],[792507],-0.22214100784926438,-0.18252224689271346,0.1752932928033231,-0.15482046939347358,-0.13618315366349307,0.30595804211095157,0.07079881556582861
['Frank Sinatra'],[792507],-0.2500975427634148,-0.09341022808248851,0.1368047752704077,-0.19022759551950982,-0.3964296565202204,0.49268197467890784,0.1896546319440437
['Frank Sinatra'],[792507],-0.2821872930309688,-0.012427821800850808,0.29697654468404805,-0.16241677344117086,-0.22955736595030718,0.2767210317370289,-0.009990248132134503
['Frank Sinatra'],[792507],-0.6956202177183465,-0.2507724642400199,0.479491168351681,0.07588837863564164,-0.7763049321971518,0.6215874091399185,-0.3122973227552745
['Frank Sinatra'],[792507],-0.5629338330427005,-0.20033395063136472,0.2736819408570045,0.03339363344464796,-0.3461898849037241,0.47984987852948313,-0.03417547686261769
['Frank Sinatra'],[792507],-0.7459685256317751,-0.3445707854936151,0.4935252628200721,0.23572646216299062,-0.7555476123389623,0.6074557628491603,-0.13573553841862449
['Frank Sinatra'],[792507],-0.7690668075024971,-0.3945498336635097,0.10852789376537389,-0.012329041494263603,-0.4815013951402218,0.8205538836267045,-0.00487301506157909
['Frank Sinatra'],[792507],-0.4621206097526551,-0.0797742424042962,0.15982707512329888,-0.07255250165521068,-0.549256566386714,0.4868044977893653,0.07349524220328921
['Frank Sinatra'],[792507],-0.6140626201103944,-0.4140898623087071,0.31567175280712817,-0.04197753775786907,-0.06129869419461899,0.5519241417058136,-0.05096585654162097
['Frank Sinatra'],[792507],0.008306117068631602,0.2474501785067725,-0.004005199699079928,0.06950125449444379,-0.028229089124636394,0.6495168643242276,-0.531830606275203
['Frank Sinatra'],[792507],-0.15815049746300272,-0.26013275384923085,0.17252852228438512,-0.05237417685547974,-0.7641166522736474,0.3774539058694383,0.09062095958413183
['Frank Sinatra'],[792507],-0.22802852845129723,-0.11265396033142777,0.205480404137892,-0.16335207495604984,-0.22978440520285254,0.3098529224129092,0.04650242686158577
['Frank Sinatra'],[792507],-0.526484767796318,-0.34212755454580546,0.1886198541569153,-0.008123277290336569,-0.17324234306150452,0.41722605725388184,-0.07952478234730151
['Frank Sinatra'],[792507],-0.6522505835086915,-0.2743614946871831,0.309180581758064,-0.04810929061458801,0.11431182781118775,0.5264005554369574,-0.07467166233483892
['Frank Sinatra'],[792507],-0.2845439662378181,-0.22437999893929614,0.19694155669809862,-0.06704081904972746,-0.21128652430664185,0.3053270588547285,0.055742540282901626
['Frank Sinatra'],[792507],-0.7120945132536962,-0.18887859591726175,0.0794373616827592,-0.009154621939460246,-0.6084389724321468,0.5611733346235139,-0.013499662042092901
['Frank Sinatra'],[792507],-0.2726158195920585,-0.25767413547527807,0.19676796802464416,0.005066072549605416,-0.8354879630539437,0.4116551048166054,0.044473068217615264
['Frank Sinatra'],[792507],-0.12063641105310162,-0.18146974512041184,0.20779950906450514,-0.19686036614994432,-0.05595280674290417,0.29806100772207506,0.10426889745256677
['Frank Sinatra'],[792507],-0.7894937396562642,-0.4755152649271372,0.19665797148698205,0.00853653804981587,-0.47091333490471704,0.8639534113724283,-0.07826417324893678
['Frank Sinatra'],[792507],-0.3814631428568241,0.02842543585035618,0.09685227015616277,-0.03438614490073241,-0.13373981616442163,0.15006097989927392,0.05717577574840643
['Frank Sinatra'],[792507],-0.21582826795866641,-0.20364161080394466,0.21905072226308875,-0.18739402472444375,-0.04371934246644675,0.33578931026943015,0.08213070752453829
['Frank Sinatra'],[792507],-0.234087095131857,-0.11558308243162206,0.16858610927423864,-0.12246154782896089,-0.6687456488434077,0.4453184902033522,0.1298517592376548
['Frank Sinatra'],[792507],-0.2729527206083554,-0.11886367811953429,0.2712793586188847,-0.14553814252452957,-0.22146249135163673,0.3265799375212544,0.000948767696934183
['Frank Sinatra'],[792507],-0.535252812624065,-0.5068727739549608,0.1662775736140248,0.09803056626945039,-0.5931594565371584,0.6161891496052627,0.045350488336417714
['Frank Sinatra'],[792507],-0.28335546487306035,-0.20451512951094447,0.16783108231571625,-0.11629056743172234,-0.037729783234937746,0.2853954696264114,0.05702291014346652
['Frank Sinatra'],[792507],-0.24128463264359568,-0.09439445938666492,0.17949000188766784,-0.16445336876309605,-0.14073102525061035,0.2715165105449766,0.08425755862260963
['Frank Sinatra'],[792507],-0.3476473180544857,-0.21270396138191752,0.14859646703400256,-0.06207591473469856,-0.11451504443526156,0.3123457377100662,0.07420765639310649
['Frank Sinatra'],[792507],-0.42299031520186997,-0.24558235837752201,0.18150609991245006,-0.01721935741529147,-0.9059764900430881,0.5405449860982101,-0.021319898449009313
['Frank Sinatra'],[792507],-0.6622714720277737,-0.430060788046867,0.4024325755492633,0.044269255654382486,-0.40648536822770914,0.6297766794566844,-0.1591970979763296
['Frank Sinatra'],[792507],-0.42562383580553476,-0.3794540413064512,0.185464062558623,0.007777862479759204,-0.2645395549963227,0.4761481060707585,-0.007902999873026156
['Frank Sinatra'],[792507],-0.4016696972321745,-0.28741216354098126,0.15994376928160198,0.0746077111492552,-0.902250490161876,0.5014163698444951,0.0030179675860265726
['Frank Sinatra'],[792507],-0.19937990865223063,-0.07708564198160532,0.24252782065103554,-0.22834787858091188,0.03331760388188814,0.265483025297,0.06764629403376479
['Frank Sinatra'],[792507],-0.5908132299317808,-0.5857063958486092,0.3277041607199413,0.08840543657460077,-0.7536304868701632,0.8117272010571089,-0.05850201405875494
['Frank Sinatra'],[792507],0.04109967071469023,0.14989687000544052,0.013483673452954884,0.1265367759237771,-0.6833309997576057,0.6250899380055986,-0.3964438805710367
['Frank Sinatra'],[792507],-0.27291161115325563,-0.11858251933532378,0.054635802605424416,0.12677483294482247,-0.18750138994912943,0.7419248983164035,-0.4210548648125416
['Frank Sinatra'],[792507],-0.18723378536679133,-0.09973701579921267,0.18537194391072684,-0.017793927754523698,0.0766693224620679,0.35125538964556563,0.20135929156016444
['Frank Sinatra'],[792507],-0.26211725888116894,-0.2011054051450096,0.2345502236050585,-0.09897174137244606,-0.4686803019560253,0.5168456083030437,0.13756024461942323
['Frank Sinatra'],[792507],-0.343086039947466,-0.08947979909763248,0.35089711890553527,-0.22515991632043222,0.05830528900555618,0.40692976409658044,0.011959197464474483
['Frank Sinatra'],[792507],-0.19472728627916364,-0.10865694818699206,0.17554858259098777,-0.1484367744243826,-0.49849094435192953,0.37652420834016737,0.09785415883185963
['Frank Sinatra'],[792507],-0.2034814056036162,-0.1420626997089721,0.15619354766870266,-0.17658763986738235,-0.05484641831354707,0.2534286583116712,0.11022127695544127
['Frank Sinatra'],[792507],-0.7533579559843022,-0.4972893656338814,0.27275993465057335,0.15120638907702197,-0.48124270154598076,0.5883638926093399,-0.17260373701833517
['Frank Sinatra'],[792507],-0.6425498985262939,-0.5362372990782807,0.25697723438856224,0.019269577086958357,0.04449753337382298,0.604064161540243,-0.056564750605220926
['Frank Sinatra'],[792507],-0.58047063247786,-0.5178329691232574,0.213276358524636,0.18754615874226363,-0.5917733648740252,0.5119115301841376,-0.12208995283623611
['Frank Sinatra'],[792507],-0.305395336861523,-0.1443490773715691,0.24494647416420753,-0.12636764562515862,-0.12743957969729597,0.3162239240693239,0.023451026244054523
['Frank Sinatra'],[792507],-0.33375697021212863,-0.05981199406805725,0.17816830500148095,-0.1631095328700256,-0.3909214400901402,0.4587612815856362,0.12026796552052235
['Frank Sinatra'],[792507],-0.1055403377332324,-0.032433521999890524,0.12341798751632013,-0.021482416504940465,-0.457383588855966,0.4545648959290518,-0.15725099685735605
['Frank Sinatra'],[792507],-0.9036106342051713,-0.14014416669783425,0.9045383558696021,0.032993072760264676,0.05098176947286861,0.49761297586463554,-0.4138727720985636
['Frank Sinatra'],[792507],-0.387489650287142,-0.5682854444289949,0.2742198896035064,-0.1537628753768793,0.12018068713655479,0.81720860379902,0.17023896903322738
['Frank Sinatra'],[792507],-0.24323268347371937,-0.19001675722541278,0.1869288850473973,-0.030582645735789737,-0.8454680544301589,0.387047408931282,0.04903291874216747
['Frank Sinatra'],[792507],-0.2409251043656507,-0.16407080578554753,0.1973584573064266,-0.14435857670729182,-0.39472671015768934,0.4361239289204009,0.11264850793336016
['Frank Sinatra'],[792507],-0.37139435139486693,-0.215485388728152,0.24354335819607265,-0.04359844993974745,-0.8275036611563891,0.47341493412734253,-0.014268511855238893
['Frank Sinatra'],[792507],-0.21549858311274578,-0.283117409873316,0.19852925647214667,-0.11910352506841233,-0.212299249860083,0.40602857427108086,0.07720867184067737
['Frank Sinatra'],[792507],-0.7400568612237858,-0.28466264444049527,0.11351847182130065,0.071288202320462,0.0225750616620549,0.3164983696983744,-0.07182335487826552
['Frank Sinatra'],[792507],-0.297552671199825,-0.06869162674985159,0.6440472057035943,-0.2865661449547747,0.06346514891550095,0.5466763380983409,-0.08300398456993298
['Frank Sinatra'],[792507],-0.24655564820034098,-0.1369889476265486,0.2108464542923392,-0.07209433346696027,-0.40140416887246627,0.2875660288182512,0.049946290387676215
['Frank Sinatra'],[792507],-0.5779640097251282,-0.33284492108098157,0.2501554715517636,0.07671791832342607,-0.7791470839549959,0.6268019482619117,-0.020988914210785917
['Frank Sinatra'],[792507],-0.30572923545557223,-0.20117068578429295,0.13896507404914032,-0.07740843634789343,-0.2109901547044832,0.32588225877719995,0.09429057384609071
['Frank Sinatra'],[792507],-0.5953300469109315,-0.25662267222222657,0.11698912044205716,0.0629716279489921,-0.07748754557076959,0.3513182679092193,0.017049220378001283
['Frank Sinatra'],[792507],-0.26591221841863827,-0.27382222340468804,0.16827147277509458,-0.15894830850623873,-0.10324111404070324,0.5696644430854768,0.13354004915104334
['Frank Sinatra'],[792507],-0.5358596274594181,-0.2992673128131341,0.13769826568131624,0.1876190030449153,-0.6137435478811947,0.3736209119062308,0.009728723185667726
['Frank Sinatra'],[792507],-0.35059289645931635,-0.1688569459029752,0.17849602453601693,-0.10069280597653789,0.05983485838246003,0.27502661557047575,0.04672484151229557
['Frank Sinatra'],[792507],-0.3245227446952821,0.10914044252152533,0.3144406235192438,-0.3236643127328012,-0.308845945247211,0.5752426858165651,0.09009524612041901
['Frank Sinatra'],[792507],-0.19898902347513778,-0.1914851576555691,0.20877285160270936,-0.17033030025103185,0.044591002676733875,0.2899144966939374,0.10823823246949123
['Frank Sinatra'],[792507],-0.32369494331668713,-0.22463315477195656,0.27969584678563547,0.028537776798591426,-0.9184303657177116,0.4305890204733333,-0.010200905786624356
['Frank Sinatra'],[792507],-0.3565347396747488,-0.33173741622941655,0.1958457124321212,0.056766630462395475,-0.5305322353528034,0.5094577217626636,0.0844841940880859
['Frank Sinatra'],[792507],-0.6140980303372089,-0.6888887556002952,0.35143214208067,0.22426554770343565,-0.48326815631569064,0.6467123632220743,-0.06519417147920765
['Frank Sinatra'],[792507],-0.2215324650546041,-0.18072826725441216,0.21578153688659413,-0.11915219494968755,-0.13648288921512552,0.25372707555281515,0.06035714012901745
['Frank Sinatra'],[792507],-0.5831236180048724,-0.45057598056970044,0.14264312568261855,0.049970063019645225,-0.7691453238610575,0.756214843156201,0.014079745983012407
['Frank Sinatra'],[792507],-0.3281571519945148,-0.13783267103214747,0.23633889758595825,-0.16584978676866602,-0.20941528622452218,0.42113036197833076,0.08452976628936912
['Frank Sinatra'],[792507],-0.32757256980475213,-0.37818868866247785,0.2197253722759817,0.05920300071614427,-0.5278193366306454,0.5517318152636543,0.07118620313203773
['Frank Sinatra'],[792507],-0.6761365219449647,-0.11773604730151521,0.11789961646529937,0.057315600485710945,-0.7110793175252309,0.42329095179197,-0.06244135109170765
['Frank Sinatra'],[792507],-0.5924057490521326,-0.505496265446984,0.3847969319501152,-0.004430612812330074,0.12936566068179603,0.5806098665478178,-0.09569823955768957
['Frank Sinatra'],[792507],-0.6806387555170796,-0.3995830726918717,0.1576614682619405,0.013034374041302943,-0.14074872648247144,0.5931073186882149,-0.031201041248502107
['Frank Sinatra'],[792507],-0.9462974565830407,-0.2147887265605884,0.5198841558063794,0.06337528385381296,0.14603038939856602,0.5122472755685357,-0.3059224051101467
['Frank Sinatra'],[792507],-0.13547825042086634,-0.24314730676139085,0.23261802476998714,-0.1385012965944079,-0.4040217122453469,0.40436504638621396,0.07113074450813149
['Frank Sinatra'],[792507],-0.5689528493801151,-0.4511571180277801,0.27487423532336797,0.006769577987567406,-0.32369418116968973,0.632899813076471,-0.01271035628254151
['Frank Sinatra'],[792507],-0.844048807894934,-0.21955727446456036,0.13138856785567282,0.07248036261702202,-0.5730658770812049,0.6815796201369482,-0.026609618304801737
['Frank Sinatra'],[792507],-0.32080962434922455,-0.37137543992902494,0.5048407999253999,-0.14475698239837995,-0.003671214878877601,0.5420707419743945,-0.0694625031153119
['Frank Sinatra'],[792507],-0.1576181510663084,-0.10463440771976558,0.33845567166326734,-0.21419261559732922,-0.14366804419532253,0.34212312094258857,0.04477649419139152
['Frank Sinatra'],[792507],-0.15900294991814115,-0.43812760510440724,0.2532213471422302,-0.02520603273018795,-0.2050523757387777,0.35435524105805627,0.07637986447627138
['Frank Sinatra'],[792507],-0.2596281646888853,-0.20535947289430032,0.2278515199097649,-0.13022733215800072,-0.21340470985566307,0.3628180930955343,0.05918305128506851
['Frank Sinatra'],[792507],-0.5842038076301931,-0.559187001682304,0.243699593175985,-0.07873089016054095,0.13028247483733557,0.6760502176312057,0.01740625890442634
['Frank Sinatra'],[792507],-0.4598304489025644,-0.3190405982179102,0.7094920689413601,0.030528474005798605,-0.7209207308442065,1.0823193399014073,-0.4412345821692758
['Frank Sinatra'],[792507],-0.25466052055231025,-0.11177813222387127,0.5976672876145468,-0.20446149892628315,-0.01531128016516799,0.5101118509543904,-0.20600441317716098
['Frank Sinatra'],[792507],-0.5014414729193885,-0.38825235617459647,0.4744060986315749,-0.14083109309616812,-0.1619576474708029,0.6690339299253558,-0.08991612734782732
['Frank Sinatra'],[792507],-0.17004333599135912,0.16494848449999383,0.5291118561844766,-0.004856907897922435,-0.40344280420600087,0.7112302186468205,-0.6275867861228172
['Frank Sinatra'],[792507],-0.3916702981855245,-0.2904722929481963,1.1552511876709006,-0.032879124281702324,-0.0764330678800078,0.7004685656977953,0.01581455440015203
['Frank Sinatra'],[792507],-0.37938665534542976,-0.02035731087798702,0.6670763564031643,-0.1579870185183661,-0.29459798463922127,0.4136698128319976,-0.20972640756559902
['Frank Sinatra'],[792507],-0.15085564862795045,-0.10283223777799189,0.3464215223362341,-0.034835110783605606,-0.7068884964324236,0.6978210689731466,-0.2150678409181437
['Frank Sinatra'],[792507],-0.2790943091117038,-0.07930214231467,0.5286177849555074,-0.22178773735614696,-0.13327231960469477,0.3618821857030034,-0.10789217162241113
['Frank Sinatra'],[792507],-0.5046717502093947,-0.27006941662270945,0.7631689969276392,-0.11169009999499785,-0.7813101045335511,0.9045293924910528,-0.14571172059396803
['Frank Sinatra'],[792507],-0.23568317795433286,-0.1300862579997639,0.7359761685567954,-0.17802079366480697,-0.39337277366182694,0.47884514594422606,-0.21880859597116598
['Frank Sinatra'],[792507],-0.3601161879146992,-0.16487438893654618,0.3204877234388291,-0.038765042197848654,-0.7132558827829361,0.639728531042646,0.0934576312595196
['Frank Sinatra'],[792507],-0.5293332115055499,-0.22172679499890324,0.794293253527888,-0.012061815823199372,-0.7015566525318847,0.6100731890614258,-0.28812776577177523
['Frank Sinatra'],[792507],-0.3885658705240544,-0.31926520422421095,0.8891998637723798,-0.059321800523549004,-0.5289758263233716,0.696985673364361,-0.18558892710839292
['Frank Sinatra'],[792507],-0.13420774537036825,-0.22135810949566212,0.22979915325475148,-0.24395128702977922,-0.04133711602750423,0.47065097707849946,0.16462356581835205
['Frank Sinatra'],[792507],-0.6383956006824999,-0.3395299079772354,0.61782756364356,0.008430303857716712,-0.6782889732811225,0.733054517730599,-0.2449998215896584
['Frank Sinatra'],[792507],0.03631796701953593,-0.08688364562622042,0.18166963745813214,-0.15047185188331916,-0.03227668560704228,0.42100881789101086,-0.054831813838141154
['Frank Sinatra'],[792507],-0.2561308797029042,-0.04162006847380295,0.2065720689202831,-0.33169110182562944,-0.1263986002277013,0.5927277438546026,0.18758975928009478
['Frank Sinatra'],[792507],-0.11434974130740604,-0.1940119495397639,0.20263720110803696,-0.16324563908627227,-0.23241088838728707,0.3376693646156413,0.11690050577902213
['Frank Sinatra'],[792507],-0.24399809145016102,-0.4578671808033755,0.3103966701640586,-0.028256664651524665,-0.3697214339899751,0.47317722043740246,0.011538410358766758
['Frank Sinatra'],[792507],-0.5216083121867745,-0.44337241358030954,0.23359084156665322,-0.11949953856711447,-0.149183811023791,0.7596651279896309,0.07359713038593639
['Frank Sinatra'],[792507],-0.33999024198554273,-0.3095316011145896,0.3599859822050259,0.03453175652833225,-0.9051180052021995,0.5189516814243618,-0.08730764117542997
['Frank Sinatra'],[792507],-0.24637295805551845,-0.08569884015422634,0.3242692290380669,-0.07467261321342078,-0.7541551615320023,0.4114724155381371,-0.021037011223701715
['Frank Sinatra'],[792507],-0.5043101672682992,-0.643724686430806,0.37335844146770375,0.031742078513720205,-0.4937208417336492,0.7629471324555261,-0.06926643893951394
['Frank Sinatra'],[792507],-0.1686439512083442,-0.1306965719467046,0.3648583447269251,-0.07645723205890495,-0.8530827603463038,0.42001065593163067,-0.008863912459058878
['Frank Sinatra'],[792507],-0.252501107654177,-0.24633867542166937,0.40234702522190746,-0.23311661951354176,0.06213178447358953,0.4763860780385448,0.001737261259213265
['Frank Sinatra'],[792507],-0.2604369824779762,-0.2632159912682897,0.5858278316052699,-0.1958517953569878,-0.19070934719833568,0.6443303349087447,-0.04761409389078783
['Frank Sinatra'],[792507],-0.09191671068274125,-0.23331241718151416,0.22644877685711978,-0.18626691962969008,-0.05260062015679046,0.33064201612243865,0.1133490571019705
['Frank Sinatra'],[792507],-0.17407365081173984,-0.018600294498489385,0.13736676069643472,-0.23318024332770598,-0.848666428494257,0.6700111559736275,0.21589310937683512
['Frank Sinatra'],[792507],-0.1310635550283238,-0.20720094265855107,0.25764959064232335,-0.03255115628124214,-0.8549500305430758,0.37532751212677656,0.05415988873648
['Frank Sinatra'],[792507],-0.20367575426119963,-0.27721802262704337,0.2918707684629254,-0.019987250196639144,-0.5768054222172359,0.3159832528055482,-0.044705295837074464
['Frank Sinatra'],[792507],-0.4698416251169986,-0.6465152749437212,0.3088026519020186,0.14324324876648803,-0.5626374394988944,0.8077902103099918,-0.08968400498662842
['Frank Sinatra'],[792507],-0.279896845724479,-0.05788643056143487,0.3781451292674922,-0.37921796934389623,0.05810530016890465,0.6184609544100539,0.10856832921020582
['Frank Sinatra'],[792507],-0.33401867561291143,-0.24732917354170136,0.6466505801149821,-0.1277229403105323,-0.3719094733781244,0.5293871147393152,-0.203618447718097
['Frank Sinatra'],[792507],-0.30342525651751756,-0.05578758124986825,0.12504781288917932,-0.2980349125125169,-0.12401974146099468,0.5467723413704209,0.20588852619105436
['Frank Sinatra'],[792507],-0.20449578890647066,-0.2286487544812018,0.20700798936433568,-0.046287907119051674,-0.7265002594404768,0.5974123828434664,0.05251268992801577
['Frank Sinatra'],[792507],-0.6409865660866084,-0.4400368036579653,0.7529966752973495,-0.1155666395559662,-0.04240592337830762,0.7673141943408885,-0.28406812314305807
['Frank Sinatra'],[792507],-0.4202036653233971,-0.017621872359738965,0.6090980009686466,-0.15892507167252581,-0.5588922889370938,0.5190550583728367,-0.15091117768998702
['Frank Sinatra'],[792507],-0.39153342032123273,-0.16882717605212763,0.595920858410381,-0.09551681456522454,-0.6320478815876601,0.5798922621582896,-0.25881158064974763
['Frank Sinatra'],[792507],-0.4092013394393611,-0.434027836681471,0.23532574389260366,0.02036292857443365,-0.8848233543835079,0.649193432219903,-0.03402656141062757
['Frank Sinatra'],[792507],-0.4183736306944733,-0.1436574803327463,0.5791509223600232,-0.20102021258562042,-0.18616443867253285,0.5784290583270787,-0.10812397254463989
['Frank Sinatra'],[792507],-0.21771112134388312,-0.060309350172180004,0.7198084397274428,-0.22552646371589077,-0.12894864147182192,0.40617012686617715,-0.20684942044798377
['Frank Sinatra'],[792507],-0.107353775253869,-0.42507933087127886,0.2583688082713013,0.0006020813904805218,-0.47806477891216587,0.38722838336656307,0.07862831449035834
['Frank Sinatra'],[792507],-0.18758714558553802,-0.19914125256580775,0.15837381643386697,-0.15772918183670456,-0.042914660894374436,0.31177902639036914,0.08693483017072746
['Frank Sinatra'],[792507],-0.2609615691538678,-0.1460566583576044,0.3516816872351355,-0.10448010225805787,-0.9247441476247735,0.5810215829654292,0.02455885043571586
['Frank Sinatra'],[792507],-0.15538412069777452,-0.2485693123428032,0.2691112030145144,-0.04984545649411599,-0.6680424984204657,0.3898821868890014,0.05314622521582877
['Frank Sinatra'],[792507],-0.25492696092788186,0.019484271556688103,0.5422280214639784,-0.18764087175093247,-0.4757501679569424,0.5140711638115519,-0.15522732635731473
['Frank Sinatra'],[792507],-0.526548072571523,-0.49166911711859057,0.6791150791018449,-0.09865543223985077,-0.0549080048880564,0.727329488748219,-0.18069248804067045
['Frank Sinatra'],[792507],-0.6278388818763988,-0.6415188257353918,0.3339827059656962,-0.04326747352933815,-0.031983656881143414,0.7849404865503046,-0.08031878653338004
['Frank Sinatra'],[792507],-0.17402642758186698,-0.2004774624303408,0.25458249381949033,-0.18992645155492444,0.03918109177449461,0.2840358704368175,0.07260423362982522
['Frank Sinatra'],[792507],-0.4046654762902594,-0.003315146983925034,0.3155122351977488,-0.10311477160686082,-0.7463447897227848,0.43104883898394686,-0.01837240882131611
['Frank Sinatra'],[792507],-0.17782638886130842,-0.23334172040582404,0.1855898078780898,-0.08073177003936452,-0.5794923846047845,0.3926360592907392,0.11652622772518714
['Frank Sinatra'],[792507],-0.31620734515452614,-0.28053303911963057,0.227530020048453,-0.12258517008565577,-0.5509553662128955,0.5981195058098819,0.0908854952634542
['Frank Sinatra'],[792507],-0.2000055512819604,-0.1930472163165795,0.46144263978910705,-0.10040530824684307,-0.5771694913721116,0.4208834733415221,-0.045895245470460325
['Frank Sinatra'],[792507],-0.1889706190867444,-0.16834133393145279,0.20569146916863704,-0.18818023115524984,-0.30851761890798735,0.4648832112240448,0.16268953061488847
['Frank Sinatra'],[792507],-0.13282049209464802,-0.22022024613348812,0.38730725247100933,-0.12833839686017814,-0.40930894900636167,0.3501761218233829,-0.021621960328407887
['Frank Sinatra'],[792507],-0.19300124410131134,-0.13543860312150177,0.3125832754777211,-0.07044101453005468,-0.8534696481153398,0.39405426538320504,0.005328949401776027
['Frank Sinatra'],[792507],-0.25200453258098027,-0.2421080200450612,0.1799574983446374,-0.009784777174357398,-0.9286052976900183,0.44198128019858496,0.05317552072345523
['Frank Sinatra'],[792507],-0.47644188959392875,-0.4412383830416785,0.22458938803744338,0.002964830157718557,-0.7814305470035721,0.7454510048649141,0.02686020829922788
['Frank Sinatra'],[792507],-0.5977748335015856,-0.49213333663290754,0.20700906498834248,-0.0031242584487542065,-0.055291563970452234,0.5782429968701432,0.022674886486138388
['Frank Sinatra'],[792507],-0.34791968868460177,-0.5445410787339203,0.24227974307645953,0.129528865170125,-0.5288130157042644,0.42903089425607105,0.03069454080648675
['Frank Sinatra'],[792507],-0.38329788827571315,-0.40515904040592393,0.2463592322807593,-0.09674487453037185,-0.09356567131276108,0.4767458086367325,0.036171168858451654
['Frank Sinatra'],[792507],-0.18734239641419792,-0.27860361667902817,0.22178390143479562,0.0051591539052815985,-0.6654808126570437,0.3198782123129161,0.041491494780811676
['Frank Sinatra'],[792507],-0.6803936475405424,-0.5827041436895849,0.16988087287600337,0.08869021701664315,-0.4801967472757682,0.7296192200993342,0.002438826758365161
['Frank Sinatra'],[792507],-0.7153309355837677,-0.6699573683136445,0.2957958328486619,0.12431194533163828,0.14907015831358847,0.5403951536859525,-0.09560049765239068
['Frank Sinatra'],[792507],-0.5995648686528613,-0.5885886170429557,0.25425237674719947,0.02413262694183771,-0.3123480288807502,0.7092509882868161,-0.03525605083022079
['Frank Sinatra'],[792507],-0.6193757423505932,-0.4584872985784772,0.3530674040204547,0.07140712259901302,-0.7645947866355008,0.7270437042257559,-0.09604223847170405
['Frank Sinatra'],[792507],-0.39164084834408175,-0.39995911286236835,0.22588186350082504,-0.11787221763743275,-0.17449316932381706,0.595577001615697,0.0988163684545043
['Frank Sinatra'],[792507],-0.2813185301378299,-0.1459704686648307,0.23139306686817082,-0.2121830665658583,-0.6513730483285709,0.6763164049669277,0.14074700917608213
['Frank Sinatra'],[792507],-0.17837820629805157,-0.15955269713203524,0.1759487255743037,-0.21917044949761444,0.041266441113459625,0.34666918113647555,0.17485256849535308
['Frank Sinatra'],[792507],-0.24051129286846032,-0.41942690422693557,0.19262581342083548,-0.07381537866772259,-0.36936272403981735,0.5561435884609948,0.1463569108875406
['Frank Sinatra'],[792507],-0.2913077161758995,-0.18475290773785644,0.32583578463772184,-0.14644799553402899,-0.38017894546712067,0.5416389907981624,0.05359038511141876
['Frank Sinatra'],[792507],-0.18286979560799232,-0.0930051866199053,0.2974738188412031,-0.07035110628982037,-0.7634903270895921,0.4091473201999093,0.030110360964182344
['Frank Sinatra'],[792507],-0.12164626119053744,-0.23038328732754979,0.24358755629830856,-0.16329839017587594,-0.22893907706203775,0.3615466787685414,0.08838197321826934
['Frank Sinatra'],[792507],-0.2697114580258342,-0.09511318161227221,0.29605948083071815,-0.1107548170720915,-0.7524102312081095,0.49168955881777043,0.054633740920906365
['Frank Sinatra'],[792507],-0.17873534465768595,-0.08194319540418218,0.305674560140357,-0.20940699827074163,-0.05428882668375981,0.31179218058342517,0.07185671465443809
['Frank Sinatra'],[792507],-0.19279687463958245,-0.38645698980517323,0.224875963533247,-0.11190246091215053,-0.025262596537232826,0.4056943620824079,0.1377044538478017
['Frank Sinatra'],[792507],-0.21363874689735943,-0.06211591355774654,0.0954455699244411,-0.27183726263911817,-0.39906567842426505,0.5973923795554876,0.2673868832630487
['Frank Sinatra'],[792507],-0.1490205675121258,-0.36274486694901564,0.2259284717440118,0.03405029777676062,-0.8378720348653591,0.41614200150659675,0.07203087851552771
['Frank Sinatra'],[792507],-0.18225854399372057,-0.10877411639439936,0.1765174503140481,-0.19894579914364396,-0.14146862056357884,0.34343478051006626,0.16125968111432126
['Frank Sinatra'],[792507],-0.21625561557630452,-0.15128592004913308,0.15216264157457773,-0.3367052365940503,-0.12364038951705507,0.6413337908810195,0.22227530346330768
['Frank Sinatra'],[792507],-0.27182167211053954,-0.33365276209935574,0.21610340509698878,-0.11444853706632811,-0.37175586724923754,0.5657925428975868,0.13322277062413215
['Frank Sinatra'],[792507],-0.22097543583057097,-0.09126673899330476,0.17346340739806024,-0.037822710933427255,-0.8554829037338386,0.3451651793514286,0.057869940385780756
['Frank Sinatra'],[792507],-0.1701764169715105,-0.1730640939315591,0.20541279481476127,-0.13305283013566624,-0.49571558133843424,0.3789409916396033,0.09715543056823533
['Frank Sinatra'],[792507],-0.15034975301113596,-0.2484915017781263,0.1900585738855535,-0.013988221794673805,-0.5813431025798489,0.302125409701605,0.09532771963755605
['Frank Sinatra'],[792507],-0.7823527358126589,-0.41250210451812847,0.14006409095627734,0.1851853847975946,-0.6616127789143238,0.6392507000936832,-0.05434082358999283
['Frank Sinatra'],[792507],-0.6790436162547553,-0.48115252455355484,0.12777221017342397,0.057592158465884245,0.046067298120078225,0.5693042579119452,0.011027718408130296
['Frank Sinatra'],[792507],-0.5139333783055227,-0.437365706463262,0.14983347566049735,0.11402674220223757,-0.6947224317524041,0.5618414871879511,0.022645463943082474
['Frank Sinatra'],[792507],-0.6172736786797478,-0.5446695633028519,0.13298852373676281,0.08286119959828309,-0.3149459816420636,0.6222075785253726,0.021747124950705663
['Frank Sinatra'],[792507],-0.6313054213830189,-0.5032854087718995,0.1793448616378679,0.11745929339044513,-0.5811673581851136,0.694548195863199,-0.026732904523505765
['Frank Sinatra'],[792507],-0.13828711790304132,-0.12385379207166886,0.2346270688061685,-0.17649956896769695,-0.1492597422869557,0.27005355370012746,0.09187392537779651
['Frank Sinatra'],[792507],-0.7433379103282741,-0.42428214874801173,0.09199048451288303,0.13451823877257582,-0.6671276945718184,0.6686608397288065,-0.02196478896379992
['Frank Sinatra'],[792507],-0.17335045720841608,-0.1970224846317897,0.1687416941264255,-0.20143096702582225,-0.03710887843644939,0.4494642306456439,0.17516535428869479
['Frank Sinatra'],[792507],-0.1964219756000926,-0.19906953315284917,0.2302662221697469,-0.0695288840941446,-0.6668098117448519,0.41383634397706726,0.05417532965499684
['Frank Sinatra'],[792507],-0.2570515553389723,-0.22276722040892627,0.2894297716804605,-0.07214377925076033,-0.6564976247465875,0.4639557393772106,0.01067958390322192
['Frank Sinatra'],[792507],-0.14327882770643002,-0.15134819515697895,0.24067441681917365,-0.23585251011532837,0.030544204053280608,0.28410249512198826,0.08638053700192098
['Frank Sinatra'],[792507],-0.6924404108985394,-0.30362525229092663,0.32725184935389473,-0.026880927207235752,-0.4073941655596073,0.7493250279009447,-0.08446610426047474
['Frank Sinatra'],[792507],-0.4921205144463286,-0.5066809405219455,0.2650277196944116,0.12476219485679516,-0.4275121482380224,0.43354754908015136,-0.07673130451154977
['Frank Sinatra'],[792507],-0.23021148230981747,-0.24321561955544668,0.22867562375110312,-0.11100143037784128,-0.03445396880006297,0.33624912886477,0.06031759155879186
['Frank Sinatra'],[792507],-0.8392715559237184,-0.431161103624245,0.33689234243828015,0.019849111056796574,-0.2928990724610298,0.7746747348788666,-0.15635160733307754
['Frank Sinatra'],[792507],-0.8898891377961231,-0.4615146128602854,0.04224345124781493,0.22439484368810608,-0.558277118656105,0.6458390979287454,-0.05511969162654904
['Frank Sinatra'],[792507],-0.0937160206776723,-0.24034501375187933,0.2364307839035007,-0.1443539844040716,-0.23058873168096175,0.3383160882943271,0.09183837852038668
['Frank Sinatra'],[792507],-0.40808351388842,-0.5204077621818812,0.195512631353871,-0.05153982872775599,0.10136830803899753,0.5048253211184719,0.044204195208565125
['Frank Sinatra'],[792507],-0.7558830906503605,-0.4448439780099577,0.2757364540237149,0.09943951171947268,-0.7431919470070771,0.8350198655672141,-0.04988654695535425
['Frank Sinatra'],[792507],-0.8560370262828417,-0.5356582172946961,0.14144066356901677,0.032727687876131305,-0.7177415520784134,1.046691777575885,-0.017192380988039813
['Frank Sinatra'],[792507],-0.6003145775867629,-0.6593017603451617,0.16733808115481538,0.0770830306752829,0.050541448248626386,0.616564526009771,-0.027526723034829392
['Frank Sinatra'],[792507],-0.766143481547341,-0.49405456348980814,0.25858140128679247,0.24651651941921243,-0.7532562128603222,0.5697335001577986,-0.20004360262939655
['Frank Sinatra'],[792507],-0.6475967252417284,-0.42951957476271707,0.09830513700350957,0.17036449429871384,-0.49893406530098305,0.537681512832667,0.04677279178197164
['Frank Sinatra'],[792507],-0.6804290326347694,-0.44848111133767243,0.19172721965104217,0.19193805648106196,-0.5818670253646201,0.5622911609486291,-0.028141741649373542
['Frank Sinatra'],[792507],-0.8273526085889911,-0.2873183276072633,0.38432872454975736,-0.08636358809368379,-0.30013296283742236,0.8629124185002428,-0.16084642126194637
['Frank Sinatra'],[792507],-0.6150512612139704,-0.45237676843334623,0.3598716314203069,0.044261169247584026,-0.49400897425910095,0.7070427896239885,-0.11268751347259422
['Frank Sinatra'],[792507],-0.22731743309603555,-0.24776936940674354,0.32292595420268416,-0.05503023283929498,-0.5680724605697721,0.4394745371368234,-0.02688488303421078
['Frank Sinatra'],[792507],-0.5312261944876806,-0.560757227211171,0.20996091931692898,0.039813314110185204,-0.31786929401317343,0.6767254919200014,0.01906559546283923
['Frank Sinatra'],[792507],-0.5546414352718163,-0.3554151343827033,0.08504087828965874,0.10056204816324155,-0.33991731599294916,0.4608018319178467,0.09381441610042408
['Frank Sinatra'],[792507],-0.1709333102051809,-0.12142392997899727,0.35786982663645867,-0.2041415612978691,0.03305276846074276,0.2598315655136587,-0.01604053867210174
['Frank Sinatra'],[792507],-0.05761062436017207,-0.19053127614015467,0.2222143504318889,-0.22675155234743347,0.026974052115255106,0.29684324664193273,0.11295695061206289
['Frank Sinatra'],[792507],-0.20232760870838712,-0.14198110753118515,0.17860272715633135,-0.06082639126977791,-0.582414614590425,0.33176204563699846,0.09103375365941992
['Frank Sinatra'],[792507],-0.6171463683179377,-0.23956732839519068,0.23730558673788568,-0.01582976923848707,-0.5953025836338416,0.7176535167309385,-0.012334912896544311
['Frank Sinatra'],[792507],-0.5673764616895364,-0.20696556847927322,0.1623560481280931,0.04933078864322916,-0.36031087514722937,0.30423434047223896,-0.028142765239427613
['Frank Sinatra'],[792507],-0.7531675262312125,-0.42973893923966333,0.32007980009431597,0.09252781332544155,-0.2147190485403829,0.6149449031557129,-0.14652311823104852
['Frank Sinatra'],[792507],-0.6844851915805951,-0.22730110253848818,0.1798094369527962,0.007667175294215011,-0.3442114366291229,0.4441722481236324,-0.11914884022924348
['Frank Sinatra'],[792507],-0.7458119344462335,-0.3157521761519311,0.14116935237053302,0.12692960654493393,-0.32767401324606177,0.4255162986353493,-0.10128528148871901
['Frank Sinatra'],[792507],-0.64044838645902,-0.32974676685160065,0.18661625417770233,0.10128182353973153,-0.057252050550936136,0.4442597786847707,0.014352358089600375
['Frank Sinatra'],[792507],-0.5007251421639286,-0.2160999874204945,0.16659627391975027,0.010508198151803849,-0.09695508616594081,0.25942941494536964,0.011123588932297304
['Frank Sinatra'],[792507],-0.8118595091943945,-0.29317838460017565,0.10113829576277797,0.07636946667804644,-0.04957004641849789,0.47005891112398096,-0.08269421910040405
['Frank Sinatra'],[792507],-0.2967120151461783,-0.06220527460354816,0.49078817942880903,-0.09589577132609958,-0.7322673847539701,0.5615230402387822,-0.15306214982032873
['Frank Sinatra'],[792507],-0.31275225637545945,-0.10686614458340812,0.4740630075064502,-0.13564505971846805,-0.6583592617641923,0.4858837068548594,-0.10549224563616717
['Frank Sinatra'],[792507],-0.09227871590816863,-0.24193878222439744,0.219053270464324,0.026080909283282883,-0.8430047089125129,0.3825068466312851,-0.003759704904588929
['Frank Sinatra'],[792507],-0.4621187699424992,-0.29374921612134774,0.5736580369118619,-0.035664647658405275,-0.7921143736589591,0.6978557696283227,-0.1516189893173247
['Frank Sinatra'],[792507],-0.17270315878170164,-0.1787564101577505,0.37552088606192147,-0.05260548348951292,-0.9354191234716087,0.4721211775999258,-0.014739633998376802
['Frank Sinatra'],[792507],-0.4073854918696275,-0.08379861660330083,0.30921998220087704,-0.22501858617457426,-0.551644269075353,0.7042655078186149,0.042443038234175945
['Frank Sinatra'],[792507],-0.6135618592202987,-0.5665305832910639,0.18121647035723623,0.08574123817271485,-0.48895020440195947,0.712337632632859,0.03499449382099677
['Frank Sinatra'],[792507],-0.22685790007493642,-0.1279441666797112,0.17157679995217825,-0.10547052852209095,-0.49441301832759,0.34557771578842955,0.08597808985791595
['Frank Sinatra'],[792507],-0.3207012372889964,-0.10300960926287771,0.20194209461243853,-0.044852432014429774,-0.8416053657369024,0.4135394699945569,0.025938249819222672
['Frank Sinatra'],[792507],-0.46493153087427885,-0.5840779719893731,0.1675887560316377,0.023730313835232324,-0.5940324132349297,0.7461108105939757,0.04396396801763649
['Frank Sinatra'],[792507],-0.26046860853926307,0.016057443355640955,0.1574199623564251,-0.244870650313901,-0.7539580204508088,0.6485305307883135,0.19776994698494788
['Frank Sinatra'],[792507],-0.25203866415717385,-0.037727766979322765,0.21019141440209752,-0.34575124799435586,-0.12944986706296746,0.5953827946774721,0.20289864494942647
['Frank Sinatra'],[792507],-0.2952962519550458,-0.09161653814560267,0.31213147028430377,-0.13852670792610527,-0.4031749255174528,0.3192046009788166,-0.016416487037236163
['Frank Sinatra'],[792507],-0.12827093331947187,-0.43009099834831616,0.5015614809669092,-0.10728845117006496,-0.02611256190249924,0.4341175952534375,-0.02044318006019516
['Frank Sinatra'],[792507],-0.5902370450642312,-0.49776331233822085,0.18362259905534542,0.14181692092832957,-0.8564896971285395,0.6855493420131761,0.029461600878004025
['Frank Sinatra'],[792507],-0.6887495832633924,-0.5653280945668511,0.18361546497880407,0.06547232900709514,-0.3033984381810594,0.6842022658917722,-0.024329185404589917
['Frank Sinatra'],[792507],-0.26369320584720984,-0.28606561836819655,0.20676353026422142,-0.13129264761392148,-0.20438519355761328,0.43589035585162283,0.115107330917169
['Frank Sinatra'],[792507],-0.21152710901437022,-0.2438930383292272,0.26876289236185974,-0.1948786743576114,-0.21014904830955486,0.5079536854947506,0.11037072120027559
['Frank Sinatra'],[792507],-0.6727940188447625,-0.3864627920211606,0.06782830626799483,0.11795376551196614,-0.502450403323553,0.5660518628445036,0.014654368582568359
['Frank Sinatra'],[792507],-0.5914134046789254,-0.47478918266920517,0.1332954874048076,0.11220962765728736,-0.326655987458242,0.5415821356431426,0.0020258937010403117
['Frank Sinatra'],[792507],-0.4862363777196403,-0.39388751057296145,0.1553979344223001,0.02259932119319761,-0.25595758218025255,0.4895455858041423,0.07596568284923799
['Frank Sinatra'],[792507],-0.5660639664733256,-0.5870965062933079,0.2433904262470309,0.11301791731672682,-0.5821888167479792,0.6842951950684673,-0.032125926558152725
['Frank Sinatra'],[792507],-0.5856305859129626,-0.37393522726105743,0.17520326492655694,0.10404472545366276,-0.6013871329143415,0.5556309048382934,-0.008683989146067852
['Frank Sinatra'],[792507],-0.606267144355309,-0.326462541862717,0.15117566721159353,0.16323079601893442,-0.7811577315670077,0.525791690339142,-0.029179738720722277
['Frank Sinatra'],[792507],-0.5342750912267594,-0.5230740633691459,0.17642435527728753,0.0007396857765550351,0.02794283459627766,0.5371184102952521,0.019826243090364976
['Frank Sinatra'],[792507],-0.5433066850077659,-0.549066680356014,0.24610117032911977,0.08652138846819539,-0.4117653503490092,0.6052207999813837,-0.0442301404651864
['Frank Sinatra'],[792507],-0.5834146438615905,-0.4335254497210191,0.14214991913825006,0.02275785176348357,0.11366938934697385,0.4583120850214338,0.009176053317931195
['Frank Sinatra'],[792507],-0.3815599307879466,-0.4882299972303204,0.17168463176742244,0.08767351091899438,-0.7063869369293514,0.5570094353867,0.08234683562210002
['Frank Sinatra'],[792507],-0.7085223649031209,-0.32329670600410815,0.07550460546763539,0.20291423228757952,-0.7654622382779125,0.5757846682785172,0.01942969097563817
['Frank Sinatra'],[792507],-0.16719577720680553,-0.09033418878569412,0.2218163658401547,-0.1747712519518747,-0.1430369106305593,0.2941603814891327,0.1088241946185148
['Frank Sinatra'],[792507],-0.751561254462394,-0.6300539063555217,0.145950185884905,0.027487134228708684,-0.5511524332068215,0.9650583741408323,-0.03408396999332184
['Frank Sinatra'],[792507],-0.6957519948400926,-0.33080659396444534,0.14856297006681415,0.10316209460477452,-0.8561794534504132,0.6630414643779442,-0.012181357079284217
['Frank Sinatra'],[792507],-0.540822851788482,-0.48651233440903896,0.14654277658983897,-0.047214844223227775,0.11583064643125282,0.558342165224303,0.0612088718279401
['Frank Sinatra'],[792507],-0.786726513903733,-0.5689726896972639,0.12904125080179696,0.19901517110203074,-0.6452539892251022,0.7745333066555934,-0.020465144982789674
['Frank Sinatra'],[792507],-0.8702061196901418,-0.5354713068629984,0.23122841766987517,0.26983563373089064,-0.46595158712800744,0.5928730988694924,-0.22231114689802653
['Frank Sinatra'],[792507],-0.6580579726183444,-0.49924679194274124,0.2211124010065017,0.12089921076469001,-0.7543917903143724,0.7676880065173243,-0.047464930332339984
['Frank Sinatra'],[792507],-0.8522839380954262,-0.4380189116534766,0.2746608389313379,0.015011937666957614,-0.5542658405347174,0.9058964758083119,-0.13728608637714648
['Frank Sinatra'],[792507],-0.2553809770326004,-0.26515731130664455,0.1959358353628766,-0.23078935220491412,-0.3745640756083426,0.7091586453492958,0.19614717528935344
['Frank Sinatra'],[792507],-0.6353225583691204,-0.5782312926940972,0.1901935543770015,0.1675903991665337,-0.7534929599885254,0.7155170836569023,-0.0528825936062015
['Frank Sinatra'],[792507],-0.5922429758909501,-0.5266565437364892,0.34171777193217917,-0.008986138760761958,0.1280493735577263,0.5705766765809701,-0.07820054135685249
['Frank Sinatra'],[792507],-0.54454009385233,-0.28289671631603064,0.13438904472759944,0.03462224249468113,-0.08056348385866187,0.40481587969019545,0.04768644754488065
['Frank Sinatra'],[792507],-0.5081203721883075,-0.4868371635674332,0.1635284915829556,0.1366929522452946,-0.591997495295212,0.6273821171327247,0.07455209172206963
['Frank Sinatra'],[792507],-0.6411157578189537,-0.559412331708048,0.14389008710482182,0.1266877390275996,-0.5753445393416372,0.7025086740347757,-0.014918200108365108
['Frank Sinatra'],[792507],-0.5683179490815966,-0.29709631703991896,0.23445168223898324,-0.038183776790220836,0.012644257428944672,0.4537452239591282,-0.026850209255676345
['Frank Sinatra'],[792507],-0.8038017654875681,-0.3657053646781033,0.15439513591994186,0.04990445202528647,-0.3088142189813848,0.6539897550509309,-0.05836148117446509
['Frank Sinatra'],[792507],-0.4994934968536961,-0.49511861595218926,0.143662228076378,0.11826590037187841,-0.780794828359252,0.6032150569789031,0.017496815241712163
['Frank Sinatra'],[792507],-0.42028975872945973,-0.16245172998157378,0.9504714963982502,-0.10842079452466785,-0.005548383685531745,0.5051014873347119,-0.21348791657987168
['Frank Sinatra'],[792507],-0.17226833733928867,-0.17116183805060112,0.17802106400400033,-0.22207510448600207,0.043938581725391244,0.36847120273801115,0.17764477698224374
['Frank Sinatra'],[792507],-0.18843352726813073,-0.17219621893815626,0.16892213207891535,-0.14080645933869185,-0.13528315846438269,0.3200109232521146,0.1252123595240392
['Frank Sinatra'],[792507],-0.26163966703724156,-0.10559464891699089,0.3420494872369539,-0.05635336307410657,-0.7564508488053222,0.38635751210995334,-0.033640173474733075
['Frank Sinatra'],[792507],-0.5827266161175274,-0.32263250482310935,0.14349021333298934,-0.024543429536332154,0.10379910316825025,0.43478734940350944,0.034247833040073256
['Frank Sinatra'],[792507],-0.38073902237459734,-0.24284065672458408,0.23381681484236227,-0.2588647764248735,-0.09653331040874562,0.6586198428533868,0.12837228444179768
['Frank Sinatra'],[792507],-0.699404927548008,-0.37606352683830885,0.11952401711076584,0.07067779852331203,-0.41032431873096836,0.6088472074243194,-0.0358896431697396
['Frank Sinatra'],[792507],-0.45855369585558237,-0.22342108182286438,0.11974461531304695,0.030557261847644037,0.07682586102724277,0.22206233008376805,0.03359843928029463
['Frank Sinatra'],[792507],-0.16464409352526155,-0.2001777027112853,0.19952850035378633,-0.04189250448058769,-0.7618750560638412,0.3689053164519526,0.09571721688184842
['Frank Sinatra'],[792507],-0.27380109206198094,-0.22593503681103924,0.19017397047278373,-0.09971924147062325,-0.39416175095055705,0.3632657279648986,0.05443945656884756
['Frank Sinatra'],[792507],-0.2021108424994231,-0.2328804931985346,0.21284365398014274,-0.1462725709094759,-0.13340401127620127,0.3212356671628047,0.07050874343933361
['Frank Sinatra'],[792507],-0.24330312992127506,-0.06926763089676694,0.16886350815610338,-0.35689840795318106,0.04992701270857222,0.560985770079019,0.22235642843272416
['Frank Sinatra'],[792507],-0.6438580968680377,-0.5451582384457279,0.19415220592155594,0.06377918251664273,-0.3993604429869604,0.7145224878850304,-0.03919712575581203
['Frank Sinatra'],[792507],-0.1577551659689684,-0.16547875219956606,0.23538782975146652,0.026624335731460752,-0.8592850485736702,0.24850341485210542,0.03110119364444601
['Frank Sinatra'],[792507],-0.1798848705186853,-0.07782436365855665,0.33918102399051286,-0.09106622503590696,-0.41258324757085846,0.2595366100100845,-0.030707216288365518
['Frank Sinatra'],[792507],-0.6125851067863004,-0.5751829495428065,0.29834959575796954,-0.02916099752564237,0.13188048774287955,0.6210827554797242,-0.0830936772548567
['Frank Sinatra'],[792507],-0.5034005792814084,-0.5353342745582108,0.3008883362488309,-0.028812180488561885,-0.14891702892015884,0.6531037494811172,-0.021770235291033634
['Frank Sinatra'],[792507],-0.28251485501781937,0.046592091235090435,0.43454777023618324,-0.08556527603554952,-0.8497466583820695,0.3985041191124216,-0.12037917631143029
['Frank Sinatra'],[792507],-0.23681203405425383,-0.13151656332380676,0.13170346893616255,-0.15525503628819548,-0.5724797322969316,0.5214387504884789,0.17254785080244517
['Frank Sinatra'],[792507],-0.8652145169471346,-0.6377667243077421,0.1162025704476365,0.27219692502849296,-0.45894425779196585,0.6260061689528464,-0.14219328329923436
['Frank Sinatra'],[792507],-0.8194576657371181,-0.4347933409732242,0.21980718957944642,-0.07615937687324632,0.0618860664408319,0.810731922136986,-0.07760867489206041
['Frank Sinatra'],[792507],-0.5848884975900059,-0.6415761952417526,0.1689401696996309,0.004224920584235345,0.13795066657355867,0.6698741519557097,0.015901293524492783
['Frank Sinatra'],[792507],-0.6826971339003839,-0.49147922649058395,0.2468973099735718,0.12097405398620273,-0.4882421314495349,0.6549293181490082,-0.08385724894522628
['Frank Sinatra'],[792507],-0.7203217880124525,-0.5801850080362535,0.141325778607161,0.02230186690296658,-0.5613517212936034,0.9079677391540604,-0.009320543193819995
['Frank Sinatra'],[792507],-0.5800409062788067,-0.3684938201102748,0.18537182819907963,0.08246655275611771,-0.16169180824189763,0.3890320335191723,-0.052730970540342835
['Frank Sinatra'],[792507],-0.251783075804067,-0.29926405919161675,0.1988433165217558,0.023914449430932815,-0.8303070014630856,0.44577662307771465,0.04400784041443121
['Frank Sinatra'],[792507],-0.5904661016812718,-0.39052996753601565,0.08896075769828458,0.1345649380167133,-0.32898092257742767,0.4832056298677902,0.0624139743389578
['Frank Sinatra'],[792507],-0.5634282940918813,-0.5670618535105458,0.18612872773448239,0.1195518771891129,-0.31569279852797505,0.5903634278519464,-0.0003729636693466634
['Frank Sinatra'],[792507],-0.5917929403559721,-0.49725784953069024,0.13490697696817894,0.08398804018003697,-0.5928191002877562,0.6251263993127488,-0.02788654061842143
['Frank Sinatra'],[792507],-0.7555494581777416,-0.680339968472601,0.18381481048241127,0.11020397256227674,-0.025411276368215666,0.6036504901510479,-0.12694586668338795
['Frank Sinatra'],[792507],-0.42970421136048403,-0.43340036780423435,0.2270111831871291,0.015444042243544669,-0.35064319871447525,0.502905165705332,0.009224253110084225
['Frank Sinatra'],[792507],-0.6410642485762356,-0.2290555605914647,0.3281802445395351,0.06630023900561816,-0.6100764896245621,0.4829395915843529,-0.14945776771583688
['Frank Sinatra'],[792507],-0.6000969806890774,-0.403378539396365,0.11959843142008804,0.04258470471797094,0.01781543039272849,0.38981195151479653,-0.01386354317941574
['Frank Sinatra'],[792507],-0.768365535977621,-0.4638379369758313,0.403631578971768,0.06532798627743663,-0.2998371536232934,0.6869600631184619,-0.16112573773658823
['Frank Sinatra'],[792507],-0.7196506455953144,-0.3088379030825421,0.3118649793522951,0.1415205610772039,-0.5023171661575715,0.4867510029646303,-0.11134286128921213
['Frank Sinatra'],[792507],-0.888534708949985,-0.17200660255108882,0.2885934458585031,-0.05123760554804865,-0.4793639008945554,0.8468824914716337,-0.06900075002375049
['Frank Sinatra'],[792507],-0.70245460470658,-0.5568066167861871,0.3259917795538038,0.07939310301329433,-0.21726494763908394,0.6046711208303306,-0.19962404711031675
['Frank Sinatra'],[792507],-0.7052889153113387,-0.6724507196350973,0.1635991051169173,0.09745493167273361,-0.11151777066317084,0.6966837158436994,-0.03696527379346097
['Frank Sinatra'],[792507],-0.6349865569189015,-0.45822356286624516,0.14441933003532076,0.20024333975004244,-0.5871571772864209,0.5369970830114912,0.006805396387119144
['Frank Sinatra'],[792507],-0.39911393454341587,-0.26279294261407715,0.1819082096467431,-0.022146489416245675,-0.8114161947322105,0.5939202825027728,0.05720063576435267
['Frank Sinatra'],[792507],-0.26107560363445204,-0.19697119074922223,0.17054144127623586,0.05241358801577458,-0.9283229912546108,0.36902810330965036,0.05760085605355553
['Frank Sinatra'],[792507],-0.12242753071824958,-0.14438564893768868,0.18522942775782536,-0.1266577750453292,-0.4115102089570419,0.3412613558094408,0.12305871645356864
['Frank Sinatra'],[792507],-0.21675468013669855,-0.0607689242213151,0.2531156485261337,-0.029084750908989897,-0.8332617318870312,0.4523578230740471,-0.07107886186025197
['Frank Sinatra'],[792507],-0.32249202599191956,-0.14125911668331964,0.27102919488067173,-0.10895649339472445,-0.39233833367312476,0.3558314722056754,0.011338957427727529
['Frank Sinatra'],[792507],-0.7143526134491622,-0.38399913456186807,0.2028756487197019,0.10570470169608771,-0.3168429650462249,0.5603798884011496,-0.04635717361402147
['Frank Sinatra'],[792507],-0.24463076317287719,0.018565673819581765,0.26689335115768886,-0.2257708851456268,-0.7488207598173446,0.6711046380719321,0.11231527705290141
['Frank Sinatra'],[792507],-0.32612115168195416,-0.040212367753799085,0.27748798172001415,-0.1576113091699073,-0.2993659328933562,0.470690703402927,0.05114470352058718
['Frank Sinatra'],[792507],-0.6810991262188153,-0.36331677985201927,0.1360838425992334,0.15242668489151553,-0.7700186284453168,0.6098316111259131,-0.03731844164405949
['Frank Sinatra'],[792507],-0.13318391803280083,-0.17254513633214894,0.24341516699005364,-0.19545559054226427,0.03334978980204714,0.2679033015968885,0.09148215442390378
['Frank Sinatra'],[792507],-0.7149959736948275,-0.38726887255256276,0.07419735603093772,0.19433160886097026,-0.6686063668089094,0.6106167995794859,0.0314495905095895
['Frank Sinatra'],[792507],-0.19825604388246498,-0.0987370309418567,0.29566018517607184,-0.1666960358844888,-0.321339464773906,0.31985166676223425,0.039548555820929955
['Frank Sinatra'],[792507],-0.7090018957145576,-0.5081467722749771,0.08779637708659349,0.22004647535018068,-0.6629472651705117,0.6351579342189704,0.002294516621873899
['Frank Sinatra'],[792507],-0.6495587368899163,-0.22096018766676892,0.26340159920777717,-0.08913075533525172,-0.2485086113377707,0.6197787313863424,-0.021526386644274937
['Frank Sinatra'],[792507],-0.6604745481682539,-0.4501056667323195,0.1494281224787525,0.07089142035287173,0.0395954080178521,0.5002721308252293,0.022203318095499507
['Frank Sinatra'],[792507],-0.6571166609075209,-0.5075217196277003,0.1967630127357106,0.1401688565156217,-0.31572857239947955,0.5165341891731681,-0.07261707468541226
['Frank Sinatra'],[792507],-0.5044216464317771,-0.39893513811536596,0.18021934613593785,-0.03284624774104778,0.016902730713176918,0.49889940844950514,0.06435675935668483
['Frank Sinatra'],[792507],-0.3036311584898323,-0.07108290077587842,0.30792523381911197,-0.059809988682610976,-0.39756415930904526,0.31685227265636323,-0.016007977438781646
['Frank Sinatra'],[792507],-0.28616793158944,-0.09762768003720775,0.14072021594537013,-0.15104142664943912,-0.5717465493745796,0.5070415138125165,0.1541133957598364
['Frank Sinatra'],[792507],-0.761870329699102,-0.6467617799662014,0.054461774542000956,0.22534627732144344,-0.7310837635076758,0.7992436102033547,-0.01651307105784287
['Frank Sinatra'],[792507],-0.7195378990179075,-0.5001465250596233,0.2742258412154541,0.04774851487526813,0.13667992584589309,0.5251285368917216,-0.13315513589713074
['Frank Sinatra'],[792507],-0.6532673796755876,-0.548482971047078,0.16055137030550207,0.060562495243632775,-0.3078655556636835,0.679496457718891,0.014866234414495649
['Frank Sinatra'],[792507],-0.71240301231208,-0.5777830753576708,0.29835453219581337,0.06780137920801367,0.05119155358244816,0.5572421511718193,-0.19116338453731532
['Frank Sinatra'],[792507],-0.13965009208164225,-0.15330996134466543,0.27707545391173277,-0.1650346198359715,-0.22954591237017885,0.3430990515175987,0.05977824239460289
['Frank Sinatra'],[792507],-0.21253522605758257,-0.20407892963471275,0.16831681296979228,-0.06981377906274311,-0.7529015063448523,0.4628650872672336,0.11996034663353826
['Frank Sinatra'],[792507],-0.576765560864163,-0.43980285407103503,0.26528030933175506,-0.02848869901269785,-0.06092742373187956,0.5728290485818888,-0.02486655617393524
['Frank Sinatra'],[792507],-0.6779968802371493,-0.6255491774178407,0.16066485580042272,0.1781252826434796,-0.21913307991055533,0.5168202737678264,-0.09722683526863263
['Frank Sinatra'],[792507],-0.7437354617915998,-0.5925135102514794,0.1419462324311452,0.20241535686428552,-0.8243130887101902,0.8148644920429334,-0.053727864703466584
['Frank Sinatra'],[792507],-0.6010022863412853,-0.3944730244080722,0.18674823821514405,0.059423883591809036,-0.062479859626948436,0.4484933581746106,-0.004961937009408926
['Frank Sinatra'],[792507],-0.5299517839548983,-0.48110582883657393,0.18072640761874553,-0.015186281600948537,0.11708778843521898,0.5209404742610598,0.028743274881662156
['Frank Sinatra'],[792507],-0.6771391418252678,-0.555824394750032,0.1608727084158024,0.2989750013717652,-0.7585523793992444,0.481476116953309,-0.11939484746541892
['Frank Sinatra'],[792507],-0.7642174520785493,-0.5579224149716752,0.20282201060939908,0.02146902665356041,0.14771932426522041,0.5964666038465296,-0.09723045786742926
['Frank Sinatra'],[792507],-0.7659248702719803,-0.415655155540703,0.3187222343553235,-0.025424129066841966,-0.304004348440132,0.7651587013657545,-0.12093080439199508
['Frank Sinatra'],[792507],-0.2721345097583312,-0.11080911200593248,0.2264765628377399,-0.1020148089062318,-0.5745949571780017,0.42533426006324443,0.06176950127210232
['Frank Sinatra'],[792507],-0.3589547858032617,-0.0386408307515407,0.09082381524504796,-0.19354668338577974,-0.5619102157850391,0.6160420351548345,0.18134219355204814
['Frank Sinatra'],[792507],-0.7979009277974559,-0.5247782024970032,0.09071620258542021,0.1471545261450955,-0.562699724728546,0.7170466160245389,-0.04029945058839395
['Frank Sinatra'],[792507],-0.6261327550411141,-0.5737567162686079,0.216781434838684,0.08583694891795886,-0.30931245462148155,0.6575821160168914,-0.03883203083740583
['Frank Sinatra'],[792507],-0.698335736988276,-0.41601116238495206,0.07937272039883742,0.1605589705914478,-0.31646341852559495,0.5216867930831073,0.03676816109430131
['Frank Sinatra'],[792507],-0.870092191921618,-0.3121087394526804,0.03987908793235025,0.08813210946836038,-0.03686595062383488,0.5118429888392435,-0.015030788873602171
['Frank Sinatra'],[792507],-1.0580869445511645,-0.21599985714259556,0.8314556319685218,0.11537797773854186,-0.5368135522561178,0.8987934667957874,-0.30942211542086273
['Frank Sinatra'],[792507],-0.9138698982539777,-0.289025559385635,0.34764116803723194,0.2120528126619376,-0.6541078923250712,0.6096441239114114,-0.1570286997086
['Frank Sinatra'],[792507],-0.43807830732199055,-0.3953943580853726,0.18368761059131558,0.06626549848069296,-0.7120084866030664,0.5177646166871428,-0.026082980594909117
['Frank Sinatra'],[792507],-0.04693117348861261,-0.01346437160348653,0.3274673860329685,-0.2131836847635056,-0.1586988959892271,0.27397955664871765,0.026625616707781515
['Frank Sinatra'],[792507],-0.6802905347528905,-0.4397301422300085,0.07945497199126621,0.12770638270715443,-0.6736301019247345,0.6528670719168236,0.002900628245371781
['Frank Sinatra'],[792507],-0.6091361918832648,-0.4448726606231266,0.2771486061788412,-0.02935375217805477,-0.05851168890361861,0.5837379380176705,-0.04510018823911548
['Frank Sinatra'],[792507],-0.69301832228696,-0.46584912583345256,0.12537833573981774,0.06418455984324102,0.13091221898650351,0.4742493205134262,0.03139304719459633
['Frank Sinatra'],[792507],-0.20050707133696674,-0.5556353966237166,0.24349703134537937,0.00034505058336266293,-0.2746383698998629,0.4834305927872523,0.06130386896350568
['Frank Sinatra'],[792507],-0.6314229098463852,-0.4743663731506964,0.20601051609311744,0.15186284495448168,-0.7652328263052912,0.6382245189853102,-0.06399432037568403
['Frank Sinatra'],[792507],-0.15941266627520131,-0.19988751248157646,0.1988486081352471,-0.08603237910483917,-0.673971525285826,0.39158491206796553,0.09212913591259063
['Frank Sinatra'],[792507],-0.655991312577089,-0.36417025710855455,0.19166841315943867,0.09767776775754451,-0.49952029483607513,0.6176431761765887,0.007854062938572671
['Frank Sinatra'],[792507],-0.536143638213333,-0.4397496341017706,0.16527929450650333,0.024038312637787353,-0.5126877639534658,0.6367935361574805,0.020555240958130536
['Frank Sinatra'],[792507],-0.5191401835167317,-0.32096676274381003,0.14016183934666462,0.11259981651595465,-0.6200874426118967,0.4385061268647996,0.020988236603732915
['Frank Sinatra'],[792507],-0.6620475155939587,-0.32436187814829726,0.0672979887538028,0.030125679482156578,-0.6791279818141652,0.7456585417737733,0.0563791738648752
['Frank Sinatra'],[792507],-0.5984411193848077,-0.3290110065986289,0.25314114617360783,0.08731105663676758,-0.6916063009970163,0.5868342486494373,-0.05074733163216196
['Frank Sinatra'],[792507],-0.12600286200325692,-0.30550574634234867,0.2266115598278631,-0.07497841310159371,-0.042847440046897625,0.25586554831990943,0.0887899828550875
['Frank Sinatra'],[792507],-0.12525087416483072,-0.10896019802400914,0.20552050786972972,-0.13968196931108084,-0.42078381236187623,0.2746873626920332,0.10051554523241484
['Frank Sinatra'],[792507],-0.24379703894463287,-0.07018196522869682,0.12295482864471823,-0.12200662776004456,-0.6686827661266934,0.4651004088174916,0.17521253745875917
['Frank Sinatra'],[792507],-0.19080822182729085,-0.20959898981352157,0.1660821629334716,-0.15889069672289613,-0.572814674589141,0.536409956668027,0.15979357569448868
['Frank Sinatra'],[792507],-0.21289770853732967,-0.032283918471051866,0.1410120578433137,-0.1459752377221764,-0.7583666100737273,0.5166614910501527,0.1677986690501081
['Frank Sinatra'],[792507],-0.6440181929947876,-0.2401459336629181,0.07265510970587215,0.1618748956018114,-0.6081837992357841,0.4406451977145599,0.008093416216763355
['Frank Sinatra'],[792507],-0.2314437527386983,-0.14675513091640097,0.1587508523557166,-0.07444300489278141,-0.6694996381654402,0.3887072411199441,0.08643704025673996
['Frank Sinatra'],[792507],-0.11838775005510473,-0.3448750827723112,0.2311611911086138,-0.07392045630168392,-0.3009364712059142,0.40648036594179093,0.13726714419992525
['Frank Sinatra'],[792507],-0.10973142078499454,-0.1396470007729858,0.17532544037962478,-0.22000708661746893,-0.31808414889642855,0.4734670438157771,0.2146407276135973
['Frank Sinatra'],[792507],-0.8016072178560021,-0.44318552764285285,0.18010094792490092,0.2570479098904573,-0.48620036029675506,0.48108584115242775,-0.14912285868033356
['Frank Sinatra'],[792507],-0.700301835445058,-0.4927888453163666,0.09197958286190877,0.10971277578453931,-0.5722649379275949,0.7367533512220328,0.00984404080378932
['Frank Sinatra'],[792507],-0.06444310810227558,-0.10645165398159097,0.2766945430991245,-0.24400495732293118,0.021573627576518147,0.27811920403881607,0.09474897666633014
['Frank Sinatra'],[792507],-0.974115283883635,-0.29601931327980313,0.18904174308548122,0.11543874891235721,-0.8197091693944834,0.8871251078432404,-0.11544974625695928
['Frank Sinatra'],[792507],-0.12566904934713066,-0.14773425862219522,0.19126754219143302,-0.21480608077299498,0.030751468950461356,0.27269286672885074,0.13427241994974043
['Frank Sinatra'],[792507],-0.6368271969003847,-0.6306763877755484,0.31026531035499094,0.06375471032801822,-0.30427122041176125,0.7065755881175797,-0.10923957726817624
['Frank Sinatra'],[792507],-0.5975112087882293,-0.38210868559921074,0.10442185981956018,0.010208500418093455,-0.5960015466874484,0.7036332672667343,0.04543148990637871
['Frank Sinatra'],[792507],-0.6787328604354025,-0.4830067146068574,0.40490987676969703,-0.019899857396375318,0.05015449186906818,0.6745786164163321,-0.13070613867573244
['Frank Sinatra'],[792507],-0.13279197748083202,-0.23512059006940517,0.21363501569845,-0.10970768716819536,-0.05327596230361358,0.22031071519793982,0.055522682538483546
['Frank Sinatra'],[792507],-0.09139268031369585,-0.1308087512979779,0.19850701197899914,-0.1743743581255369,-0.2448297062660009,0.25970365813906426,0.10347381846108072
['Frank Sinatra'],[792507],-0.21356123891003173,-0.30055714948911016,0.24595280242159515,-0.06672458616523458,-0.6502800264685232,0.5332290960252429,0.06696237771616158
['Frank Sinatra'],[792507],-0.6565877060043899,-0.5652272559062099,0.21128767927613748,0.16042385199435347,-0.7502178893493788,0.719325917159253,-0.03779634663394017
['Frank Sinatra'],[792507],-0.6762233571476218,-0.2900575306039408,0.06590881888401667,-0.07629863035664831,-0.32120631913893416,0.7725780249093087,0.0684800547047781
['Frank Sinatra'],[792507],-0.6815475368796762,-0.7178016378724889,0.15183465654442244,0.1478453289544844,-0.2921123712225764,0.6816716977373958,-0.02573140136330949
['Frank Sinatra'],[792507],-0.950606918838485,-0.5803431052035025,0.11723186886609312,0.31296404952431445,-0.5476576429351386,0.599130964712325,-0.1773845011249134
['Frank Sinatra'],[792507],-0.7548423142816929,-0.3024625026663305,0.21840505965123563,0.0987629099175099,-0.49463680271456195,0.6408299989738163,-0.06332435946602209
['Frank Sinatra'],[792507],-0.6407742941342535,-0.4021707160585029,0.08364888887516955,-0.05833484050722746,-0.0538908158257681,0.6751603749687342,0.07232731963746564
['Frank Sinatra'],[792507],-0.6342023554063655,-0.35451685537799266,0.16391170663103427,0.07088387902789343,-0.06995479727056496,0.3879280313846677,-0.02121994757348379
['Frank Sinatra'],[792507],-0.8426707305966838,-0.3443988493768488,0.08837462373169405,0.154463698372304,-0.5703279288763533,0.6730674634781091,-0.01964803450052589
['Frank Sinatra'],[792507],-0.7110559168081403,-0.5653375318113036,0.13616850371205264,0.14521827459745715,-0.478935030585637,0.6913907873457726,-0.03739564352104919
['Frank Sinatra'],[792507],-0.1978353541849354,-0.23920800480512153,0.2590222167539219,-0.1812273872727982,-0.12734030713252,0.4095004704693716,0.09729238439956585
['Frank Sinatra'],[792507],-0.5588442804233857,-0.08262996361852466,0.1294993172143567,0.05083133327040286,-0.45730867067633507,0.29487887027185206,0.004107186713698174
['Frank Sinatra'],[792507],-0.9544781588458512,-0.2625016780985835,0.3488352075907909,-0.03849497614606599,-0.20207648486488777,0.7908427066528042,-0.19207013236944395
['Frank Sinatra'],[792507],-0.7698248826694051,-0.3760840467497418,0.08696514903656648,0.21955375854167034,-0.8469120602927195,0.6101013077351259,-0.00862169486887864
['Frank Sinatra'],[792507],-0.6124139056372079,-0.45138933311646534,0.2527332353558843,0.08126927281944958,-0.5877378187112857,0.6671279017744339,-0.05694301197167458
['Frank Sinatra'],[792507],-0.5835778703079733,-0.6678723900743397,0.4007840462539858,-0.03961433086131434,-0.03290428677732514,0.7956079626161453,-0.09354430552484773
['Frank Sinatra'],[792507],-0.5494270569092623,-0.3513586886495934,0.7120991710132992,-0.16222595031307627,0.11399487656958872,0.6342005408888929,-0.23075953292447676
['Frank Sinatra'],[792507],-0.20569146977146902,-0.07888590509523691,0.20286580695748854,-0.15995070835331124,-0.3263310811279057,0.27568442926511655,0.07155511282032259
['Frank Sinatra'],[792507],-0.36522031418147116,-0.1208035680829686,0.20814997553476544,-0.32215141934366304,0.06596065389609357,0.5922077598873116,0.12380762653584872
['Frank Sinatra'],[792507],-0.16488446442898916,-0.14421762861062984,0.1957682042856273,-0.17831335605809984,-0.1456842080978493,0.2773824398236704,0.10486046802781869
['Frank Sinatra'],[792507],-0.20511855086623895,-0.02581120779387115,0.11170776824171727,-0.31763770817454606,-0.13586249437464132,0.5302302046199365,0.26346562309272437
['Frank Sinatra'],[792507],-0.37778995160597323,-0.17896773631802035,0.13002206220226858,-0.02825586030182149,-0.3811381747141196,0.3718922009016602,0.09203437069271228
['Frank Sinatra'],[792507],-0.18228453568631872,-0.13566724838066938,0.18007146450002368,-0.12791665352989579,-0.40799079957327333,0.33773442371093093,0.10540979817962433
['Frank Sinatra'],[792507],-0.43967744298065586,-0.2855909703772178,0.1434009624934487,0.04808303803707196,-0.4527129765659482,0.40060340378580045,0.04407383316895237
['Frank Sinatra'],[792507],-0.16615217631340756,-0.106966149007914,0.16720053334357626,-0.06442707600137582,-0.7706830776967794,0.3244801834842942,0.11120158045966938
['Frank Sinatra'],[792507],-0.6748139118220767,-0.5089018952269285,0.21274299638116428,0.11831437291114978,-0.669704557975385,0.6621953264176555,-0.06753979837297534
['Frank Sinatra'],[792507],-0.5717592113978254,-0.3518163003595538,0.24700980821196236,0.11409799879497994,-0.8682361005979239,0.6032426016546896,-0.007638154389521463
['Frank Sinatra'],[792507],0.09739661891607933,-0.034296923675478215,0.11501687578891708,-0.10542863909732159,0.07680042913120441,0.4581403554787813,-0.13721011639032282
['Frank Sinatra'],[792507],-0.08210202827108877,-0.30551172197672083,0.21251994110580255,-0.08673327934540412,-0.22678743390449888,0.31700581567772707,0.11066117260050444
['Frank Sinatra'],[792507],-0.8741917263401102,-0.5152895684491222,0.1319213540805366,0.1260552409082614,-0.46165163272528925,0.7994215510259209,-0.07483712557206697
['Frank Sinatra'],[792507],-0.9380148544020555,-0.5009401123892607,0.06837613546858061,0.045410645317359034,0.16571435248076677,0.7189881382821033,-0.06757902331896064
['Frank Sinatra'],[792507],-0.6916587351977309,-0.5456132487455638,0.0925107070737592,0.13075570967832273,-0.48083027836630127,0.7120863427300068,0.01109852189168573
['Frank Sinatra'],[792507],-0.11850198884840663,-0.14176380969324726,0.17966966421846542,-0.06128785827483159,-0.7719549772336579,0.34493053936104745,0.1170383874102124
['Frank Sinatra'],[792507],-0.14719039945419424,-0.13648793782367705,0.16472686920966112,-0.11228585006899244,-0.6707687255489543,0.4573137746875375,0.16291720950798877
['Frank Sinatra'],[792507],-0.16686559367634976,-0.22972363425287842,0.22055485838744726,-0.03046196643064733,-0.8441289239463543,0.4385297950039988,0.06827974929289841
['Frank Sinatra'],[792507],-0.23218214654478167,-0.275537682222198,0.20917512167951482,-0.2268728937614231,0.0619021737171974,0.48468222865386246,0.13632407464826232
['Frank Sinatra'],[792507],-0.2086372788966104,-0.23962292450017247,0.1965418563321162,-0.1814226823000667,-0.12512539759960561,0.43933959863016214,0.13967616523107396
['Frank Sinatra'],[792507],-0.23304018010428695,-0.16270936762757282,0.16615945762693504,-0.18670866449279236,0.050757329812468666,0.3801445877222206,0.122966070552819
['Frank Sinatra'],[792507],-0.06649073838398895,-0.14786198550884533,0.2281366326158497,-0.154553498713342,-0.32664933295185455,0.33154904618291364,0.06703781225828252
['Frank Sinatra'],[792507],-0.1830642090739899,-0.07219183550923283,0.341377042016653,-0.06747228360071202,-0.8548742314500761,0.3948410457511809,0.007434113858517032
['Frank Sinatra'],[792507],-0.592701969486296,-0.4747413882266349,0.2686950083119736,0.06955484429116285,-0.323293613559857,0.5835848920908958,-0.03809810803252843
['Frank Sinatra'],[792507],-0.7088619624695828,-0.4952780734392668,0.1531685471147346,0.1481459750458009,-0.3090991160695255,0.5991419065838677,-0.07171320240007796
['Frank Sinatra'],[792507],-0.5673322847735762,-0.5723894826034147,0.20312860884286,0.08526987691995735,-0.49555224587002766,0.6806614377460908,-0.02598688628461853
['Frank Sinatra'],[792507],-0.6324727760442928,-0.4220922229032901,0.3262841566444705,0.02027294249174577,-0.4125909591542564,0.647553637710611,-0.09945595196350823
['Frank Sinatra'],[792507],-0.5286824506117327,-0.4056788571795037,0.171293753027582,0.06931523457716386,-0.5175384918261795,0.5335257944225217,-0.011647657062917066
['Frank Sinatra'],[792507],-0.6962466484283305,-0.5138671206754545,0.12932683393432673,0.17663059482235813,-0.4844638972811411,0.5920194168265488,0.012008585573136223
['Frank Sinatra'],[792507],-0.23993170152457718,-0.15332455098875633,0.17017465934028425,-0.035346859020273846,-0.8443934713045499,0.4209306098250363,0.07290771037589129
['Frank Sinatra'],[792507],-0.19279711389558155,-0.09643081162794942,0.1571241671328799,-0.11163307486385547,-0.7581905990708685,0.4772767429720309,0.1540023468458664
['Frank Sinatra'],[792507],-0.5486705376284327,-0.4740889724529685,0.1867409488362267,0.09861903374027638,-0.5978972673013252,0.5756945398432797,-0.02486630349718708
['Frank Sinatra'],[792507],-0.6905073286786728,-0.3905477400234948,0.11464889130364839,0.0736148145419606,-0.05423514350961921,0.49025291369654184,0.01766538532382758
['Frank Sinatra'],[792507],-0.5966147348144456,-0.5055362562391017,0.20125058317745376,-0.03168176765630385,0.04202366206348008,0.6540947019552917,-0.005053174322844052
['Frank Sinatra'],[792507],-0.2767800804596097,-0.1511358296526109,0.22188196881944075,-0.12053662364721383,-0.1295918069923738,0.2871918703395206,0.06671602657757066
['Frank Sinatra'],[792507],-0.8833057992371324,-0.2014304729032483,0.9603459247439492,0.006877738838754831,0.06450587749170397,0.7377645297475316,-0.2415795048389958
['Frank Sinatra'],[792507],-0.5389955115839853,-0.18505744593308684,1.043566714780684,0.06804115998440127,-0.3450962340763272,0.5318862667316383,-0.25018825185638854
['Frank Sinatra'],[792507],-0.643353938536623,-0.3827989484845276,0.20020702042837044,0.05180586077271145,-0.7698387139364214,0.7155966407619141,-0.08005734581399462
['Frank Sinatra'],[792507],-0.7289629141490194,-0.5162831681022424,0.1149231375978385,0.0026911896371611265,-0.4780550991896235,0.8682351686079939,-0.051789860584546474
['Frank Sinatra'],[792507],-0.3143692063630667,-0.3481398342364781,0.610866513115097,-0.06815686720531755,-0.26536642191346255,0.5914321350363483,-0.12524385365384846
['Frank Sinatra'],[792507],-0.6246991723241575,-0.5724065118063493,0.15657774582659176,0.11608131893892608,-0.0504339679303995,0.4841842356136666,-0.09868392397520696
['Frank Sinatra'],[792507],-1.3213907854678055,-0.2847668943102002,0.2065687468470882,0.1991982228781955,0.09936345484558282,0.5236913450656154,-0.406758685844326
['Frank Sinatra'],[792507],-0.6529671407547992,-0.5733781199743611,0.11588999471220574,0.1732875072828711,-0.666024588026703,0.6554483540488283,-0.041244763071943684
['Frank Sinatra'],[792507],-0.6781936791608848,0.023187669984047032,1.2722194568307221,0.13251881838731328,0.05705540529695009,0.7193271487697509,0.04017896321297806
['Frank Sinatra'],[792507],-0.5695105523829832,-0.30636294746996107,0.18193060877449618,0.0745670241171575,-0.7916913836700242,0.531353829752222,-0.07750343722455258
['Frank Sinatra'],[792507],-0.7561919014428271,-0.2704937695772059,0.29105459027880687,0.14240976693385324,-0.774290852248736,0.4948947620174879,-0.18748377072342137
['Frank Sinatra'],[792507],-0.868402338745607,-0.18076835432112442,0.3389612741106396,0.015846752164405977,-0.22733466115387266,0.5321510176390315,-0.20162455562546044
['Frank Sinatra'],[792507],-0.8312853856052094,-0.25211150175660085,0.22167464024441888,0.014885787965687252,-0.05091230943698649,0.4741579392732086,-0.13833515972310964
['Frank Sinatra'],[792507],-0.19525545863931995,-0.13059236098794083,0.21834409751121378,-0.21670055143046063,-0.13708388602717167,0.38199070594414997,0.14952367610593703
['Frank Sinatra'],[792507],-0.18643754539953086,-0.2438796671336988,0.17964857307939103,-0.04064686606759198,-0.5735064980410616,0.40173267929017076,0.11290142437665948
['Frank Sinatra'],[792507],-0.26138716648558014,-0.1919969196598269,0.3266653749886714,-0.12679693564376285,-0.12846128802292112,0.30456673606483003,0.0070987012384007364
['Frank Sinatra'],[792507],-0.3000413227672171,-0.008373908432984996,0.23412045773167123,-0.07771412861586849,-0.586005811235178,0.28025282546717417,0.013070801601992785
['Frank Sinatra'],[792507],-0.21982329335979103,-0.25929884286345395,0.21450762716610075,-0.08996998764814969,-0.5745915747735036,0.4119825754101183,0.0549338692853715
['Frank Sinatra'],[792507],-0.16358036983268914,-0.2581306297886466,0.21040339974087036,-0.15804424105890727,-0.22567359657352917,0.3507803530693376,0.0910243960405395
['Frank Sinatra'],[792507],-0.33200359679111985,-0.20576370865871366,0.3195885840787435,-0.14323487086621792,-0.20328321314494183,0.43213048632457224,-0.0009375630625266786
['Frank Sinatra'],[792507],-0.38624496635741434,-0.07544846175313573,0.17815769889430963,-0.10719197671756199,-0.12481722958885648,0.2888424641980702,0.03735308581566695
['Frank Sinatra'],[792507],-0.1010647611443644,-0.3154403095348775,0.22778043232754538,-0.08522464687198594,-0.3060368670454329,0.389961919504276,0.13246208807584994
['Frank Sinatra'],[792507],-0.1916894247864583,-0.0380934088004905,0.35085809843538396,-0.052021103433793216,-0.6873386903159734,0.22561450205662442,-0.05150588596226783
['Frank Sinatra'],[792507],-0.1973732698503128,-0.08484183145069085,0.16154151998151114,-0.07415540220885744,-0.751042515004108,0.46462114764004536,0.12627149969783077
['Frank Sinatra'],[792507],-0.3025983981939326,-0.11610437020980012,0.1305921157676502,-0.06933157640930544,-0.9204258183432644,0.5578557094476598,0.17219088453805426
['Frank Sinatra'],[792507],-0.17870718283780962,-0.11335674457210272,0.17912352408981408,-0.06461821906365142,-0.7686345754670005,0.3283712706428748,0.09366227557957423
['Frank Sinatra'],[792507],-0.3180567286333025,0.008370043298836527,0.29844160520314456,-0.07337286909728018,-0.7569565229981423,0.3743927616916782,0.0022631734354883657
['Frank Sinatra'],[792507],-0.30647576774796376,-0.12774050253176492,0.2347101399384407,-0.0011770443293369532,-0.8404309360594616,0.3739493087653418,0.014664937575437855
['Frank Sinatra'],[792507],-0.8448073411506071,-0.37601882656710056,0.1957131025978699,0.08501752356101268,-0.830038424694835,0.8796877086608076,-0.11870824958642132
['Frank Sinatra'],[792507],-0.12097746816310598,-0.1397489645067129,0.19111088747389576,-0.13608862231395508,-0.4151927172319327,0.33195029054490216,0.1167398002418513
['Frank Sinatra'],[792507],-0.21673663369941754,-0.14157727859766522,0.2981217069062112,-0.06687696907732049,-0.9284818183704173,0.5290873386844944,0.036662732212324516
['Frank Sinatra'],[792507],-0.018932131596768653,-0.11043142562492472,0.20639349317731423,-0.22529876429162451,-0.07267804859547135,0.2720369779259334,0.14223250976566745
['Frank Sinatra'],[792507],-0.1391653926157448,-0.23265642869380596,0.22190607785322403,-0.03201755921288466,-0.8484947204113644,0.42535959788252714,0.06377318933704909
['Frank Sinatra'],[792507],-0.8336691797497802,-0.4612194549662087,0.05689897968956631,0.1393021084546889,-0.8234845469632087,0.8850625396939713,-0.011607091765268703
['Frank Sinatra'],[792507],-0.30954678471193176,-0.18893307243337507,0.14482576444382692,-0.2703420365898104,0.0715385506021913,0.6073018579675558,0.19966601371792775
['Frank Sinatra'],[792507],-0.17464615734429595,-0.22576374594807866,0.15636624589134682,-0.031609005709223856,-0.7555849348021328,0.41243825628362124,0.11681223700808761
['Frank Sinatra'],[792507],-0.6894085763094502,-0.46857528792212766,0.3285235312929577,0.15952221300505465,-0.5785973113502482,0.6066586641412787,-0.14836385764582444
['Frank Sinatra'],[792507],-0.3312811023671377,-0.34560001353724534,0.23919565628696832,-0.10478609957563123,-0.09387633620451848,0.5378752942148839,0.09673179194479192
['Frank Sinatra'],[792507],-0.6255385851165421,-0.6322448199916575,0.1421376963911818,0.16557534788722944,-0.7510530533500073,0.7171281899675341,-0.014080228380918089
['Frank Sinatra'],[792507],-0.6316643359908739,-0.46036235477067655,0.08890002298589575,-0.05929484263483356,-0.3171983848412138,0.7860971956990083,0.061404342783060006
['Frank Sinatra'],[792507],-0.9105140576781637,-0.08210228963486504,0.570995842468164,0.01971996188746602,-0.8424248396967075,0.7994203525009214,-0.323598242883301
['Frank Sinatra'],[792507],-0.7734620142516191,-0.4537377135504993,0.37383753725383567,0.06115304536852028,-0.03374533573861661,0.617545004245094,-0.17173494136370876
['Frank Sinatra'],[792507],-0.5058913639476379,-0.46319808695675146,0.2122728321900348,-0.04099101373364268,-0.0698208550991308,0.5574134533999613,0.013051676500986287
['Frank Sinatra'],[792507],-0.17955540706887066,-0.24740555381576096,0.16409618527260011,-0.13393315262481265,-0.04427045192008017,0.32841091508975306,0.0700389382255609
['Frank Sinatra'],[792507],-0.93503419717102,-0.563207984855439,0.09559001402284599,0.3553479258053223,-0.6373182186358509,0.5346533941347079,-0.17121849081958704
['Frank Sinatra'],[792507],-0.18509859000188345,-0.19666485901191333,0.2451550598415701,-0.011207054921885203,-0.8480441763236588,0.373285369011518,0.03492058924288104
['Frank Sinatra'],[792507],-0.7534933425209159,-0.5233677053624171,0.14371683579102898,0.18226127778212395,-0.6539170150656708,0.6943309952041192,-0.037814193703933546
['Frank Sinatra'],[792507],-0.25788664584796245,-0.06839253581712652,0.16181516908653265,-0.1651423759173204,-0.14347679757585102,0.23994635013395543,0.07804401050796825
['Frank Sinatra'],[792507],-0.4666921940105933,-0.1992146412502875,0.10506913656842282,0.1459754114862361,-0.6367974449009066,0.30689267892452976,-0.003569774526590387
['Frank Sinatra'],[792507],-0.10993249339183879,-0.173590398429494,0.22236188268979173,-0.18000310157193652,-0.061832399172501225,0.23769465670454243,0.09829624625709754
['Frank Sinatra'],[792507],-0.45224176986120174,-0.19140472597020441,0.1456201981359246,-0.11539625735224303,-0.27534365287938445,0.5232732294085335,0.1091305533250092
['Frank Sinatra'],[792507],-0.20259251228474986,-0.13129590663256435,0.14749716419983241,-0.30893977551810947,-0.035000450990630386,0.5956524914923133,0.2265923521126693
['Frank Sinatra'],[792507],-0.7527973624038765,-0.385287134799222,0.296151926077462,0.10867300970160688,-0.48646214798317944,0.6332313553850786,-0.10837708306709952
['Frank Sinatra'],[792507],-0.4725962571859025,-0.3245941900669253,0.13893178830255118,-0.13981173280901293,0.09498287813232326,0.5323599783609589,0.08245213719487211
['Frank Sinatra'],[792507],-0.5659676299887798,-0.2467157240859302,0.18129028218375243,-0.025688101112948104,0.005729442830517009,0.39675207153308284,0.01615227761400988
['Frank Sinatra'],[792507],-0.49181472740482146,-0.15072866052171763,0.30764680844667824,-0.04552513762034463,-0.28129132010811536,0.367946418632644,-0.10588444001169768
['Frank Sinatra'],[792507],-0.3795754666736176,0.014167592669283757,0.7468180737231348,-0.14079165947233865,-0.8220305775428716,0.6575933255969422,-0.16016386030739174
['Frank Sinatra'],[792507],-0.7780514477479761,-0.3248393224840999,0.15119514031227993,0.18487335845622083,-0.7655229981291988,0.5299424886380418,-0.11256183322284843
['Frank Sinatra'],[792507],-0.5968973099917488,-0.21961399438510745,0.4679134492754899,0.010468663684206818,-0.7885134861636142,0.6413378712608909,-0.21932815048683008
['Frank Sinatra'],[792507],-0.4625720225896354,-0.07193808473562308,0.15599592875185206,0.004170211523830764,-0.7411890000438637,0.3501014028029445,-0.055445117863964964
['Frank Sinatra'],[792507],-1.1416848899853536,-0.20532640398571972,0.5285729270690542,0.2074693847375025,-0.5394574262326098,0.6869071993774879,-0.3047113618876115
['Frank Sinatra'],[792507],-0.5929538679770797,0.0969809928967512,0.8203016646313042,-0.16704281060007334,-0.7091169103335837,0.8176678508704425,-0.13309477311437656
['Frank Sinatra'],[792507],-1.1546100764791198,-0.13864038228989647,0.7193882061465622,0.13272786852494337,-0.009643262498718443,0.5877817492475697,-0.3494106333759271
['Frank Sinatra'],[792507],-0.5980439788084583,-0.24315094942130122,0.15528832463336562,0.1367259506896342,-0.35246840980847427,0.2755459927378767,-0.021716389125387495
['Frank Sinatra'],[792507],-1.2605342912228739,-0.5725246629284904,0.0482275167997429,0.33399663608100244,-0.5903683782050502,0.7754571517871349,-0.21846568438714087
['Frank Sinatra'],[792507],-0.24124510374418628,-0.38561967088008375,0.20848693300171092,-0.13045667079173645,-0.010145102064103384,0.5324982566145087,0.13175954284453684
['Frank Sinatra'],[792507],-0.22860669952262488,-0.2237123640248944,0.17363251611731492,-0.0211717422317369,-0.8366846481349209,0.46872140366329146,0.08436230425171033
['Frank Sinatra'],[792507],-0.5001270707912392,0.01697941361949832,0.22755072847518876,-0.10442399403292071,-0.03512142518804118,0.1988497210844021,-0.04179574365112366
['Frank Sinatra'],[792507],-0.6153759990638313,-0.38855068500562273,0.1309953028325673,0.0735673853455488,-0.2407459720333854,0.5015132263058055,0.048668825967266745
['Frank Sinatra'],[792507],-0.18353298954540706,-0.16974680864110375,0.1955004297628649,-0.16228381363323172,0.03893692706954579,0.2590827052904754,0.08630831608767126
['Frank Sinatra'],[792507],-0.1564590587121875,-0.25255172879141174,0.2155587080618457,-0.19541238084367138,0.04943571717192592,0.38809095513575526,0.1372027328125818
['Frank Sinatra'],[792507],-0.2795982148246553,-0.1225247885335097,0.15288890880886258,-0.05324258663437818,-0.6667739834366224,0.35603698787865856,0.06919404938073269
['Frank Sinatra'],[792507],-0.18410254915776206,-0.060247669608362656,0.3257153420009026,-0.16002422758316096,-0.31872103674513935,0.3443812089500004,0.04500465707627919
['Frank Sinatra'],[792507],-0.09158881450362799,-0.05637523051306097,0.20848631442218712,-0.21810922800485025,-0.14977695665772556,0.31785327817763975,0.10596461107340696
['Frank Sinatra'],[792507],-0.14079180983020523,-0.09153306759844275,0.1582160282479753,-0.10663682591954252,-0.4120937891065455,0.300248672532368,0.1369451213396744
['Frank Sinatra'],[792507],-0.29204752452421984,-0.18063533456047765,0.14608634077848848,0.06664638012685553,-0.5714799462353807,0.22062133808018922,0.0575908544022712
['Frank Sinatra'],[792507],-0.20705689268777433,-0.07297513140636526,0.13025771420871632,-0.10633231674853375,-0.8458730954270748,0.518419492581412,0.17454782759255327
['Frank Sinatra'],[792507],-0.05664896402146701,-0.19800440807066572,0.1950492298903928,-0.2268254866312205,0.02876592814652529,0.32083425616881195,0.16830298750686531
['Frank Sinatra'],[792507],-0.13074448241142672,-0.21498902301317369,0.23904719763084648,-0.12856901950003763,-0.05232311198666302,0.24653065049876333,0.09324173208741034
['Frank Sinatra'],[792507],-0.2268344013057982,-0.16227212895770637,0.17054586125995166,0.006034668458895378,-0.9356675561857914,0.391695195189887,0.0703498818049849
['Frank Sinatra'],[792507],-0.7518682304456222,-0.524780858370672,0.2979197621745667,0.04978548933868196,-0.2960132946113075,0.7519342771479445,-0.1229779397371495
['Frank Sinatra'],[792507],-0.290735463010092,-0.10293683411637077,0.2258312302324294,-0.039142327131245755,-0.933515718235439,0.42112320900712685,0.04756805267048283
['Frank Sinatra'],[792507],-0.38548925638277914,-0.10466030095444406,0.6404823476579921,-0.06982253868878831,0.08913736615471042,0.45201493617965677,-0.16316346716320618
['Frank Sinatra'],[792507],-0.4796049682912207,-0.3850337847704047,0.14867532179861662,-0.017825788704749143,0.09444859259569115,0.41059535140323916,0.04548334303414946
['Frank Sinatra'],[792507],-0.6347307941938718,-0.5215152805115666,0.3192255560548866,0.04367150397447036,0.04351344892994212,0.5670059552888852,-0.10056532954960733
['Frank Sinatra'],[792507],-0.3518674529859897,-0.5689563202219857,0.1922786447455893,0.10234980481611503,-0.6119911132901488,0.566823815996723,0.043249276723943415
['Frank Sinatra'],[792507],-0.9658730738615827,-0.4523127573577104,0.26690295535842673,0.09830855622728556,0.16044678392294645,0.5402332925405954,-0.2273592820526489
['Frank Sinatra'],[792507],-0.8629272377226882,-0.47863795031112305,0.0616514652961586,0.19321448335392993,-0.469649764759214,0.6652483061494251,-0.06095472454352386
['Frank Sinatra'],[792507],-0.5505089771584514,-0.42245413453566727,0.12465459885445651,0.139318989021399,-0.3285183623712452,0.5074322088895142,0.050634960608994514
['Frank Sinatra'],[792507],-0.23701944166199687,-0.09245925131385613,0.18747788497857004,-0.06620557796284865,-0.4087038877382136,0.2573973183441542,0.05649066792517065
['Frank Sinatra'],[792507],-0.4320826887992642,-0.4539439847369707,0.1456114363177115,0.08680881798658131,-0.7918021822576886,0.5876798858396921,0.04033110336774248
['Frank Sinatra'],[792507],-0.48569177084356535,-0.5889988117145989,0.15943879011206727,0.15802677591203304,-0.4996129614196378,0.5972253841381859,0.04876844756378885
['Frank Sinatra'],[792507],-0.448205357090955,-0.06869771073719808,0.10555492108461863,0.04720049534672202,-0.8205663703870169,0.4122058840203271,-0.0035912314913786447
['Frank Sinatra'],[792507],-0.3266493240990269,-0.09894578620981255,0.1376332576314552,0.007939402929832286,-0.7524037521143084,0.3255118732127641,0.05898918800500993
['Frank Sinatra'],[792507],-0.24431889122266967,-0.19023419863715652,0.17015201886229664,-0.13740175487746803,-0.04284731397374943,0.2759595657389906,0.08818407796152886
['Frank Sinatra'],[792507],-0.12637479191892195,-0.25780483308969004,0.2027055273739626,-0.1799359981072328,-0.2204072598960466,0.45382503753020714,0.1512258869198798
['Frank Sinatra'],[792507],-0.6765050677127217,-0.4667403457294846,0.39394852891435106,-0.0007552233105052133,0.13487416337296623,0.6000079148249579,-0.1619019581352649
['Frank Sinatra'],[792507],-0.6459451390860464,-0.3707772559507467,0.09909236868741561,0.16055832719432164,-0.6023858029128644,0.4653588335001068,-0.04119688077724216
['Frank Sinatra'],[792507],-0.5745763219049542,-0.3571332086034911,0.1518061581321175,0.14742322606842276,-0.5201493093281905,0.40727457839301223,-0.034592741899887564
['Frank Sinatra'],[792507],-0.10635217997837795,-0.22477552515054552,0.1982696216390691,-0.033964634740814036,-0.941732097585922,0.43851750623462527,0.09332940105462796
['Frank Sinatra'],[792507],-0.8504132471152768,-0.4460123636241363,0.13988872573118216,0.20961492616761287,-0.3898091627915194,0.5210646389914518,-0.10779155263265901
['Frank Sinatra'],[792507],-0.7912359831378435,-0.19384153327110898,0.19954590239896985,0.02725203985252812,-0.58192368620505,0.6787358348524848,-0.04333443233991157
['Frank Sinatra'],[792507],-0.4054493034929932,-0.16715451643329282,0.12665155795005695,-0.04291867387208217,-0.6508001528221232,0.3877133745202256,0.05171564656011556
['Frank Sinatra'],[792507],-0.21020656118205838,-0.13937281356383363,0.17753564125433893,-0.026367666298752982,-0.7655632862019265,0.3133272511671347,0.04184021492830242
['Frank Sinatra'],[792507],-0.478664863352714,-0.29667214367263106,0.29415759636607725,0.06034330997741905,-0.7140194550171987,0.48834874051312793,-0.12022408099726069
['Frank Sinatra'],[792507],-0.9651015120600712,-0.5715182719355226,0.12677709378551977,0.1331598584214089,0.08302292100016716,0.6166122735672906,-0.12793008679059104
['Frank Sinatra'],[792507],-0.8304296801854617,-0.04974818502154592,0.4901127862996891,0.16577892957017104,0.23008030829966328,0.8856086512545509,-0.7799931393844035
['Frank Sinatra'],[792507],-0.8136059160120999,-0.0953947351687723,0.8975826836537973,-0.01638465822804801,0.11854401494666994,0.44738184177516166,-0.37230039696785605
['Frank Sinatra'],[792507],-1.0797450992045199,-0.2484689591754773,0.8441188592660974,0.1836620628591076,-0.5363712610298894,0.7803280633482449,-0.36667209372682635
['Frank Sinatra'],[792507],-0.9920341451472644,-0.36838988798252553,0.06201133074028574,0.1551446804992576,-0.733229747046883,0.730767920732695,-0.11447305247340651
['Frank Sinatra'],[792507],-0.5297395331021774,-0.43783113406549556,0.16278713704670084,0.1011612309778686,-0.5180413848222527,0.47912936343584245,0.012886653428257533
['Frank Sinatra'],[792507],-0.421169165521059,0.006360635708999605,0.09507107697008868,-0.18087841293978346,0.058060327114273835,0.3391743213499693,0.14981588715522734
['Frank Sinatra'],[792507],-0.11369589894748397,-0.1457987700378513,0.2025762953946359,-0.23736161198393121,-0.05116237347686536,0.40480356961984887,0.17893767443384612
['Frank Sinatra'],[792507],-0.14913454496911183,-0.14961112069166643,0.17787183101741927,-0.33102023565307953,-0.0417091643909503,0.5846691391250007,0.23714892514295974
['Frank Sinatra'],[792507],-0.31508116132469244,0.0006798777884144946,0.14606697673766933,-0.24722697325722898,-0.385991756464525,0.6298346324820678,0.20429527246265478
['Frank Sinatra'],[792507],-0.21933353236750325,-0.24205215352162385,0.20870839665886098,0.008893831862113894,-0.9279286993129378,0.43596802090148346,0.05329132533232471
['Frank Sinatra'],[792507],-0.28368689272652214,-0.08303334926539443,0.13273546255569435,-0.26752809480414425,-0.29922746275439344,0.6274437084266594,0.2081855678697808
['Frank Sinatra'],[792507],-0.19236458802766482,-0.18242943051088303,0.23187486323898815,-0.1379279779933131,0.04236707645920425,0.2581757878237786,0.05586361025852859
['Frank Sinatra'],[792507],-0.1936043187617887,-0.07322102303194425,0.2599010373905176,-0.10076611364764337,-0.40784223641741607,0.3001395833884475,0.05927281378933935
['Frank Sinatra'],[792507],-0.3100754474668368,-0.04981106433656185,0.10968383389574744,-0.21659607826929744,-0.8341853417847315,0.6922801751710778,0.20363502784003873
['Frank Sinatra'],[792507],-0.6263124381832919,-0.3875714831918821,0.26625615229934907,-0.01470405091211361,-0.14998123766660137,0.5635658366636919,-0.04379824502610126
['Frank Sinatra'],[792507],-0.5773170424866072,-0.48079538387155446,0.2571689283490968,0.11547114824118378,-0.49978592752336515,0.6225926108187104,-0.036919967907785255
['Frank Sinatra'],[792507],-0.5400389779519488,-0.4517841561973961,0.17882880749671218,-0.018288437877816158,0.11507151658540556,0.5167353873005363,0.03193674456031211
['Frank Sinatra'],[792507],-0.4306210872128485,-0.62593809381915,0.20651255608960833,0.0020154625994143727,-0.32963389208713156,0.6753835162343376,0.03733645997552078
['Frank Sinatra'],[792507],-0.5666971043341316,-0.48958331234962155,0.2771267216280629,0.004944527495980206,-0.32668335474134713,0.6307424824101032,-0.06136560599979512
['Frank Sinatra'],[792507],-0.661234309108795,-0.3298166776481281,0.11423655291951429,0.04549011787119548,-0.23905760208603213,0.5376431079513571,0.03517133411619512
['Frank Sinatra'],[792507],-0.48113143843409983,-0.4241512407268268,0.16519462469095683,-0.0551607773031139,0.010531405637323769,0.48936836813504414,0.04938183800399379
['Frank Sinatra'],[792507],-0.5788390013963928,-0.5022565708434104,0.13431678837820865,0.07594115829176701,-0.32031236026808263,0.6168291299695433,0.029740338238067494
['Frank Sinatra'],[792507],-0.2742072012580492,-0.12162006997562837,0.3612807173600229,-0.18037159801154948,-0.040944173648956105,0.32933086164650105,-0.04647698911855419
['Frank Sinatra'],[792507],-0.17124589805148227,-0.1906962648599095,0.19576532793313045,-0.1631807434062596,-0.1309414371827229,0.3785090731394916,0.15740839362830464
['Frank Sinatra'],[792507],-0.2750716962211903,-0.03751997125584981,0.33432215969072143,-0.20687542643359133,-0.5734101015973239,0.5598634478795694,0.07075139396953643
['Frank Sinatra'],[792507],-0.6000882083385445,-0.3054650394173482,0.32729709165075105,-0.06957285308262712,0.1112096441593517,0.5389913451638491,-0.06808587156100727
['Frank Sinatra'],[792507],-0.33109771490273326,-0.1069355509326297,0.10233847119288764,-0.023190615704114934,-0.6668560121587169,0.3069723412942872,0.0675299611508543
['Frank Sinatra'],[792507],-0.5799193832425033,-0.4855992513943461,0.14806822890313417,0.07819925951362412,-0.49964981585478313,0.6391382193580412,0.020516663586213423
['Frank Sinatra'],[792507],-0.7069439434840171,-0.22932528411561637,0.2649468000725457,0.12683310037247922,-0.6047471729188505,0.45787906567218845,-0.15594363566930977
['Frank Sinatra'],[792507],-0.5898658368179001,-0.8036420353686248,0.16569292965505952,0.11965717799191354,-0.29465301011711253,0.7412530947266811,-0.003951240300334335
['Frank Sinatra'],[792507],-1.018953809077554,-0.4212567853722178,0.22733004442999266,0.2674592936907769,-0.5469958200536247,0.5770738860584084,-0.241730385952116
['Frank Sinatra'],[792507],-0.27127411266577434,-0.11722486068315606,0.12231179145305476,-0.08023329562347066,-0.7504421650708994,0.47105658339579887,0.14852708555430685
['Frank Sinatra'],[792507],-1.084107512700935,-0.11640469116737713,0.22002626915789228,0.042986391122065315,-0.2889575066473057,0.6992751647545687,-0.11367383913777764
['Frank Sinatra'],[792507],-0.2803995829045412,-0.06976122691917673,0.32248030486307294,-0.1312866666495547,-0.40073261954303374,0.36292441923299973,-0.013169517313103079
['Frank Sinatra'],[792507],-0.8525866451673685,-0.39693462757630815,0.18251416813800908,0.15059409954130132,-0.5684012873584492,0.6085198674814881,-0.11088067411555487
['Frank Sinatra'],[792507],-0.5714388869990273,-0.03779001738578595,0.661636117103226,-0.11868633958221338,-0.18247792429538487,0.4753718252167603,-0.24310146581415096
['Frank Sinatra'],[792507],-0.3199695535324867,-0.017842078456249806,0.7666543357675759,-0.12251673852234425,-0.5743971844552352,0.41061067488672187,-0.27128290769193764
['Frank Sinatra'],[792507],-0.3578958446798037,-0.20856545149923897,0.16993688197846749,-0.08306647792297227,-0.2053576717693558,0.3483915623382452,0.03603208874451523
['Frank Sinatra'],[792507],-0.3340461962595768,-0.3196890818608638,0.22691307814301334,-0.11026313450119928,0.07762460520341007,0.427759723878361,0.06463264374218018
['Frank Sinatra'],[792507],-0.27297602403876936,-0.15928240440149932,0.1833176922651504,-0.05500937720739685,-0.5746988139601088,0.3501236408637242,0.0632628793710847
['Frank Sinatra'],[792507],-0.97106283229633,-0.4785418056072845,0.05497959941545806,0.09748364269985761,-0.4546998887562816,0.805075848802983,-0.08209891767336464
['Frank Sinatra'],[792507],-0.30243137982062007,-0.2271888353909879,0.14663660617968272,0.0351607512674139,-0.5536362424345747,0.38293334904830084,0.004304335820600979
['Frank Sinatra'],[792507],-0.6784554463476561,-0.5218398552695057,0.10764063296317919,0.12812117032477097,-0.6658943918625844,0.6971115726880402,-0.015057628013882154
['Frank Sinatra'],[792507],-0.7350505332094308,0.02306759988125247,0.08961127701632238,-0.08647287229233386,-0.07949574851683244,0.4557548300556675,0.058022283031712966
['Frank Sinatra'],[792507],-0.08075033684109262,-0.11973383305792731,0.20363172527999002,-0.15177493612016915,-0.42006287029191863,0.31724566352857503,0.13896587946773117
['Frank Sinatra'],[792507],-0.7850583453778326,-0.25002634137512375,0.1923254909339338,-0.03930316078672838,-0.6672288083777321,0.8349187503341312,-0.002690114310202734
['Frank Sinatra'],[792507],-0.17999275620754107,-0.07928516378161804,0.16983132739367718,-0.2396366761066395,0.04177004373682218,0.35619727036742865,0.19068917136816294
['Frank Sinatra'],[792507],-0.7677743811862084,-0.32944459046167734,0.08825717095180381,0.12895371911893883,-0.3176995213717264,0.4898959719681149,-0.004102057122473025
['Frank Sinatra'],[792507],-0.41182043434417265,0.20531499977283624,0.5798394323958737,-0.2690115598512117,-0.8407657644669823,0.6434914144806952,-0.07647838581639022
['Frank Sinatra'],[792507],-0.6656340808434957,-0.45385294239654206,0.10526080438447127,0.15329373984146147,-0.7615106950644736,0.6538066673636515,0.005316559498805994
['Frank Sinatra'],[792507],-0.4413958187890276,-0.2286764902956944,0.15142952817960725,-0.1403219146781295,0.08032682910056646,0.439764470778596,0.10594598945453035
['Frank Sinatra'],[792507],-0.5475993802841078,-0.413371331138036,0.21151814676074013,0.11481155370458825,-0.5198400058358486,0.4748530519768696,-0.10036611542706139
['Frank Sinatra'],[792507],-0.33854309029448854,-0.08668872205653994,0.1648421948308313,-0.07715866208436108,-0.48773706441501874,0.31907870225143786,0.03577709882288692
['Frank Sinatra'],[792507],-0.21663258838865862,-0.13954713129645857,0.2361957172971708,-0.021185771919970744,-0.9371969621074802,0.40415291248625484,0.038316128781295984
['Frank Sinatra'],[792507],-0.2464162474662189,-0.07624656912608319,0.2904350713026429,-0.06938803497026251,-0.761116799109509,0.3825727709880759,0.001341447959586656
['Frank Sinatra'],[792507],-0.4143768912573346,-0.48976005800311095,0.2444761424087042,0.02535003042915307,-0.34664557584539263,0.523675514106834,0.007085655723577573
['Frank Sinatra'],[792507],-0.21352827504124575,-0.15710846806523857,0.17946708739882106,-0.1323089686913963,-0.661855960934303,0.5230802031651197,0.16469954454799907
['Frank Sinatra'],[792507],-0.30651816037195795,-0.2315422721559941,0.15382452398105662,-0.08413820166495689,-0.3822356201211385,0.4566430284751908,0.08990403623490384
['Frank Sinatra'],[792507],-0.34897025398680337,-0.11269778572524905,0.2252162782670511,-0.10774919171113748,-0.2925382161034557,0.42159663405186515,0.048222705725775576
['Frank Sinatra'],[792507],-0.18947518932610402,-0.34655487076310254,0.376384334798135,-0.10156931703306152,-0.030755487105494812,0.35101916213331436,-0.03335352190462625
['Frank Sinatra'],[792507],-0.21393907243250218,-0.21050207737111862,0.19235495035230224,-0.026591019811315165,-0.7533411416246926,0.40575665950542605,0.05271281958125048
['Frank Sinatra'],[792507],-0.6464431731274244,-0.5020072238043299,0.1367833540283334,0.11572983097459776,-0.31205747127355393,0.6047598026171833,0.016776871351459017
['Frank Sinatra'],[792507],-0.6335196140695022,-0.49701344136054865,0.18499677020776528,0.01318220304250447,-0.3151912914533553,0.6846887351451336,-0.02814445848589607
['Frank Sinatra'],[792507],-0.39808392931655273,-0.061229038359010717,0.2800053725887748,-0.027150905020560664,-0.7438649150907858,0.42389456868023095,-0.03908898410523937
['Frank Sinatra'],[792507],-0.27733785064469796,-0.2802831735641307,0.24078586095829907,-0.06537850352781141,-0.3827552443532754,0.43098785661080824,0.007444735118492281
['Frank Sinatra'],[792507],-0.3029373917738167,-0.1571458857447991,0.17184866472783292,-0.11439982187505827,-0.21209882027583954,0.3689150424775556,0.06434054832957227
['Frank Sinatra'],[792507],-0.2571267836474575,-0.17640563488000285,0.1740451004175904,-0.012356810393918758,-0.7538101680113659,0.35969067242997843,0.045497779879482676
['Frank Sinatra'],[792507],-0.6454339996918101,-0.5905184111854734,0.21709880819400926,0.06819663558911525,-0.300977368846527,0.7242033499689053,-0.05053423311266821
['Frank Sinatra'],[792507],-0.8575717589876587,-0.558413329454038,0.13019647479151644,0.2832091671407394,-0.559290670119469,0.568735945952672,-0.2027757235881046
['Frank Sinatra'],[792507],-0.7138011738979357,-0.10253678024503587,0.6213113013364698,0.09841949563296791,-0.6047304691830767,0.4607476674399352,-0.3079563590271571
['Frank Sinatra'],[792507],-0.7067421616586652,-0.23695776303213492,0.42483280844928156,-0.020900761899230978,0.11236459304398012,0.423082968025083,-0.2238302036386758
['Frank Sinatra'],[792507],-1.028799206228188,-0.16045505978643984,0.3063513837860479,0.20524121907641757,-0.7487725782036362,0.5173478479425784,-0.27349053247754257
['Frank Sinatra'],[792507],-0.6347742812414461,-0.34743161088217916,0.14074923555903066,-0.11877825690482288,0.11304255621388651,0.5725969350448369,-0.011956225653985792
['Frank Sinatra'],[792507],-0.8682188383836477,-0.13054979235485437,0.15506862554575235,0.1363391432451798,-0.7676709799615415,0.5328742238379542,-0.13163149561069476
['Frank Sinatra'],[792507],-0.632759730098398,-0.6550139250039987,0.12310687918670178,0.14467286177314273,-0.564652297760443,0.7769758394350729,-0.03861065041170623
['Frank Sinatra'],[792507],-0.6106396472206489,-0.4268400790518572,0.3343363739929624,-0.004555962872109352,-0.3208722517685557,0.6453910851587569,-0.06301528713138448
"['Frank Zappa', 'The Mothers of Invention']","[138699, 405522]",-0.5399849245316914,-0.3303127360741736,0.44297510655662065,-0.029027745511479214,0.024982383633882718,0.5828010705890969,-0.0044838676996569625
"['Frank Zappa', 'The Mothers of Invention']","[138699, 405522]",-1.011996869028591,0.1028781274724358,0.2789232919565843,0.30543421570058477,-0.6455619023653673,0.5326701312140463,-0.09069369399162837
"['Frank Zappa', 'The Mothers of Invention']","[138699, 405522]",-1.0139283805271546,-0.2020487447329048,0.02243165377915481,0.17186884091176424,-0.6504446512613278,0.6634451936195326,-0.09541242832921958
"['Frank Zappa', 'The Mothers of Invention']","[138699, 405522]",-0.7710228800702388,0.1530815891949448,-0.12559742864230788,0.3219396114696193,0.22175830857257864,0.6120887159237572,-0.5909415874197619
"['Frank Zappa', 'The Mothers of Invention']","[138699, 405522]",-1.0612891787909131,-0.06656378319962102,0.4049910314857438,0.2781237444135866,-0.6579346944307499,0.4732686273031001,-0.26713193005489005
"['Frank Zappa', 'The Mothers of Invention']","[138699, 405522]",-0.6664448626814293,-0.2635221679370132,0.3815701964984438,0.03751859709591558,-0.6876089629846289,0.6413504403890701,-0.12166574907248463
"['Frank Zappa', 'The Mothers of Invention']","[138699, 405522]",-0.6419573396553365,-0.5326664536284779,0.17960798989741658,0.15956860827003552,-0.7550650304580371,0.7259784878253642,-0.03413607953734132
"['Frank Zappa', 'The Mothers of Invention']","[138699, 405522]",-0.8181632156605037,-0.6239257139705885,0.5545349036873197,0.10932059013812179,-0.6281121839436627,0.9214236686948063,-0.3118981454328976
"['Frank Zappa', 'The Mothers of Invention']","[138699, 405522]",-0.4926578873574917,-0.25677508776935615,0.21568287710626366,-0.1023490711691638,-0.8740732566101609,0.8920683750084574,0.11537562746005181
"['Frank Zappa', 'The Mothers of Invention']","[138699, 405522]",-1.3191985350095614,-0.29091180297404695,0.007063088661357338,0.3221904990294393,-0.6051672884142641,0.6771682803379002,-0.20785464436716297
"['Frank Zappa', 'The Mothers of Invention']","[138699, 405522]",-0.5042670676833199,-0.2894719552740582,0.3069233016256998,-0.019192897579401926,0.09198277027405995,0.3344194560749117,-0.030962859705724186
"['Frank Zappa', 'The Mothers of Invention']","[138699, 405522]",-0.8918428980324318,-0.8163830138660212,0.2480033922350003,0.28668267900379235,-0.7891664856326996,0.8522458472388901,-0.18678619305072994
"['Frank Zappa', 'The Mothers of Invention']","[138699, 405522]",-1.1036439569253798,0.05479169910366613,0.4620990568556404,0.23790745234742777,-0.6566960706734384,0.5160749582652657,-0.22849052063132283
"['Frank Zappa', 'The Mothers of Invention']","[138699, 405522]",-0.6423158225091719,-0.5053230946187411,0.01596089753145672,0.5320152472155255,-0.32881958693574953,1.155427655933521,-0.7251889813630106
"['Frank Zappa', 'The Mothers of Invention']","[138699, 405522]",-0.9753188842841586,-0.17088142457679412,0.13705872736538044,0.20702183994273016,-0.21203760334273017,0.4068018169254187,-0.13637603918763372
"['Frank Zappa', 'The Mothers of Invention']","[138699, 405522]",-0.8992774289206015,-0.0826559496811351,0.02484387571727535,0.11856764693575618,-0.24086833872012242,0.37083496852317754,-0.14744144136855997
"['Frank Zappa', 'The Mothers of Invention']","[138699, 405522]",-0.9957748359908711,-0.33520112602144575,0.16267638006198515,0.07592116364399162,-0.015677773231071328,0.6321278614809751,-0.1823121477804925
"['Frank Zappa', 'The Mothers of Invention']","[138699, 405522]",-0.8180151140044606,-0.1226588300386243,0.06714882431089624,0.08989896433543837,-0.6883035286434938,0.5162520202566024,-0.03259149072670559
"['Frank Zappa', 'The Mothers of Invention']","[138699, 405522]",-1.2632339019556442,0.1722468178859878,0.22264945669001762,-0.01244494255567153,-0.01180004328227673,0.6856465038546731,-0.18701346529048699
"['Frank Zappa', 'The Mothers of Invention']","[138699, 405522]",-0.6564548653250634,-0.16511942746019492,0.7836808614214609,0.30239105909557074,-0.6882414236043403,0.5287117522984477,0.12912821773493321
"['Frank Zappa', 'The Mothers of Invention']","[138699, 405522]",-0.5926115215898934,-0.5323811340893948,0.26580083459996856,0.10442160620973111,-0.8511810073337763,0.7519788698873365,-0.0644737436303939
"['Frank Zappa', 'The Mothers of Invention']","[138699, 405522]",-1.1846545097729928,-0.07773870305908576,-0.0059723186603161255,0.36910936929314786,-0.6043856060099371,0.6282543456830225,-0.3178771327740031
"['Frank Zappa', 'The Mothers of Invention']","[138699, 405522]",-0.6727846426711178,-0.5941920658867879,0.20477030398442334,0.18458767435051038,-0.6543967490670349,0.7008966759806069,-0.06785729782298046
"['Frank Zappa', 'The Mothers of Invention']","[138699, 405522]",-0.3106433996819453,-0.3041019474953435,0.31298704086181933,-0.020462111666146705,-0.18746854910748847,0.47604706673706615,0.1684335608162861
"['Frank Zappa', 'The Mothers of Invention']","[138699, 405522]",-0.5243678744473897,-0.4161095206986878,0.32281687036064677,-0.060271860524333136,0.10985529380118274,0.504883676163295,-0.09013543937747001
"['Frank Zappa', 'The Mothers of Invention']","[138699, 405522]",-1.1951281279732588,-0.3896469067079046,0.24365020833528633,0.31422439747467634,-0.6251308613926287,0.5892363364420248,-0.3777659139524769
"['Frank Zappa', 'The Mothers of Invention']","[138699, 405522]",-0.7249000888288343,0.040361152974662626,0.4439038408967396,0.05045433878041058,-0.25521602756744105,0.3425842331301743,-0.20730520209135728
"['Frank Zappa', 'The Mothers of Invention']","[138699, 405522]",-1.2017552313532809,-0.1443697226807514,0.21200441160243647,0.21429942179010006,-0.6376922555234236,0.6130929740895416,-0.2729805105718092
"['Frank Zappa', 'The Mothers of Invention']","[138699, 405522]",-0.8120042072977097,-0.25708202944591246,0.49850920187961406,0.17235451789548714,-0.6610054868647348,0.7051424249588562,-0.15495339574545247
"['Frank Zappa', 'The Mothers of Invention']","[138699, 405522]",-0.8464782428279763,-0.35999495913940327,0.423868697805507,0.06664766131213083,-0.5723467165126571,0.6987098827397223,-0.3188377759629041
"['Frank Zappa', 'The Mothers of Invention']","[138699, 405522]",-1.0590948069874973,-0.08166539960965585,0.22614051803242013,0.09415230747945667,0.15106484691565003,0.43000356192018274,-0.2953509991722066
"['Frank Zappa', 'The Mothers of Invention']","[138699, 405522]",-0.9716171760089238,0.00676653954912037,0.0627504170519037,0.07560190312972015,0.12079213949479858,0.2953485469635304,-0.05587577784459443
"['Frank Zappa', 'The Mothers of Invention']","[138699, 405522]",-1.1146059155406607,-0.4118684988380065,0.0031162856828350753,0.15153519851648872,0.18165825554451076,0.6179277313697428,-0.12001054737450512
"['Frank Zappa', 'The Mothers of Invention']","[138699, 405522]",-0.958026740201456,-0.12545566820596174,0.13717803913318302,0.029253387609632524,-0.04212493012531345,0.518397240037174,-0.113810407960281
"['Frank Zappa', 'The Mothers of Invention']","[138699, 405522]",-0.8377962704593647,0.5737367275927825,0.19136987388051263,0.3255485793483174,-0.7912353476215165,0.6019699479209021,-0.8565103801402042
"['Frank Zappa', 'The Mothers of Invention']","[138699, 405522]",-1.0768207039363948,-0.1311986669450409,0.12222105238153547,0.09000242441514318,-0.030232652812112213,0.5018606203069278,-0.1412866617162412
"['Frank Zappa', 'The Mothers of Invention']","[138699, 405522]",-1.1223887781400113,-0.3440901970026734,0.08292571020042071,0.21764479851177088,-0.2679451704722787,0.6456737488013775,-0.17332989641260513
"['Frank Zappa', 'The Mothers of Invention']","[138699, 405522]",-1.078751979186003,-0.23989982646544514,0.16592596855463995,0.1483809317760015,-0.2031070020939353,0.5323833968800606,-0.19608400535721662
"['Frank Zappa', 'The Mothers of Invention']","[138699, 405522]",-0.34510409298908074,-0.1427661453130963,0.3526885289379344,0.123678800174425,-0.4684284259802411,0.7294656347372914,-0.5899018378976107
"['Frank Zappa', 'The Mothers of Invention']","[138699, 405522]",-0.4951109037160053,-0.3805075965609026,0.43355547964097907,0.022638998916844157,-0.08041270201964268,0.4093752453858369,-0.12402706932582681
"['Frank Zappa', 'The Mothers of Invention']","[138699, 405522]",-1.1631116393351815,-0.4848631918276691,0.15926845399927256,0.2724533653547045,0.025470289512551616,0.6679600756970017,-0.25101215908961605
"['Frank Zappa', 'The Mothers of Invention']","[138699, 405522]",-0.8624866895852182,-0.24468176245303344,0.43466031954218576,0.002472050358968193,-0.038060803371656377,0.5772042944997526,-0.23697995765496063
"['Frank Zappa', 'The Mothers of Invention']","[138699, 405522]",-0.8370389161659366,0.1732043750406844,0.5413540114908315,0.07627097333030361,0.04575300992650581,0.48576313810034455,-0.07010909585265172
"['Frank Zappa', 'The Mothers of Invention']","[138699, 405522]",-1.034479337946718,-0.20611536371054157,0.12167310353266292,0.07055430137481108,0.0732033284613903,0.587474266502036,-0.17563489996442883
"['Frank Zappa', 'The Mothers of Invention']","[138699, 405522]",-0.5349251529586454,-0.4710226747492779,0.4907701425327538,0.03117905414093897,-0.6825536045547,0.7599871470686892,-0.12172658563124723
"['Frank Zappa', 'The Mothers of Invention']","[138699, 405522]",-0.8391753678435719,-0.24128948459589444,0.12189169603651816,0.13722231864017687,-0.6698137016726243,0.6052615630806668,-0.11764635488627255
"['Frank Zappa', 'The Mothers of Invention']","[138699, 405522]",-0.8344054321069431,-0.1625147631546315,0.20199981076925266,0.1055760010655498,-0.49815424023901594,0.575446559065465,-0.04331739222266022
"['Frank Zappa', 'The Mothers of Invention']","[138699, 405522]",-1.0819920432894548,-0.06254994477453568,0.24095690630771807,0.20382186645929706,-0.8374768772407352,0.5719114956918433,-0.2396165381694493
"['Frank Zappa', 'The Mothers of Invention']","[138699, 405522]",-1.0545925411672932,-0.2731828556453188,0.12238445436862777,0.1089783046402181,-0.018037652269803375,0.5794054139271162,-0.17117681256888861
"['Frank Zappa', 'The Mothers of Invention']","[138699, 405522]",-0.7972696551158905,-0.13498258779351957,0.1814930584529101,0.021743702660485382,0.11358077993366339,0.39724486886149,-0.08977473602785598
"['Frank Zappa', 'The Mothers of Invention']","[138699, 405522]",-1.1442161912676259,-0.21745184081666055,0.04413654179013953,0.1668169210184819,-0.4610191202939289,0.6439914593513545,-0.16236893456290868
"['Frank Zappa', 'The Mothers of Invention']","[138699, 405522]",-0.9618456858874067,-0.5440024413214571,0.1959167731403103,0.22595138093979178,-0.6245502908990355,0.7788931497707404,-0.16154660391375247
"['Frank Zappa', 'The Mothers of Invention']","[138699, 405522]",-0.9093196840335277,0.076465440849899,0.609617705169679,-0.05188534300710478,-0.0493691104954353,0.5414066426475199,-0.3309018912404264
"['Frank Zappa', 'The Mothers of Invention']","[138699, 405522]",-1.0139283805271546,-0.2020487447329048,0.02243165377915481,0.17186884091176424,-0.6504446512613278,0.6634451936195326,-0.09541242832921958
"['Frank Zappa', 'The Mothers of Invention']","[138699, 405522]",-1.1266261681738252,-0.21560920534324687,0.13402539739479696,0.2953368143612638,-0.44053642415007754,0.6170282130245672,-0.19509646317039162
"['Frank Zappa', 'The Mothers of Invention']","[138699, 405522]",-0.5243678744473897,-0.4161095206986878,0.32281687036064677,-0.060271860524333136,0.10985529380118274,0.504883676163295,-0.09013543937747001
"['Frank Zappa', 'The Mothers of Invention']","[138699, 405522]",-0.8992774289206015,-0.0826559496811351,0.02484387571727535,0.11856764693575618,-0.24086833872012242,0.37083496852317754,-0.14744144136855997
"['Frank Zappa', 'The Mothers of Invention']","[138699, 405522]",-0.9957748359908711,-0.33520112602144575,0.16267638006198515,0.07592116364399162,-0.015677773231071328,0.6321278614809751,-0.1823121477804925
"['Frank Zappa', 'The Mothers of Invention']","[138699, 405522]",-1.1631096886874075,-0.4848647573690158,0.15926981861552658,0.2724564294623668,0.025469887662366377,0.6679537298128266,-0.2510149887846704
"['Frank Zappa', 'The Mothers of Invention']","[138699, 405522]",-0.6834548309669015,-0.36232261598314347,0.2533638893704127,-0.1031233736577931,-0.49559714860460274,0.8688584885510192,-0.017753766243182388
"['Frank Zappa', 'The Mothers of Invention']","[138699, 405522]",-1.1112355885361869,-0.3753257114371042,0.06929329019485846,0.24937146579258163,-0.2689300149366346,0.5626543266938261,-0.18366388186113672
"['Frank Zappa', 'The Mothers of Invention']","[138699, 405522]",-0.958026740201456,-0.12545566820596174,0.13717803913318302,0.029253387609632524,-0.04212493012531345,0.518397240037174,-0.113810407960281
"['Frank Zappa', 'The Mothers of Invention']","[138699, 405522]",-1.1146059155406607,-0.4118684988380065,0.0031162856828350753,0.15153519851648872,0.18165825554451076,0.6179277313697428,-0.12001054737450512
"['Frank Zappa', 'The Mothers of Invention']","[138699, 405522]",-1.0545925411672932,-0.2731828556453188,0.12238445436862777,0.1089783046402181,-0.018037652269803375,0.5794054139271162,-0.17117681256888861
"['Frank Zappa', 'The Mothers of Invention']","[138699, 405522]",-0.8391665899285884,-0.24129652953195424,0.12189783680966117,0.1372361071246575,-0.6698155099984578,0.6052330066018791,-0.11765908851401698
"['Frank Zappa', 'The Mothers of Invention']","[138699, 405522]",-0.7972696551158905,-0.13498258779351957,0.1814930584529101,0.021743702660485382,0.11358077993366339,0.39724486886149,-0.08977473602785598
"['Frank Zappa', 'The Mothers of Invention']","[138699, 405522]",-1.1567905268162926,-0.16509430565597966,0.05955217829276414,0.20910579799084236,0.1712606729487186,0.4354120826745874,-0.17452865226290878
"['Frank Zappa', 'The Mothers of Invention']","[138699, 405522]",-0.9804219632218749,-0.5105444371439619,0.06874720602115549,0.1597539788157616,-0.0016266545249017036,0.6901471286450337,-0.10142125318229293
"['Frank Zappa', 'The Mothers of Invention']","[138699, 405522]",-0.9093196840335277,0.076465440849899,0.609617705169679,-0.05188534300710478,-0.0493691104954353,0.5414066426475199,-0.3309018912404264
"['Frank Zappa', 'The Mothers of Invention']","[138699, 405522]",-0.8204259249584105,-0.2695799636489185,0.03890200549412893,0.14282425966592796,-0.6689649931227467,0.6057427513707957,-0.011884123628780593
"['Frank Zappa', 'The Mothers of Invention']","[138699, 405522]",-0.676227415112197,-0.3464622029391184,0.4722084923311909,-0.019557591410600785,-0.23222720092204477,0.606379320335001,-0.2274929894319869
"['Frank Zappa', 'The Mothers of Invention']","[138699, 405522]",-0.6335319115060325,-0.433558518942705,0.27711776713779773,0.0006692931182783574,-0.5017397630031063,0.6998750819651411,-0.07248319193393392
"['Frank Zappa', 'The Mothers of Invention']","[138699, 405522]",-1.3432697965969773,-0.13979401569600694,0.42485423292034213,0.3039555247212615,-0.6048717695018236,0.67953860956728,-0.4548578050722228
['Frank Zappa'],[138699],-0.9647428065810408,-0.42519999674464787,0.13277391960207818,0.16759881478735614,-0.003272969509402293,0.621352641127474,-0.10969269486420927
['Frank Zappa'],[138699],-1.1834224062709202,0.04285641338346665,0.377568306926661,0.21407261245462086,-0.462337861004865,0.5375851641911026,-0.3590411811735026
['Frank Zappa'],[138699],-1.1939507084583179,-0.5174191817970307,0.1259769924416907,0.25413412073742986,0.20233507378758325,0.6160374222752273,-0.17138726811130273
['Frank Zappa'],[138699],-1.0660174973772107,-0.2932443213677832,0.04957375832434619,0.24904630200777708,-0.2010363565697149,0.42729191457568866,-0.1558133811833902
['Frank Zappa'],[138699],-0.7066157470720145,0.3444296382577884,0.2420898598810909,0.4733197052580905,-0.7457589135963618,0.8124971476242032,-0.9032405725926308
['Frank Zappa'],[138699],-1.2200660078165233,0.021156934176931375,0.3459641642355861,0.10010974280012232,0.07831840105427369,0.5391839137847597,-0.3178182940163572
['Frank Zappa'],[138699],-1.1974125030300555,-0.008565650116066885,0.15818293843387618,0.21408759342033687,0.16982933291110397,0.387976924102094,-0.18110694435279845
['Frank Zappa'],[138699],-0.9709090750360094,-0.11162950791974083,0.5000980912516945,-0.028214196379906006,0.15761009413257832,0.7079864830835754,-0.18311384639566922
['Frank Zappa'],[138699],-0.91097356797886,-0.010731073762085522,0.5270450967239564,0.21877796671625985,-0.47829177252594657,0.5575928228426135,-0.15884704245013312
['Frank Zappa'],[138699],-0.9734431413858616,0.04374612885256723,-0.010816958414512143,0.5724646654354082,-0.5580370071409998,0.7164765069846208,-0.45714450660165007
['Frank Zappa'],[138699],-1.1453995872063159,-0.040048905470079235,0.8116145062300499,0.2537185212522512,-0.6224275850805896,0.7639075508760231,-0.26917924898487827
['Frank Zappa'],[138699],-0.29869039659749036,-0.22587172782750478,0.8918799042254427,-0.07102125567369005,-0.09131621464662582,0.6138322468182855,0.06103070724627977
['Frank Zappa'],[138699],-1.167884804477424,0.24878688180391806,0.15313319756934135,-0.02384546365992009,-0.036309292183503344,0.5493408162156137,-0.042968741863723715
['Frank Zappa'],[138699],-1.05232954002174,-0.34561510812270924,0.325745999988005,0.2725831535065584,0.18764574553338365,0.5914768781811948,-0.06883427642679893
['Frank Zappa'],[138699],-1.224723634545877,0.0034636750630597604,0.08830725696005962,0.13027260055527387,-0.27548656156781215,0.6484404533530639,-0.12212856957277997
['Frank Zappa'],[138699],-0.8167033445261596,0.4171587602043004,-0.22209725380893117,0.42062664934487715,-0.6576148365955643,0.8106493955483975,-0.636306940794706
['Frank Zappa'],[138699],-0.9961813627281811,-0.09639118479475908,0.13949412974922057,0.07891660302479606,-0.027944916468401634,0.5652279831697509,-0.07780363517668187
['Frank Zappa'],[138699],-1.1114060457573238,-0.241443047347738,0.06928211402491159,0.31025416897316715,-0.16494309901202034,0.6115431752261944,-0.06394850078073712
['Frank Zappa'],[138699],-1.0522538470986047,0.13732650890440398,0.17047476842648182,0.2766854025602171,-0.5570873607346062,1.047144889828429,-0.6512855538942297
['Frank Zappa'],[138699],-0.552371833645738,-0.12032785981428823,0.012154700035993594,0.39315315165433284,-0.24832885934071186,0.6243886358843369,-0.2635000338557439
['Frank Zappa'],[138699],-0.9349037485685596,0.07379412819272671,0.12994901284087113,0.21728354055346646,-0.6502345253613178,0.6110224504350469,-0.051350423815191344
['Frank Zappa'],[138699],-1.3352224646874498,0.1190505142222934,0.2019137942528176,0.12428594405461878,-0.6306108157371277,0.7242232867123144,-0.23497415492418217
['Frank Zappa'],[138699],-1.0998455917192225,0.10729206504456865,0.5868223574679903,0.3040189049033005,-0.8187811305353909,0.6344483800558122,-0.19961234110926113
['Frank Zappa'],[138699],-1.352606944141537,-0.23377084227033235,0.3473290485912754,0.19668709154766342,-0.058929462490718405,0.7351570924620838,-0.30157465269110734
['Frank Zappa'],[138699],-1.0480544464837804,0.0062302443815875465,-0.05133732610844858,0.19141996275319384,-0.4824455010109188,0.47711423408806364,-0.09943796822022115
['Frank Zappa'],[138699],-1.1641353343853529,-0.12420279116074613,0.02751900153798664,0.3006271219748678,-0.8231273266353996,0.5313171754345083,-0.18980442694854247
['Frank Zappa'],[138699],-1.2233481260890893,0.13816533092069533,0.5848844739442003,0.20207487533842358,-0.6518168667364409,0.5089887110656786,-0.4279243058425771
['Frank Zappa'],[138699],-0.7706543633215456,-0.015458189730020595,0.06563764687994883,0.38233578829276343,-0.09231274151155124,0.9165097018078551,-0.785978205250488
['Frank Zappa'],[138699],-1.056169678668623,-0.2075866076062557,0.1052127924751409,0.09245563675626317,-0.6355332574033598,0.818785673208527,-0.14842618324307533
['Frank Zappa'],[138699],-0.898142151522426,-0.24396962179250722,0.0406185996897052,0.30316628311240895,-0.660193111279784,0.46281007126591456,-0.12350453063285922
['Frank Zappa'],[138699],-0.4905194411921236,-0.06575919628706887,-0.06855252234427338,0.4978171822773478,-0.4857975240174915,0.7693089669721628,-0.6951196813847733
['Frank Zappa'],[138699],-0.6486145665507316,-0.02774757948192323,0.0824129734146298,0.1510867233535611,-0.6955704442040244,0.4337004137189899,-0.019535594603757613
['Frank Zappa'],[138699],-0.9244538517705636,-0.09276226809231132,0.03605373440514942,0.2884815859059805,0.21383784930281854,0.6652485773609609,-0.1907112103339704
['Frank Zappa'],[138699],-0.8708346944567589,-0.02882577412603843,0.23133220228784615,0.08616898637375635,0.16071758271918177,0.5238353462801217,-0.31099338266356613
['Frank Zappa'],[138699],-0.8143028220541058,-0.5139690002422667,0.6970803733239735,0.3195311001170227,-0.8144343152413054,0.8640261929082913,0.06768125550288631
['Frank Zappa'],[138699],-0.3568762506718022,-0.3786005353372851,0.07313664499814244,0.2571190421991484,0.015153263585582675,0.7005583635778032,-0.4539691000685467
['Frank Zappa'],[138699],-1.032698275622943,-0.08979611697002367,-0.05942604242234846,0.33894584391113447,0.06645970798591494,0.8261963599517248,-0.3362242236203827
['Frank Zappa'],[138699],-1.1492283943722676,-0.3495299933794602,0.051845555237084506,0.2675848139279249,-0.16715159611201214,0.6177676806627909,-0.16235299997388716
['Frank Zappa'],[138699],-0.8921167285669479,-0.11167802193897697,0.5248193148965957,0.11580691593574531,-0.216150443865928,0.5648881049165394,-0.10978940039814143
['Frank Zappa'],[138699],-1.2188286835189464,-0.11261516224270687,0.16002799792098546,0.08439449601894317,0.007473223036826956,0.7297481114108768,-0.17263965682780558
['Frank Zappa'],[138699],-1.0952816110379844,-0.07927043091794378,0.22954065329718445,0.2508477909679311,-0.8222538939432312,0.6351027836091676,-0.19223482152184693
['Frank Zappa'],[138699],-1.0498642911697724,-0.34419452071504075,0.028186862314493386,0.23974281421935031,0.17107958599410514,0.41930817269501036,-0.25984429006159454
['Frank Zappa'],[138699],-0.8008003540246187,-0.10540226009922804,-0.13312653482389897,0.511388591565221,-0.7224732057853518,0.9242771361353903,-0.7491443354176933
['Frank Zappa'],[138699],-0.817219603411905,-0.15291039106280185,-0.03064649977075415,0.42590362941702187,-0.10916458986981409,0.7760453103546597,-0.6209287055292523
['Frank Zappa'],[138699],-0.8006897728630233,-0.1321299377056195,0.04028324184269423,0.2906531220502225,-0.6631046003703458,0.48281099973183583,-0.005602696577690246
['Frank Zappa'],[138699],-0.9105893160670304,0.2379880588269317,-9.714191941174406e-05,0.32487648859016743,-0.5445490508176538,1.0446619109703101,-0.6882046652041983
['Frank Zappa'],[138699],-1.1388324560116316,-0.4782349434476431,0.10917946818860366,0.3217393184141285,-0.42284398447502203,0.7251369669063602,-0.16116969946846388
['Frank Zappa'],[138699],-1.0610075212686594,-0.32317589219213,0.32704021884568935,0.29616435423898196,-0.2719147785951077,0.6046134581449335,-0.09871659501243117
['Frank Zappa'],[138699],-1.0943418776765836,-0.2587172928348429,0.08055332543190008,0.22221545248069383,-0.3615947031542369,0.6446239935992469,-0.134679067690817
['Frank Zappa'],[138699],-1.0227459021048515,-0.4363493423252459,0.18323303791449927,0.13544535940592362,0.17447588204697304,0.6325461889752483,-0.07302371946264948
['Frank Zappa'],[138699],-1.2779637653862312,-0.22961962976348657,0.5201986350791227,0.3688602898425598,-0.605370035778948,0.620750404879499,-0.47452406471007963
['Frank Zappa'],[138699],-1.1047632178965259,-0.41524225094149825,0.13191959494295527,0.22987700922110912,0.09510425250334724,0.5424924936902698,-0.15781441059872545
['Frank Zappa'],[138699],-0.9342273787964771,-0.20714027864398343,0.31674420504168205,0.22767163267836626,-0.19814332474304458,0.58794271385968,0.01563388998670494
['Frank Zappa'],[138699],-1.2495010090402485,-0.243198282359934,0.19203248081505062,0.16988478642982738,0.20722021413024527,0.6756411660571661,-0.3704665359454142
['Frank Zappa'],[138699],-0.9325767453792796,-0.0989828791814255,-0.1363560094653776,0.5948507757853903,-0.5335272437308136,0.8315218934485481,-0.6508403253855464
['Frank Zappa'],[138699],-1.1242527970278204,-0.2735564373852329,0.09604396498428815,0.16307889564196906,-0.16908578447772435,0.7795702705988188,-0.059214192292683085
['Frank Zappa'],[138699],-0.8673827597857908,-0.21458703149770794,0.20105687101349284,0.24496238424238662,-0.3104106542659251,0.384098999522564,-0.13263469436677433
['Frank Zappa'],[138699],-1.227932954340479,-0.027877870607071434,0.5645930866113468,0.10757146911791018,-0.3573132969666433,0.7345016813941786,-0.3934200585092166
['Frank Zappa'],[138699],-1.2455850673064572,-0.19572924350468124,0.4779508657977536,0.31564195457270444,-0.7915316760398449,0.7254954811757962,-0.42678872213378816
['Frank Zappa'],[138699],-0.879289472275075,-0.2829576368436136,0.025774078578584356,0.15865080069287937,-0.47360995441027237,0.6489645346206759,-0.09237314432812274
['Frank Zappa'],[138699],-1.0970111223271355,0.15360243118420117,0.23983025542230518,0.45118741163160186,-0.37187807023666786,0.8043828210023319,-0.6894379502358922
['Frank Zappa'],[138699],-0.46684156478248745,-0.13872981654502733,-0.020404775977024583,0.34932536151817845,-0.21362467104674576,0.8887362815289056,-0.545274186721365
['Frank Zappa'],[138699],-1.1125266499009014,-0.11811092836019615,-0.034610729311586104,0.26621698601165356,-0.29925011790735306,0.9552566783690782,-0.41932310143884055
['Frank Zappa'],[138699],-1.2658909803163827,-0.21787209209182443,0.19250259271301595,0.19728052697338358,0.0028196295184810443,0.5358233327854746,-0.2794977482846957
['Frank Zappa'],[138699],-0.438963178743136,0.02760123861267886,-0.10856093050543765,0.36322904613535223,-0.1394051483102328,0.7150437408959456,-0.5437755493512505
['Frank Zappa'],[138699],-1.0092575516175202,0.034931628845036325,0.42949093978295805,0.07194808614949941,-0.02803445083208986,0.542850187814045,-0.4177568459345031
['Frank Zappa'],[138699],-1.0353194777691979,-0.18472568668036918,0.16631875702683907,0.2668740662099039,-0.48262924778489164,0.3760039528495748,-0.24484917315535176
['Frank Zappa'],[138699],-1.2390474575664001,-0.09774440450893555,0.24286984404232995,0.12086623168086343,0.17966794803725716,0.5772925618779873,-0.21199516844558722
['Frank Zappa'],[138699],-1.2063428084281527,-0.42268184470126186,0.08420547830334595,0.29377595465521544,0.011411644650053766,0.5052019600879533,-0.22134668469402027
['Frank Zappa'],[138699],-1.203475611610475,-0.2696439527523894,0.480454832572875,0.24858410662462674,0.006868893636040363,0.5862780808360446,-0.2732405682763884
['Frank Zappa'],[138699],-1.166928649447444,-0.19283218481708506,0.5282506776277327,0.26914321499240496,0.010641058074104752,0.5959147215254545,-0.2346769151399172
['Frank Zappa'],[138699],-0.9617234739199471,-0.20556193962371244,0.4235584266186001,0.06720935453625958,-0.025684435752831945,0.5903677403317277,-0.1755317845436917
['Frank Zappa'],[138699],-0.6288078225557232,0.11288731627367213,-0.06498162682034496,0.2952665042759488,0.057092841251797755,0.8294307076104613,-0.5888793111843585
['Frank Zappa'],[138699],-1.1162406429075082,-0.24344591364983878,0.1549092734427223,0.34888514838748097,-0.6289973694474312,0.5728883698500241,-0.12958377228984663
['Frank Zappa'],[138699],-0.8032841849030908,-0.6141715003252847,0.14778743814283962,0.31437604164452143,-0.6293891332807812,0.7123668473718512,-0.018787110774352838
['Frank Zappa'],[138699],-1.2052912095164638,-0.011169148889986606,0.3842002041393357,-0.006199178269678577,-0.17379689800306133,0.9097628905192279,-0.22256104084805545
['Frank Zappa'],[138699],-1.1385532467222714,-0.1612703172690064,0.43238950572714496,0.25099090763090626,-0.007391289293139295,0.45426999228209625,-0.287160199654768
['Frank Zappa'],[138699],-1.12555690002936,-0.11502348331883817,0.0779427857177633,0.23159569720022063,-0.022555449700622992,0.36266975202805607,-0.1425313366534774
['Frank Zappa'],[138699],-1.0513068774880474,-0.04510740303939391,0.6303724553262735,0.09520396016274024,-0.3707134805477112,0.7667133526514774,-0.24786775017318144
['Frank Zappa'],[138699],-0.8848476073951248,-0.07350196854762028,0.527036962957741,0.1254417017114109,-0.6772633521496078,0.5413376381788318,-0.3540792331023379
['Frank Zappa'],[138699],-1.3817680435235051,-0.11677069145862201,0.34800858488796793,0.20378470936338747,-0.15345591192973881,0.6902977118282752,-0.3220448252846008
"['George Jones', 'Jamey Johnson']","[944310, 627787]",-0.8385008239687223,-0.1453620691628485,0.1914536584016638,0.04056789463270571,-0.3139274421040932,0.5557941886240086,-0.07803956115267165
"['George Jones', 'Melba Montgomery']","[944310, 868456]",-0.6019166608305199,-0.3778394172055102,0.303444531285261,0.025443031838452826,-0.2491678927279867,0.4562039975487439,-0.09066682628818512
"['George Jones', 'Melba Montgomery']","[944310, 868456]",-0.5934445459575378,-0.42636963007307316,0.20384607503490243,0.1145370677048575,-0.42446180035609427,0.44492290874779244,-0.04971220670482384
"['George Jones', 'Merle Haggard']","[944310, 410219]",-0.8715155327719027,-0.604964621996167,0.10304521385420054,0.21148021590788438,-0.0048008645127745105,0.6287280344053808,-0.0431284569157777
"['George Jones', 'Tammy Wynette']","[944310, 136640]",-0.26119554275450485,-0.5095886402060903,0.22902380352320564,0.07262385263904989,-0.7233238057885399,0.4876172213845577,-0.014270940323136638
"['George Jones', 'Tammy Wynette']","[944310, 136640]",-0.37351466495664887,-0.35888603011387354,0.17759382993279857,0.020754761447013152,-0.7211563131556928,0.5151016876939448,0.04416772829016914
"['George Jones', 'Tammy Wynette']","[944310, 136640]",-0.5322687860579649,-0.5741345612654055,0.1934712136686995,0.22827776603347255,-0.7692268957910964,0.5383084913072695,-0.07943040318367009
"['George Jones', 'Tammy Wynette']","[944310, 136640]",-0.5713721728968029,-0.5397989672459984,0.198818007423275,0.06467786203217285,-0.1426748499400475,0.5459271825205221,-0.011121958413979177
"['George Jones', 'Tammy Wynette']","[944310, 136640]",-0.5615891235405986,-0.5652126516792794,0.20666558405267949,0.2111661973292404,-0.7682076354693113,0.5427263732592477,-0.09894897233796186
"['George Jones', 'Tammy Wynette']","[944310, 136640]",-0.512940379387083,-0.5571009573198924,0.19145060646163958,0.1760709356506892,-0.7740354026269897,0.5609871861794277,-0.006076657368602476
"['George Jones', 'Tammy Wynette']","[944310, 136640]",-0.36064883430820277,-0.34940024844715867,0.22563751242207072,0.02453002209848426,-0.4567019381203517,0.3935740749887696,0.024212190760417446
"['George Jones', 'Tammy Wynette']","[944310, 136640]",-0.7996170935443714,-0.4437509759650849,0.18480914319226321,0.26274182097554344,-0.838470795868813,0.5713514396465266,-0.16821480396736116
"['George Jones', 'Tammy Wynette']","[944310, 136640]",-0.44483457030330215,-0.5196931252458814,0.19257172007071574,0.15780370838892468,-0.7901391517429057,0.48367140566060446,-0.011225798718740727
"['George Jones', 'Tammy Wynette']","[944310, 136640]",-0.8089959328006534,-0.379936031587446,0.175360545483702,-0.06835695041430155,0.057533314296654536,0.7304273214796471,-0.04610899897265354
"['George Jones', 'Willie Nelson']","[944310, 583959]",-0.9953499601517232,-0.5000404311563621,0.10467537946142509,0.09507349213530193,-0.00038936977341773803,0.7600447848291432,-0.05292916378091865
"['George Jones', 'Willie Nelson']","[944310, 583959]",-0.9316116633613809,-0.5672096677384734,0.0938497074746823,0.09275657829068035,-0.001251835312270515,0.7915943478774015,-0.040011164165885474
['George Jones'],[944310],-0.922529370706923,-0.577903738013723,0.13042823684349203,0.15312676556537713,-0.62249098790011,0.8860836511620476,-0.10896091312305378
['George Jones'],[944310],-0.4167806009497123,-0.5046581023013745,0.2357255954430023,0.019189561504988486,-0.2554940448345421,0.5054035911173167,-0.025110573704169095
['George Jones'],[944310],-0.723005983880166,-0.4581595778324419,0.16415130519342055,0.08776524634231392,0.1359295008116837,0.46885874004557576,-0.020540683697731762
['George Jones'],[944310],-1.1762104247191456,-0.5674037553811001,0.08398178215448907,0.2542737142439927,-0.6830768952500067,0.8903267013416727,-0.1685356699719499
['George Jones'],[944310],-0.7130569131503728,-0.5843544011681466,0.2743938840765087,0.1705006561279935,-0.6595761461103083,0.6489745133700778,-0.17324089345358404
['George Jones'],[944310],-1.1394404766978232,-0.40621107343005897,0.5281915759344726,0.2066493845192844,-0.26292819426852715,0.6297750895104689,-0.4527617921646217
['George Jones'],[944310],-0.8806210896432589,-0.3150565198272125,0.5671167936741179,0.14326323273295172,-0.8298931747774015,0.7278169965156381,-0.3218450683018348
['George Jones'],[944310],-0.5931146130027476,-0.5013369183478782,0.2695440665777059,0.07650738740372819,-0.4134769798460478,0.5741461577554079,-0.08191051243289077
['George Jones'],[944310],-0.6017930385945076,-0.40223385114334015,0.24761318347452754,0.008308835076133364,-0.15691792777778102,0.48373956194500795,-0.06958483877751839
['George Jones'],[944310],-0.7054443423125429,-0.4290024231026102,0.2806307747206963,0.0637883543440817,-0.2243971512741546,0.5895950405571742,-0.10849207405547716
['George Jones'],[944310],-0.6573056892426985,-0.2836700318132403,0.12619637850013915,0.12035065382605035,-0.5176202464430363,0.419683518467989,-0.022606110885901292
['George Jones'],[944310],-0.2248180820287167,-0.3470786622265078,0.22883486571849063,-0.049461785602478756,-0.5661103988453159,0.4277696383987022,0.014255271874649903
['George Jones'],[944310],-0.4582913264873145,-0.33474613842348117,0.2321841570691001,0.1446757369063508,-0.7079555583747551,0.4458805336555386,-0.01102223660436918
['George Jones'],[944310],-0.7283996694622522,-0.5226955482889207,0.22311692977598666,0.23424029862211773,-0.660738214496153,0.5736764958107539,-0.11383633520988133
['George Jones'],[944310],-0.6237078744926171,-0.35540283167633896,0.20934234207565267,0.19905553643702623,-0.8577000115651234,0.5919140529243431,-0.006861222258282513
['George Jones'],[944310],-0.4281767344537384,-0.3925032232522418,0.3798847616828692,-0.07612835781186765,-0.0037496044990113346,0.4073657230244676,-0.11580564285041409
['George Jones'],[944310],-1.0876827879858608,-0.46413392315810564,0.31535165106233176,0.0802075079763606,-0.25818865957099735,0.8404459179352315,-0.258152028049092
['George Jones'],[944310],-0.7997263500615511,-0.40339330132699314,0.06085060646408642,0.15313003489097468,-0.3120484680850169,0.5072341922586341,-0.058356610381011004
['George Jones'],[944310],-0.853753082424697,-0.6393195845142706,0.1441977449005771,0.2750201509574135,-0.8131297621844928,0.7270985051892755,-0.10727099569694028
['George Jones'],[944310],-0.7754062719089059,-0.7585467490200823,0.19331944633703374,0.26606437242275,-0.5483671833750166,0.6566846302691962,-0.20284884548593118
['George Jones'],[944310],-1.048724692281047,-0.49997662157077855,0.2150614124884858,0.10712355664865898,0.17937158779747933,0.6525978663968435,-0.19631247541463898
['George Jones'],[944310],-0.9928710995577908,-0.6144796889020533,0.16660747630501674,0.24275919581432387,-0.4475257395229825,0.643692251654858,-0.24316967286237026
['George Jones'],[944310],-0.958343099341049,-0.5551796964488911,0.08491271035290268,0.14714573027563596,-0.7157246976984729,0.8727393433899429,-0.1029928903383161
['George Jones'],[944310],-1.1980308875682362,-0.27594229843717905,0.11686542300218009,-0.040854899785388435,0.18729718279944416,0.8767621815688048,-0.13104823703136861
['George Jones'],[944310],-0.73614406451953,-0.7459150343292542,0.1930360063045013,0.24350076658191483,-0.6410340229244555,0.6928213878345828,-0.19187843342899277
['George Jones'],[944310],-0.5021606365861352,-0.24079352567619974,0.1439963401732832,0.05210930255340778,-0.004509283036710234,0.23686547028293148,0.03949979307890554
['George Jones'],[944310],-0.3604152457725518,-0.31882346422548513,0.18720540136075395,0.13424481570027819,-0.8094276514285926,0.38545642721531553,-0.004081814549887666
['George Jones'],[944310],-0.7500830451428905,-0.1621821674232523,0.08649049592238918,0.18928052984875327,-0.2484715812264323,0.24498467552901684,-0.03177174748625971
['George Jones'],[944310],-0.7311710025592346,-0.5897351136283302,0.3147780958680561,0.07056396211741393,-0.2961805440891947,0.6973299042468369,-0.1706450093327767
['George Jones'],[944310],-0.5985904301461829,-0.39812739283406856,0.16255566586187578,-0.01263830983299705,-0.7743583880118702,0.7463179740959643,-0.0031132075260270615
['George Jones'],[944310],-0.43367826614403976,-0.320270836010226,0.23672580111290206,0.023747603040160034,-0.27392354066647595,0.3490494452839515,-0.003871464642682188
['George Jones'],[944310],-0.7280804824128917,-0.5029095612760897,0.14334230742519208,0.19396750237828891,-0.8433781810723908,0.6354538380153467,-0.07645728512752259
['George Jones'],[944310],-0.9420792832581426,-0.5500888940525247,0.07927806541614697,0.2952386444767518,-0.4611547304761811,0.5587609218998726,-0.1904939545096566
['George Jones'],[944310],-0.6500186551194601,-0.4761254393985415,0.13625604123293059,0.180152211910339,-0.5876054701431482,0.5197900438285472,-0.047704096472900394
['George Jones'],[944310],-0.7730599429280787,-0.7370362207972284,0.19752049984987224,0.25777567691638004,-0.5498693937053281,0.6591910879465755,-0.21082647424634038
['George Jones'],[944310],-0.5159548094458849,-0.4645388807958181,0.1939819780071271,0.027386527247655,0.11133722401902878,0.42019980587846856,-0.007637068458047361
['George Jones'],[944310],-0.30865228710117504,-0.3909006688891912,0.22295055771330283,-0.02099188746536888,-0.5445143101342104,0.5140307548903331,-0.014985035794074767
['George Jones'],[944310],-0.5247105982594016,-0.17292290101577495,0.15990872080603927,0.12663356772154222,-0.7174686897651223,0.3535961117403739,0.01428027718170664
['George Jones'],[944310],-1.1406778324803304,-0.5694076298108623,0.21001735522903311,0.3046959596789439,-0.5993158376810923,0.8153480694440625,-0.25975044766241917
['George Jones'],[944310],-0.8920380063950609,-0.6590599193816314,0.29904595610361356,0.2265244612502671,-0.44589196380566937,0.7061131328187605,-0.20202028156303184
['George Jones'],[944310],-0.7301390959464082,-0.4028247454014729,0.2598258471627327,0.0980700868074173,-0.4912436840765537,0.636999476522564,-0.11998473139754233
['George Jones'],[944310],-0.5018775718592118,-0.1872108778026817,0.1712766642080807,0.038723995851315834,-0.4539383974845856,0.3662806347096645,0.005571592983334207
['George Jones'],[944310],-0.48838976367232795,-0.415459483724622,0.18076378974559235,-0.08566154582600649,-0.3417447100900618,0.647392673362046,0.03153488748121758
['George Jones'],[944310],-0.9342189938156168,-0.5253321758372017,0.29181217757350336,0.23706440752454974,-0.6337173676254096,0.66034388066993,-0.24344830714279816
['George Jones'],[944310],-0.7603318002732544,-0.35659865668311136,0.1695079423426399,-0.13125257889528882,-0.22163061372956797,0.8160131702123371,-0.03381884577586334
['George Jones'],[944310],-1.0734186568935813,-0.5341641135914943,0.13998526548610243,0.27983842179284274,-0.4432017978176564,0.6299382275383497,-0.21900136658415537
['George Jones'],[944310],-0.5611046679064808,-0.363667722064631,0.18207011741894213,0.052532732211541144,-0.0773075608673489,0.38066558574457127,-0.030178060350410398
['George Jones'],[944310],-0.8830216127450196,-0.610653257306182,0.2705960115300799,0.2521941820878889,-0.6399931267524627,0.6160501342892778,-0.2661205342274713
['George Jones'],[944310],-0.8935984753391053,-0.7021297006960356,0.31035949337239016,0.1951163703734921,-0.4458255759552317,0.7253043214566782,-0.2568113907490724
['George Jones'],[944310],-0.3729583613200079,-0.43767586338385595,0.2668887616421641,0.07147344616716363,-0.5363456515488719,0.43337329092396465,-0.027381508419426093
['George Jones'],[944310],-0.31500723090283594,-0.4414395070729931,0.2126773346890066,0.04783630399706106,-0.5429006217242703,0.4355442571202392,0.0037275138770288675
['George Jones'],[944310],-0.7701740882154746,-0.4622859687711907,0.2684672763492737,0.0304966412808229,0.130853620963333,0.4375696559985221,-0.206263325178127
['George Jones'],[944310],-0.6153485829744648,-0.2835464691396436,0.3070561848544563,-0.08559831836065553,0.10628493118917164,0.49199995779516353,-0.06381633964303304
['George Jones'],[944310],-0.5076119389368833,-0.41608230545864644,0.23967817978183267,0.07162087073096692,-0.7029773499327573,0.5258533779524188,-0.06601885596996888
['George Jones'],[944310],-0.9240340807752352,-0.413602212894966,0.08025091771025683,0.27438071742008985,-0.8269831103650193,0.6184877004094878,-0.10497679718759816
['George Jones'],[944310],-1.1917478140474338,-0.3562399638472043,0.0666687253359248,0.15547875534638367,-0.6141582813560927,0.8681677747545337,-0.157010320209524
['George Jones'],[944310],-0.46593292308281353,-0.2403012301043979,0.24637826926763431,-0.06979623787611905,-0.6212475268872725,0.660104864924769,0.023822701817563366
['George Jones'],[944310],-0.5549783224966787,-0.325274648580217,0.1814283110813411,0.13366533792122348,-0.4327742534661238,0.3840754775431684,-0.0004751665723683366
['George Jones'],[944310],-0.9209042000439481,-0.6356399063940078,0.2056851669681066,0.0770838808483165,0.005236775089726121,0.8407689283782208,-0.0905956398827247
['George Jones'],[944310],-0.425875863401678,-0.32883340852903925,0.2296714165934163,0.11116694515832738,-0.6273579243358641,0.42129348562194857,-0.0518513761498303
['George Jones'],[944310],-0.5071510355133205,-0.27234922431796477,0.14129268193830483,-0.05230149366846583,-0.25990210358668214,0.5440056604175907,0.0831785069788202
['George Jones'],[944310],-1.274727664924989,-0.4614570770408481,0.10037383668557602,0.31628166663977086,-0.4150944773927792,0.7447177669835248,-0.25806756342912335
['George Jones'],[944310],-0.9342803397814572,-0.5106265094431945,0.1688942120520871,0.22540324163775424,-0.5504623170553566,0.613306071043741,-0.21500560824241483
['George Jones'],[944310],-0.7773659810326923,-0.7311870551706137,0.3116509569557766,0.18280616183339785,-0.3497635404375168,0.7960619018562737,-0.26076786216203957
['George Jones'],[944310],-0.676888363999,-0.34359988538783864,0.10639061406883572,0.11861836621974549,-0.5133804940220849,0.4636656600983597,-0.051111217986472834
['George Jones'],[944310],-0.3544982114540384,-0.40726781498599374,0.2602396957764394,0.05680843641599931,-0.8058617161571214,0.5381658600118291,-0.02344063541910502
['George Jones'],[944310],-0.5929592870459772,-0.498942370962104,0.1820913665681753,0.16492492623857874,-0.49803240683382477,0.5426993577646824,0.00020467834725195085
['George Jones'],[944310],-0.4426470489469336,-0.42192499504078856,0.17491044115676915,0.07133086675100854,-0.43482048527257083,0.4857970654561948,0.051120996829662015
['George Jones'],[944310],-0.4630195334585427,-0.23984893161561405,0.2268848957076268,-0.07559739214009828,-0.6218146941395766,0.661247083396634,0.034855406387980715
['George Jones'],[944310],-0.4198257876144031,-0.39486977852083804,0.30298242367177525,0.06349054022144769,-0.7966423508517082,0.5463580948082076,-0.08200410124185117
['George Jones'],[944310],-0.643362571810802,-0.42127550774060535,0.24421796239039026,0.03579026760383336,-0.05985716548732059,0.4755039470660813,-0.07369065377710864
['George Jones'],[944310],-0.5790923128799929,-0.4837514694687551,0.36058959342580166,0.10368480050588254,-0.507870172563484,0.5151448053086657,-0.18836557889938077
['George Jones'],[944310],-0.7952320518478896,-0.5753494613473803,0.11061470467377066,0.2565077125026689,-0.47407977284380165,0.5711047504704974,-0.1535218491270516
['George Jones'],[944310],-0.46049725893488913,-0.4180530230847916,0.17686514493914868,0.06966259139649483,-0.4332886294189945,0.4936467647139087,0.03966345681970344
['George Jones'],[944310],-0.40780500368794814,-0.3646836381522024,0.20248293861598068,0.07448232369414313,-0.27232473173225386,0.330226109394452,-0.0023243894698122733
['George Jones'],[944310],-0.9382076896318662,-0.552518135449478,0.34810770949209147,0.042343054008229415,0.0018578966997732438,0.8416446145203476,-0.17682901745529236
['George Jones'],[944310],-0.623208790945043,-0.25821310458617236,0.08134755113590061,-0.022612040209427586,-0.06986684213734341,0.49496632292831155,0.0806692605157493
['George Jones'],[944310],-0.5267572936814575,-0.4674775406174152,0.1655502506680508,0.08447374082480683,-0.7851151753276555,0.5882732962906853,-0.053685112414239754
['George Jones'],[944310],-1.156650851112876,-0.6659606985980908,0.10029419752845613,0.37996876488661113,-0.4193229770086676,0.6548827551591005,-0.24883116801305133
['George Jones'],[944310],-0.6971950128305194,-0.3903848205103812,0.31827248026629007,0.10829488388736024,-0.49452623394735296,0.5950549838642731,-0.10296146884395428
['George Jones'],[944310],-0.6995692430818655,-0.6366431969045941,0.16873917098337793,0.056843299352886734,0.14590183999095505,0.5683081657899394,-0.03735830155682549
['George Jones'],[944310],-0.41344495171148976,-0.4063811720580418,0.34200174132158734,0.0739600634432396,-0.7978287823041802,0.5432925882363089,-0.07586217219674639
['George Jones'],[944310],-0.7036160188318739,-0.46748852102891447,0.07341734180576691,0.22047176035452265,-0.4857652008900207,0.5481549223668712,0.02175936195635631
['George Jones'],[944310],-1.0508550419118419,-0.4372977687529075,0.2434265317812954,0.3163160353076613,-0.4480727773099144,0.5710631578542679,-0.271061431665776
['George Jones'],[944310],-0.7907869628944028,-0.38479863781427476,0.09623297747024696,-0.16621885118890203,-0.11944587203446842,0.9204211327733576,0.04247431229102865
['George Jones'],[944310],-0.4811161630586123,-0.42259708344847735,0.19293919749420418,0.0035088809066862094,-0.16041099817533758,0.5253845630963189,0.0609979025786041
['George Jones'],[944310],-0.7890086702872329,-0.6393673901968703,0.20146253449279442,0.22070850958456173,-0.6460993884642545,0.6573204977952376,-0.19715695893036983
['George Jones'],[944310],-0.5567607658734418,-0.21337652702387197,0.2222213524832992,-0.06349294241186673,-0.2587900657536572,0.5361527717160175,0.029310078316153315
['George Jones'],[944310],-0.820328844784744,-0.611173624613736,0.20377033698785815,0.05841754994121478,-0.6334971561424758,0.9430413220102775,-0.09479217169419579
['George Jones'],[944310],-0.8339768143530307,-0.7641631426510228,0.1567414221433524,0.20335723098850061,-0.7115789687539321,0.8740944441007289,-0.10400639031003228
['George Jones'],[944310],-0.6470235939850207,-0.44150596057023167,0.2838383529099082,-0.20621336428110773,-0.04539460463951931,0.8775403627371565,-0.061031247667147744
['George Jones'],[944310],-0.27750406073866796,-0.32990853709380297,0.20004784542823412,-0.07283439910113879,-0.5545249469546343,0.5193954451809115,0.07392724815145227
['George Jones'],[944310],-0.43975185453871224,-0.3912699253247437,0.1705269724726309,0.062164558726216235,-0.4389011407695459,0.46325892940234115,0.06170750004382541
['George Jones'],[944310],-0.6747695207905366,-0.49906499682246475,0.09049656532586747,0.2236927837407851,-0.4861049614988859,0.550893890225717,0.03368586633822216
['George Jones'],[944310],-0.9575776939660514,-0.6237232262226905,0.23455271415910023,0.3071412909595508,-0.7145398528454009,0.6577222941408648,-0.27118470617335033
['George Jones'],[944310],-0.5402494488480831,-0.4505853449627256,0.3784592914290401,0.04853666808884581,-0.6070238569423047,0.5476056574047597,-0.19647025249196667
['George Jones'],[944310],-0.9749069970175024,-0.635243056619691,0.17909112936712882,0.3163939447318897,-0.6237304600495571,0.6654812886297783,-0.2559921940645143
['George Jones'],[944310],-0.3771168167377175,-0.3825924085768817,0.32092874270712524,0.09713139054168557,-0.711809205572579,0.49251343478531845,-0.03598501768799393
['George Jones'],[944310],-0.9816733798470964,-0.42359760547481035,0.10633532346054729,0.19673735783299576,-0.27454655945533496,0.6619387056945487,-0.06595461619855592
['George Jones'],[944310],-1.0987429450395094,-0.5871420574095955,0.22755028602219496,0.29174563822982685,-0.602137068673081,0.8280095123881814,-0.2557532457448928
['George Jones'],[944310],-0.5467953080521708,-0.3783711113398654,0.1634640939616097,0.019534800277784835,-0.1584459848803926,0.4791805863312722,0.07131649939472699
['George Jones'],[944310],-0.3496344875608973,0.1044680763085552,0.1846172157069478,0.11845535641299464,-0.314482232890125,0.5163374507013048,-0.4946551201008518
['George Jones'],[944310],-0.39469148586873093,-0.4150432677394894,0.31348764591227063,0.07310022887881304,-0.798689294229003,0.5507512456298643,-0.06621104629829612
['George Jones'],[944310],-0.6628172279912765,-0.4683047286914677,0.23584189003971612,0.07100609994292412,0.13274625447994812,0.50292743273779,-0.045055070757933295
['George Jones'],[944310],-0.5189469770428575,-0.48268211991576393,0.15868158468764984,0.13281620175498243,-0.6015071661755645,0.5255428430299794,-0.017685307629382897
['George Jones'],[944310],-0.66588136549276,-0.5809306099048192,0.20227177009082065,0.2538786145587181,-0.21693222512552127,0.451225701999332,-0.06320449327202868
['George Jones'],[944310],-0.41162395121128004,-0.4326047953300424,0.19749435214477756,0.12559968023144263,-0.7062126683303748,0.4696683414699682,0.02052382983110453
['George Jones'],[944310],-0.32265651803824946,-0.4344099237986755,0.2463629916346288,0.03839423153029158,-0.5439750127710016,0.4299282551328181,-0.015828631337414866
"['George Michael', 'Aretha Franklin']","[545074, 927555]",-1.182123643959527,-0.40071203721562226,0.1654659051188365,0.28650293637123037,-0.16706642417426862,0.533661369707038,-0.21905127496773472
"['George Michael', 'Aretha Franklin']","[545074, 927555]",-1.057074687068216,-0.4371236576456322,0.2265460184567852,0.26588987230137145,-0.17526291249510084,0.5685644548409655,-0.21374112996733022
"['George Michael', 'Elton John']","[545074, 796734]",-0.7656250247788037,-0.026798001335608723,0.306712532767687,-0.06219240369204534,0.113862923774598,0.4418233249728028,-0.06589341913726798
"['George Michael', 'Elton John']","[545074, 796734]",-0.7737251614057178,-0.013942229799848315,0.3519029664479044,-0.06579770956250397,0.1142163742974353,0.44532744818897313,-0.0941198232752135
"['George Michael', 'Queen']","[545074, 858827]",-1.2102130782229192,0.245605430855591,0.5319207720627389,0.13543005854492887,-0.48046300157290256,0.45852096842155665,-0.4223694401906137
"['George Strait', 'Alan Jackson']","[944084, 605375]",-0.9987226158320152,-0.1465711531683844,-0.035851355812038216,0.03872761261636391,-0.648637572194253,0.8211750061234884,0.05895110921078509
"['George Strait', 'Jason Aldean', 'Kenny Chesney', 'Eric Church', 'Sheryl Crow', 'Vince Gill', 'Faith Hill', 'Alan Jackson', 'Miranda Lambert', 'Martina McBride']","[944084, 318882, 68551, 632233, 80780, 214162, 162269, 605375, 503242, 368112]",-1.0998865913429976,-0.07096848057756203,0.6178309545072987,0.08592581648296622,-0.3749673425369705,0.6431434860787799,-0.392922394125541
['George Strait'],[944084],-0.6962540346822699,-0.4595310324810086,0.15876208467133432,0.14508229404674397,-0.04772300463757199,0.4718988506582202,-0.11208625767671132
['George Strait'],[944084],-1.0878814811259563,-0.6919430431675242,0.044088372791104447,0.35923018167299,-0.24099924578960738,0.7011913132881,-0.1683567025237915
['George Strait'],[944084],-0.891015955079618,-0.437506806588736,0.0651024435814866,0.20485699522126843,-0.11379916269372556,0.5251586852116736,-0.08913475937223318
['George Strait'],[944084],-0.7168348665413211,-0.4523954344722496,0.2179683318719214,0.2460155660912088,-0.6672729937740652,0.5397177943690366,-0.12990332134934507
['George Strait'],[944084],-0.9263526586641931,-0.7209821074086813,0.15449264115906564,0.2675966681027511,-0.25864024225067567,0.684705955191256,-0.1308909654055197
['George Strait'],[944084],-1.003047496532395,-0.48190608926432055,0.17914082657926564,0.26372025255816667,-0.012420534199868159,0.44339620012337067,-0.228171741900616
['George Strait'],[944084],-0.9151523154278648,-0.4059113746470154,0.12251833579750539,0.2889119705395611,-0.6517119646066558,0.48726097356844805,-0.144819141554328
['George Strait'],[944084],-1.0514730706861835,-0.6323383808238159,0.24353609758190642,0.23242336606294542,0.18943057086460846,0.5885590635891931,-0.2805215215568407
['George Strait'],[944084],-0.8284724232836042,-0.40630344185971995,0.28901990691791724,0.26487753765948563,-0.30629263775336996,0.4033141986826681,-0.2482776325098436
['George Strait'],[944084],-0.730479591666942,-0.3254181660545408,0.19426800024688307,0.22459109588362136,0.17539864505730393,0.5644438981064154,-0.2708455758371587
['George Strait'],[944084],-0.9918705609746875,-0.3207166771972386,-0.0014433565880505957,0.09712279271280261,-0.27904163046946767,0.7461450370725939,0.015992803581166205
['George Strait'],[944084],-0.4803810787252798,-0.25281675235491613,0.1241761592778686,-0.021841736136334437,-0.2654112337545616,0.4711830908406761,0.12307370626295076
['George Strait'],[944084],-0.7931297184811957,-0.21108840033162607,0.21466432052376086,-0.15340220743902203,-0.043619295955398193,0.8007667257754092,-0.00329899118973737
['George Strait'],[944084],-0.5276808353876884,-0.33914090310271616,0.15988993228881246,-0.02614701185413469,-0.16068927503584857,0.557971430474067,0.07604045944615963
['George Strait'],[944084],-0.9592780810154071,0.05979772222357645,-0.03160896668668427,0.21882156730221838,-0.47490675640021984,0.4802786409361139,-0.19620507225913494
['George Strait'],[944084],-1.060852031690614,-0.29081852009507303,0.02650472208649425,0.09915534746773222,-0.2742064258211047,0.7379794460375824,-0.02026255950761918
['George Strait'],[944084],-0.7991136925794551,-0.44015161528464397,0.23312871492917686,0.10283174345027779,0.14542430804301015,0.4821075797350564,-0.08583350153363292
['George Strait'],[944084],-0.7017869073927254,-0.4381935988369665,0.09346844045268864,0.22832458221104934,-0.5868984109491739,0.48224685246817733,-0.040355400223264844
['George Strait'],[944084],-0.6840246230655629,-0.4855291221448353,0.2014310874174064,0.13371088270133788,-0.04802764254863957,0.43745213823394324,-0.0709873220844668
['George Strait'],[944084],-0.8691387705902265,-0.5697972023680247,0.08588981085224927,0.18000958709478582,-0.009740047734595242,0.6483757669979858,-0.06818381142791521
['George Strait'],[944084],-1.000092221275825,-0.5497536280554421,0.07641731472453574,0.1521627354105621,0.004853147803148079,0.7237878496182475,-0.0997426437100066
['George Strait'],[944084],-0.5609368604226251,-0.49186645665654616,0.20779913977085268,0.11273533342914058,-0.059188524866963424,0.4412550052971049,-0.027961590458678763
['George Strait'],[944084],-1.0386152993424664,-0.48376109701823145,0.024168732754536668,0.205306131438874,-0.4421096824782715,0.7861475550976289,-0.09498083033107436
['George Strait'],[944084],-0.6588858582324,-0.46457212133015535,0.30391705339181596,0.21104193035598232,-0.6677607848105398,0.5847999071266192,-0.11572361061774397
['George Strait'],[944084],-1.0202135836820825,-0.5394435712712142,0.06939639416407524,0.20872237185145687,-0.3453117848792425,0.805455799388612,-0.1008199264568601
['George Strait'],[944084],-1.0650715953311656,-0.4928292633057629,0.04502683216082759,0.1535832435724477,-0.6103471371693606,0.9234479481823578,-0.1104004169421959
['George Strait'],[944084],-1.1311537824875353,-0.23585265407205144,0.15377111040147226,0.3106059459182927,-0.456326534588336,0.48310876691021987,-0.1990493878370657
['George Strait'],[944084],-0.862648708765045,-0.44956838575786684,0.13363244043039832,0.19391448688240434,-0.20223067928221533,0.5315337967675149,-0.08548874197510888
['George Strait'],[944084],-0.9595015476358915,-0.36453634172360877,0.06721163628231036,0.13186462931737922,0.06736139521791742,0.4878503049610411,-0.07021964231479665
['George Strait'],[944084],-1.0458611695563012,-0.5207800764474793,0.09856809712176727,0.32399912551660315,-0.6168863518343085,0.6912954982100736,-0.12365217209295061
['George Strait'],[944084],-0.9354644365376606,-0.3850135754376427,0.2134464954639168,0.12229555377377022,-0.28199371241335836,0.6742802972562806,-0.10502245024008362
['George Strait'],[944084],-1.029035224687007,-0.28658664698300745,0.0573017844856388,0.1063594831703787,-0.8091708992850708,0.9496345440045066,-0.02878697499331329
['George Strait'],[944084],-0.5104302644744949,-0.3564744950824202,0.2801882657757503,0.08748343459893872,-0.34226990450337386,0.4634590030770086,-0.053882110881822196
['George Strait'],[944084],-1.1381622216160772,-0.5574076638821411,0.0758332970189484,0.24038668224596524,-0.15907338046179387,0.6902042625459935,-0.17582136450505587
['George Strait'],[944084],-0.8827226667327919,-0.3922166721951208,0.19384578015506004,0.25326211049517405,-0.559526807005102,0.5344072647878759,-0.14334054557640766
['George Strait'],[944084],-0.4511423893364396,-0.056631339477059416,0.10719834226333737,-0.2776147471861069,-0.10001904246407438,0.6424896368897335,0.22534330865949087
['George Strait'],[944084],-0.9580028919801988,-0.7071209918761109,0.1382452526313666,0.27226807578629114,-0.2570027587192807,0.672714499012595,-0.1316753366842855
['George Strait'],[944084],-0.6941462219045526,-0.27105069025609035,0.11269318613243795,0.08362141713182537,-0.5941814008373695,0.5474565973010754,0.044893524110973644
['George Strait'],[944084],-0.6634646286564321,-0.49647634865990997,0.12321827049097342,0.14784285744917217,-0.2242105833922719,0.5171444672936425,-0.020721620182679857
['George Strait'],[944084],-0.5972863693366822,-0.5081275674281716,0.21776388319596127,0.12366304850826879,-0.05327109854711592,0.458555302129518,-0.05178170075180846
['George Strait'],[944084],-0.9213703746336211,-0.28121551359038544,0.26580220882549105,0.20334618724267406,-0.6525969785855014,0.6236456664429583,-0.1894999017231969
['George Strait'],[944084],-0.42710522642036425,-0.1997340889604665,0.18835081403141324,-0.11214135457647782,0.0781939004325602,0.3797830492168005,0.10628110886707538
['George Strait'],[944084],-1.0785606758638366,-0.45511093095531585,0.021827355667764555,0.2091311870628639,-0.44080107206448826,0.763348187086271,-0.09918558678838653
['George Strait'],[944084],-1.2141572083475063,-0.48417073668827676,0.09232956507784729,0.26549831139275676,-0.24689927659529817,0.6472641271276774,-0.21734880071176632
['George Strait'],[944084],-0.9974839016577776,-0.621759125724518,0.03819943796159074,0.32855409629585336,-0.6152715915478236,0.7573042178237526,-0.11278888407744737
['George Strait'],[944084],-1.1970683049507163,-0.5874940696980332,0.1005558353348757,0.3027508616596793,-0.14425416959497694,0.7460994922784236,-0.2203080797566575
['George Strait'],[944084],-0.9165574604570182,-0.6721313449846229,0.23853487854349584,0.21887588879889125,0.18026397796983148,0.578349141833195,-0.21482390385997166
['George Strait'],[944084],-0.35636114186334006,-0.3698740147805201,0.20590507456469004,0.0036532372517648543,-0.09244647232311272,0.38382696778736186,0.08859760084253049
['George Strait'],[944084],-0.6966795420680743,-0.3349539908638972,0.08795670149233291,0.20290669266410777,-0.6786116380639412,0.5081235461934713,0.014780557484988464
['George Strait'],[944084],-0.7005371969184443,-0.3263672025652393,0.2314136454806726,0.11415284512829874,-0.6764744391589372,0.5858328643877848,-0.020389147636689916
['George Strait'],[944084],-0.832591687435438,-0.15959380527429226,0.01798968846611144,0.15368517809112964,-0.5011773366979954,0.47389180472310477,0.04883969957725591
['George Strait'],[944084],-1.2480711861650606,-0.4657990586781099,0.12600027519669282,0.2712224319208486,-0.33479013031952237,0.6910314071814792,-0.2529883904826014
['George Strait'],[944084],-0.8216674391265092,-0.38170408373491693,0.23925345060133804,0.2451087559452048,-0.6633189418852654,0.4992301078174536,-0.16404104571160882
['George Strait'],[944084],-1.0351526205094757,-0.6805773719069843,0.12959505976337407,0.2817959449943243,-0.25125378323379055,0.6584916535251953,-0.1535532419463715
['George Strait'],[944084],-0.9030786194004934,-0.41922587470375544,0.23560461893491672,0.3222939014987076,-0.6425737792695859,0.5842562606563516,-0.16091352169517387
['George Strait'],[944084],-0.5090233152846906,-0.35704331471859846,0.0934524565093635,0.21488572598275182,-0.6126752043407604,0.36801392907748826,0.037623540321435986
['George Strait'],[944084],-0.7289161455207737,-0.4615057389143767,0.09020354386580498,0.3063566320168344,-0.48817418901001414,0.4501865070338229,-0.042345828871453155
['George Strait'],[944084],-0.5350273692790501,-0.39955850593993947,0.1556471166151997,0.186583768091966,-0.8755023023796935,0.47843280225300994,-0.03210767244642159
['George Strait'],[944084],-1.0208227023526246,-0.44822088158551837,0.15801464942875304,0.2616556106734714,-0.0131267577451081,0.4348855345082459,-0.2295043881208867
['George Strait'],[944084],-1.299958163634838,-0.4241462078192186,0.045280547994490425,0.16701393330048578,0.031566601569642576,0.766539166152061,-0.14798159530041013
['George Strait'],[944084],-0.9192009674787651,-0.27691229346675666,0.16842770142752778,0.276844857912163,-0.7480930497332239,0.46979383224451,-0.1558757060677438
['George Strait'],[944084],-0.9014456004810599,-0.11664651416493013,0.13900271361424976,-0.09827731023281447,-0.03783266154583361,0.7022410353106824,0.033632966312358285
['George Strait'],[944084],-1.1562773641203992,-0.04900549524008522,0.12532000137217428,0.15152475528872988,-0.4674953910274149,0.5766398075202185,-0.1472467144192017
['George Strait'],[944084],-0.7323178491107073,-0.34935308355105993,0.09388518975798585,0.2515206638813281,-0.6763877215345818,0.4857203089067461,-0.04997339391526467
['George Strait'],[944084],-0.9402797771144593,-0.4194287718415705,0.199213658821379,0.280027299754623,-0.4635719592000873,0.5578932778550266,-0.1636148241150037
['George Strait'],[944084],-1.1095691811024009,-0.4086129448967572,0.13791074263514413,0.10887072682300387,-0.43275319729944484,0.9500535006568434,-0.13838155750169734
['George Strait'],[944084],-0.6008625588263065,-0.5090312293655015,0.1784452346007848,0.1458353589696825,-0.05046146626727261,0.45967503083163685,-0.006848927764892263
['George Strait'],[944084],-0.7640396277648379,-0.07973135537184396,-0.0046856541972620895,0.12506923472243445,-0.5160935847249983,0.43490926166118443,0.080161006450762
['George Strait'],[944084],-0.7996158239500322,-0.46517000459943497,0.14913854785226066,0.21189596987076817,-0.21180259516821554,0.4643494266223301,-0.08748334361519773
['George Strait'],[944084],-0.690029161711694,-0.1511258942215947,0.0897580099952502,0.05144727132650904,-0.2478402704930949,0.4753590259169059,0.07355586718831443
['George Strait'],[944084],-0.8885561892366423,-0.21984917006232857,0.03599536983246846,0.08855437245573869,-0.3087068339859608,0.5432371646221155,0.02541448625611774
['George Strait'],[944084],-0.7876200995854196,-0.47026815893024804,0.20923985767487233,0.13549736706262966,0.14612848832592706,0.479654858605168,-0.10856521182573715
['George Strait'],[944084],-0.942518258665141,-0.5110251711701069,0.1139737979001857,0.2145979982237979,-0.006160573491865437,0.5805094400202813,-0.12392548460707063
['George Strait'],[944084],-0.66045934847331,-0.36782433261927144,0.3159648181006217,0.17883703470707613,-0.4995460109075495,0.5119423750300994,-0.12906037204750279
['George Strait'],[944084],-0.9333052442137639,-0.68911143200393,0.17255025339694982,0.24300677017734032,0.18323459152746635,0.5688883586579762,-0.18791935637612062
['George Strait'],[944084],-0.6111120178925331,-0.27649175998430753,0.24135258255075134,0.018064661094698797,-0.07083694731737665,0.41331643709576243,-0.024148465420058052
['George Strait'],[944084],-0.9270344044483007,-0.35982624038887095,0.18254881726301564,0.28562001900103684,-0.6532048115013851,0.5046394259061482,-0.18967773621783307
['George Strait'],[944084],-1.041021837998921,-0.4755188094238055,0.01509010302268859,0.32677679135805493,-0.6228122277394544,0.650939440036364,-0.07663189489176743
['George Strait'],[944084],-0.915783702598598,-0.40066937159549565,0.11255397329413545,0.30005991408885596,-0.6510360344156212,0.5019391193672645,-0.15316433012947017
['George Strait'],[944084],-0.6336088429956669,-0.21347651940498336,0.09208418632993069,-0.007628690965949979,-0.33739961843899824,0.5555793169560069,0.08392901573553847
['George Strait'],[944084],-0.6968142919425896,-0.17500218781419488,0.059626415796136464,0.1909491468287634,-0.6063907257241362,0.3756652848312068,0.039009594101529384
['George Strait'],[944084],-1.194195599237536,-0.28444193830750947,0.15776162808269112,0.19226716477504627,-0.6171129462756227,0.7863774578108098,-0.20835731549974706
['George Strait'],[944084],-1.068590056802647,-0.4385971329833529,0.020769278606897056,0.19930660748329082,-0.44360536846179505,0.7567846427904261,-0.09585126288809148
['George Strait'],[944084],-0.8256663987397965,-0.4607265038096982,0.18266831770030925,0.24987411805008058,-0.5628099621699341,0.5901445566228691,-0.10201094048998197
['George Strait'],[944084],-1.104185378739415,-0.47000471487311135,-0.021657196628988715,0.15079830854297563,-0.5164083163155687,0.9685645323868849,-0.025597057561906063
['George Strait'],[944084],-0.6425388913569403,-0.4820080412737791,0.10166956931623203,0.23942348164391827,-0.6711838856844957,0.5609321840898845,-0.015079999426962708
['George Strait'],[944084],-0.815223525670328,-0.6249756531318272,0.3323772604395874,0.04586773139068752,-0.18124286749896923,0.8935242950024568,-0.14010772096906995
['George Strait'],[944084],-1.0947813811938187,-0.5411720429408927,0.17773831824322572,0.1376582087387214,0.1959211782181881,0.7172603057706912,-0.1912632057922637
['George Strait'],[944084],-0.8966600522602013,-0.6242590485137238,0.13903645559664896,0.1533187115687227,0.16917507555348799,0.5730947916350521,-0.15826188655875448
['George Strait'],[944084],-1.1031808878596416,-0.5153478901737154,0.00594933256553951,0.3343855096827718,-0.7006298331943344,0.7459609037647739,-0.11448185035200766
['George Strait'],[944084],-0.8611151782938997,-0.3818485397822201,0.24530664375175232,0.21682805730543206,-0.6504103754510507,0.6641984956169021,-0.1647647004653758
['George Strait'],[944084],-1.1526606588215216,-0.552756180211797,0.027418694441702942,0.17501595130561542,0.0267984482522316,0.8144855643246276,-0.09429199750046229
['George Strait'],[944084],-0.6137383294712553,-0.39031806219556836,0.10267512311839137,0.1979020074466486,-0.6819535326772772,0.5389482145406382,0.03235186422068243
['George Strait'],[944084],-0.6660119205059434,-0.4241437521368794,0.26404189725018196,0.2258956636322623,-0.6741880916167486,0.5353986052418589,-0.1319497690320913
['George Strait'],[944084],-0.9144605570017719,-0.6001206834780193,0.07736912876262866,0.3183494494661174,-0.6231569885176491,0.7337588223953988,-0.07957984401180691
['George Strait'],[944084],-0.8862744606089903,-0.5523137906208607,0.1866837947500292,0.2546480429481728,-0.017205200768247428,0.49088745992374805,-0.20489597534501344
['George Strait'],[944084],-0.932465255557118,-0.42028414068090564,0.21191287463036879,0.2876379427149765,-0.4603366567183238,0.5995379549890709,-0.1846502120099234
['George Strait'],[944084],-0.8940448329577593,-0.5803963950025359,0.0847626852294252,0.3086346777434045,-0.6271071385623288,0.7206755207185138,-0.07136053006713707
['George Strait'],[944084],-0.8019211590572806,-0.4657516784550391,0.11924123390057967,0.28440271355499847,-0.65755471080864,0.5198482567739859,-0.11058975214069384
['George Strait'],[944084],-0.8105032038986362,-0.19084923258041367,0.04133041981472141,0.08911863151042389,-0.14340736749610122,0.4412793721031414,0.029780338582070146
['George Strait'],[944084],-1.0538456254570838,-0.49491021313851286,0.005600788233390613,0.32296054974640565,-0.26527355174242895,0.5623379662755791,-0.10772271870830467
['George Strait'],[944084],-1.207003629623699,-0.3366795266955529,0.16755773957170175,0.22253475399034314,-0.17060522455995109,0.5863365802642603,-0.23754598278798925
['George Strait'],[944084],-0.5627558072918889,-0.31429166658178725,0.1363707694056388,0.053730031466422294,-0.16158424706279823,0.4042205103748002,0.06020192393106011
['George Strait'],[944084],-0.7062228881913146,-0.28360303488590977,0.11876813538684905,0.09001700034530742,-0.5912441462007054,0.559184637961741,0.03401846143550444
['George Strait'],[944084],-0.9139562114477185,-0.2678785136139878,-0.0070984503915419465,0.25819593880579744,-0.7434765461110566,0.574835549039245,0.01566865438112197
['George Strait'],[944084],-1.1680036088282824,-0.3897124489977829,0.16163943205711717,0.2526075435473631,-0.07932818234468061,0.5681029383897324,-0.1988880428173033
['George Strait'],[944084],-0.9950070415810618,-0.39249235529750764,0.18613519963271083,0.13591980162484144,-0.27573018014879075,0.6705844666859676,-0.11188183512000366
['George Strait'],[944084],-1.0492880989625826,-0.5461647137849422,0.020351558529287633,0.3337731954058786,-0.7031311126001962,0.7615753679740663,-0.10035611256469357
['George Strait'],[944084],-0.8387870650627341,-0.4620185322468031,0.1968694828170741,0.29152343078160714,-0.7421913697464113,0.5741694752594101,-0.18252969361440724
['George Strait'],[944084],-0.5522283909296202,-0.34810293854537944,0.24974413411366153,0.03330534137882871,-0.07034688206785232,0.4517706976508641,-0.012282315544825433
['George Strait'],[944084],-0.564992920146166,-0.3932414524763559,0.11045770133196624,0.18433729453540645,-0.6870839811432682,0.532716771175718,0.05110451551912405
['George Strait'],[944084],-0.8080479066266265,-0.38899970637365855,0.24624696145274258,0.2692384807301975,-0.31065697740327747,0.37997985493237224,-0.21518200186641104
['George Strait'],[944084],-0.8799717303517692,-0.5368082850762047,0.20808347286419993,0.24794439999755513,-0.019002544480830982,0.4866361014662342,-0.21057349480779364
['George Strait'],[944084],-0.4589270978118712,-0.2962817235189232,0.14685678707904176,-0.02912413813201614,-0.26144967358933907,0.5211501054185526,0.09215625244240622
['George Strait'],[944084],-1.292966697438083,-0.19263228699105886,-0.01525869265575929,0.21738114940655887,-0.5273677022577098,0.7032886175109562,-0.15768490773652133
['George Strait'],[944084],-0.7228727816257664,-0.7353537857501808,0.15757570224143153,0.18923630332196617,-0.014428079349906333,0.6105874227442848,-0.06393787383598562
['George Strait'],[944084],-0.8149818847883314,-0.46718104495412327,0.12038233872163795,0.1273481664046619,0.14804434694057186,0.46437865133696343,-0.031258554385272884
['George Strait'],[944084],-0.7399091706161213,-0.23038031292739758,0.1894045159249835,0.13240838601555763,-0.06271784230211015,0.28440201843671514,-0.09413130486095861
['George Strait'],[944084],-0.8266012051196729,-0.3954778273714047,0.230920493448174,0.13926248687047932,-0.21563959640960967,0.4729973324682406,-0.1416407174306627
['George Strait'],[944084],-0.9674472791318757,-0.16715333879420133,0.14012554701206537,0.2010575118303916,-0.8376770441512448,0.5788370994442186,-0.0924537761760419
['George Strait'],[944084],-0.6944188730261164,-0.4263861720511713,0.0731240057275383,0.24412611593900352,-0.5865381495698945,0.4740723726337012,-0.022133199702860516
['George Strait'],[944084],-0.9567930758837073,-0.3877700388464837,0.33882345223528715,0.26947757359307317,-0.4583410033287838,0.6237986347076278,-0.2622772726959504
['George Strait'],[944084],-0.7286698571104053,-0.3239253261068698,0.058600357934528294,-0.06504362557401676,-0.1324632622619762,0.7356408035547352,0.08876104927422403
['George Strait'],[944084],-0.7526620399164715,-0.38877336218622505,0.10208629563000539,0.15876466773135875,-0.05192378624471874,0.3570014557460761,-0.055923426917179796
['George Strait'],[944084],-0.9135286549926319,-0.10448789454558202,0.09001676914188265,0.04231895283793913,0.12659266293831498,0.38036025852989624,-0.02787161992154537
['George Strait'],[944084],-1.1197375840422434,-0.032736618412505775,0.044581430181266944,0.05156992504525169,-0.7360647345494804,0.766136022866068,-0.024978464447117498
['George Strait'],[944084],-0.8127637797291409,-0.2815932760923556,0.13746527975895834,0.02920911108444831,-0.13130129885116162,0.5582472320919292,0.004573486102387702
['George Strait'],[944084],-1.1807984009971542,-0.24774657911319836,0.016351739002092466,0.2594734821995409,-0.361681229039609,0.5306338570117772,-0.1257423392896835
['George Strait'],[944084],-0.9857141653752575,-0.1959781302483384,0.009709741366899609,0.2130161810905192,-0.47589141515702155,0.49266308972400724,-0.023678853924520692
['George Strait'],[944084],-0.9447771743670227,-0.5010657162287411,0.15247565823201628,0.29827687230299477,-0.5419100422311964,0.6498566404189783,-0.14977672904191092
['George Strait'],[944084],-0.9317066600252336,-0.489707957182024,0.14356280064262705,0.29624191269733907,-0.5446044584452454,0.6404744980140726,-0.1374841622172
['George Strait'],[944084],-1.162171048781534,-0.5389047745544979,0.04108150227425456,0.1757505450087266,0.027113074991750537,0.8117691433542779,-0.10390040265685725
['George Strait'],[944084],-0.9784659510697882,-0.7463788210661665,0.12403119148401942,0.3094743821917818,-0.34132393161459235,0.6966077529953512,-0.18062771943925343
['George Strait'],[944084],-0.8076048594465774,-0.46863122719848554,0.08626896393223625,0.19543010099119607,-0.2057559720141369,0.5229399717149847,-0.034390644382253484
['George Strait'],[944084],-1.0213560541588886,-0.227017716368415,0.06176326648829734,0.23357551894356668,-0.473379299187185,0.46422641803889364,-0.09041477855002587
['George Strait'],[944084],-0.5560370117036054,-0.2347451205701318,0.11445259789208279,-0.006512130775534055,-0.25940343772890173,0.45754944737039893,0.1039976801474685
['George Strait'],[944084],-0.8455624033159521,-0.33468636328131246,0.10080505420203012,0.28217169791728974,-0.7517734411432382,0.48086318763860186,-0.1000523372206411
['George Strait'],[944084],-1.0246469327843264,-0.27566094845382655,0.0034821578496710523,0.2775063635447931,-0.38001734332351755,0.4411413098206424,-0.0582521976267003
['George Strait'],[944084],-0.9722450696470532,-0.2896901625686796,0.2544235707766814,0.21218291783819762,-0.648210899295178,0.6078669016147507,-0.19310933824474377
['George Strait'],[944084],-0.972902680315222,-0.2873738451035115,0.06638770216025926,0.15650625668081347,-0.1990149486091002,0.5512634545864327,-0.03803486993779308
['George Strait'],[944084],-0.8123833518188283,-0.6885953410934854,0.11507237786964299,0.16674851277783484,0.16612913496788115,0.5935369791995787,-0.11692661429481602
['George Strait'],[944084],-0.8847165259518126,-0.37560956646914817,0.06876910897171915,0.18465196817679227,-0.12115499832989891,0.4762246164570309,-0.07160681160606439
['George Strait'],[944084],-1.2691475158270478,-0.43473379063091944,0.10783312467844229,0.2939149815056156,-0.7710404085610361,0.8590898925612762,-0.24483734976451701
['George Strait'],[944084],-1.117794941164341,-0.22704582881092536,-0.01787314975009955,0.11994637908650321,-0.2732087592924023,0.7066351195500828,-0.017652805201886498
['George Strait'],[944084],-0.8173951191118204,-0.24884134185156134,0.2372980708841132,0.2369961657810414,0.183850264721723,0.5559568463056239,-0.35146672190104583
['George Strait'],[944084],-0.7427821759137941,-0.4177923544844347,0.1971967421851983,0.2428591670811214,-0.6690447549006018,0.5032162906213977,-0.11584496849413042
['George Strait'],[944084],-0.595476574989623,-0.37936654643309164,0.0997904711560706,0.1758861329682447,-0.6869683143784738,0.520167467974653,0.046309982286522965
['George Strait'],[944084],-1.0468111369922106,-0.19071820404285564,0.19613424886007422,0.16939958972127964,-0.20182688718471878,0.4536758379069158,-0.1517683174856084
['George Strait'],[944084],-1.0659719960787193,-0.42828440291434455,0.10925390129462931,0.20985425516526696,-0.7042580219243287,0.9017799120164094,-0.11406443607031193
['George Strait'],[944084],-0.8559837968840405,-0.5261489755297857,0.11826269059864027,0.2564257875761139,-0.2048473666268174,0.4583994768801401,-0.16146229348940308
['George Strait'],[944084],-0.7611597108943353,-0.3298382627065993,0.19533301754612528,0.20710871071273826,0.165243575221525,0.5245767834898641,-0.21204072275290997
['George Strait'],[944084],-0.9873133587667319,-0.45963646190187846,0.15374800362363075,0.35437745636719126,-0.7254937833333744,0.5838961912040733,-0.22675490969967776
['George Strait'],[944084],-0.9525626274790897,-0.3940937190681224,0.1459829352468747,0.29298442140161446,-0.7373367807083959,0.5429391106264566,-0.19864133248424304
['George Strait'],[944084],-0.7448284630271119,-0.2965073254508361,0.1961636966566582,0.12737500211950567,-0.6746923466878253,0.5603232453831113,-0.012412892040243076
['George Strait'],[944084],-0.980337323384884,-0.3273623894211581,0.07990559003983114,0.13403319725138374,0.0675462715122569,0.475200999284309,-0.08210459626217557
['George Strait'],[944084],-1.0515802050757594,-0.5211892840628125,0.05852788808934044,0.20684901467455283,-0.34462402757619637,0.7913938640534119,-0.1040775530393495
['George Strait'],[944084],-0.7359469316085279,-0.33690961950668835,0.07072573504193927,-0.07657991776182861,-0.1328087562511546,0.7345849339915226,0.077275437646105
['George Strait'],[944084],-0.5488743363042978,-0.28335603792654157,0.11233032268923941,-0.015923095122493874,-0.25452734731473414,0.5025151784948351,0.08136949246101241
['George Strait'],[944084],-0.9210703786941103,-0.391257036300913,0.05668602143493689,0.1862615751707494,-0.11649100274481185,0.48447776116493463,-0.08234656181395635
['George Strait'],[944084],-0.8091611335220587,-0.43675335733790344,0.17198117807180205,0.14773868049106162,-0.2158654429612121,0.47279099732044244,-0.10674716063560916
['George Strait'],[944084],-0.9530053976834986,-0.5167250756749794,0.19072999134281457,0.2527040960476399,-0.01520605919867149,0.46655638253086423,-0.22432167688447482
['George Strait'],[944084],-1.0584189242158968,-0.16265830290728006,0.1410446748916674,0.12939887259406982,-0.3756885508378498,0.6411691957033634,-0.10745333368600482
['George Strait'],[944084],-1.013623119789436,-0.22447329650972236,0.017509179199968288,0.2620273040235725,-0.7367264704441552,0.5627237081466855,-0.030067496110514968
['George Strait'],[944084],-0.9920854921872779,-0.550391818434286,0.07500558553062153,0.1522209688867178,0.004090406273635775,0.7226809574412842,-0.09153459578980337
['George Strait'],[944084],-0.9413796560237533,-0.33761141689220986,0.21142842997872258,0.26151671561919626,-0.6448436167477529,0.6399800840164005,-0.17349997423073793
['George Strait'],[944084],-1.027109304659055,-0.544654841678517,0.03257001102300471,0.23499718649306917,-0.0825381775245029,0.669663778341442,-0.08373950815937334
['George Strait'],[944084],-0.6647094343131896,-0.31131633147387583,0.19816809961058798,0.09221874234207215,-0.060498214322320214,0.43269822623726195,-0.028301378031115702
['George Strait'],[944084],-1.1216422441386662,-0.4365802227171721,0.19118823504672156,0.044972040868175064,0.1914650672021023,0.7785765982042878,-0.1632239468462901
['George Strait'],[944084],-1.1948538758188894,-0.2019816104752567,0.025108444523694574,0.13133618990579074,-0.7073774490807324,0.8883460285556923,-0.08776329633596519
['George Strait'],[944084],-0.9612062918972117,-0.395775245697905,0.01584729353341195,0.2538618261237722,-0.6410488749822663,0.6135079820817622,-0.051344616584282736
['George Strait'],[944084],-0.9779790174439219,-0.5679460219987674,0.09902840812031234,0.3177638921005273,-0.6195824157162685,0.7193212335098372,-0.10756022397821888
['George Strait'],[944084],-0.8742395963354676,-0.16948410710744974,0.035605655134733794,0.09418648589340758,-0.13940094174475878,0.4238422799403592,0.015034983731744247
['George Strait'],[944084],-1.2280063158778256,-0.38568409302630974,0.13995111457241632,0.2538894403883046,-0.07432926887204826,0.5656214247828472,-0.21167498603420276
['George Strait'],[944084],-0.7421677917055521,-0.5203803697595941,0.12794385166894287,0.10613230786437165,0.15007225778049496,0.564595076686488,0.0067419844470737724
['George Strait'],[944084],-1.1343126105631134,-0.522109717659701,0.1973027119633083,0.3452544643226575,-0.4299680277163262,0.6371758189468312,-0.2635812357417779
['George Strait'],[944084],-1.0643604673563334,-0.24444998439539167,0.19514570035742287,0.16017640058054242,-0.8098190295956254,0.8739735404517107,-0.18130333781564203
['George Strait'],[944084],-0.8546362038778397,-0.2630178358180503,0.09282910957307901,0.2387154056121339,-0.48726250876022,0.4560468389157255,-0.05711677212066316
['George Strait'],[944084],-1.0431387215464152,-0.24771021672076235,0.04044912347697987,0.10906672447652947,-0.8110324454008148,0.9408066465712661,-0.030945515191876667
['George Strait'],[944084],-0.7453531050166544,-0.4375961596647631,0.0638897167896944,0.26698994660054165,-0.5797098426518039,0.48422045834127836,-0.04110094229023714
['George Strait'],[944084],-0.9457145615665633,-0.2766989409922113,0.07120269791664625,0.21713073867249216,-0.4782976868369016,0.4869119079834107,-0.0738506021337587
['George Strait'],[944084],-0.565625447480907,-0.29909020770201095,0.1702123965413524,0.04643899189309496,-0.16215348994678913,0.4110284876094467,0.03850630705782381
['George Strait'],[944084],-1.0450137885660113,-0.467768453121789,0.07255695285534913,0.37782791414769645,-0.8064860997242601,0.6108955748311653,-0.17669342567313134
['George Strait'],[944084],-0.9309436736029219,-0.4609704072829497,0.11331151650836022,0.31965102801267453,-0.7356970036830711,0.5416787509293519,-0.16685517911620437
['George Strait'],[944084],-0.7595613321728432,-0.220603159963765,0.17205318998907326,0.2595068556073012,-0.8631774049860851,0.38571720278894145,-0.10969615104708207
['George Strait'],[944084],-0.8870154276571706,-0.2666806699886426,0.07155012208755598,0.21961885315816349,-0.7479181302713873,0.5829613429531066,-0.013595554989645197
['George Strait'],[944084],-0.5591000044025084,-0.2826647891658876,0.16247228885696408,0.12652516448775541,-0.25832271224899955,0.30393496586704644,-8.04965011874975e-05
['George Strait'],[944084],-0.7548597322950991,-0.7571502323391642,0.18226473394014983,0.17534117114210754,-0.011352899300738488,0.6235747960243859,-0.09172132467640198
['George Strait'],[944084],-0.6284318633351152,-0.1360223750453907,0.048779176569748506,-0.05169358003889999,0.09495569058200418,0.3914520718030856,0.10751020694113023
['George Strait'],[944084],-0.8489195043532638,-0.4401159447463611,0.11719689108578879,0.28497715159844106,-0.6553328276025736,0.5052830651331014,-0.12406621513053975
['George Strait'],[944084],-0.9440589568192514,-0.36413612648007254,0.20230357380272143,0.20290376484319064,-0.2887414959860238,0.5593789051816115,-0.14202368827764486
['George Strait'],[944084],-0.7556671813312766,-0.5339297312552427,0.11724436302539099,0.2307414891890452,-0.47748425847802184,0.5849091757281598,-0.07562439982956089
['George Strait'],[944084],-1.20103467560946,-0.5349384900210418,0.20416699767455176,0.2206395758952577,0.029696938055625982,0.7261959907174892,-0.27939160946493213
['George Strait'],[944084],-0.7678215979030087,-0.21710067012942105,0.09732288401547635,0.0758552484126347,0.11183788973387959,0.310597908522489,-0.0766091742389264
['George Strait'],[944084],-0.8184450559883304,-0.17185639843952188,0.03931920555223704,0.0852876015725418,-0.1446974544695555,0.42921009154172945,0.03081932927503535
['George Strait'],[944084],-0.5565186157558516,-0.3716557551490089,0.14353183433040753,0.18830132029081176,-0.8761096475363046,0.45929687057237467,-0.029851728660848516
['George Strait'],[944084],-0.6245908192594463,-0.3118790759990392,0.13252972039522587,0.08421473194956448,-0.5081985495276372,0.5550600359140897,0.03933996439024564
['George Strait'],[944084],-0.991652376535962,-0.6414599543247945,0.2101379635178005,0.23789153812607378,0.18533078831322894,0.5530234452157304,-0.22289595379019864
['George Strait'],[944084],-1.1909895712221912,-0.40018880401323376,0.128296662599083,0.3353002594866323,-0.5210048122100874,0.6306787581261611,-0.20356450653613414
['George Strait'],[944084],-0.989877601876175,-0.4921426127252803,0.18097507152010814,0.22669409769777293,-0.4548648316127157,0.5883526242490151,-0.28215184594416276
['George Strait'],[944084],-1.2137662432374932,-0.3529570383704514,0.1632329865536059,0.2806240171437632,-0.1673784952920777,0.5243974188957522,-0.23183039355999321
['George Strait'],[944084],-1.1537770111429495,-0.28754947935763486,0.01583231991743902,0.26649190507140597,-0.36017108679199616,0.5504776065087944,-0.12142174293517509
['George Strait'],[944084],-1.0955697901255141,-0.41271476146362496,0.09696309239850195,0.03966533963942174,0.19113526142772008,0.8441397443599887,-0.08762482851107538
['George Strait'],[944084],-0.5374942409236744,-0.5494106757224214,0.15346365553787497,0.1316687005442462,-0.05404523012053205,0.4832472705684984,0.018973102524177804
['George Strait'],[944084],-0.5728344609566445,-0.16600223522690824,0.09694841102224484,0.005482173050369132,-0.2619098670143662,0.43723622405704676,0.0867530766946368
['George Strait'],[944084],-1.1049256492907313,-0.4713956971908918,0.035398189353567554,0.3193290360242812,-0.2621950444116187,0.5554814123810395,-0.1411759022393087
['George Strait'],[944084],-1.3229670187635951,-0.18351184322216443,0.0031316266546050084,0.21626201101314924,-0.5254213759877816,0.7002392110057363,-0.17349570216348442
['George Strait'],[944084],-0.6684978300272724,-0.2903258114293719,0.12634131879955243,0.07751656532063571,-0.5957874206260605,0.5622230825912032,0.04032073144938559
['George Strait'],[944084],-1.1690057381561096,-0.35086486480273843,0.19367681269369225,0.20990578669831167,-0.1741526192275038,0.5965725410180713,-0.24069628201968968
['George Strait'],[944084],-1.1372378404260421,-0.30643959404672994,0.03563670469376253,0.33335384667071627,-0.8070216507198515,0.5756810565176456,-0.15227037273498908
"['Gil Evans', 'Hank Mobley', 'Jimmy Cobb', 'Miles Davis', 'Paul Chambers', 'Wynton Kelly']","[551815, 951384, 350892, 423829, 747984, 684253]",-0.6566208512134493,-0.02898387168570788,0.2779693934684208,0.3506563853160976,-0.21275739305698146,0.8471183258838371,-0.7749385208257439
"['Gil Evans', 'Hank Mobley', 'Jimmy Cobb', 'Miles Davis', 'Paul Chambers', 'Wynton Kelly']","[551815, 951384, 350892, 423829, 747984, 684253]",-0.8770562416666705,-0.10302685332595954,0.43618242023422465,0.07100454588928666,-0.46419792141172905,0.8193630910574998,-0.13772842902546553
"['Gil Evans', 'Hank Mobley', 'Jimmy Cobb', 'Miles Davis', 'Paul Chambers', 'Wynton Kelly']","[551815, 951384, 350892, 423829, 747984, 684253]",-0.4550099740867186,-0.17165525353460576,0.4386389670242793,-0.16182448083300172,0.091314790668486,0.5584833163272154,-0.015152396034442522
"['Giorgio Moroder', 'David Bowie']","[660507, 531986]",-0.9644141915920966,-0.2825660057787316,0.018899065683744665,0.3860032083881622,-0.7269038457808601,0.5386677798560309,-0.026724672341428404
"['Glenn Gould', 'Leonard Bernstein']","[803752, 239859]",0.1453915419079129,0.10362550344684458,0.03470741499572139,0.18714402679701533,-0.486553516598847,0.6438370794109116,-0.44851117339870467
"['Glenn Gould', 'Leonard Bernstein']","[803752, 239859]",-0.24080757051625776,-0.22647993973667893,0.16674363120409771,0.2622808013032606,0.04625969752439648,0.8730535115390785,-0.61655267363064
"['Glenn Gould', 'Leonard Bernstein']","[803752, 239859]",0.15131295701716488,0.10806907967044053,0.013419129888088181,0.10393756542748159,-0.1060904368495045,0.8082096769911138,-0.3749373378268853
"['Glenn Gould', 'Leonard Bernstein']","[803752, 239859]",0.02036405765700851,0.037730341130199296,0.013650862324888605,0.3534837168508111,-0.7172354265351348,0.7281125949985904,-0.4542306014488333
"['Glenn Gould', 'Leonard Bernstein']","[803752, 239859]",-0.16034303131538694,-0.2562759495319685,0.01758014722986087,0.31463901112861664,-0.6790927358121506,1.0032739912597444,-0.5407092008176508
"['Glenn Gould', 'Leonard Bernstein']","[803752, 239859]",-0.07804255088462095,-0.20018818844459377,0.08866215328008517,0.22681236779764347,0.010557527869475974,0.7485708398381985,-0.47905431931572884
"['Glenn Gould', 'Leonard Bernstein']","[803752, 239859]",0.290859678330497,0.1523096084550371,0.022579540060597963,0.16871305811843595,-0.21191912977932506,0.6857012650068072,-0.43016115588467485
"['Glenn Gould', 'Leonard Bernstein']","[803752, 239859]",0.13560625965200357,0.08389717404136524,0.004629083257493693,0.1730188437458448,0.18491104573362596,0.8060858032448044,-0.3025888027129208
"['Glenn Gould', 'Leonard Bernstein']","[803752, 239859]",-0.15141693180746418,0.004384299275467665,0.0015653689117668542,0.03267858877169979,0.018033707932463297,1.0171704847070264,-0.3759892245803238
['Glenn Gould'],[803752],0.045374154707571376,0.06206905692211553,0.1910725215384025,0.060358169949265086,-0.5235932821581545,0.567092331984115,-0.29839127985704783
['Glenn Gould'],[803752],-0.10196237596503772,-0.48401282778675575,0.15575268980759102,0.18280141981720044,0.044614463094351554,1.0698986008743092,-0.7180942673631349
['Glenn Gould'],[803752],-0.21671168498388343,-0.3820650940938479,0.05630155180942516,0.22036467817274893,-0.23133217072644094,0.9938847768924034,-0.6439288768779575
['Glenn Gould'],[803752],-0.2320399677288698,-0.2920117970342709,0.039460317134504146,0.12386314411064565,-0.22340402110017307,1.15962719874004,-0.6431241249320475
['Glenn Gould'],[803752],-0.26866059488797017,-0.5746667431654574,0.18307352184356074,0.3194330988129691,-0.2014950415785275,1.065198405888462,-0.7551926109007393
['Glenn Gould'],[803752],-0.11840747806880399,-0.4494127898651168,0.07781486654441634,0.18973492342062914,-0.14290979693479322,1.0424744405092221,-0.617935160218449
['Glenn Gould'],[803752],-0.300908539822453,-0.34515659688290323,0.08851140766594097,0.20207196028028815,-0.2146155950832014,1.0861394176224795,-0.7223359498460543
['Glenn Gould'],[803752],-0.1477997175326028,-0.6637540413771579,0.1336104845135829,0.29636087513720216,0.2522789461054631,1.061612137294363,-0.7136592884375096
['Glenn Gould'],[803752],-0.30707327560018494,-0.47930770205916123,0.08127201436123885,0.21986658555176403,-0.1164730939952148,1.109209235258919,-0.6940029263352198
['Glenn Gould'],[803752],-0.3135473578614613,-0.5302968697203788,0.07574538026995112,0.2960492666180262,0.0697812607740267,1.0010519865366199,-0.704500743010793
['Glenn Gould'],[803752],-0.008485116180567834,-0.18336918839522978,0.04619155744216369,0.2245326224698715,-0.15570729716222342,0.9267295081038082,-0.5011053179867836
['Glenn Gould'],[803752],0.006603208130464862,-0.12643532263816842,0.024723677836132704,0.10583409961196863,-0.42678024152860033,1.161621885072595,-0.45589514016144345
['Glenn Gould'],[803752],0.06727819806693366,0.11820166521971656,0.025609132450314934,0.1623939559820569,-0.012356726056334626,0.6939766821804926,-0.39273048643435104
['Glenn Gould'],[803752],0.2165451324297178,-0.25992413374073764,0.0554053406137662,0.255127880239426,-0.44040855953967584,0.9635159397241093,-0.522603046173994
['Glenn Gould'],[803752],-0.19121745270729398,-0.29193050963261796,0.08104799776128402,0.11958693125267293,-0.22193979313653814,1.1895586897489532,-0.6801619734326938
['Glenn Gould'],[803752],0.2273367906595544,-0.04175996562677486,0.05872301436012772,0.09092482768900047,0.06037260120190454,0.7317344747354051,-0.41007141036947853
['Glenn Gould'],[803752],-0.12050724012452814,-0.41256474797789755,0.12018545307072276,0.13574337640206335,0.1964982321172039,0.8717239384618181,-0.617812304620965
['Glenn Gould'],[803752],-0.43090684355286824,-0.496872593730007,0.3115175572159819,-0.17584496282144152,0.12143324951788595,0.8011067486629562,0.06698891482466043
['Glenn Gould'],[803752],0.06957588948151405,-0.3131386407419361,0.06491934287839822,0.28565989630733263,-0.35041860725517804,0.8224727150400668,-0.5743841396533989
['Glenn Gould'],[803752],0.013636868376845154,-0.13995934337392024,0.05515204960415068,0.12108827666649812,0.0009546747377725185,0.8544771499914844,-0.40591356732110406
['Glenn Gould'],[803752],0.20096189978119874,-0.10570587292486384,0.09994023578358935,0.22126142471641327,-0.4867850092650668,0.6592042775143814,-0.4190733799705325
['Glenn Gould'],[803752],-0.22902601440165474,-0.23778052635491723,0.15414697117936496,0.10431075136702941,-0.40227113194570513,1.2257564993040189,-0.7920793907985945
['Glenn Gould'],[803752],-0.0028050753887109755,-0.3773888509388752,0.07553257216485905,0.15654952104397526,-0.4291053386776574,1.1003779199748602,-0.5617487298956151
['Glenn Gould'],[803752],-0.05111695746953634,-0.03845442949110756,0.06138380777773045,0.12010329497243588,-0.1897775693189004,0.7606109244015833,-0.5866694974828444
['Glenn Gould'],[803752],-0.22239800888775835,-0.38480979726167786,0.08011106316403342,0.19071315854149576,-0.12309412959858924,1.1121959609803973,-0.7829605909248876
['Glenn Gould'],[803752],0.15000589399124145,-0.18282694848667516,0.07638780485057396,0.12850181870747304,-0.1865911598609681,0.8984107320498611,-0.5756482415233557
['Glenn Gould'],[803752],-0.08777239571927162,-0.4570532304703077,0.11839028849249958,0.16183752548633934,-0.16091048925575,0.9750324809865348,-0.682249107305065
['Glenn Gould'],[803752],-0.20299404460581844,-0.16516295729134758,0.04122468974740065,0.1180881496709742,-0.41928299171659533,1.0929481791103977,-0.658310385358432
['Glenn Gould'],[803752],-0.14573988085987452,-0.032264060118428424,0.05269421118759052,0.20342164781651975,-0.6134768119548675,0.9263936298800362,-0.6283778593573
['Glenn Gould'],[803752],0.03778954111930909,0.14589360433221446,0.037124390555389415,0.32558408763349395,-0.06194831569621521,0.7893081166112396,-0.3801613255881301
['Glenn Gould'],[803752],-0.24457060214989174,-0.34754327018994646,0.07808670379596613,0.27389405181726717,-0.57975755974109,1.0809129870227931,-0.6790935303661418
['Glenn Gould'],[803752],-0.262456109529703,-0.401898914637047,0.046159928936674616,0.37034192108658787,-0.7368707911446151,1.153446862201199,-0.7336384723896436
['Glenn Gould'],[803752],-0.08873275333624404,-0.38895542347965467,0.06709907284637938,0.1489427727726653,-0.052633813874643234,1.08663916064432,-0.5552262436841398
['Glenn Gould'],[803752],0.06792151400310999,-0.03224458007119711,0.029348988701077813,0.20277872691357912,0.17815294482565805,0.6869948547154201,-0.4220739203960015
['Glenn Gould'],[803752],-0.0509645491210477,-0.23223052221444815,0.14361313406447718,0.28943710012336593,-0.7039656543146325,0.8994798526339061,-0.7093761969035473
['Glenn Gould'],[803752],-0.2791164240073421,-0.2814071416675324,0.06243561559309808,0.0942019259213361,-0.21464002446147157,1.2533254160163312,-0.5463751842258948
['Glenn Gould'],[803752],0.2535777000341639,-0.10055392667112364,0.06875881038579969,0.1409356835305974,-0.010699760348532246,0.846742568622186,-0.46199132868660114
['Glenn Gould'],[803752],0.1506244990711215,-0.05579116265889483,0.011790628836601555,0.17708224802037734,-0.8257469986349726,0.933933438153507,-0.40943659383329073
['Glenn Gould'],[803752],0.2284863466392119,-0.039808658916121634,0.033842312848594694,0.1287726890530113,-0.20054499582630095,0.820942749044328,-0.42909594617419566
['Glenn Gould'],[803752],0.12805772339658045,-0.000318641374033607,0.06367486971275715,0.2143658971768204,-0.7327945974844757,0.8630742912932413,-0.3988982666937035
['Glenn Gould'],[803752],0.013437264527983734,-0.06711824262766361,0.003928146839688143,0.10836374337988129,0.009942519670324083,0.9247084491996581,-0.4256674701989719
['Glenn Gould'],[803752],-0.010583729106490261,-0.11498777685251738,0.02049487607824589,-0.06910620080497622,0.002798554465869086,1.125277059794769,-0.476259884498734
['Glenn Gould'],[803752],-0.16882581219602424,-0.4822868005587556,0.15094440216999175,0.14541360108656678,0.23360089931904895,1.1016845017836987,-0.7093217277292592
['Glenn Gould'],[803752],-0.10484769864428724,-0.3575084177518972,0.0544413876660393,0.03945933810876428,0.04218864066464302,1.2425047877300193,-0.5761746011210171
['Glenn Gould'],[803752],0.02115716835341511,-0.2898387768861935,0.0649958041762612,0.13336312468950356,0.19614782259663022,0.9069897248646536,-0.5854702021224941
['Glenn Gould'],[803752],-0.21263940554377428,-0.47256436023035364,0.13066603990152367,0.26704762168679186,-0.3953618399159132,1.096311158164818,-0.7189571434960699
['Glenn Gould'],[803752],0.22778259747664137,-0.16887968320086294,0.03662605873536849,0.17731283151238705,-0.4472720466402777,1.0285816362104498,-0.4357477024220439
['Glenn Gould'],[803752],-0.06883576572290655,-0.3844199746533932,0.06136078704046516,0.15411006993263202,0.12479192083193102,1.0070809791509705,-0.5855173010405729
['Glenn Gould'],[803752],-0.22759602143512161,-0.36485076684662443,0.038518091518138134,0.1447032716210552,-0.2028749186822643,1.2856833605597413,-0.6225037635787062
['Glenn Gould'],[803752],-0.31425803226679555,-0.26368629633134416,0.18225923141821374,0.13204469206503908,-0.13372557767861043,1.0641860886138472,-0.8288344309630353
['Glenn Gould'],[803752],0.07060787617722887,-0.2376817536893277,0.09792811768571688,0.17218590689455077,-0.45557428771251457,0.8915739604737659,-0.6725607270555534
['Glenn Gould'],[803752],-0.2546060282852558,-0.37802685685319826,0.08865035507662568,0.019040631863623144,-0.1419434227355542,1.230386220926024,-0.5725634527089157
['Glenn Gould'],[803752],-0.2525956722283068,-0.5344662124645844,0.09554003888931459,0.30933528411311784,-0.38842077044054335,1.0704043994378036,-0.718767873561803
['Glenn Gould'],[803752],-0.1896093147632626,-0.3234342105226163,0.07025301968825053,0.2274366269274597,-0.4087358115069135,1.0437406139096015,-0.6921086300016744
['Glenn Gould'],[803752],-0.1667825467833681,-0.42516937767171753,0.0894825179050907,0.2760703864035609,-0.21262289109434032,1.0604510844849229,-0.7098009478542482
['Glenn Gould'],[803752],0.279912161427551,0.021122121547315836,0.05398664577553347,0.07961502748984485,-0.03877125400336647,0.7039937502530476,-0.5350127710639512
['Glenn Gould'],[803752],0.24955597108811206,-0.18153014860997285,0.06619653397689292,0.29460243031989625,-0.26874129118666873,0.8094013146135152,-0.4799691128880289
['Glenn Gould'],[803752],-0.23754932523169475,-0.3974691747768994,0.058044085990535566,0.2314464489388602,-0.2052790095124525,1.1413528519151277,-0.7156453331105248
['Glenn Gould'],[803752],-0.21466690052036894,-0.19320201933519887,0.21987027189620206,0.24391098757237362,-0.687430598946521,1.006472783460891,-0.7160909519111542
['Glenn Gould'],[803752],0.2371210145550641,-0.030174807068167636,0.029496234197474536,0.03648785962496043,0.15338276875052384,0.8070438758408518,-0.38003666779939266
['Glenn Gould'],[803752],-0.10738451723815358,-0.3092002062114076,0.05040619896285666,0.2432867071717409,-0.5925617846242704,1.0829799522266568,-0.6142515451097468
['Glenn Gould'],[803752],-0.07961193318213404,-0.3850269326927536,0.09747264639929061,0.12974705537847406,0.10229502287065363,0.8919551270539643,-0.5355885133606323
['Glenn Gould'],[803752],-0.15393367024845628,-0.34331599058854134,0.11958268352670663,0.2700270807423547,0.11607492708223772,0.738794567576428,-0.6415857020709406
['Glenn Gould'],[803752],-0.3972137110428271,-0.18317421772531678,0.18874259604642696,0.13532343353941062,-0.20603710663796293,1.1659098905281038,-0.809691766921024
['Glenn Gould'],[803752],-0.06702732239664239,-0.30333868297114774,0.06813431781717103,0.1271662071541704,0.20299070177690495,0.9236231780930193,-0.5218434702204728
['Glenn Gould'],[803752],-0.23883313535131015,-0.35989079663439166,0.1482427683171781,0.10019985646273248,0.04853494774502429,1.1152343770994706,-0.7554672947636636
['Glenn Gould'],[803752],-0.1850361834196739,-0.4939295366994461,0.09825450261342668,0.1998555268243468,-0.3897225131236736,1.2592086917915155,-0.6469761803267422
['Glenn Gould'],[803752],-0.16740123715927768,-0.3914345661932635,0.14084053217367,0.1512758856102102,0.037630967262248585,1.0065450976417227,-0.683397077372547
['Glenn Gould'],[803752],-0.14269231169671362,-0.4612776310423024,0.1112640506962539,0.25562216567023416,-0.41068603916470003,1.0260645310571277,-0.7285620155562239
['Glenn Gould'],[803752],-0.12010337836713458,-0.2767251921027582,0.1768757505291792,0.26177096910415426,-0.42220031381211176,0.9038327992511487,-0.7970229631773997
['Glenn Gould'],[803752],-0.10845820434488929,-0.32026831797006877,0.045687395598028445,0.04499055500280155,0.22315500804753674,1.1692067427445674,-0.6031553885125014
['Glenn Gould'],[803752],-0.006703305554923233,0.05230854844882559,0.000919744666433617,0.22853729082173072,-0.07578470707252763,0.7898505397914709,-0.4528285170099318
['Glenn Gould'],[803752],-0.3641235781179823,-0.28889312062696365,0.24183967479576268,-0.1049411496437726,-0.10576881021913147,0.4092168024798974,-0.022050678989288593
['Glenn Gould'],[803752],-0.06984154510375694,-0.026123954665180346,-0.029165359337028643,0.0903442705093841,0.19852021492449748,0.923525979274058,-0.42687443048691337
['Glenn Gould'],[803752],-0.5534939204479453,-0.43984320097052054,0.2110129594162478,-0.05959685939402861,0.09201822974433965,0.9869085794736409,-0.1626880191572925
['Glenn Gould'],[803752],0.16102741591883754,0.05842915593572592,0.024948446502416684,0.20802766460958413,-0.5538759684808136,0.8436571073676628,-0.3049061594197785
['Glenn Gould'],[803752],-0.2697607076940075,-0.38038235650640995,0.09270039278941024,0.24099537436150004,0.03221742241455939,0.8355277566500324,-0.509685311994559
['Glenn Gould'],[803752],0.07530618595720863,0.09204442949192354,0.04425954133103078,0.07685293731160978,-0.03575783314891743,0.6207297470914628,-0.5659172083677493
['Glenn Gould'],[803752],0.08367180616922866,0.19468799508041162,0.11968416142922683,0.2606967957713613,0.047091332197675605,0.46443016545830945,0.0968164871200532
['Glenn Gould'],[803752],-0.2637631394812002,-0.444222254989378,0.10032258362751277,0.1755293341084183,0.14569980888438394,1.052245891564339,-0.7146181874422186
['Glenn Gould'],[803752],0.03589575213876627,-0.36144425527468815,0.09004401229255904,0.15215063821574534,0.10895246750970716,0.9450225084117351,-0.6286695230934772
['Glenn Gould'],[803752],-0.2605662816620182,-0.5085178883416911,0.07923979196640712,0.29993154210504824,-0.38552406625312435,1.0999629556105412,-0.7358433538396726
['Glenn Gould'],[803752],-0.28600483834800305,-0.41813394000145176,0.09357954670725781,0.23390520027508094,0.02748606874070976,0.8211058705404783,-0.46738024949099527
['Glenn Gould'],[803752],-0.025311677857257152,0.07456237242301125,0.006288855597029691,0.13119552604554122,0.1683377528915463,0.639732621309042,-0.4936861859154148
['Glenn Gould'],[803752],0.1629767358312923,-0.1698751324839322,0.0787904839071652,0.168170826556583,-0.45957558956154926,0.9025098521739869,-0.5389045070037116
['Glenn Gould'],[803752],-0.10986681221987175,-0.10959886247898283,0.2348805891582528,0.16991857427463164,-0.17030601106938467,0.817394221604619,-0.734061519095828
['Glenn Gould'],[803752],-0.31378022809418155,-0.3499615393857083,0.0555139382112703,0.22492166129568075,-0.388276721006613,1.12848196145344,-0.7451454672986721
['Glenn Gould'],[803752],-0.16613529036801555,-0.2992692744603321,0.0827236797197311,0.14798925062591,-0.05431691980895715,1.0024091856903792,-0.7526502790788567
['Glenn Gould'],[803752],-0.2767608636101319,-0.3537757165443213,0.04815001985097318,0.23494963161038898,-0.21538139499060063,1.0380663139948532,-0.7057831147561388
['Glenn Gould'],[803752],-0.24564583737191084,-0.3236088149695407,0.059149626671765806,0.04599818931781987,0.041403000960459665,1.1454854526227736,-0.6546280729827719
['Glenn Gould'],[803752],-0.26908827258105067,-0.42461266027372047,0.10024829535154868,0.19868081564708395,-0.12437313042443625,1.0871704685793306,-0.7414579141145882
['Glenn Gould'],[803752],-0.24850191641321057,-0.49489885720259114,0.09083189517764495,0.3046278157011946,-0.11012361770468725,1.06614163967286,-0.7018743832628592
['Glenn Gould'],[803752],-0.05940926335306398,-0.34975968187378303,0.10126938259141745,0.22924280423790175,-0.4221304615017233,1.0082523460647885,-0.7004359478534954
['Glenn Gould'],[803752],-0.15985824925781317,-0.38335660983365055,0.1030051881485863,0.16126156009338816,-0.13689065923030244,1.082192397316982,-0.7564584042211739
['Glenn Gould'],[803752],-0.14036236522267695,-0.3604184878250343,0.0304813538808995,0.13491128401822955,-0.58803122579639,1.264726865847392,-0.6235056848956904
['Glenn Gould'],[803752],0.00845616757043984,-0.3358917716019893,0.13889636310964215,0.24293642331297838,-0.4202343744947365,1.0386245023190477,-0.5866835689126196
['Glenn Gould'],[803752],0.15098930025937987,0.0664440178597811,0.05316299762756076,0.050188813985877684,-0.051059232608018375,0.6002392974123947,-0.5254960549584936
['Glenn Gould'],[803752],-0.1017250347985953,-0.3001888778402911,0.2150708952942457,-0.08326112562724228,-0.11420009283934807,0.3880507117735161,-0.04352147145014784
['Glenn Gould'],[803752],-0.4744300897835727,-0.5121761697466946,0.2520747250610425,0.14725790576869846,-0.4688059842447276,0.7233211721429227,-0.2834509899293758
['Glenn Gould'],[803752],0.1227769092071259,-0.10315004624485573,0.05966561534288348,0.009920083478760668,-0.031657032059600736,0.8334572798347688,-0.36482351308199934
['Glenn Gould'],[803752],0.03863291978867872,0.03303178968951623,0.048243855056666264,0.22996579396253372,-0.7346440117395691,0.7750013663738989,-0.47260973101319337
['Glenn Gould'],[803752],0.2774335860152446,0.06908519471977247,0.014588743760760694,0.3276931973229448,-0.832646356955816,0.7105122284589149,-0.4898260526786145
['Glenn Gould'],[803752],-0.01237063545597998,-0.3193487273010332,0.0594124831324167,0.265427351187332,-0.6945878859396739,1.027191762336513,-0.6610487301894586
['Glenn Gould'],[803752],0.12859667939285394,-0.06185867028047141,0.05577479577051876,0.2822742465487362,-0.7132294406481365,0.9292961467669436,-0.37155776385914907
['Glenn Gould'],[803752],-0.027125142008973414,0.002403717350028188,0.006562428524923679,0.16372566125949345,-0.6425588934423508,0.8278364747040488,-0.5045062794354941
['Glenn Gould'],[803752],0.17727939658321543,-0.08940451478327423,0.06683600432333484,0.4107365929794904,-0.7070986247915109,0.8170222538284606,-0.45945546994159875
['Glenn Gould'],[803752],-0.1008685447915859,-0.4055064418074146,0.10335577793221093,0.07016668928573537,0.2267709522376816,1.1803837967151796,-0.6240458925186145
['Glenn Gould'],[803752],-0.006865419703296499,-0.08112510974836552,0.025414920716611958,0.007206082009732139,0.09814431447278137,1.021527070452451,-0.4611463975798662
['Glenn Gould'],[803752],-0.24100238978105568,-0.3205011606195669,0.03167493388676653,0.1650496313874353,0.13269892891010995,0.9494310060584461,-0.6810324692513697
['Glenn Gould'],[803752],-0.10893879053515973,-0.25627419609525914,0.031265307819612204,0.24655460887756123,-0.32811964913969305,0.9339327891666951,-0.6476102832265724
['Glenn Gould'],[803752],-0.2686515833255959,-0.45819107512111285,0.1348366006548729,0.2087989019433686,0.05031359726101978,0.9755143969505349,-0.7683774182611726
['Glenn Gould'],[803752],-0.011420724798090582,0.1491253270505614,-0.021944300438133942,0.09361542379577908,-0.4622892033010917,0.8631442512882872,-0.46244927738003483
['Glenn Gould'],[803752],-0.2071974080268246,-0.3517727041157835,0.10753401423500644,0.12774563360737526,0.0426712271159209,1.0597364931030593,-0.7222406014974073
['Glenn Gould'],[803752],-0.24268458534567613,-0.455918925625599,0.1853468769677291,0.2001372757588913,-0.13040590883316236,1.0609796011419155,-0.7494307107049586
['Glenn Gould'],[803752],0.1306401071427637,-0.15825108066865276,0.060679574194017816,0.14143913177031506,-0.4639090681758515,0.8966760776524217,-0.5064260619975952
['Glenn Gould'],[803752],-0.21746318530486644,-0.32597535481567347,0.03853459758977816,0.11830205828882183,-0.39600426638871467,1.2728266563537445,-0.6738499178515401
['Glenn Gould'],[803752],0.2727127248623654,-0.08509880508449584,0.07263636590273638,0.248258299586562,-0.4585434740103388,0.854611866976111,-0.43383401303779895
['Glenn Gould'],[803752],-0.12573547922985778,-0.16884740945879095,0.0845661738093518,0.17546536392407525,-0.4363835631148879,0.9213188982135935,-0.6556262246568852
['Glenn Gould'],[803752],-0.2507692617290437,-0.16026194414358322,0.034774783732224174,0.33319163579622946,-0.676923951103541,0.9300486172152902,-0.6901287968427616
['Glenn Gould'],[803752],0.036321922382859896,-0.22835968788088626,0.08979354098823036,0.11119811068746527,0.06874486627575516,0.7157527140124986,-0.39507349170591594
['Glenn Gould'],[803752],-0.08113428532385966,-0.19338503199656856,0.08176321688872379,0.19058490170176376,-0.43046468118108977,0.9617580298021655,-0.6835057127721805
['Glenn Gould'],[803752],-0.428064251409812,-0.3490323197375724,0.11473743110810891,-0.037067989972730135,0.018640253343773963,1.07888474820431,-0.37128290528690505
['Glenn Gould'],[803752],-0.5803685141498659,-0.1523349986254864,0.03157655491647175,-0.18603094598710623,-0.06535209141865289,0.7607269223182493,0.020553042316701683
['Glenn Gould'],[803752],-0.29718347302650483,-0.1265303929832501,0.18343242413635968,-0.2159495410141631,-0.11774216869196012,0.5104100181310055,0.11443770653657465
['Glenn Gould'],[803752],-0.3341984333536534,-0.23860073637588627,0.10907052565927224,0.060561090903987674,-0.22785705475129947,1.1872942822837613,-0.4971754871978424
['Glenn Gould'],[803752],-0.02406879445677318,-0.20978815827813876,0.07622755064606927,0.10307741859183861,0.18501111979985155,0.847378289854067,-0.5589175057594601
['Glenn Gould'],[803752],-0.2153297219861292,-0.37235845501688564,0.06435376770104813,0.2538446218595509,-0.6610400870367552,1.2094723028488046,-0.7210712312443435
['Glenn Gould'],[803752],0.057011719134095445,-0.14205376829481756,0.1657667911222706,0.1631399619407976,-0.09379031750690917,0.800608244044977,-0.5841703633886102
['Glenn Gould'],[803752],-0.30954952409762576,-0.41819959704212994,0.102389180533349,0.16901285561671475,0.2340924165730401,0.9944919288882356,-0.7544905634008765
['Glenn Gould'],[803752],-0.11965110639026366,-0.2283480612371026,0.041725787607096575,-0.0063435854190096235,0.1982999358421747,1.0533292278174018,-0.592330822602415
['Glenn Gould'],[803752],-0.23582475972053255,-0.35789195809177404,0.07463190711863099,0.18588501604774996,0.053801942579879775,1.0447810533510067,-0.7390867473443694
['Glenn Gould'],[803752],-0.33374867013024045,-0.3944564989353682,0.19522106368018616,0.2588439984961701,-0.3889178001196416,1.0974524826774363,-0.7756025951753092
['Glenn Gould'],[803752],-0.2992997693399449,-0.3272283544507251,0.0915336008293666,0.22172276932777477,-0.40956595663025075,0.9904595876351988,-0.7663226897389078
['Glenn Gould'],[803752],-0.04072883611900244,0.03428922207604318,0.0423288928865544,0.20626782612804384,-0.27496832806288,0.7141603270252612,-0.5322777268173351
['Glenn Gould'],[803752],0.19495776356831826,0.08840437066404444,0.06371157498775182,0.1916803660875407,-0.12003263342856359,0.6106759428732612,-0.41487812403757834
['Glenn Gould'],[803752],0.12894948299422637,0.0845007504282568,0.04667461288501978,0.2339622428760361,-0.8455155390284221,0.6593095728751118,-0.5486753556891915
['Glenn Gould'],[803752],-0.4410214199717868,-0.34474720839972184,0.3321748354084441,0.13794991866881415,-0.16256422476277405,0.8747098941877604,-0.5676572697329789
['Glenn Gould'],[803752],-0.4504037540097714,0.022052740272674433,0.10787031627032745,0.020239805228945463,-0.10695927458949704,0.23474530058793766,-0.08014400612647868
['Glenn Gould'],[803752],-0.48652763870636095,-0.4752830034961698,0.2727656898455658,0.14960320899670554,-0.4491150468401181,0.8363791252269066,-0.35285600913497217
['Glenn Gould'],[803752],0.1092589941594313,0.007638503038137571,0.008172282519463229,0.2514158698473264,-0.8110314254383291,0.8991685687591144,-0.44417904888944953
['Glenn Gould'],[803752],-0.39939606128207555,-0.4538592487665847,0.2694369419349741,-0.003879075737280839,-0.07871974581351755,0.48379581995985876,-0.056789951879467476
['Glenn Gould'],[803752],-0.587957094378217,-0.6351958827146669,0.2735669292586422,0.230121335155283,-0.6128111796241678,0.8846726646378033,-0.36261298262611014
['Glenn Gould'],[803752],0.3240673563758884,0.04305900421962873,0.057897844382153084,0.1732049316297509,-0.5894276065020092,0.6884132525017754,-0.4472181658846536
['Glenn Gould'],[803752],-0.21297226811569567,-0.557174212566071,0.11668429797249855,0.3484495185707722,-0.6627275709250153,1.096818418730373,-0.6915198297417413
['Glenn Gould'],[803752],-0.09729036558520013,-0.32122775350648025,0.13575335833931765,0.06074473030482725,0.20349994978422148,1.030374471008704,-0.6196705939276826
['Glenn Gould'],[803752],-0.25499801611885065,-0.2982327015123216,0.017466537110750927,0.040718929138802644,-0.20618710930210138,1.3878822590030429,-0.6008110482539993
['Glenn Gould'],[803752],-0.4018246089609785,-0.3973953675155901,0.16677294301259737,0.3244459749115043,-0.5536302014175085,1.1283825627268034,-0.8000847384730567
['Glenn Gould'],[803752],-0.14897311861306142,-0.3985089601795058,0.09735561482982731,0.21020900388800534,0.03217345617978776,0.8982715642222044,-0.7008332377473654
['Glenn Gould'],[803752],-0.16437211750294334,-0.44350344303391354,0.06713932805418144,0.18823255087787452,0.035382407739572054,0.967514647981118,-0.6096377768598853
['Glenn Gould'],[803752],0.14041398087757367,-0.09917555692056249,0.04194120741449057,0.039913615606500905,-0.019114430662442037,0.8747777179736261,-0.4271280614625331
['Glenn Gould'],[803752],0.13930847420266762,-0.017521465086348293,0.05308643613606482,0.11981699910028566,-0.03579974100112712,0.6119943608786033,-0.5453119576900431
['Glenn Gould'],[803752],-0.13364152177465563,-0.4315823356640212,0.058577124631817495,0.19836525267353014,0.053685058613069395,1.093851817870194,-0.628827272442086
['Glenn Gould'],[803752],-0.195837364131403,-0.4192871676502987,0.13814727836722387,0.13882335129378254,0.21730699166172007,0.9770477080470462,-0.7165427196260814
['Glenn Gould'],[803752],-0.0983996718590549,-0.280490599791924,0.01223666326794838,0.03528256732256157,0.035120514907287174,1.1712852408491117,-0.5793307064685547
['Glenn Gould'],[803752],-0.020175249016595974,-0.19423022568250023,0.04190627288530507,0.0808281257737097,0.009144836205028413,0.9424681990729487,-0.5258843562441549
['Glenn Gould'],[803752],-0.16856428154944345,-0.5024548703174038,0.09973239464735477,0.1542414777869386,0.227077292372573,1.0527521822413446,-0.6312731474393641
['Glenn Gould'],[803752],-0.18894929965250643,-0.4768616960763881,0.0805103923615415,0.2084091862039571,0.05977175317165416,1.0851335554289914,-0.7619515769892444
['Glenn Gould'],[803752],-0.20521062493503017,-0.31277045698495876,0.042399489263951144,0.11296462755119757,-0.40109357572572163,1.2572718927854105,-0.634544566553825
['Glenn Gould'],[803752],-0.24791545966329373,-0.33185880323842126,0.05057616495903154,0.2580705000634528,-0.665475941177067,1.1473797728902995,-0.7598443448454625
['Glenn Gould'],[803752],-0.21015584803123952,-0.45652460573291165,0.10241185452902611,0.23584518080856992,-0.3977030634650247,1.122654465286632,-0.7199569666435665
['Glenn Gould'],[803752],-0.07937366989127208,-0.2766285221323833,0.06891862226323674,0.09223426454695116,0.10435475725281013,0.9186521322361146,-0.7158939590064967
['Glenn Gould'],[803752],0.028418483725700345,-0.3055578737586217,0.10515248341262291,0.19411529308412778,-0.16640911172856984,0.9152186513848266,-0.6200531711490035
['Glenn Gould'],[803752],-0.2981784584041865,-0.37439419433973775,0.014547253575242954,0.15006888107451763,-0.5552062503751151,1.4187090507737907,-0.5492691657710891
['Glenn Gould'],[803752],-0.04973281632442235,-0.23279358049350313,0.05445237073244982,0.2218872889037977,-0.5229534413563324,0.9486383195375003,-0.6751381846608461
['Glenn Gould'],[803752],-0.283992500549356,-0.3738395252299958,0.09680457031722497,0.3113395436466039,-0.5620122586282464,1.1415584555110267,-0.719835811123376
['Glenn Gould'],[803752],-0.11326729207190088,-0.15893536757304624,0.08245971035839403,0.20569213953509086,-0.3452453535100961,0.8600553221782632,-0.6571739001651501
['Glenn Gould'],[803752],0.10479745297446807,0.1369722431055223,0.027186773070681913,0.16681265417515162,-0.20924397330980252,0.6156553021243637,-0.4939977457012077
['Glenn Gould'],[803752],-0.05381202606566266,-0.21250255749508223,0.06799895836675071,0.1316521759645677,-0.45503133833394005,0.8954033251855625,-0.6125075142160863
['Glenn Gould'],[803752],-0.2652101404249576,-0.2817587134782715,0.08156908197167406,0.17058502723902882,-0.3992209487894519,1.143349171024297,-0.7726719345593491
['Glenn Gould'],[803752],0.11693041648143497,0.0681338141135781,0.013463540105593108,0.15956279870214085,-0.5507102290209839,0.8865322942264521,-0.3915141011191458
['Glenn Gould'],[803752],0.12702671946060606,0.25338559004286015,-0.004252824469807053,0.22608156890407743,-0.6654447343312123,0.6428508158102623,-0.4172829029487817
['Glenn Gould'],[803752],0.22406764212833147,-0.1496619053447478,0.06964013195259272,0.17122577895373675,-0.4683985746074577,0.8600497915617055,-0.5426111774131379
['Glenn Gould'],[803752],0.07119619168615618,-0.00850626710311547,0.1184668420951997,0.2720761653346578,-0.44465519553993765,0.8152152017651138,-0.5388584843128237
['Glenn Gould'],[803752],0.35368790873031924,0.060107072102235745,0.05088180208320997,0.09755282409580941,0.038296809530240304,0.5967051216666507,-0.4718368178995051
['Glenn Gould'],[803752],0.11798364910962954,-0.2658834895136731,0.09087229840410622,0.17912208399594418,-0.09113352730141668,0.851221900116944,-0.4697702580795219
['Glenn Gould'],[803752],-0.1196089754335987,-0.49898125675805816,0.09972963922305357,0.22669418613602196,-0.02971610344447912,1.1573340470754014,-0.5704781061341463
['Glenn Gould'],[803752],0.04895147615190365,-0.2285490540173702,0.061666740678824945,0.048674200374740934,0.18700524291433207,0.9694684328582919,-0.501893662065694
['Glenn Gould'],[803752],-0.16229404091912647,-0.4595530189203067,0.07877538309990303,0.3074145780626786,-0.7604657700686447,1.1268451516769493,-0.7015647716736843
['Glenn Gould'],[803752],-0.17459932308958404,-0.34104674894212283,0.026637375925235213,0.16758867594829335,-0.580947961953283,1.2399046608502322,-0.6800529240127905
['Glenn Gould'],[803752],0.03165737082415984,-0.1465686042516867,0.05805517947105272,0.1729932699508916,0.18812533865193914,0.7925160115200969,-0.47359229828975263
['Glenn Gould'],[803752],0.006222307015596011,-0.22714358391551684,0.21113041122226292,0.306694954225175,-0.1607713949796683,0.8274394752778689,-0.5147073592146497
['Glenn Gould'],[803752],-0.2125148561185028,-0.23573444018459863,0.06551632973865969,0.13225129162984758,-0.4291448986954115,1.0056792488870268,-0.6679445375472616
['Glenn Gould'],[803752],-0.2799056107848973,-0.3771732402158818,0.061581462157279526,0.2347435000981103,-0.574296231954565,1.1661868171333225,-0.680454599954574
['Glenn Gould'],[803752],0.14611460592973033,0.15027060693378663,0.03242114237788621,0.17561773665626135,0.17141015018399253,0.6843976399310928,-0.3847977534514785
['Glenn Gould'],[803752],0.03313966668987943,-0.17861537707109212,0.2005302632250997,0.28509408850820495,-0.16711284260977774,0.8046177753613791,-0.5252404363269417
['Glenn Gould'],[803752],-0.23278797798629258,-0.3957549854755853,0.07301992932685791,0.2754522842213119,-0.6589107594461299,1.187329254742357,-0.7156028569327783
['Glenn Gould'],[803752],0.1363519496613805,-0.3245723247847036,0.10363217841985174,0.15792473683128228,-0.09443668414572817,0.8696244151186999,-0.5785291986716093
['Glenn Gould'],[803752],0.15730704536135648,-0.062046417898661825,0.0329772272070754,0.20232684856371647,-0.7463943988612961,0.7974725191813835,-0.5061507078010676
['Glenn Gould'],[803752],-0.42603468414517087,-0.17195106356363252,0.15074136515382391,-0.27877687709593424,-0.09697167293013835,0.6842800668486632,0.11422117307140268
['Glenn Gould'],[803752],-0.10043893887539562,-0.0623748119901307,0.007533102862147723,0.21927438453162365,-0.6029425906723008,1.017610520121073,-0.46651535267236866
['Glenn Gould'],[803752],-0.47621528089379134,-0.04979426220927072,0.07335828725266065,0.035438531904563794,-0.10616241697301941,0.22873519158445352,-0.019962401939182955
['Glenn Gould'],[803752],-0.23747342839233943,-0.3064738725130927,0.08567300577282569,0.0692107128071,0.22703704573751143,1.0956678448159352,-0.7532130759805978
['Glenn Gould'],[803752],-0.2307050799355183,-0.5454915512592271,0.11254307596461788,0.25010446728017205,-0.21712304815616026,1.0660604952086292,-0.6823732976236179
['Glenn Gould'],[803752],-0.04528472750639735,-0.19985314611507882,0.03173344745439983,0.028217677153633727,-0.16609111148998207,1.1070954267477333,-0.5564474423653911
['Glenn Gould'],[803752],-0.27794643858685353,-0.4241742532698733,0.1000409564822018,0.14293536204304902,0.046297698336422305,1.053570803525956,-0.6966949647431638
['Glenn Gould'],[803752],0.014296161056511512,-0.41847576473272413,0.10797076719279937,0.24633482987850516,-0.24415175526385094,0.9629239713083227,-0.6793399298184383
['Glenn Gould'],[803752],-0.07578766528809162,-0.36437362910779997,0.06078748563588607,0.08197937721327321,0.2205376423813808,1.1235108061977699,-0.5944525821498675
['Glenn Gould'],[803752],-0.16594774838657209,-0.15980277769871287,0.05565748347582571,0.05362092409709421,0.20476554924978693,0.9749402153286869,-0.6546910615286365
['Glenn Gould'],[803752],0.14363432318064065,-0.22417706228109896,0.09818186763395088,0.12638240170164802,0.16517850031420223,0.7385049301051331,-0.5896586664796418
['Glenn Gould'],[803752],-0.25026235024743276,-0.40677852088196526,0.08841350279658333,0.16893286072085986,0.05019402846435379,1.0368794882988244,-0.7537422162238812
['Glenn Gould'],[803752],0.013808947715167299,-0.05425611801667903,0.05997457582679066,0.3382701628932623,-0.7910466334919662,0.8989083103608998,-0.5533499777657026
['Glenn Gould'],[803752],-0.1040274264596602,-0.23942470523007622,0.06811710309694488,0.16714207278433404,-0.42155514360583024,1.0760423008492026,-0.5442950664160808
['Glenn Gould'],[803752],0.05377646287942508,-0.09134366520566631,0.09682964324159725,0.18202339856069263,-0.3879460322146892,0.6819527419772822,-0.41251939159436357
['Glenn Gould'],[803752],-0.08161173037032475,-0.175398588116163,0.04824773199819264,0.20671133466205233,-0.3426581450796423,0.8904562270283946,-0.6660853401913728
['Glenn Gould'],[803752],-0.01637829889160788,-0.23288637042689359,0.0511669374342534,0.1167445508130177,0.18448989019237091,0.8175089872387881,-0.5923277939932162
['Glenn Gould'],[803752],-0.07297001857401127,-0.061408565092476136,0.08973377514339537,0.06163616368165375,0.19593612846235522,0.9608154917583154,-0.46360852205751135
['Glenn Gould'],[803752],0.08769190865477233,-0.39256044100428616,0.08097083524481224,0.040934358955704374,0.19434360013322682,1.0888122738390675,-0.5767964830706592
['Glenn Gould'],[803752],0.020845171783714835,-0.19199463136427902,0.08514240965378057,-0.0210841339899831,0.1732695902831046,0.9584811682908906,-0.5248391717749286
['Glenn Gould'],[803752],0.14724149575814333,0.05427833944339074,0.07414326736776344,0.21817648331366946,-0.7432461553677205,0.7770541179183529,-0.4705517426541844
['Glenn Gould'],[803752],-0.2376717911830031,-0.1831761622509505,0.2437686383240537,-0.10056798872086321,-0.12976595806615027,0.28928100531847384,0.011990431329166171
['Glenn Gould'],[803752],-0.5253674899181066,-0.24517350588528322,0.07211859502617854,-0.05501428144377966,-0.06965096218437043,0.5742094495007359,-0.06523837856092585
['Glenn Gould'],[803752],-0.1553844412626408,-0.22790585442390307,0.17043008750968383,-0.18520956910161132,-0.09970296424929312,0.6067246547310721,0.03948458033741857
['Glenn Gould'],[803752],-0.16494928434436582,-0.256957572451225,0.010773417293774748,0.15794061104375642,-0.760326595412231,1.3088925100502655,-0.5968714171904049
['Glenn Gould'],[803752],0.15069538698055893,-0.2391926739563919,0.09567990879287862,0.27193194444111823,-0.7052707262814943,1.030367517322038,-0.510401349600509
['Glenn Gould'],[803752],-0.02008977854048228,-0.3270164389959088,0.07109972427185171,0.22073649916246177,-0.6964968739388726,1.082826699451207,-0.6471578313752051
['Glenn Gould'],[803752],-0.2552906977549446,-0.46010817264304354,0.11182164465852505,0.2072820506114053,-0.0387369496939613,1.0350175230408118,-0.7211435024669169
['Glenn Gould'],[803752],-0.17830475828460818,-0.4785296894668208,0.07526688858964249,0.32298384739026975,-0.7471833097919715,1.1894800095369635,-0.7496017018971468
['Glenn Gould'],[803752],0.2801870408923935,-0.17670509752172495,0.09612107663906566,0.12296493935535638,0.15780833963056642,0.7456895772080001,-0.5779772373202161
['Glenn Gould'],[803752],0.12012083800200417,-0.09921879849041788,0.009171834665130591,0.20808645168217682,-0.8176938817919488,0.9288727427837759,-0.5351865224730871
['Glenn Gould'],[803752],0.2774335860152446,0.06908519471977247,0.014588743760760694,0.3276931973229448,-0.832646356955816,0.7105122284589149,-0.4898260526786145
['Glenn Gould'],[803752],0.1959976489511811,-0.16002693928312725,0.024697354846255615,0.13527404661650602,-0.18269943627150767,0.9390046233952939,-0.4429191167958242
['Glenn Gould'],[803752],0.11653889133783216,-0.1339766411631544,0.04641599776957572,0.1545047913188323,-0.4578618675886519,0.9003304045347764,-0.5427809658048133
['Glenn Gould'],[803752],0.002968239692967702,-0.3826777425933141,0.07138493457239192,0.06849251750981161,0.20555167795596221,1.0781872364414604,-0.6144297793520216
['Glenn Gould'],[803752],-0.13897870948523186,-0.3021522307457779,0.0807289355476862,0.27318455280019105,-0.4234965583529265,0.8770978352331991,-0.7086548066177687
['Glenn Gould'],[803752],0.24960242245760722,-0.13928337849592365,0.08651722586678304,0.20546584036401572,-0.11391903404021496,0.6950945576967559,-0.43661596642469575
['Glenn Gould'],[803752],0.20591423599813544,0.060594015450690465,-0.02471901476502323,0.24029324062219384,-0.8133567492777918,0.9543481840513689,-0.34961981472978315
['Glenn Gould'],[803752],-0.1838397530959293,-0.4729189149593487,0.1091693377828706,0.2580103968187885,-0.40332357303856736,1.0700700187802836,-0.7017929923917108
['Glenn Gould'],[803752],-0.28582734471682825,-0.3314822412213265,0.12187391930754647,0.21352210356561596,-0.4112056589552671,0.9993142798895108,-0.775129149201599
['Glenn Gould'],[803752],0.25543588262543787,-0.08770419918812283,0.06058365358588568,0.13943539555696496,-0.015263819487004069,0.8174221890131896,-0.44685077056795763
['Glenn Gould'],[803752],-0.037332738013126206,-0.2397088362218609,0.07029528277119411,0.10727105038323809,0.18750099009245955,0.8563959587235476,-0.5570446153787786
['Glenn Gould'],[803752],0.09757575472226487,-0.10559668220769268,0.02098104174664156,0.20688603767781996,-0.731271068919191,0.8768173476956012,-0.4871589261538114
['Glenn Gould'],[803752],0.17999835972502576,-0.2920902015078485,0.15929311493440984,0.21338896662957907,-0.5913085626281502,0.649501249610362,-0.3401984882640014
['Glenn Gould'],[803752],-0.1770486004672753,-0.43539820678707586,0.07582085933225473,0.20382648920018784,0.0439228474772503,0.9968100612360562,-0.6632777320534434
['Glenn Gould'],[803752],0.16497057283621525,0.16355373360669775,-0.051704995656557964,0.022420430108005478,-0.7320962634803947,1.1386816336615686,-0.2933495995569394
['Glenn Gould'],[803752],0.26939670987697073,-0.09188705533213694,0.07755484262468619,0.17712414058618173,0.05869243019508702,0.6149521002437665,-0.48421651278482114
['Glenn Gould'],[803752],-0.08975107396433182,-0.3057025562796526,0.0897354296938033,0.15398741231010846,-0.1659841975771545,0.9181752322074836,-0.6935060651036052
['Glenn Gould'],[803752],-0.23167545930713732,-0.1912844533875139,0.06270433836866862,0.10575179501245381,-0.4195224154597959,1.100957509182044,-0.6587829640456835
['Glenn Gould'],[803752],0.03668464967321574,-0.3471757365877656,0.10407783524791453,0.23500657968839714,-0.4434113869763778,0.8832831022897826,-0.6842756986876839
['Glenn Gould'],[803752],-0.2766817293894782,-0.4023370515166659,0.08890039063248519,0.2545764886992096,-0.3857952405414851,1.1316140293198917,-0.7862073354807447
['Glenn Gould'],[803752],-0.04085464320700534,-0.19474456173214127,0.05229295119067052,0.1504896909368888,-0.4509948517399656,0.8945627987684579,-0.6203322781066659
['Glenn Gould'],[803752],-0.24574602414196658,-0.30130854388329353,0.10714479010038172,0.13603099553715198,-0.15146535674415085,0.9833753120215782,-0.6638241155585819
['Glenn Gould'],[803752],-0.28448008639741335,-0.3004542403075096,0.046045922659029355,0.047898711046474314,-0.1270717563093911,1.2523271203309565,-0.6615960215127741
['Glenn Gould'],[803752],0.014366698568283518,-0.3198989420834372,0.10599623172549763,0.07981471279333187,0.0017326237705504682,0.9409105146366094,-0.6005241113048942
['Glenn Gould'],[803752],0.001285899037489974,-0.3005280728787869,0.08565464587341086,0.2505972349347901,-0.42119512286232397,1.012193604375171,-0.5632173632785089
['Glenn Gould'],[803752],-0.23796355317371756,-0.28348309428200497,0.13191174175423484,0.09366329923130526,-0.4097339367597161,1.1986564609575308,-0.7238956780210961
['Glenn Gould'],[803752],-0.30434484434197717,-0.44863881513441684,0.14792602467562743,0.26411739655988414,-0.3882486575984027,1.103277704863156,-0.77290064803712
['Glenn Gould'],[803752],-0.018610106243740685,-0.3472919597348174,0.04520833017995327,0.26772659869407955,-0.6946883672347836,1.02619780631524,-0.6402205328497337
['Glenn Gould'],[803752],-0.2674354720906845,-0.3574605287794596,0.048305856640780825,0.2677415656973,-0.6550744774381604,1.1993532306148706,-0.7390273936316069
['Glenn Gould'],[803752],-0.09557794460200286,-0.3081255310227701,0.11786757849914242,0.0630958875747248,0.20317983114843385,1.0201258661316481,-0.6149850491871053
['Glenn Gould'],[803752],-0.4493158289004823,-0.43264027169898506,0.15248348894151717,0.18174587792899838,-0.3757338979393636,1.2716134718385652,-0.6447166054081924
['Glenn Gould'],[803752],-0.13071376871273782,-0.4826237915644951,0.09616585923496902,0.19587056066906586,-0.3902935346654612,1.2770607943515426,-0.6699479667664399
['Glenn Gould'],[803752],-0.2114734212188924,-0.3639629173838296,0.09811346795179583,0.21436643064602923,-0.39806527706246236,1.1188038308024302,-0.7866108293726062
['Glenn Gould'],[803752],-0.0402401988179734,-0.12130037731349023,0.05930577159733728,0.05519748008755175,-0.4278214687391565,1.206359092969534,-0.5189779379656598
['Glenn Gould'],[803752],-0.27956064677645304,-0.5225844618607868,0.11310213320382795,0.3159625743379737,-0.3835246318156552,1.0788559584231825,-0.7511476027844631
['Glenn Gould'],[803752],0.24394768830560948,-0.10692370996293803,0.0711614440850069,0.1642357908021216,-0.47195429478074125,0.845862001671339,-0.5446075823089037
['Glenn Gould'],[803752],0.10714930050869942,-0.15850650532223343,0.07875530449613126,0.08477984581545335,-0.013189424770859597,0.8388496094841009,-0.5639296832073443
['Glenn Gould'],[803752],0.18319224219270164,-0.09989692451532525,0.0714493082524037,0.18098639542783715,-0.202540723573755,0.7390942439811015,-0.3521130690742344
['Glenn Gould'],[803752],0.23182298090902087,-0.0517472876564319,0.03543894116137909,0.20571584370612367,-0.44881885752367373,0.9572286282816705,-0.4078760881372953
['Glenn Gould'],[803752],-0.12445148947351457,-0.34952017363084,0.1101018428265368,0.2767665197152562,-0.4237326953209065,0.884637464872335,-0.7249958734034453
['Glenn Gould'],[803752],-0.25469638914484377,-0.32736126099100443,0.04800461814229436,0.12430736648187303,-0.39790038350865514,1.2353783307574837,-0.6756687844991195
['Glenn Gould'],[803752],-0.16065724663528838,-0.445660153641162,0.10427010989869068,0.1846634504910976,0.03374826060375572,0.9456343158827708,-0.7100549919260952
['Glenn Gould'],[803752],-0.2544371521216524,-0.1886957355774149,0.18420748851875277,0.13174906431491754,-0.13436019205744226,1.0741959680093265,-0.7877377045089347
['Glenn Gould'],[803752],-0.18858606637886324,-0.3677612587492191,0.09596019401990226,0.10601571984585015,0.03901683308622997,1.07896583606966,-0.712163842002646
['Glenn Gould'],[803752],-0.15566537794726582,-0.10560665173903144,0.09825035283517705,0.1574699637197411,-0.448188528115408,0.8501477472941725,-0.6035622449881509
['Glenn Gould'],[803752],-0.17647947203716013,-0.4244115564637289,0.11469311027787785,0.15516314384381316,0.04176988911698684,1.0309957457883447,-0.6880266849242516
['Glenn Gould'],[803752],-0.33033573799267874,-0.36610501903531156,0.11659397419814864,0.20285403172895375,-0.11779129804756198,1.0872365694235762,-0.7959081388706741
['Glenn Gould'],[803752],-0.20621325473150195,-0.3533082930622755,0.07400518849573529,0.2329185272002463,-0.2259355811118597,0.9874839341645966,-0.7781478291779642
['Glenn Gould'],[803752],-0.2307720941734327,-0.4886168952094243,0.09468250168708886,0.3526952787172415,-0.6522007326642759,1.1293556472850572,-0.748794077246458
['Glenn Gould'],[803752],-0.32125563241636884,-0.36862434375352177,0.047506251382573715,0.14786414985546226,-0.6574369281788415,1.350840604598124,-0.5605159333058376
['Glenn Gould'],[803752],-0.31753979053719794,-0.3679463506343072,0.12813530346630836,0.11606779751855033,0.22611545407982134,1.0126739103394762,-0.7239238681180243
['Glenn Gould'],[803752],0.15441586081450476,-0.2618981432066845,0.09072210536710419,0.1549670823673134,-0.09969747140296194,0.8308179319534732,-0.5704157389901982
['Glenn Gould'],[803752],-0.1715668089557633,-0.43643540594099445,0.09117223274891804,0.1255298561410893,0.22297053278634413,1.0436611529359063,-0.6965329114032072
['Glenn Gould'],[803752],0.020743758137711676,-0.2072485050458737,0.07992629800185977,0.0005395647047429453,0.18074650079258717,0.9759576260593643,-0.5509911745798651
['Glenn Gould'],[803752],-0.2348511435207785,-0.3783857666877975,0.04385638048282738,0.1298368299153283,-0.39476581076536854,1.2810039857425926,-0.6333727537596484
['Glenn Gould'],[803752],-0.2935718038786331,-0.2827757102465318,0.037038402474004105,0.17381772689006056,-0.39520487319076103,1.1522251132469556,-0.7552331310036593
['Glenn Gould'],[803752],-0.30558746740600107,-0.35106778163213215,0.08396232504886321,0.2220478320132033,-0.4079697642368964,0.9982454712046913,-0.7654439916493372
['Glenn Gould'],[803752],-0.17154120218435912,-0.1860621854258854,0.026277850726004855,0.1513535064974396,-0.42596008776410055,1.0005575125149733,-0.680719801339563
['Glenn Gould'],[803752],-0.3653400814525199,-0.22875540630229643,0.1664678522159358,0.15086372537091275,-0.12471689722239451,1.0657148434234216,-0.8719423820658564
['Glenn Gould'],[803752],0.2570372671475058,-0.12478272317139324,0.054798693580893926,0.15335814671352138,-0.018911724331421527,0.7697815084054487,-0.45213541927080886
['Glenn Gould'],[803752],-0.2413458327588066,-0.5137485398310349,0.10803714916722748,0.2945195733370068,-0.5800642105407388,1.078591564233685,-0.660857978428661
['Glenn Gould'],[803752],-0.19470931167656094,-0.4203371431273285,0.08636624865938412,0.28419476855209996,-0.5715003746132356,1.1526569568970353,-0.7291350146754457
['Glenn Gould'],[803752],-0.03572958949093481,-0.23857813603590644,0.0811355651312206,0.1449254231944667,0.020213246291963045,0.9498011239601329,-0.563054185755178
['Glenn Gould'],[803752],0.06502680888697983,0.12298290144372868,0.07318236954023227,0.025534272609371265,-0.18041212197592094,1.035787883092495,-0.3488577921178351
['Glenn Gould'],[803752],-0.06583085906999159,-0.37864368792677383,0.06299344564711033,0.274948156855934,-0.5880859402335514,1.087534252937833,-0.7053919329865715
['Glenn Gould'],[803752],-0.15398732513016442,-0.42136546467849667,0.0529217515178601,0.26177860617868826,-0.5770261064202133,1.1669130230327074,-0.6724785838620272
['Glenn Gould'],[803752],0.17985260992012111,-0.15235030338314837,0.09031463973978408,0.16081043211865056,-0.0182763715869975,0.7418050105918715,-0.49522207190488704
['Glenn Gould'],[803752],0.17115699810606996,0.0715779378376792,0.022755098313572135,0.19960273326614386,-0.5563696683496865,0.8467613460629317,-0.2975640329284406
['Glenn Gould'],[803752],-0.029324814413080956,-0.3742358535162457,0.06778466486471868,0.07412367349659066,0.20379674543885556,1.0438344861101954,-0.5900375028708708
['Glenn Gould'],[803752],-0.09358033781119623,-0.3076632549145488,0.04356545301750596,0.04088760638679903,0.2212816987745775,1.167372450390366,-0.6002131596849398
['Glenn Gould'],[803752],-0.07743263243445193,-0.3448885038578172,0.05766948577735467,0.24893079770328563,-0.6824401447414925,1.1100859293398375,-0.6993078275835145
['Glenn Gould'],[803752],0.09126751729290475,-0.38851516870759956,0.12902263029813438,0.29772272910365194,-0.4379296276051669,0.8567182176722844,-0.7052706603829438
['Glenn Gould'],[803752],-0.40277681593190295,-0.5348045885601759,0.12474758173616601,0.3360227281806022,-0.3868158535367712,0.9975613459945023,-0.7258644653371483
['Glenn Gould'],[803752],-0.12267059260843191,-0.4734177511449424,0.09974554544076211,0.24801490662505146,-0.4199934369293347,0.9860360690710441,-0.677824758719628
['Glenn Gould'],[803752],-0.1947426174686658,-0.42867541863425973,0.09396443099178474,0.22924880314468615,-0.3962129504365171,1.1385188128996837,-0.756334445106669
['Glenn Gould'],[803752],-0.3026524673764339,-0.395891212770771,0.1668225104583854,0.24723982354896928,-0.3853826486164437,1.1362205009338768,-0.8083579749647478
['Glenn Gould'],[803752],-0.31774782809187435,-0.24234934144234827,0.02688224717027566,0.06160909670159028,-0.3972425003782205,1.2949496743705968,-0.6002169871609566
['Glenn Gould'],[803752],-0.16206893265298633,-0.5676785106744501,0.12082131547181663,0.30478240267001544,-0.39110841344482034,1.1122797799028519,-0.7164591896396211
['Glenn Gould'],[803752],-0.34390355374108483,-0.4474516031537336,0.1472433043289572,0.2778103623516596,-0.39474014461422735,1.0306702652730046,-0.748113017579157
['Glenn Gould'],[803752],0.11597473749356206,-0.2658463727930012,0.09459577577226935,0.22175872538295818,-0.44860824493784657,0.9010252327491288,-0.6071219143362602
['Glenn Gould'],[803752],-0.19828167546359263,-0.46054621766388554,0.09014595704116178,0.2180336212972667,-0.40330142130661273,1.121231290914047,-0.6867110589400361
['Glenn Gould'],[803752],0.036262970984468304,-0.3384250423251019,0.09875199687301849,0.34082563370209684,-0.4367722105047136,0.781569599254886,-0.5885789398597665
['Glenn Gould'],[803752],-0.09991731193599013,-0.2206824837927046,0.10941750464967023,0.10319341687936733,-0.028485374927416447,0.6716638300117916,-0.2928086832513973
['Glenn Gould'],[803752],0.022368856606260226,-0.32679685733037317,0.08943539256675966,0.15423035614755098,0.015874478198071744,0.9371007565895917,-0.6181891034738464
['Glenn Gould'],[803752],-0.16284233753137844,-0.20653323533961787,0.14360049336474043,0.0461338138350222,-0.4157545078515234,1.247435305695472,-0.6431570965828023
['Glenn Gould'],[803752],-0.23810650293084865,-0.391053415035618,0.11426275020866027,0.2795416174847007,-0.5720519500373996,1.1315709416423512,-0.7371863434006285
['Glenn Gould'],[803752],-0.0026549311585882195,-0.5090562964193236,0.14433430177209458,0.38809922998541646,-0.5972552624158147,0.9252088164304838,-0.6618459722308648
['Glenn Gould'],[803752],0.22831571163553,-0.10927743517540262,0.2915544324924438,0.21183115720254492,-0.29349561330142215,0.7128744201506106,-0.6368995042691346
['Glenn Gould'],[803752],-0.3089181401711137,-0.5620110760002468,0.1262146413438528,0.32506449225084133,-0.5635089500520961,1.1263129319144685,-0.7051959726361838
['Glenn Gould'],[803752],0.06579853854577349,-0.29450049030306164,0.10095891814171075,0.11911166765449689,0.01599969785339731,1.0220219279278486,-0.49776136705571683
['Glenn Gould'],[803752],-0.18860804343232704,-0.3700396961612169,0.06248993558961638,0.13596587668864735,-0.13773515569757172,1.1100941101549249,-0.6671222624600729
['Glenn Gould'],[803752],0.12324817796034418,-0.24223858630327266,0.1205863280802067,0.2835953625744871,-0.4512944539704222,0.7839441046365193,-0.6079049847340403
['Glenn Gould'],[803752],0.03654253489475967,-0.006186935160787152,0.02319052391687728,0.20343667524831183,-0.45618414210577374,0.8000655528412915,-0.4795677365801077
['Glenn Gould'],[803752],-0.2391454952268972,-0.3442363678391989,0.16137063025414364,0.24474155026143554,-0.1302631776314743,0.9820095322141401,-0.7055018727236957
['Glenn Gould'],[803752],0.018988348275647982,-0.3809061098715042,0.08958009691788031,0.13369746236239835,0.017539281348400226,0.9727230330938444,-0.6548497653727638
['Glenn Gould'],[803752],0.1944281736225645,-0.018785783575621426,0.05902229179677522,0.20513205982853963,-0.6639077447444219,0.7216106469941177,-0.48744338755746774
['Glenn Gould'],[803752],-0.3149388592147077,-0.4311209907790296,0.09779367868173201,0.2554922066580963,-0.3945787014311554,1.0568751261020832,-0.7550591578222373
['Glenn Gould'],[803752],-0.01801324609688342,-0.448044503074169,0.11705805113985512,0.2093610080807365,0.01801872328674635,0.8730049956670042,-0.658558709917565
['Glenn Gould'],[803752],0.2949745656082346,-0.00916796000899195,0.04588682499148997,0.0519678560110752,-0.21931040452000114,0.8345294550553547,-0.36418912743302656
['Glenn Gould'],[803752],0.23425532313301287,-0.04184741826391029,0.05149169920033185,0.23848159336724237,-0.6588213267724379,0.7357277771221956,-0.4711989606360318
['Glenn Gould'],[803752],0.09892745451597607,-0.40282795680087485,0.11657082313447052,0.35436041485083525,-0.41999715289487877,0.9416046419205212,-0.5902286332052349
['Glenn Gould'],[803752],-0.24221730365759273,-0.460406837851745,0.14536303286561666,0.2604924581552948,-0.39784066860472084,1.0642139240191075,-0.75843066826782
['Glenn Gould'],[803752],-0.18156304516163083,-0.19145712733121725,0.05591096315877559,0.1991715761274303,-0.42015991538308295,0.9779012799148962,-0.6755954104877522
['Glenn Gould'],[803752],0.2281436271659259,-0.19547655469764222,0.04737766240589306,0.2268987389295739,-0.44873038528946324,0.9447167384981088,-0.46701665887895216
['Glenn Gould'],[803752],-0.15506278973101856,-0.5180056905461147,0.1424170545854227,0.2685641189660197,-0.40298553132865633,1.0778982999531774,-0.7046956412945155
['Glenn Gould'],[803752],-0.03963715935447358,-0.3806199161999162,0.05983249997325834,0.10684342074049878,-0.3987793667490855,1.3770900686447627,-0.5685581398780482
['Glenn Gould'],[803752],-0.15399233423275027,-0.47627903871744964,0.10222036177893458,0.2417487777448842,-0.39639412064065077,1.1505484854204597,-0.7250868768428281
['Glenn Gould'],[803752],-0.21419634147052352,-0.4411637304188572,0.14596709721575016,0.132886234023552,0.023882953206402734,0.9444365013780189,-0.6504690135317437
['Glenn Gould'],[803752],-0.20878368512667542,-0.29909102602164783,0.07047752262928082,0.2244159078309284,-0.41371759925875384,0.9919798574406717,-0.7269390413285423
['Glenn Gould'],[803752],-0.30068384402580745,-0.44542443261324777,0.13476506682360412,0.13802635018979048,-0.4274105613133238,1.0323554912453086,-0.562403261527518
['Glenn Gould'],[803752],-0.189743992365723,-0.5120432059351385,0.09707990897943995,0.2692054623210188,-0.3747630646355054,1.264231824003249,-0.6666128132331286
['Glenn Gould'],[803752],-0.1233245808984491,-0.33432453366906906,0.06643345753568282,0.18091098326416818,-0.1419665985647493,1.0514157468759044,-0.5860433433161376
['Glenn Gould'],[803752],-0.17839850911259636,-0.5167403410336983,0.11067690022882123,0.22654544779014987,0.05780741201194781,1.0650814184391675,-0.734551538367264
['Glenn Gould'],[803752],-0.10379738811057197,-0.5026742854154297,0.09915298801087634,0.15558105564860786,-0.11914610500002623,1.2852620930086662,-0.6278332019053215
['Glenn Gould'],[803752],-0.28967812017901245,-0.27339826466793354,0.1210755874153297,0.2584244330825738,-0.41008670858668234,0.9301408904797527,-0.7735577139911174
['Glenn Gould'],[803752],0.19105438250725326,-0.07674224374819338,0.05416976157071858,0.11858081883017085,-0.20422227145011404,0.7828574188052577,-0.5440248598342966
['Glenn Gould'],[803752],-0.012010432573673617,-0.038539592954635125,0.02020391185380517,-0.015117954206313882,-0.18576589937627028,1.0168060990282934,-0.46220609369634585
['Glenn Gould'],[803752],-0.14789565872214536,-0.2609388910704194,0.09250778198922845,0.05122397618387414,0.027675215473787082,1.0738468386026163,-0.6662104685910073
['Glenn Gould'],[803752],-0.34764640630879834,-0.2479733521423118,0.19657915087210265,0.18681384118448952,-0.1460502214715193,0.8992165348007004,-0.7141643380239776
['Glenn Gould'],[803752],-0.18585707661235246,-0.4806127901500294,0.07939773754931176,0.31538052446884374,-0.5758017364781063,1.0809491466193044,-0.7326955178924083
['Glenn Gould'],[803752],-0.17991395800995116,-0.530267190475957,0.14840246381311473,0.2412246970803176,-0.12696496430607185,1.0760461870654896,-0.6968473082958779
['Glenn Gould'],[803752],0.0477466841998867,-0.09028855141663761,0.18069532252820175,0.13780498965053325,-0.2783830948130869,0.8313569323820023,-0.6608908829885949
['Glenn Gould'],[803752],0.2702868474921129,-0.040349503583528394,0.017581283320110094,0.2286774788350645,-0.6483265184120864,0.8414306863401927,-0.44387643171754504
['Glenn Gould'],[803752],0.23593718476508568,0.024844765243174794,0.006084852581620009,0.03155354934231146,-0.02811403599490171,0.8351873142585889,-0.4558220857882197
['Glenn Gould'],[803752],0.08086833174756564,-0.19876250877101714,0.0747205692745669,0.27684503989892484,-0.7010249277159826,1.0085324534948645,-0.5289874637724344
['Glenn Gould'],[803752],0.27073222499952276,0.08653548989521127,0.013394378918297206,0.3197735777009043,-0.8330193273130665,0.7089894274612181,-0.4946859058955798
['Glenn Gould'],[803752],0.24034303546003982,-0.13710832838717316,0.05429087713492781,0.11464717842747664,0.17840498760294374,0.9082783030410382,-0.3789616666379732
['Glenn Gould'],[803752],-0.044512826160354485,-0.40090144814563244,0.06115159749898692,0.0772568583185858,0.03319060413420683,1.1498120043821196,-0.6306807158843106
['Glenn Gould'],[803752],-0.28283688994835554,-0.4252176659462376,0.1147670975133301,0.2205152434227461,-0.4039395592514872,1.069832158371861,-0.7099790487436007
['Glenn Gould'],[803752],-0.20784946470098428,-0.37175334673016164,0.09112967724137395,0.19777850545177375,-0.40619752515537394,1.0996421457266807,-0.7261869964566311
['Glenn Gould'],[803752],-0.2880310195410794,-0.40989561426759435,0.08705451541917149,0.15520057175860022,-0.41052382351216343,1.1204526972636593,-0.5642222755093519
['Glenn Gould'],[803752],-0.17143983621780715,-0.2816539563203252,0.08467602557648578,0.19358828905327824,-0.416064143646167,1.0247183005985374,-0.7699063030625523
['Glenn Gould'],[803752],-0.10757787097144066,-0.22844747669886234,0.07473439341796088,0.1451509823900659,0.01747119359512077,0.8772272226456597,-0.6439447705956839
['Glenn Gould'],[803752],0.024677633108194395,-0.39298544849944134,0.0721668300811391,0.06525744985563406,0.20463620974988872,1.0895638112968422,-0.6108702121438823
['Glenn Gould'],[803752],0.15010394017631098,-0.13765250476698399,0.05258408831468793,0.14920028574605104,-0.46115971021267216,0.903504041151989,-0.5320251377812464
['Glenn Gould'],[803752],-0.17878096368894458,-0.3814460099661511,0.11024933379636212,0.15200432469256914,0.03705624925888787,1.0097253660511183,-0.6682716097935928
['Glenn Gould'],[803752],-0.10961627390422073,-0.30045173093933775,0.06185490039934213,0.1397136834704607,0.029866902426237282,0.9858314032295356,-0.6343248662529292
['Glenn Gould'],[803752],-0.10258620803822772,-0.23399374067188927,0.05553349521008991,0.14032683590201542,0.01813727523141425,0.8967807484797279,-0.6208480063379374
['Glenn Gould'],[803752],-0.20672066781954526,-0.3573537337052239,0.044719801786609566,0.10549086045402083,-0.13283077058117654,1.176449037988093,-0.6255536103997328
['Glenn Gould'],[803752],-0.10518338933166813,-0.22701517739431817,0.09845033820366347,0.025129341899849646,-0.1486291465172101,1.217051571269996,-0.5249915553339859
['Glenn Gould'],[803752],-0.05264785847190949,-0.16432596417270792,0.11481680169153419,0.08773064873619872,0.011525831578596674,0.9290577699023307,-0.6857574583650736
['Glenn Gould'],[803752],-0.017298466809470354,-0.3159816156611829,0.09480006286477516,0.13239896933036094,0.18846636198319688,0.8616578827093194,-0.46761542682695684
['Glenn Gould'],[803752],-0.27012889658946737,-0.3348370013034581,0.13326783561266392,0.137204155266237,0.0516438516156551,1.0781141526790068,-0.7815058662225893
['Glenn Gould'],[803752],-0.26084962706963893,-0.37472446699712936,0.09824685498049507,0.10449198261005321,0.04033030324837167,1.0598690537672049,-0.6623695421370084
['Glenn Gould'],[803752],-0.26486031486399486,-0.4953847374341397,0.1195540643344868,0.18933049415686953,0.23781659800273602,1.0279586919211765,-0.7283511762505657
['Glenn Gould'],[803752],-0.30733974895668575,-0.5041837628765676,0.14538005171367976,0.2596864293181964,-0.19966649709251133,1.134082842177405,-0.7322323171603684
['Glenn Gould'],[803752],-0.2339608101125898,-0.5489811488223796,0.10472746172401125,0.3296917497700668,-0.3755880158588499,1.1418705085421255,-0.7671136014706447
['Glenn Gould'],[803752],-0.04383759051767438,-0.48682524016143974,0.10568956453298178,0.17000644554377511,-0.0390439624672936,1.199632888235555,-0.5953619436898965
['Glenn Gould'],[803752],-0.31470040593028165,-0.3969111739156418,0.17076022539092067,0.189189474697501,-0.1189461472808699,1.114576530355439,-0.7700689543462522
['Glenn Gould'],[803752],-0.03859514204009912,-0.20449111345098914,0.06352205559928084,0.3090095403714239,-0.6934146480201132,0.9535181818196637,-0.5927922765737408
['Glenn Gould'],[803752],-0.14336513313284935,-0.28501675476260674,0.0490890595302085,0.13463375187146395,0.22777329697941276,1.0684631068493144,-0.5752883105167648
['Glenn Gould'],[803752],-0.1248645798629698,-0.5383264414700382,0.11139226098536327,0.20036372490886264,0.045764448021357255,1.0454186010372526,-0.6981425143290886
['Glenn Gould'],[803752],-0.025402881369846055,-0.34877758067834275,0.0988609454613116,0.2792926830468948,-0.41939954113810324,0.9660309249371074,-0.6766949677787457
['Glenn Gould'],[803752],-0.29006674780554637,-0.3437202822044284,0.23097941930200558,0.14097624565449007,-0.1281988994123012,1.1238622639321882,-0.7880853325984757
['Glenn Gould'],[803752],0.15543840186795443,0.08297393729451966,-0.017047610432730877,0.33789079291391944,-0.808337652996821,0.8233971673914247,-0.38469258946010243
['Glenn Gould'],[803752],0.27233635419904406,0.01712926868964874,0.05570447726206017,0.20248053100245209,-0.58245013163344,0.6714647710432824,-0.4592472748555983
['Glenn Gould'],[803752],-0.20942447472969217,-0.3732723436895382,0.13226193191840352,0.22714650618571058,-0.4055330813241016,1.0569848868405824,-0.7013008178572616
['Glenn Gould'],[803752],-0.1433908139691486,-0.2600938908289286,-0.009631332607862845,0.039889723138194756,-0.4131150478018658,1.2984588116651268,-0.5384700385367773
['Grateful Dead'],[988440],-0.7222899049460919,-0.007442510213362718,0.06944529928653581,0.31641729096271715,-0.45468602568951133,0.5682922261617642,-0.3131293294554305
['Grateful Dead'],[988440],0.02228484619336481,-0.4736579395898564,0.26117262486297244,0.04079754178640661,-0.8452143031708964,0.4670814097305086,0.017635077807925358
['Grateful Dead'],[988440],-0.9893671528294927,-0.22857321610086742,-0.015561623064084415,0.09497536588087963,-0.18690531128030405,0.7558797986699097,-0.07825189001336023
['Grateful Dead'],[988440],-0.3943665373063264,-0.05006372916166063,0.015738920091531862,0.21299115741682656,0.005346980942545609,0.7168021081299595,-0.23552406831126385
['Grateful Dead'],[988440],-0.6798983792734576,-0.3240630363475581,-0.02785354279370006,0.38381552669855856,-0.5552735758158408,1.0226300895800395,-0.533109006914664
['Grateful Dead'],[988440],-0.6772881840233339,-0.4074608203148124,0.1786687180284694,0.22073408014752569,-0.1697897018579683,0.721341568689944,-0.34452094877180145
['Grateful Dead'],[988440],-0.8862954699002906,-0.4985387143963405,-0.014750374237069893,0.5838518076062099,0.30731098978156385,0.8987915758306613,-0.7918498131434386
['Grateful Dead'],[988440],-1.169991658079928,-0.5149740207591263,0.11747745365588357,0.30529990895248893,0.1986059579440093,0.4905453257738526,-0.2877054765001106
['Grateful Dead'],[988440],-1.237948808117901,-0.4699352173708311,0.12047479441575529,0.22582959846594522,-0.14938852115903956,0.754687572469709,-0.2168449842389289
['Grateful Dead'],[988440],-0.8096467899069273,-0.20171946538844393,0.6842788664931965,0.15250775130706923,-0.4795550973541916,0.56777053618871,-0.3407525884615684
['Grateful Dead'],[988440],-1.0285771907050851,-0.03040613293515967,0.5814398594533261,0.028673148615998373,-0.011163524137480013,0.6504813114860886,-0.4202135960804535
['Grateful Dead'],[988440],-0.9444229224247038,-0.3834526254194987,0.2609507813601906,0.031081795486080737,0.08681183917178958,0.739743822575534,-0.11220084452874815
['Grateful Dead'],[988440],-0.9676614390197145,-0.35558834200274514,0.3620496949136254,0.1802103818138064,-0.4575460303617969,0.6928107143195859,-0.24945749295674718
['Grateful Dead'],[988440],-0.2414853687101966,-0.27975579244983084,0.11828945631263243,0.08368134758843454,-0.6700620824969767,0.7912553469720304,-0.11795186229037966
['Grateful Dead'],[988440],-0.9008184513656363,-0.4925112081636708,0.16778695355782824,0.14012443201044725,-0.02064032435576177,0.561905763911458,-0.17412479060681668
['Grateful Dead'],[988440],-0.9364059369454545,-0.6860050968094713,0.1881253376771561,0.23661688211153806,0.008538151728987975,0.6136223593100384,-0.15342851750053854
['Grateful Dead'],[988440],-0.07530025984178679,-0.06846521756420834,0.005807755678797527,0.08535316398308797,0.007290996229559515,0.8982737852568863,-0.502395755682614
['Grateful Dead'],[988440],-0.9410191094387543,-0.7126551560892942,0.30885660736017856,0.31310718919927866,-0.7866272963822748,0.8346456223592232,-0.24103970568321093
['Grateful Dead'],[988440],-0.8703982670408813,-0.3756792988907648,0.3558254011279027,0.315050173933844,-0.6323575511965581,0.606819670495577,-0.282699813380582
['Grateful Dead'],[988440],-1.1753553148146039,-0.2511176637543634,0.24628000018031027,0.3982126660210779,-0.781295760335148,0.667032920095679,-0.3821573632487483
['Grateful Dead'],[988440],-1.1951306184618373,-0.331302439369374,0.44471759260236987,0.20116682967585034,0.19932553571249959,0.6183047245845386,-0.383591405920582
['Grateful Dead'],[988440],-0.7573930556389437,-0.1653485875616796,0.6897555562202476,0.049368026375664106,-0.22557054123561188,0.5471513028255262,-0.3136013047374223
['Grateful Dead'],[988440],-0.45901591261153635,0.027183083223931963,-0.032555921543145655,0.2977847515486096,-0.4465523120016067,0.6933788995358334,-0.30992507960078186
['Grateful Dead'],[988440],-0.9145077092932687,-0.12488563626726464,0.12492210993770453,0.18852157611245807,-0.6740487083595658,0.48497921395910226,-0.16910987923709328
['Grateful Dead'],[988440],-0.659295498551722,-0.16684087313519533,0.07330505751956666,0.03233325780144017,-0.050071424564492296,0.5453823493642167,-0.028629343611609813
['Grateful Dead'],[988440],-0.10268797764649942,0.1601313901159607,0.002078433336284434,0.21477771561485298,-0.6575566945811461,0.6780138375744715,-0.3508143917774327
['Grateful Dead'],[988440],-0.4957660436698621,-0.2687708442396465,0.13618625048599284,-0.0913725956671313,0.09874593386659257,0.510508687289903,0.08904103668036648
['Grateful Dead'],[988440],-1.0236701426177741,-0.12471013517802884,0.001143590298376066,0.07537797374148876,0.087611919472605,0.6983003870558021,-0.15927488410104146
['Grateful Dead'],[988440],-0.9090113899632435,-0.17802843242534694,-0.032485392063031346,0.1784030786790551,-0.7462241043004018,0.6666259565400214,-0.04692065067252202
['Grateful Dead'],[988440],-1.1519279056968414,-0.440445381341156,0.04728339157058715,0.13977901996688122,-0.15964585050452745,0.8122262980641152,-0.12193095925458335
['Grateful Dead'],[988440],-0.6210953461919716,-0.4242899221307447,0.14723927397840553,0.19388800192328043,-0.478059145922874,0.6088422042614081,-0.015870820847317
['Grateful Dead'],[988440],-1.110848564284883,-0.5081649768891838,0.027361027942552754,0.434288542748912,-0.7798171610728569,0.7102969675172512,-0.11285725286594148
['Grateful Dead'],[988440],-0.8530773807661133,-0.15814329330188204,0.07047886119355207,0.28875333118675406,-0.8444283563116676,0.498666851763075,0.0001631916716809498
['Grateful Dead'],[988440],-0.7756730546463898,-0.10534715870462313,0.4409526766902368,-0.17524974291978132,0.1407736399610766,0.8118477689110571,-0.061277490269392304
['Grateful Dead'],[988440],-0.6914158687412206,-0.3600317186521099,0.11240784014608242,0.22593906856639584,-0.4883527625784228,0.5005132015610738,-0.01846646791512045
['Grateful Dead'],[988440],-1.030171852398587,-0.661750123556507,0.13331909844816556,0.2790766147918011,0.09728209543936284,0.5041739635991833,-0.21755379760373553
['Grateful Dead'],[988440],-0.6445848083191155,-0.26317582173031984,0.025627579221765978,0.4479274300390234,-0.5630582463343028,0.9323616523228364,-0.478171190708635
['Grateful Dead'],[988440],-0.5780285577739788,0.11610485519947163,0.32679116644018735,0.06326022797190145,-0.6981495215497898,0.5848375538473904,0.005568618276951025
['Grateful Dead'],[988440],-0.6417971893900933,-0.136865833540074,0.1329098314091296,0.033427034444311464,-0.698124790531083,0.5985416198832573,-0.0037923939980979457
['Grateful Dead'],[988440],-0.7495059919806681,-0.2822513648122744,0.11500740211196825,0.22871080977181332,-0.6669561802145826,1.088368549908345,-0.3501294507757281
['Grateful Dead'],[988440],-1.1171285283879984,-0.43420784728481293,0.1750157641402928,0.33713429888158564,-0.6073408607954461,0.7439124286045864,-0.21240897292991276
['Grateful Dead'],[988440],-1.2181931074898276,-0.2864265934764594,0.6011342288291517,0.23447287916336756,-0.6101153457028512,0.7440828221203917,-0.4646159203389147
['Grateful Dead'],[988440],-0.5027085353599829,-0.4360911637581264,0.18256746827594156,0.13274512165987173,-0.506517321264511,0.5441315224467994,0.04648471648135361
['Grateful Dead'],[988440],-0.9340987442332696,0.038870997425870635,0.6039456068566146,-0.1856382668625397,-0.041595450852764365,0.7726251681707785,-0.2784337929318628
['Grateful Dead'],[988440],-1.2633983584886472,-0.13845040328329494,0.5774801562771655,0.34172527835277605,-0.5891257943433121,0.7057343159486605,-0.61414337120786
['Grateful Dead'],[988440],-1.0652130434678184,-0.6712699784723897,0.1414871601136516,0.3057697690826652,0.024403627088374232,0.6543124827154451,-0.20797354918174796
['Grateful Dead'],[988440],-1.1270510452691165,-0.057792774320723626,0.6503938593121564,0.1814064867471643,-0.19314562885671852,0.49008419508939494,-0.48810853058051124
['Grateful Dead'],[988440],-0.7647542743427528,-0.4183242370470358,0.15588621393521934,0.2078605209533758,-0.17158915583286968,0.682499476994278,-0.3053192975024609
['Grateful Dead'],[988440],-0.2509305451792974,-0.12034357194945149,0.15135787370497475,0.019636852181569082,-0.3604034956117799,0.4512075029271816,0.1377321334308247
['Grateful Dead'],[988440],-0.9341558202597969,-0.15852721857439261,0.3480783074557268,0.1678392886152679,-0.2990481494134046,0.5281437198131613,-0.13936321975783506
['Grateful Dead'],[988440],-0.6704142440774612,-0.3119447500166512,0.19277721718056762,0.17278824489081895,-0.672322834036974,0.5581595173477902,-0.11276380475890653
['Grateful Dead'],[988440],-0.7567447021354351,-0.12666690213608817,0.42742616735334676,0.2806328127692966,-0.3500986674558134,0.6470928462662024,-0.4124783147750423
['Grateful Dead'],[988440],-0.9497418031139412,-0.49820969461821624,0.10202574716309715,0.2202619702057917,0.1717007505732243,0.488482468535233,-0.07807998214145336
['Grateful Dead'],[988440],-1.1113805269407089,-0.32644030317797756,0.6303045123510359,0.023696095984582454,0.19757545241053256,0.8385012872164145,-0.309288454082526
['Grateful Dead'],[988440],-1.0532172775700783,0.13366827727554345,0.29358057908218343,0.31660416072287456,-0.5375353693253744,1.0784971867724638,-0.8411939124098221
['Grateful Dead'],[988440],-0.959674328764656,-0.09180770960470155,0.3662389901009271,0.16833268365113907,-0.6475376820195263,0.6334874175293274,-0.19671393180886262
['Grateful Dead'],[988440],-0.9205562609233092,-0.11222664260143388,0.549043765010755,0.18967226843924126,-0.4463854491761124,0.7024552809039958,-0.4428326547811692
['Grateful Dead'],[988440],-1.036541788472632,-0.012185151884300617,0.5626311072191986,0.40647959540466105,-0.5812681647940404,0.7494655338987977,-0.5551533837303364
['Grateful Dead'],[988440],-0.7647542743427528,-0.4183242370470358,0.15588621393521934,0.2078605209533758,-0.17158915583286968,0.682499476994278,-0.3053192975024609
['Grateful Dead'],[988440],-1.0765897969388702,-0.5000773395093709,0.02558157566800681,0.315861001142356,-0.4354672092313086,0.6455118639484648,-0.0655512607399538
['Grateful Dead'],[988440],-1.1989816977688492,-0.4453885824807433,0.12905897165545188,0.4463578439830913,-0.5806487312684662,0.6796713666999361,-0.42484720183973307
['Grateful Dead'],[988440],-0.743997578458282,-0.46380324161167374,0.11750235623704369,0.2864542975749007,-0.6466328709261634,0.5896126491173918,-0.1666651430720776
['Grateful Dead'],[988440],-0.6217981910367808,-0.3511819002204193,0.16467129147430545,0.1762409644877685,-0.4887404375897083,0.5703703747348874,-0.008224277500972467
['Grateful Dead'],[988440],-1.0352600283286053,-0.344866533100549,0.03808585285299569,0.09652260065120861,-0.006841545271177853,0.6655049321708031,-0.05854221875852065
['Grateful Dead'],[988440],-0.569356582168949,-0.23073817081609432,0.3274922433898142,0.09786282430279543,-0.6972008751059483,0.49943228109560733,-0.10837240812229765
['Grateful Dead'],[988440],-1.1168753792593111,-0.3971521858594705,0.016066464850490993,0.3101350739119354,-0.25919864601731574,0.5925846169351604,-0.12162024835167683
['Grateful Dead'],[988440],-0.9792413951517108,0.008038373493011291,0.6341247551149439,0.19938340346254352,0.011704658306693014,0.629542642599085,-0.38121354574535865
['Grateful Dead'],[988440],0.009698673130139992,-0.05976986674600738,0.25236823444625006,-0.12219330164403676,-0.41992257475092104,0.32745894987980084,0.1427565657982226
['Grateful Dead'],[988440],-1.0621437165637486,-0.5478345285017349,0.05262919054639364,0.2414976627746673,-0.4333256984379982,0.7693518151429244,-0.10350539966666256
['Grateful Dead'],[988440],-0.9017848833521296,-0.023070444799849515,0.6199253755336869,0.3565251805261384,-0.6153502224275333,0.6768107624741381,-0.253715322747604
['Grateful Dead'],[988440],-1.2215580965849815,-0.1055085259970417,0.39132815787558484,0.2859210537125104,-0.6194427110686572,0.6265086097203781,-0.3695906645548113
['Grateful Dead'],[988440],-0.695981144270383,-0.2859590095729405,0.08843306730320648,0.24007459618485008,-0.6452345901986406,0.6381789368350397,-0.05179642363924269
['Grateful Dead'],[988440],-0.6911065321722462,-0.2443761866756948,0.1096109601123676,0.1330405841717349,-0.6374995754209838,0.7801288329932811,-0.18234182304439311
['Grateful Dead'],[988440],-0.8753029222955248,-0.5378705039881901,0.19151758103064803,0.28680900489640493,-0.6353511003280387,0.6308452915359821,-0.0976623412743631
['Grateful Dead'],[988440],-0.7212524148337836,-0.310750258528007,0.11821196518227865,0.13661628698793546,-0.6436254733122522,0.7778798539273193,-0.12977501733562655
['Grateful Dead'],[988440],-0.5268317801002457,-0.6027201719359324,0.2528569539051642,0.05459274790297034,-0.044582112337159974,0.5986096464270705,0.007329644416752084
['Grateful Dead'],[988440],-0.5893264592429074,-0.34414234882057476,0.2001948260310089,0.3593114984513974,0.08948304121284462,0.9786163168590445,-0.7995036569429048
['Grateful Dead'],[988440],-0.9683243389165733,-0.48669797652366903,-0.040232210078562265,0.5885792220640625,0.3089497708750596,0.871846512827447,-0.7758427959522658
['Grateful Dead'],[988440],-0.8033020012422385,-0.5632153231228262,0.22421427318874562,0.25157756771315787,-0.4560077166354586,0.636562485594825,-0.21148813850424955
['Grateful Dead'],[988440],-0.43574387569321005,-0.044398532882946394,0.1411744787615766,0.15199106105393664,0.05459757499905093,1.0619049940041798,-0.6077487776715201
['Grateful Dead'],[988440],-0.7894936830855105,-0.5132639086748224,0.14196236878478158,0.20150222397897863,0.14966181857855396,0.3974771378383765,-0.09160905907740811
['Grateful Dead'],[988440],-0.8039529928505398,-0.006398982923803745,0.39946157941833826,-0.013923634676950262,0.18230926221729907,0.8001620601405239,-0.4642689353598462
['Grateful Dead'],[988440],-0.8043630958106069,-0.08609627677491975,0.6492952735207536,0.12677114869702666,-0.3994024647106713,0.5174347600227566,-0.3781442013504512
['Grateful Dead'],[988440],-0.9808649956460854,-0.010846893932770356,0.532376058382697,0.2058423923163426,-0.6298307466096041,0.7254487132235439,-0.3060460921954922
['Grateful Dead'],[988440],-0.5243747286338872,-0.30761233583608993,0.4555691027477414,0.3346901312320931,0.05234434113113035,0.8617039770879369,-0.5300716872919154
['Grateful Dead'],[988440],-0.8246604594504586,-0.34252923539285135,0.10701541254117201,0.41433049945320033,-0.39036421761407775,0.7909677591730905,-0.5754716934507874
['Grateful Dead'],[988440],-0.6905574142811235,-0.38693148951513123,0.14011107587102903,0.19210777463811124,-0.47702183326297276,0.5775646741853927,-0.022353711414684462
['Grateful Dead'],[988440],-0.8246604594504586,-0.34252923539285135,0.10701541254117201,0.41433049945320033,-0.39036421761407775,0.7909677591730905,-0.5754716934507874
['Grateful Dead'],[988440],-0.29445998551031166,0.007609670201939886,0.10545246984022502,0.09343792528334098,-0.6805904886260941,0.6841921405667845,-0.015532013357015447
['Grateful Dead'],[988440],-1.0781124404454134,-0.45916339944316537,0.1625319214250902,0.211658576776704,0.20178473036658992,0.6541512732270387,-0.3041823741899359
['Grateful Dead'],[988440],-0.786433242671768,-0.4429784277730783,0.08689617082617467,0.11650785978290358,0.15741084960563007,0.5876942131291494,-0.0038690971950359277
['Grateful Dead'],[988440],-0.5725345138329337,-0.2427986594622402,0.1461502865195113,0.04348922568277271,-0.07707042580033494,0.3936796394135195,-0.01666216440614548
['Grateful Dead'],[988440],-1.0474264904368855,-0.6581620709321542,0.28539329207502345,0.3284731434351744,-0.7806866136491847,0.8048184292542382,-0.26512916498365613
['Grateful Dead'],[988440],-0.8971800152831712,-0.2666640672785319,0.2688768561612624,0.23160126690972427,-0.6374605484252025,0.6823419424609684,-0.1540664552839885
['Grateful Dead'],[988440],-0.6180769278968222,-0.4181521716849383,0.15217290500826275,0.32807636046454275,-0.7810879807821491,0.8460311148609053,-0.4214053730566454
['Grateful Dead'],[988440],-0.787346284445922,-0.4855875172544687,0.21710075523074532,0.22559687513093302,-0.641682412297615,0.6558229649074779,-0.24454903023955224
['Grateful Dead'],[988440],-1.0762224073296156,-0.28807180395815485,0.6183645597602893,0.17314601306377395,-0.16331816306326807,0.7019204425411885,-0.47269383493647743
['Grateful Dead'],[988440],-0.5308917781724636,-0.19988547011034236,0.4931339925107591,0.24596404735053443,-0.15538182926752084,0.8315074611052059,-0.45075709826607385
['Grateful Dead'],[988440],-0.7300695924691702,-0.29445694991066157,0.3363615947117044,0.11814942446954012,-0.649588102884484,0.7891516033084672,-0.06867947857807485
['Grateful Dead'],[988440],-0.9368807652152931,-0.45392942591238145,0.08866386699226211,0.1468386069408203,-0.01134479296130764,0.6004366868354567,-0.11676274157600265
['Grateful Dead'],[988440],0.005269856707371154,-0.06388040815288508,0.2592743061287272,-0.18039792501916807,0.023735326848460303,0.2370030857151044,0.15492235971715607
['Grateful Dead'],[988440],-0.5731890037878031,-0.33519047980519956,0.2613552622540692,0.0022951925757030743,0.11884965077367621,0.46890254852040403,0.013187298756107748
['Grateful Dead'],[988440],-0.9078239356714397,-0.3354336972798069,0.052647841070292516,0.21529551684358933,-0.21087321217240976,0.46546834471406306,-0.1572379474303548
['Grateful Dead'],[988440],-0.4582105850045295,-0.27753406055156493,0.197077492518935,0.08672818202268982,-0.487560469615477,0.7143018627102825,-0.011640395031135283
['Grateful Dead'],[988440],-0.8586385468861751,-0.6196678944334492,0.16045676911952186,0.1755828148044701,0.1673961128851694,0.5523020462126268,-0.12359488756996004
['Grateful Dead'],[988440],-1.0601983031983844,-0.4493661033893854,0.4267818714345956,0.24228341693151503,-0.44070443406657656,0.6961417097522029,-0.37862025376745867
['Grateful Dead'],[988440],-0.8495792039401864,-0.3614629817471389,0.416475272235281,0.13909992289340656,-0.46913337227776464,0.7030956638254531,-0.23315635417627445
['Grateful Dead'],[988440],-0.9580345540018964,-0.45397348796281295,0.06757248975135378,0.33011946858576646,-0.8003805260562644,0.7232516358530551,-0.10016765620743386
['Grateful Dead'],[988440],-0.8463963568506964,-0.4641343718664987,0.11600180281536232,0.1260325270914068,-0.019828083423174735,0.6048939331401841,-0.09471540444302638
['Grateful Dead'],[988440],-0.8107507473990802,-0.6828170513825002,0.1807058991904166,0.22515759402603186,-0.44490782671433876,0.8203954346098236,-0.062229610648829224
['Grateful Dead'],[988440],-0.7570478279136333,-0.5652521237972014,0.14621319892176218,0.26694248662861025,-0.8246073880545549,0.6919657696513584,-0.04681686427544098
['Grateful Dead'],[988440],-1.0358910360964766,-0.4869028892556239,0.06262124727441466,0.12054326115641992,-0.16798884894865038,0.835380146462544,-0.09348761587407212
['Grateful Dead'],[988440],-0.6717482619654989,-0.26802327702967826,0.07823999415243088,-0.08441912949549732,0.14444532920266334,0.7544686496450711,0.0422867030073376
['Grateful Dead'],[988440],-1.0719996086003496,-0.6387354328758705,0.07520246446073706,0.2987146370621416,0.2010466261668973,0.5799209647806081,-0.14422841572532605
['Grateful Dead'],[988440],-0.8287394730920743,-0.7821217952700181,0.20135366479036765,0.25484969075516234,0.08741664680288765,0.5499224856454724,-0.16346862735087048
['Grateful Dead'],[988440],-0.5136320878289232,-0.5839534174584283,0.12335283875619958,0.4009393560400133,-0.6208228267001424,0.673421010132177,-0.21887287978511014
['Grateful Dead'],[988440],-1.2418545724546712,-0.40084996275132395,0.017789041116013326,0.3487219087317004,-0.7694944202398312,0.8463211584143777,-0.14664238629004545
['Grateful Dead'],[988440],-0.6444978782291547,-0.3518230536676085,0.13027239605496108,0.158321670157789,-0.6852844722730055,0.5285609763438991,-0.058981351031105175
['Grateful Dead'],[988440],-0.6303138325163937,-0.6509191158701456,0.1724094423497966,0.2266150889914998,-0.6644705154065773,0.5781371389023033,-0.10342027627917977
['Grateful Dead'],[988440],-0.6828803715336509,-0.21659868924110598,0.06414266655260657,0.10585254587114028,-0.33361801585342193,0.45104536195437567,0.029696551093438144
['Grateful Dead'],[988440],-0.9997789762434377,-0.40069453853166775,0.031465990187768376,0.1171140022487294,0.08168626887975716,0.6492646656949768,-0.03679912999544707
['Grateful Dead'],[988440],-0.4811263365504758,-0.47688405421183283,0.17472681670257093,0.0394163747831157,-0.06209298199325348,0.5322024326174256,0.04936990305723928
['Grateful Dead'],[988440],-0.3997266476118663,-0.4389189083235504,0.2584632055288154,0.06061862072287404,-0.25925499341142805,0.4395043120396386,-0.007788719545162342
['Grateful Dead'],[988440],-1.0628586839046958,-0.5145904480550964,0.05936536786125256,0.2953679884812313,-0.6159572718227894,0.7540122249607519,-0.1464492829313114
['Grateful Dead'],[988440],-0.8274683462507555,-0.2073607624504869,-0.10894254016031751,0.6166766767893067,-0.5257077717664075,0.8986825672646609,-0.712318307241009
['Grateful Dead'],[988440],-0.7118617691962709,-0.40814816779688223,0.15749894248822593,0.2609082239588738,-0.7534239927274554,0.5711729083548147,-0.059352145363741886
['Grateful Dead'],[988440],-1.0119673809135152,-0.5839549466947901,0.09710820658067239,0.2919678270133098,-0.5905804242421933,0.8909925808982246,-0.2037610191625012
['Grateful Dead'],[988440],-0.576574128512364,-0.34658530194891035,0.155101389489575,0.03476896920726145,0.20006845086356936,0.9569001984195967,-0.24094013848822718
['Grateful Dead'],[988440],-0.7523088232624936,-0.8180187825240459,0.22856933573053395,0.22310297254866351,0.0017139278991275125,0.6633744865240342,-0.11029330217877858
['Grateful Dead'],[988440],-0.8162063611090469,-0.5122301545744463,0.09804122052303907,0.28476739060613737,-0.815088810148268,0.7384990343455712,-0.032831714233041175
['Grateful Dead'],[988440],-0.8440680521541182,-0.4880084733452551,0.18747762002756804,0.19927974254124234,-0.4619921563234658,0.7072890683819782,-0.12440053160971061
['Grateful Dead'],[988440],-0.20730061679284117,-0.3580997068911925,0.2629328266614573,-0.08347714348102095,-0.10752208995297075,0.4305977888076299,-0.008297345051119622
['Grateful Dead'],[988440],-0.7767297149063993,-0.15208410809003,0.050112654832915784,0.2792466627244336,-0.4613033628232146,0.630924097684815,0.06560425538722915
['Grateful Dead'],[988440],-1.168413031860819,-0.5397930261811196,0.08611872190967279,0.18815760519330388,0.21401297553441914,0.7739082439352023,-0.15110389447422998
['Grateful Dead'],[988440],-1.2023587929129707,-0.48298788888439187,0.213433036651778,0.32912224378667077,-0.16078879485509215,0.5385470609030478,-0.35720135434935635
['Grateful Dead'],[988440],-0.9566355747229432,-0.07929575586013184,0.5928280763275228,0.06753015250446774,-0.6496519568944175,0.7422396066580885,-0.28953734730970493
['Grateful Dead'],[988440],-1.3451710482756254,-0.33547022888703787,0.0038292797703343953,0.36506459188950385,-0.7648115819907465,0.8047756008112834,-0.16467289469679525
['Grateful Dead'],[988440],-0.845056774448548,-0.1656061690595037,0.5578499404328541,0.2820644791787301,-0.6212671521620282,0.7443053584414877,-0.24237060861389192
['Grateful Dead'],[988440],-0.9590377388474283,-0.5386143091926228,0.09233181297244718,0.25345288244480174,-0.44957207671045935,0.65152520399676,-0.11663034366578223
['Grateful Dead'],[988440],-1.0000538447290606,-0.5589221905065671,0.10329195064900352,0.3004132960066311,-0.44251513056591346,0.6522006961164556,-0.18517703448671788
['Grateful Dead'],[988440],-1.0117654661309183,-0.4199027552620225,0.15104649913875687,0.12694023631698498,-0.6138960372827502,0.9487760871854515,-0.1488926407174135
['Grateful Dead'],[988440],-0.8968924222622794,-0.118676658105488,-0.0429000086112241,-0.13914357602588096,0.1502403786229402,0.8317532944578493,0.1654460756387978
['Grateful Dead'],[988440],-0.7719697503194167,-0.5004985664089261,0.21451468095523074,0.25560938752619894,-0.6405721141720482,0.6531293069555302,-0.13379868362125466
['Grateful Dead'],[988440],-0.48168811986952154,-0.2671660950561889,0.2989196373665453,0.12014498227577546,-0.7042504541992524,0.47531338459418465,-0.028531048226803152
['Grateful Dead'],[988440],-1.0993041420240146,-0.5351039161798785,0.03474031431930571,0.30740363222127476,-0.25510726715829196,0.6419818417756497,-0.11699401070125866
['Grateful Dead'],[988440],-0.5861774844044654,-0.2380900271209161,0.07505723433362635,0.18493752783261136,-0.7019649223287371,0.4106222802690703,0.02251692839030103
['Grateful Dead'],[988440],-0.8688893591526231,-0.4581665185794511,0.1300762859780578,0.1222885500035775,-0.018115682958796873,0.6027426943319476,-0.10810425155399916
['Grateful Dead'],[988440],-1.0235925750721613,-0.3391581921409939,0.05002570139958434,0.1112424015118059,0.07863120904267965,0.6157218663184861,-0.04028922976470904
['Grateful Dead'],[988440],-0.9197941715992302,-0.3121684339574477,-0.006636122143857323,0.5275422933906473,-0.35210326077852916,0.8763074748880496,-0.7304549985105018
['Grateful Dead'],[988440],-1.0824874631667465,-0.3339135556762243,0.06699396232883971,0.11526188246920455,0.08495260609429053,0.628268119741413,-0.07801042633681438
['Grateful Dead'],[988440],-1.0377251604552258,-0.4025022424133432,0.1301941461717176,0.3185888342341463,-0.6268329312235842,0.5783902970282333,-0.153245513791669
['Grateful Dead'],[988440],-0.791346873404239,-0.04815423231047163,0.37743660014106073,0.15004645159011462,-0.5021937906875853,0.45502777522772037,-0.2535946141856324
['Grateful Dead'],[988440],-1.1035518454632653,-0.47927527388210306,0.02624681532398623,0.18923279260676845,-0.43973021119499467,0.7756440819065079,-0.14599736277241998
['Grateful Dead'],[988440],-0.289430743422722,0.038340690474324736,-0.007656138764386725,0.4129769565280992,0.03215323680527512,0.647536586308997,-0.31969458058760636
['Grateful Dead'],[988440],-0.9347076399013731,-0.36953979033188894,0.359212957105937,0.17455487892241225,-0.4600243578922996,0.6957391100661542,-0.23550552914583248
['Grateful Dead'],[988440],-1.1395770533781855,-0.4168492333159859,0.17378656692632904,0.33713503414118623,-0.6066023331830926,0.7338985904019859,-0.2205857944099997
['Grateful Dead'],[988440],-0.6148053667740935,-0.21657322792510994,0.10905526743602463,0.06830820239670847,-0.3373763863904345,0.46736010863416816,0.019473911780673918
['Grateful Dead'],[988440],-0.8021735941677931,-0.3043080907336073,0.10492014702679192,0.07803108935788387,0.139234144005904,0.491866340191608,-0.04198592599458796
['Grateful Dead'],[988440],-0.9507599135425723,-0.40773846654797413,0.10724899029330605,0.2904628987213385,0.010071152084371385,0.5480700276963155,-0.25371186441231447
['Grateful Dead'],[988440],-0.9485096519392271,-0.49265610618913325,0.18407283452711862,0.2954461299394648,-0.6352557939113193,0.6165548749986682,-0.21244727183090503
['Grateful Dead'],[988440],-0.6975084499202977,-0.5356074098080584,0.11404856834334455,0.43029666788808546,-0.6159704946107567,0.6211365885748527,-0.2226745899051963
['Grateful Dead'],[988440],-0.7645259716113502,-0.26130724792102955,0.4437746123871306,0.13342848161395418,-0.20587700124786912,0.5552095562533149,-0.3165238748004808
['Grateful Dead'],[988440],-0.8684233445252535,-0.43220907649873747,0.23995125829977987,0.09104150337362922,0.16778357584771283,0.6266036559382764,-0.12009066037375843
['Grateful Dead'],[988440],-0.9364059369454545,-0.6860050968094713,0.1881253376771561,0.23661688211153806,0.008538151728987975,0.6136223593100384,-0.15342851750053854
['Grateful Dead'],[988440],-1.0978963477072068,-0.4201697038410554,0.06015564936592675,0.18416825433493555,-0.44480430270347876,0.7441525985841689,-0.14813374569181986
['Grateful Dead'],[988440],-0.9922294269491153,-0.09362728476822539,0.05934635342463537,0.09743889791325347,-0.6570918838518814,0.6849955962752308,-0.04083071373598438
['Grateful Dead'],[988440],-1.0281837229117727,-0.2996134151140597,0.15961863909126145,0.15992311897412206,-0.02096160767376911,0.5026675841524689,-0.23123730089073255
['Grateful Dead'],[988440],-0.807169397071441,0.16890093150609287,0.1583929204798978,0.47588427956936413,-0.537863850508631,0.9239668090352725,-0.869039597797561
['Grateful Dead'],[988440],-1.1326534923323077,-0.5004409952376904,0.02429102534627774,0.2509745473497101,0.10038964017822684,0.5656148525468283,-0.10784682000327987
['Grateful Dead'],[988440],-1.0668655270719432,-0.5137761699936442,0.0499647040828364,0.29193969674022374,-0.6162588950089625,0.7466815206391756,-0.14067274881413905
['Grateful Dead'],[988440],-0.9622790783077791,-0.12325115181459444,-0.06548107456199703,0.3841890813302931,0.06763763155355387,0.7495082190565917,-0.5698207495708164
['Grateful Dead'],[988440],-0.9180858248301281,-0.11845720150283538,-0.006157237917973985,0.1815804017131623,-0.02352934336177876,0.47290972884791244,-0.07095712539087251
['Grateful Dead'],[988440],-0.8738293598672586,-0.47532394046589127,0.15146145079705473,0.19584029998250838,0.016032134706099554,0.7164726787826454,-0.2190608028528195
['Grateful Dead'],[988440],-0.855037347471386,-0.4766179728328942,0.09034393660308232,0.21173827775079995,-0.638596584664385,0.7335148921676743,-0.06663799398152162
['Grateful Dead'],[988440],-0.6840601430755814,-0.5070933960318283,0.45672102613573967,0.1798734461916566,-0.6548539516498728,0.682606500256944,-0.19002805564689573
['Grateful Dead'],[988440],-1.1913381481290763,-0.5832092548638859,0.06883634496769532,0.3161287010089323,0.20887614253792589,0.5539690530153718,-0.17964960899136118
['Grateful Dead'],[988440],-0.631831648427404,-0.1451254225318673,0.541750193086878,0.15301830500174515,-0.6111935437562188,0.9524010221447372,-0.4835308275268755
['Grateful Dead'],[988440],-0.7748046649734269,-0.42670857967768294,0.5119405762009861,-0.052589281555358226,0.15046971565689973,0.6970828975587791,-0.2124275344984417
['Grateful Dead'],[988440],-0.5773395363746795,-0.041698128187405335,0.6892637201064019,0.02578526459768616,-0.7016738347322309,0.5602157371143203,-0.23406022177787314
['Grateful Dead'],[988440],-0.6572174283574573,-0.36525310290699275,0.43548090316260174,0.1661166716916331,-0.6668702807544056,0.590460081277633,-0.2520442602959176
['Grateful Dead'],[988440],-0.7916174717227838,-0.6058916130512211,0.18872106067418112,0.14174027313341633,0.15843279254574397,0.5313228571902396,-0.09501031340795243
['Grateful Dead'],[988440],-1.181681276476297,-0.4422375567564173,0.29106604584929674,0.2965917669349019,-0.4299521709715539,0.6579205546506838,-0.34952526454235694
['Grateful Dead'],[988440],-0.7606992371883106,-0.05828913264547601,-0.004364495804777991,0.4242772897925337,-0.40765715732419255,0.7136493231948698,-0.45077634066346023
['Grateful Dead'],[988440],-0.7731809154010165,-0.0991470363090655,0.18900414225114442,0.18431382661627974,-0.2810287382185028,1.1428953551416967,-0.7259432661631549
['Grateful Dead'],[988440],-0.8364838477945441,-0.460281221036821,0.17057675977024522,0.2658878447352715,-0.596819045146902,0.9011032214130391,-0.38024722932676125
['Grateful Dead'],[988440],-0.6879277067147158,-0.3525888074296142,0.12106347317507772,0.19139974592348288,-0.6639465367578553,0.6400215218316508,0.007927139912812036
['Grateful Dead'],[988440],-0.9231401056275962,-0.19661971782933307,-0.01857565692493099,0.23285068193718056,-0.2895096188974411,1.0453243648472412,-0.5316937649772165
['Grateful Dead'],[988440],-0.9740911201951681,-0.42513491949152865,0.03941638353489485,0.2998087639179106,0.2375189877633589,0.7696845709605499,-0.4723989748593586
['Grateful Dead'],[988440],-0.932641034115162,-0.45164569529247395,0.06519321307254947,0.22086647105686033,0.20718784665294088,0.6422325154082478,-0.41395752730080815
['Grateful Dead'],[988440],-0.6864582702784217,-0.33846483172852193,0.1562303158330588,0.1484267021418613,-0.6820487492142928,0.5379380124567322,-0.09421180742441039
['Grateful Dead'],[988440],-0.6460530456322511,-0.20406681464478907,0.06655571803531657,0.20444190666737974,-0.6985445955290773,0.3954530628193438,0.007548345894277683
['Grateful Dead'],[988440],-0.7165957195631248,-0.269361247001849,0.15274943931843538,0.4095107402185708,0.10392223131174458,0.9563474280380764,-0.8521209520079889
['Grateful Dead'],[988440],-1.267366665450172,-0.25447478922301114,0.12442342055966699,0.3399573428149634,-0.5659672192553892,0.8989459279726264,-0.4744603907961463
['Grateful Dead'],[988440],-0.7189556685138091,-0.41841236034861035,0.2053480866335041,0.1567653105250089,-0.652192166634519,0.7013216257724392,-0.07494028845259264
['Grateful Dead'],[988440],-0.4168381011542668,-0.1251220951580153,0.11136682160500679,-0.04581875296982857,-0.10754366299208963,0.3421246533230088,0.11016229702224396
['Grateful Dead'],[988440],-0.46646204687019127,-0.487056972640054,0.2755689678124661,0.03241520324557222,0.12303652509631824,0.5198377552650647,0.04745718259230408
['Grateful Dead'],[988440],-1.0573476108271915,-0.534895707489287,0.11164952778250935,0.23682556347239953,0.18834922538985543,0.5975494643343168,-0.12404191469222799
['Grateful Dead'],[988440],-0.928491390350296,-0.7442915589874641,0.18573015116815567,0.2648728752362331,0.0940673729080483,0.5316720670281729,-0.19374008543480792
['Grateful Dead'],[988440],-0.9640261511118197,-0.2747313482971458,0.7297442426750212,0.11344054664327144,-0.4688106821612592,0.6200263099257813,-0.49198402066583075
['Grateful Dead'],[988440],-0.5750202843282528,-0.1990960944815253,0.6698837502241466,0.08121593529243192,-0.5243793479849447,0.43051333315130513,-0.32244138344159956
['Grateful Dead'],[988440],-0.9565625603203005,-0.20845801072271533,0.7136706769212283,-0.018259204567256358,-0.46546555742803025,0.8323412656673196,-0.3878733960946572
['Grateful Dead'],[988440],-0.7414005002497254,-0.16848136969499766,0.7131769410013707,-0.0010324531708666746,-0.315878639809942,0.615023011988974,-0.3337092882355435
['Grateful Dead'],[988440],-0.6104590909761227,0.15240350401811434,0.598935154443541,-0.16529913917220712,-0.5182858385496825,0.7918911398203801,-0.05788807383706336
['Grateful Dead'],[988440],-0.6855925255400367,-0.05738027926522041,0.6401780840114168,0.0558809540799812,-0.5145890403206942,0.5140765188371623,-0.2865099567476567
['Grateful Dead'],[988440],-1.217685573645838,-0.31941679634438785,0.05815855331059318,0.3925436230108728,-0.7858730400424695,0.6687157990386212,-0.16929851201428425
['Grateful Dead'],[988440],-0.3639885457506071,-0.11328179164194617,0.4319759813238715,0.09888778234164364,-0.8623206860766818,0.7162015581160477,-0.11694933061233767
['Grateful Dead'],[988440],-0.8546194329524698,-0.25251759926901757,0.2330293889857912,0.3362158715769785,-0.5985790994453047,0.78462939481601,-0.43466589249375287
['Grateful Dead'],[988440],-0.9252362695789141,-0.08843400808548504,0.09991171903948667,0.24930475595211543,0.09826567883512664,1.0806681002400278,-0.7380389974689148
['Grateful Dead'],[988440],-0.43188268998664603,-0.008887632394101135,-0.035597209950388814,0.4784065694216557,0.07895178732645378,0.830967292912146,-0.565354575152928
['Grateful Dead'],[988440],-0.9568179730831738,-0.5780077041739287,0.13719997771796702,0.23732111220842272,-0.619157821453994,0.772523503518011,-0.1419946822020674
['Grateful Dead'],[988440],-0.9403352311617037,-0.7561841200720925,0.13478102988397664,0.2629530046580195,-0.1627850180739225,0.7189269956053523,-0.13985988871870192
['Grateful Dead'],[988440],-1.0916036050695141,-0.3989687412020984,0.49374394680715333,0.23720819055129502,-0.615490280296095,0.7667642540543991,-0.3747741253000094
['Grateful Dead'],[988440],-0.5371217739201529,-0.17802218065255404,0.6340193469538125,0.02512425667780352,0.17051418004743726,0.7619863959516281,-0.4632482544412359
['Grateful Dead'],[988440],-1.0393994614695496,-0.345433357069659,0.7090148211891495,-0.019706953210194163,0.17879124780436711,0.7570499238797229,-0.41582737806016606
['Grateful Dead'],[988440],-0.5111543688516975,0.0012915665417026162,0.6628272882032328,-0.06457264036207647,-0.09551977824667916,0.3696337706914056,-0.18996029202393078
['Grateful Dead'],[988440],-0.5387128496719427,-0.2699848608639963,0.6800268085911928,0.05579789103390605,0.1767425625404478,0.7609561632455726,-0.5190383419227356
['Grateful Dead'],[988440],-1.104921843595433,-0.3412040919044454,0.1524061144170292,0.36708766945202437,-0.615372751955049,0.6309138080268138,-0.2274269390743717
['Grateful Dead'],[988440],-1.0542673462759002,-0.21660615003091213,0.3227761614010517,0.10030673679253266,-0.6190959374504229,0.8948405185878425,-0.24042995918235255
['Grateful Dead'],[988440],-0.75488275045924,-0.11643899774415499,0.03373276860037204,0.1916329316596726,-0.3814837542713655,1.1105979980978928,-0.5530960441034848
['Grateful Dead'],[988440],-0.8762257746824005,-0.6430035502489133,0.23707228687776996,0.21484510546139807,-0.4415666281365944,0.8007153730854188,-0.11222951414491653
['Grateful Dead'],[988440],-0.6905574142811235,-0.38693148951513123,0.14011107587102903,0.19210777463811124,-0.47702183326297276,0.5775646741853927,-0.022353711414684462
['Grateful Dead'],[988440],-0.6844487661677625,-0.14144330463804777,0.20027717004659534,0.14746770878752274,-0.5162874319879152,0.3965552304014309,-0.06306448363201551
['Grateful Dead'],[988440],-0.9319061053893005,-0.3826876584343589,0.11540579334074359,0.1712806163346612,0.00819381969912232,0.6579458863954737,-0.3068551014688636
['Grateful Dead'],[988440],-1.0681944225834061,-0.4516847450033879,0.3636898340115191,0.12870494293831383,0.1838251493308124,0.5915021764408123,-0.4060728464805568
['Grateful Dead'],[988440],-0.7286852425122218,-0.06882513545709974,0.04729357233910568,0.3343284157760733,0.23673233840021946,0.7251067622263926,-0.5792949501373992
['Grateful Dead'],[988440],-0.8448953475242875,0.03964286847941405,0.10998374617572221,0.3907705137230613,-0.8081842857640869,0.6041663747786776,-0.31446184509163955
['Grateful Dead'],[988440],-0.533233724679149,-0.020495652122707195,0.12559972620031443,0.3016373312338077,0.014704472625231182,0.6196432114952496,-0.592557044693814
['Grateful Dead'],[988440],-0.6192632180902794,-0.18728839608533074,0.14174328186389712,0.05564485028127613,-0.07745770426039568,0.35596880283936105,-0.03321103090384451
['Grateful Dead'],[988440],-0.3077255353600947,-0.024191621177940235,0.1872673968941785,0.20464288568466052,-0.19139780803526307,0.6531284892757414,-0.3858961260256756
['Grateful Dead'],[988440],-0.27295926188690234,-0.31308691093676105,0.11702081983161293,0.283319939817544,-0.6331659551109329,0.7545224962749935,-0.29321395291750635
['Grateful Dead'],[988440],-1.1041874222809998,-0.4578353445688939,-0.00019552459943322778,0.22408475691593044,-0.17272409459049595,0.6748954752965928,-0.12140743452352284
['Grateful Dead'],[988440],-0.8099655451144023,-0.30317138546895867,0.16042322531136968,0.12469417907804262,0.14246517545426726,0.47838054567788135,0.0070015664559605565
['Grateful Dead'],[988440],-0.9949597603745902,-0.5319865020988576,0.07520293841196486,0.30011091397393835,-0.44026658885698505,0.6710191857488016,-0.061731092812429514
['Grateful Dead'],[988440],-0.8203988584149378,-0.30490431552124336,0.6685848470773269,0.048949854352341164,-0.38086287398829,0.7239220110496607,-0.3698641257612876
['Grateful Dead'],[988440],-0.9469065836214858,-0.31845149966919284,0.6717697286794186,0.06799586335928065,-0.010625722392207614,0.6283651710893506,-0.4210978159944891
['Grateful Dead'],[988440],-1.0539927717725264,-0.2530157403328953,0.10958170111064257,0.22153280133853587,-0.44413622457192786,0.749193954783488,-0.05726332610884954
['Grateful Dead'],[988440],-1.3466466346719312,-0.31307892614375726,0.18971892375332006,0.2782433591602052,-0.1461913196148081,0.658595381552586,-0.2807308039916544
['Grateful Dead'],[988440],-1.0547973308217449,-0.5072593498324655,0.21500289338663525,0.16116736084186048,0.18456684522164846,0.618486360540533,-0.22194552534130685
['Grateful Dead'],[988440],-0.7201431615066557,-0.3560657287858197,0.32692385204610463,0.07744689027539264,-0.2145425531438572,0.6397740856686882,-0.09396426776808814
['Grateful Dead'],[988440],-0.7659915462486254,-0.5045978316390138,0.13885799872408222,0.1033996596265259,0.008867766494813897,0.7914398855783291,-0.28756560632645034
['Grateful Dead'],[988440],-1.016722705310208,-0.08241546587067543,0.00041384783183176304,0.4555771011771424,-0.5854522723287189,0.6980207050885532,-0.317200011148102
['Grateful Dead'],[988440],-0.5438889989433024,-0.26600154292373374,0.10743053029009171,0.038435890306213735,-0.519595969983147,0.5756901128153254,0.070172809410478
['Grateful Dead'],[988440],-0.26794169794651035,-0.4814648544811651,0.21707672771533534,0.15666002073709467,-0.7060526026173782,0.4937153267344345,-0.04530355432417606
['Grateful Dead'],[988440],-1.061321720557869,-0.26644113838292643,0.15940486870122175,0.1644731482879246,-0.01366450642880905,0.518108562189465,-0.27826359704718606
['Grateful Dead'],[988440],-0.8480836629624028,-0.48929015560367517,0.14426540218625764,0.18366740842226378,-0.2934985467523767,0.5868336064061758,-0.14438631976294555
['Grateful Dead'],[988440],-0.5848375851165728,-0.2555317423631232,-0.02834836865886859,0.3489511447771015,0.20364096294683698,0.5806063740800218,-0.4243799126077846
['Grateful Dead'],[988440],-0.6229330563990493,-0.09813153411657086,0.011796445329003024,0.0146011972354053,-0.6999699983262788,0.6312281814210706,0.1419879274966867
['Grateful Dead'],[988440],-1.0410542303015637,-0.5877094512593208,0.06532198643838177,0.44318678106948123,-0.5877630209111122,0.7109604521933411,-0.33025386734137663
['Grateful Dead'],[988440],-0.9458772023587264,-0.5970782034604423,0.0619367370449064,0.2269101757573437,-0.4408954091045042,0.7929909101646737,-0.0690787819339244
['Grateful Dead'],[988440],-0.9599470401814841,-0.6087802272392814,0.3099640753174698,0.3781560950882913,-0.7850439859849976,0.7411588029891255,-0.2723210943602036
['Grateful Dead'],[988440],-0.684666823528107,-0.3993626564483089,0.10843595420718136,0.2073027808633845,-0.6645701132665679,0.6059769521894462,0.02396248900776317
['Grateful Dead'],[988440],-1.2341244525718948,-0.36494774851877176,0.23124339114152623,0.25501586854561514,-0.1525434464174852,0.7021572732283499,-0.27491974289397914
['Green Day'],[154544],-1.3228203836885615,0.11647593493388764,-0.006322443715484948,0.044295577818145276,-0.019187529973128815,0.5492308676903255,-0.03976038826476565
['Green Day'],[154544],-1.325695508986275,-0.1554357405397832,0.02663530854983563,0.31865332435937066,-0.53636744892986,0.48392567009174486,-0.21764176419541476
['Green Day'],[154544],-1.4167029627803551,0.14704508588687037,0.3820922591069857,-0.06709372055209198,0.08702000978026103,0.74441820284592,-0.29907624116108705
['Green Day'],[154544],-1.4477368837348041,0.12291901655618312,0.2052826846210624,0.11315715565660822,-0.7973101243078992,0.8593442036073371,-0.20949044908310904
['Green Day'],[154544],-1.4048988527350885,0.03866445016322916,0.09627304158028058,0.07154101081302731,-0.3524503207422419,0.7642723540341224,-0.18984131591871087
['Green Day'],[154544],-1.391540693509225,-0.4112143359311549,-0.02417353086089561,0.3764203830785688,-0.5092992418545749,0.5932916440846752,-0.2930972703473815
['Green Day'],[154544],-1.2980464214837988,-0.16952309424299322,0.07099783163444437,0.19168569843923722,0.17871257561456433,0.4196270263557287,-0.324330377144047
['Green Day'],[154544],-1.3802939181306295,-0.11782214060439603,0.022606801557423697,0.15576107760244767,-0.17297309185882834,0.6027478021358973,-0.2157315303154034
['Green Day'],[154544],-1.334604052048628,-0.17386493412676465,0.06969700502554887,0.43518867399677036,-0.8009428539719041,0.4333649989266488,-0.26081669034590194
['Green Day'],[154544],-1.4605551772798717,-0.3204321799874368,0.056292750737735146,0.18594606624906282,0.03574877606455554,0.705067173747384,-0.2623167867812123
['Green Day'],[154544],-1.1260557560719464,-0.29664956154298355,0.013872969859702731,0.2885953071874557,0.07538642141315612,0.3069902279148066,-0.10670874858688434
['Green Day'],[154544],-1.2641671340099991,-0.30083551239646816,0.023197382489402684,0.2979747157299085,0.089734884435825,0.33791644239324337,-0.23803293586112412
['Green Day'],[154544],-1.1065817710861636,0.3504456527113555,-0.26908759534220444,0.23977012733926265,-0.09770866365262915,0.9606508764938331,-0.596653218268116
['Green Day'],[154544],-1.3533842853902482,-0.26250758923559536,-0.05653937884733411,0.21884920663190147,-0.16146276061327436,0.6272638254710372,-0.18775193311283953
['Green Day'],[154544],-1.4929218954641579,-0.3879767916815138,0.07851334541140167,0.44121523080036334,-0.7555414092379681,0.701063039502503,-0.340197279550559
['Green Day'],[154544],-1.2960058177362976,-0.3412467857206527,-0.001187102639848228,0.3635192442226797,-0.6841289112537423,0.7425567819270601,-0.09023786192810261
['Green Day'],[154544],-0.9495563328858332,-0.11757900214862657,0.041823972466010335,0.1539428852242465,-0.046133151704906124,0.34910578949637916,-0.014269409846941784
['Green Day'],[154544],-1.2997333755472766,-0.17551558314436738,-0.03682361610122845,0.23400096414246768,-0.5222478062911161,0.7385047672303078,-0.05810667822201608
['Green Day'],[154544],-1.3602499430911767,-0.13499537782171023,0.1019756345039443,0.31741577559200024,-0.6184668336212212,0.5367018667619883,-0.3406308914134006
['Green Day'],[154544],-1.3283488135521189,0.17094529893771873,0.1208844486080728,-0.05722562895000866,-0.0191538957629496,0.658032500818988,-0.17767117545766217
['Green Day'],[154544],-1.4434107832375689,0.18117761577236824,0.3350672214169857,-0.016278955350316187,-0.2655009426292144,0.8064433718910513,-0.31349143385588124
['Green Day'],[154544],-1.0768200517927753,-0.15758009788004473,0.018797290897802747,0.15177232023445913,0.06345522921663033,0.3964070435909854,-0.0642090059440545
['Green Day'],[154544],-1.4104693345937827,-0.10798557443476499,-0.08201975349130762,-0.027350789142324253,0.10150803802488584,0.8040279507893298,-0.15693934457287845
['Green Day'],[154544],-1.3314419133044406,-0.30498426073952906,0.12060170048406955,0.20798170621349074,0.19218814060796194,0.49878737347861746,-0.28335562430183053
['Green Day'],[154544],-1.3979550721152227,-0.16036022050679555,0.11195390552292005,0.33927713425440237,-0.7966709088879415,0.5608215440771083,-0.35732983767356075
['Green Day'],[154544],-1.4147452605900412,-0.32439151754143225,0.06908230891696679,0.3247056632002504,-0.4243009164048998,0.576334781851259,-0.36256649946173547
['Green Day'],[154544],-1.2350741472501514,0.020695343066458375,0.04707412708537925,0.21614965119247645,-0.026205744984599304,0.2666827470072982,-0.19581012553633864
['Green Day'],[154544],-1.4342545612001094,-0.16972673331287547,0.02113597859247331,0.2679226035640411,-0.5993181521103357,0.7338889983802652,-0.17961460371951513
['Green Day'],[154544],-1.2793501728085948,0.31395361412281053,0.2128601888067993,-0.008270837262031915,-0.21238047344515548,0.553827996172552,-0.15609942317908326
['Green Day'],[154544],-1.4162809669213272,-0.25811746176956313,-0.02943681743889236,0.3176959882855869,-0.5993850809804531,0.6742885044372036,-0.2276103268299101
['Green Day'],[154544],-1.332636864463115,0.2804728213554556,0.11070278043310718,0.04451608927199833,-0.5609242313625112,0.6633117371000834,-0.10929845972600563
['Green Day'],[154544],-1.3359939832679362,0.15598838204071538,0.019720741016049648,0.019389756627331667,-0.10223984145128315,0.666232677980765,-0.0019284595559799092
['Green Day'],[154544],-1.365629470851785,0.05972500739690995,-0.03040312381339559,-0.014713952184181145,0.0824289529642787,0.6592684052687864,-0.08129008543312752
['Green Day'],[154544],-1.2171148466617976,-0.322905413850825,0.14602902897201245,0.15034144198087762,-0.0859231504425518,0.6222101893362092,-0.18656654069394502
['Green Day'],[154544],-1.4243229282482366,-0.04484374885604362,0.014745785846523626,0.2738028998053091,-0.7879448217716201,0.7319298530979823,-0.10924890152604733
['Green Day'],[154544],-1.3516926067538324,-0.3284868032641033,0.05468246644311931,0.29156324502628145,0.10949252313637156,0.4602004528108298,-0.24609991711799212
['Green Day'],[154544],-1.3091886715816778,0.06063710453586457,0.2026810398863012,0.2703084352592899,-0.635893790840119,0.49659851733852495,-0.23301470526232043
['Green Day'],[154544],-1.2513944384279925,-0.2925779714308309,0.1645319966148209,0.2397942945664585,-0.43754603688341354,0.6568896477007508,-0.21679798281762136
['Green Day'],[154544],-1.4104699255078466,-0.17761649001532648,0.033279027932273025,0.029623861385961885,0.19939956438532125,0.7816195592701218,-0.15652620123289032
['Green Day'],[154544],-1.3030740069954418,0.22530498522125605,-0.05701894218287895,0.11585222440932602,-0.5602099714116187,0.5829242844744905,-0.0015798435379499583
['Green Day'],[154544],-1.379041553354393,-0.31819035289774783,0.19098314703989308,0.3960424491205037,-0.6902801596157607,0.6374292412478398,-0.2881602216042795
['Green Day'],[154544],-0.7454523505804073,0.04584275138785328,-0.1716996579464164,0.37969783273015273,-0.11774650059029096,0.7853414968717798,-0.6202552586578638
['Green Day'],[154544],-1.234843928579494,0.010672761842080842,-0.055906112915201436,0.34528681086799723,-0.30743511441468996,0.6893161789075891,-0.5576499069147873
['Green Day'],[154544],-1.2597307840202923,-0.1684054995813001,0.017882844702136497,0.3634972130629099,-0.4541285825974075,0.3647880307545472,-0.21007587598476823
['Green Day'],[154544],-1.2810737363375948,0.04597619935513898,0.189146415983904,0.12882954556564602,-0.011629157178920019,0.4819945129614236,-0.19732291839548252
['Green Day'],[154544],-1.4441253010257886,-0.42034915580743454,0.029589481682968558,0.44437946113831334,-0.583305109055363,0.6138407211465501,-0.295102946918813
['Green Day'],[154544],-1.3672141828128088,0.14046588498423926,0.10418770547720152,0.02687666418019065,-0.3698890619166948,0.7002103993024232,-0.1942386584833186
['Green Day'],[154544],-1.373457473335706,0.1176932533155094,0.1333603405449858,-0.029520190812561225,0.16787874631912653,0.613732808659649,-0.17155868882751002
['Green Day'],[154544],-1.4209651553222669,0.031798321425449236,0.12060021851224069,0.015100184866872158,0.005379223426288633,0.721276482905175,-0.1823208268732591
['Green Day'],[154544],-1.194968010504596,-0.25128899367659047,0.2114186792674078,0.3106590598586313,-0.6283952740631863,0.5440515345258881,-0.24834124861746115
['Green Day'],[154544],-0.934596559318501,-0.35066170833296917,0.09044809428756617,0.21972182852012792,-0.48053671473160176,0.4985743760715093,-0.15078620512846777
['Green Day'],[154544],-1.4397587737421087,0.022528869551972176,0.3733362065258388,0.16931086894329933,-0.6197909609952622,0.6834928813623999,-0.4372216567485366
['Green Day'],[154544],-1.385669544794522,-0.025204058492178705,0.12143120559549427,0.10894840817284861,-0.43708796146017515,0.7869508014582357,-0.21656802197520197
['Green Day'],[154544],-1.381824449470928,-0.09278047907910063,0.0688423655093968,0.3068851061771099,-0.8024676489099245,0.5681183772396553,-0.3038956985782674
['Green Day'],[154544],-1.4168701743765304,0.09696246363513226,0.0641821800019387,0.07141688662486821,-0.44578348948210755,0.7588130621662185,-0.1489118081841954
['Green Day'],[154544],-1.3082416034987556,-0.047904996233512,0.16781569369310104,0.2160129886602092,-0.10314260802101977,0.37465417729853046,-0.2971127555823801
['Green Day'],[154544],-1.3143847615465378,-0.18417535058373288,-0.015642279276259576,0.3325712718930142,-0.4488490810636061,0.4138759186293826,-0.22302440093814296
['Green Day'],[154544],-1.4740462445742288,-0.33133204735339034,-0.05011475404990401,0.21868701995686454,-0.13755897872594008,0.7561674667928376,-0.15695724605199923
['Green Day'],[154544],-1.4103757435871278,-0.2552695202432729,0.16362705012983791,0.4056494282914313,-0.7798301759755248,0.5936409016926135,-0.3693142488466864
['Green Day'],[154544],-1.1530028475835257,0.12399553964648768,0.06937839235813312,0.06133517456366132,0.049706561440761673,0.3777695090098744,-0.10723368770205169
['Green Day'],[154544],-1.429047222403382,-0.10083384938354464,0.0936055746746262,0.2691235424174347,-0.6093967410873947,0.6453574639093895,-0.2591630751008054
['Green Day'],[154544],-1.421087508807838,-0.085378806656893,0.014865142443968134,0.1802972430392166,-0.42937114891572076,0.7350906256552586,-0.1451157520809966
['Green Day'],[154544],-0.9114994117461185,-0.01664283489896364,0.04870039873771156,0.06783581985296956,0.10840283146619768,0.2375701370821702,-0.07050197940399006
['Green Day'],[154544],-1.221254617231918,0.09529617167487213,0.07848771908347477,0.09416703712538287,0.13649574240809578,0.2874974831967246,-0.12796055520141655
['Green Day'],[154544],-1.2744249815971154,0.07488146795678804,0.031902845190562724,0.2555479994136291,-0.7423041093424729,0.4447747058216223,-0.15710936627987193
['Green Day'],[154544],-1.4448624178720986,-0.4404803193336386,-0.003413959427544515,0.3734005641778763,-0.401416037202991,0.6757262609844583,-0.22908634318386906
['Green Day'],[154544],-1.3464708579654634,-0.22749864381575816,0.1041039194726639,0.2808692290327803,0.008624303966974459,0.4069165344720878,-0.26365348095801383
['Green Day'],[154544],-1.3222674263484215,-0.24252579305258343,0.01697009218429311,0.21937977421087004,0.09024285369737259,0.41933405327065876,-0.2734105652038621
['Green Day'],[154544],-1.191884658036213,0.0750555471945482,-0.08873266847077069,0.038494599667579475,-0.029663192771759186,0.5070999464612777,-0.03426637295078944
['Green Day'],[154544],-1.468542585068093,-0.21321655096391193,-0.017270688447152426,0.19242063600659357,-0.32402714598776006,0.7894853908321926,-0.17432079268649225
['Green Day'],[154544],-1.4383890204095873,0.04016952484020483,0.27836116023692403,0.09340855426783723,-0.16805787107733225,0.6877463395240649,-0.2882536332525385
['Green Day'],[154544],-1.3212261548729063,-0.26382553618685767,0.024907644581409857,0.28186071005274216,-0.08584662023774765,0.4189194703511845,-0.26717244606663204
['Green Day'],[154544],-1.367125226770266,-0.29749943106323945,0.08225333947885888,0.3989261075945011,-0.7848647334459004,0.5858202048908057,-0.3258925093819603
['Green Day'],[154544],-1.2900378952382678,-0.18345824910455388,-0.028940838372133303,0.25500769885567354,-0.0928432225918927,0.4045106128242648,-0.24498390339472653
['Green Day'],[154544],-1.2510195090299898,-0.2445270697137662,-0.03120784976564988,0.27191025477471864,-0.7054272325772711,0.7221375697794495,-0.17026668681155654
['Green Day'],[154544],-1.0000861809142492,-0.18745887910800563,0.1958328298283788,0.27767534705740965,0.04969119358556551,0.257233860031785,-0.017900295714431316
['Green Day'],[154544],-0.934596559318501,-0.35066170833296917,0.09044809428756617,0.21972182852012792,-0.48053671473160176,0.4985743760715093,-0.15078620512846777
['Green Day'],[154544],-1.4533111370321234,-0.05680373462519204,0.12786134770335864,0.04364344160482995,0.10646738954524959,0.7163205706279309,-0.22290895213191483
['Green Day'],[154544],-1.1163364273879652,0.00241078812565455,-0.02707531775916533,0.29649081952017464,-0.4807675943587056,0.29991927901570403,-0.06297401519598206
['Green Day'],[154544],-1.2533914771959478,0.12773113032234634,0.0432500653027299,0.16605910157477313,-0.54686190874899,0.6197068174557973,-0.10494219863245373
['Green Day'],[154544],-1.1715781057820194,0.1891241937672284,0.2726085033592826,0.02828765272300023,-0.30140582849893555,0.572105799344203,-0.21253043882567385
['Green Day'],[154544],-1.321768248692328,-0.2710681841628185,0.003124331354489658,0.20654804532449939,0.0922191021579543,0.4522138115037163,-0.28847845994964505
['Green Day'],[154544],-1.3512193586526742,-0.36428688652137253,0.01254314823085831,0.33665893138820147,-0.3402842627729381,0.5252796401350774,-0.3033602036457498
['Green Day'],[154544],-1.3750252324573644,-0.12794774866058967,0.0010367146253052652,0.24021025158353737,-0.610837499181045,0.7171865701065276,-0.15107183346592637
['Green Day'],[154544],-1.3798703408098336,-0.22997553528190742,0.04073803238088114,0.17869889701286765,0.19424923687064574,0.5302221304927415,-0.20341022180836188
['Green Day'],[154544],-1.2998048316424156,0.062251148426796694,0.11282218403522774,0.12653093700079185,0.08852307500938997,0.5325445249430211,-0.166918532495269
['Green Day'],[154544],-1.2533914771959478,0.12773113032234634,0.0432500653027299,0.16605910157477313,-0.54686190874899,0.6197068174557973,-0.10494219863245373
['Green Day'],[154544],-1.4513356353289433,-0.10677091873634766,0.06881380550917517,0.057946833157877596,0.1098186170633343,0.7282488040391591,-0.19791586566866198
['Green Day'],[154544],-1.2012133971007195,-0.130409705466572,-0.08400074414612314,0.21524375674838267,-0.5423319783928188,0.6299156474628682,-0.022870197326126444
['Green Day'],[154544],-1.3223266654291919,-0.2308481815832369,0.18615049490565644,0.21552963358315688,0.09364925780561438,0.4530355123415344,-0.3624033213110431
['Green Day'],[154544],-1.4176345079039625,-0.035937699300260036,0.022129331549102942,0.1860943904827433,-0.7063623083320756,0.7401987680252085,-0.19959026119385184
['Green Day'],[154544],-1.2477473367923264,0.06819189383077978,-0.06914307436186004,0.18986273038615348,-0.7021517075143973,0.7978501106672032,-0.2597928520416425
['Green Day'],[154544],-1.3602309613145278,-0.24833727080449863,0.07923800234963126,0.2600162297286227,0.10218471327618288,0.43771096139380955,-0.3023660841981742
['Green Day'],[154544],-1.3962093050278668,-0.4619053153781187,0.09269540095582646,0.30890308864236166,0.04089045225586552,0.5975925633938244,-0.2706925782883111
['Green Day'],[154544],-1.4262311847152254,-0.025262710850161692,0.017690957444593463,0.09048693588333379,-0.5251290930794402,0.8194472116533721,-0.24264342038748005
['Green Day'],[154544],-0.9043702168152173,-0.3976959851493186,0.08556054389017229,0.16285155377819635,0.05259313129092607,0.4355230008046013,-0.1508725471365184
['Green Day'],[154544],-1.329715412307761,-0.3315519958219692,-0.0009647390601349025,0.26727776295323097,-0.057085614867602975,0.6404757751140789,-0.2849169794586252
['Green Day'],[154544],-1.4362215320944214,-0.26163918314417656,-0.007057852160236169,0.16070648643164623,0.11519151416786355,0.6498719995561798,-0.19247051538814566
['Green Day'],[154544],-1.323473165050117,-0.19371620804901052,0.12155743456437483,0.27010796815294247,-0.5248624447606686,0.627469273505554,-0.24073598242507863
['Green Day'],[154544],-1.2998048316424156,0.062251148426796694,0.11282218403522774,0.12653093700079185,0.08852307500938997,0.5325445249430211,-0.166918532495269
['Green Day'],[154544],-1.3528871875829975,-0.04714255471260346,-0.06463849319020762,0.24138922333107452,-0.6185810703005532,0.6564393297625716,-0.12170548976043574
['Green Day'],[154544],-1.4695854345802353,-0.39439983269421985,-0.03593278623800934,0.4047486500985937,-0.7598002515873034,0.7340667900872766,-0.26510159108197384
['Green Day'],[154544],-1.3395471011965334,-0.11756699212836072,0.06119101907711395,0.08758559202337748,0.08746592145861909,0.5675143116291705,-0.24697320725291438
['Green Day'],[154544],-1.4038089073637936,0.01120403175490823,0.008508993580941263,0.12372470731160755,-0.7124478691894184,0.7798078993103936,-0.21569782712152788
['Green Day'],[154544],-1.3971477995921007,-0.13237377871157086,-0.06447250543425236,0.062315229301336185,0.09413438533395345,0.6317552153146564,-0.17423460083329217
['Green Day'],[154544],-1.253123914840948,-0.6371146249995195,0.07265443998973298,0.4785786416001648,-0.7628036045702015,0.6937784706097568,-0.2246574807712358
['Green Day'],[154544],-1.1882991801104914,-0.5677872450589301,0.03602633225701778,0.33346542391723455,0.026131818428080923,0.5793411524655959,-0.13810564207225837
['Green Day'],[154544],-1.1163364273879652,0.00241078812565455,-0.02707531775916533,0.29649081952017464,-0.4807675943587056,0.29991927901570403,-0.06297401519598206
['Green Day'],[154544],-1.426742799322928,0.10851949188034968,0.11474975638948742,0.11251319499662515,-0.7134747110180538,0.7865741940909804,-0.19774406982683126
['Green Day'],[154544],-0.7638890898991793,-0.4605527431173436,0.1045754998098502,0.2772684685143714,-0.6463627519187393,0.6540837685222748,-0.10954482973025448
['Green Day'],[154544],-1.4533328891102184,-0.16290762801321435,-0.0770668375340483,0.07993111864821385,-0.06648380940162993,0.7863726622378021,-0.13208519343567768
['Green Day'],[154544],-1.4533106182950286,-0.25426529146310806,-0.025597743819150934,0.35682400421861077,-0.7773345708698948,0.6612168116478688,-0.24952846352503896
['Green Day'],[154544],-1.4036354171138712,-0.30468895531582185,-0.022155675465767806,0.3528021846855717,-0.6001070533415027,0.6238358157683082,-0.2652342711377436
['Green Day'],[154544],-1.2326393894383738,0.1262475266226848,-0.059744580753007835,0.21656956586382672,-0.6509998024349621,0.48178490205010105,-0.077296648524445
['Green Day'],[154544],-1.3528871875829975,-0.04714255471260346,-0.06463849319020762,0.24138922333107452,-0.6185810703005532,0.6564393297625716,-0.12170548976043574
['Green Day'],[154544],-1.1882991801104914,-0.5677872450589301,0.03602633225701778,0.33346542391723455,0.026131818428080923,0.5793411524655959,-0.13810564207225837
['Green Day'],[154544],-1.2670424653298984,0.15775564851440046,0.12207120446343969,0.2716255210602145,-0.6383674093412507,0.48566903586799137,-0.1805757346869489
['Green Day'],[154544],-1.2326393894383738,0.1262475266226848,-0.059744580753007835,0.21656956586382672,-0.6509998024349621,0.48178490205010105,-0.077296648524445
['Green Day'],[154544],-1.0953236973251421,-0.03154899651539444,-0.08378326762560824,0.15842951807825204,-0.5638588450337975,0.5801166619521014,0.019389283891582003
['Green Day'],[154544],-1.4346508494889918,-0.04608747141734971,0.46195873495691697,0.2155501888787877,-0.5160304509432498,0.7050399064053197,-0.4470659607603619
['Green Day'],[154544],-1.4212280085404523,-0.006773605780760105,0.09173011702812249,0.19224713668896856,-0.6169969907851478,0.697843648589031,-0.20584202920369138
['Green Day'],[154544],-1.2807078282738034,0.08516245114543392,-0.02198408620695305,0.2748388002243291,-0.6336754523029475,0.5253184429622542,-0.08811708038545756
['Green Day'],[154544],-1.3887719981651172,0.0673789285749724,0.011488485570991741,0.11947384959982141,-0.6157966178300869,0.8063614917462147,-0.19133505896258493
['Green Day'],[154544],-1.3631106194121079,-0.11201006177265284,0.16270261176970813,0.30258453202332924,-0.5319902849664606,0.5103914458899232,-0.34595996951305313
['Green Day'],[154544],-1.4305481595945906,-0.2652601102187901,0.02129275014293352,0.15582070461088718,0.1164522561996431,0.6603053519441707,-0.2509300930754113
['Green Day'],[154544],-1.347758895067578,-0.2460528800210389,0.02954079498464429,0.3113030427974942,-0.1701357471206731,0.43359042356819827,-0.2587490299542708
['Green Day'],[154544],-1.230251304721871,0.0820932015483398,0.022184415034514675,0.12747374200808875,0.06023586666892653,0.33678052285659466,-0.1513056895832377
['Green Day'],[154544],-1.2141869667636893,-0.1962369210061801,-0.005194423628174017,0.2951838383337248,-0.2784920901023385,0.3886480569744171,-0.1782144164597655
['Green Day'],[154544],-1.3243600011119916,-0.12361740083525713,0.06355843990841098,0.24388498235408548,-0.45367928462316404,0.49980752112804494,-0.3189260241411136
['Green Day'],[154544],-1.3240692840216888,-0.11674189574193973,-0.02773670668489984,0.2322786496367313,-0.3579002205315237,0.5371423539330195,-0.1751388645350612
['Green Day'],[154544],-1.3919358059892972,-0.3380817893153513,0.0178448355045565,0.36354906797961456,-0.5090139533317098,0.5988056885260975,-0.3495691161090202
['Green Day'],[154544],-1.489173309956723,-0.22243233987532016,-0.0965767207252797,0.22969282682327544,-0.7715859512422184,0.8718770815646788,-0.19929815882600985
['Green Day'],[154544],-1.3431065033242668,0.03263721201355263,-0.06220578800261461,0.06765018872278773,-0.188124887298133,0.6265761636945685,-0.10013096326467047
['Green Day'],[154544],-1.2670424653298984,0.15775564851440046,0.12207120446343969,0.2716255210602145,-0.6383674093412507,0.48566903586799137,-0.1805757346869489
['Green Day'],[154544],-1.2807078282738034,0.08516245114543392,-0.02198408620695305,0.2748388002243291,-0.6336754523029475,0.5253184429622542,-0.08811708038545756
['Green Day'],[154544],-1.381953062381934,-0.28204891850349406,-0.035993963650391904,0.38704459871427593,-0.7797890190014869,0.6360830147638002,-0.23078549990299124
['Green Day'],[154544],-1.3965142253971057,-0.07504827701679703,-0.07157733852048384,0.03950214730647133,-0.07954884624331446,0.765919699808159,-0.12944125563402192
['Green Day'],[154544],-1.3520643659751561,-0.27009069541336256,0.023195417805928625,0.23707970133319442,0.09540413541043559,0.42770897708567096,-0.2672030083191742
['Green Day'],[154544],-1.371395666236105,0.13732457049532942,-0.03851279652338811,0.1029629502233343,-0.7261837778705423,0.7159981254149645,-0.12232773397206578
['Green Day'],[154544],-1.203153082133931,0.328503440659007,-0.06503323738487918,0.1278671518268133,-0.7451438282092855,0.5950969912784302,-0.0481266211122018
"['Hank Williams, Jr.', 'Waylon Jennings']","[117844, 200791]",-0.9828201455702741,-0.6475056691589132,0.11263731900443462,0.4325928134022249,-0.7909862427066037,0.69681911260956,-0.2034924389422847
['Hank Williams'],[549797],-0.8035613865591172,-0.24040554870615016,0.18469652204308165,-0.047642024183054334,0.1285769650645435,0.5752304606137727,-0.07292147503515493
['Hank Williams'],[549797],-0.6473032732077711,-0.6279416606754052,0.21499473658490387,-0.06355265513099523,-0.20754578424621292,0.8653225656169302,-0.02012285688488568
['Hank Williams'],[549797],-0.6597059053297466,-0.5465918132937673,0.3333357530439832,0.010675965292272964,0.1370152342020309,0.597157871199897,-0.09840186350532489
['Hank Williams'],[549797],-0.556580393693559,-0.24291453535458446,0.3228642474730479,-0.15221367726440882,-0.25552078345119456,0.6533297661069585,-0.0659705073897196
['Hank Williams'],[549797],-0.6066734986040696,-0.2995812093772228,0.2863425067856157,-0.09753828225517516,-0.244105451852441,0.673357304418188,-0.06759799453747582
['Hank Williams'],[549797],-0.5673154514248814,-0.87265187211507,0.2275824586009638,-0.028245913588246543,0.16288590127143618,0.8811943932950649,0.02198808399723959
['Hank Williams'],[549797],-0.2740667189220698,-0.508704792094481,0.2948205593090198,-0.0733441429265785,-0.08979518131652625,0.5384972011025896,0.06604598891717041
['Hank Williams'],[549797],-0.47200421074053944,-0.7602054348177757,0.28746311769597416,-0.00348951262291658,0.1365664968840416,0.6653608615325313,0.0152237359094303
['Hank Williams'],[549797],-0.39218401786201873,-0.4396100895425527,0.36456172591069447,-0.04765895349856318,-0.07834271929537058,0.533010564608252,-0.009165890933285199
['Hank Williams'],[549797],-0.5657970964134789,-0.8645274774769339,0.25636013697251303,0.17422627849353045,-0.4688655779507284,0.7520063621019887,-0.01584854435573309
['Hank Williams'],[549797],-0.5867417230196533,-0.5968356327747473,0.33092060596860534,0.05562813201947334,-0.22473674751357134,0.6343032229234453,-0.07886227331103807
['Hank Williams'],[549797],-0.8896069189161032,-0.7749412593466524,0.13355060851344255,0.22641906575887366,-0.4364466416384914,0.831887747808204,-0.08340799021727888
['Hank Williams'],[549797],-0.3292548166557484,-0.5563303036972629,0.21604882328340339,0.005238963368007074,-0.2591246477460102,0.5398843710744242,0.059396012840657576
['Hank Williams'],[549797],-0.6354606001479559,-0.748612366441948,0.21233951741245294,0.0363240991090172,-0.19912901659098103,0.8297325528838484,-0.04068628194779387
['Hank Williams'],[549797],-0.4052260833984067,-0.4771652401467495,0.3308384047289159,-0.029854689977142232,-0.6057544954391674,0.7258107575114606,0.008207040582985166
['Hank Williams'],[549797],-0.5221254575828547,-0.7346959803581564,0.24366862135007164,0.05787548521652176,-0.21666500678707268,0.7105272165272636,-0.018944004308886552
['Hank Williams'],[549797],-0.7553679717721169,-0.7555283869461898,0.221019579730896,0.09592539673304805,-0.18430377159020436,0.7956292402710041,-0.07523157434885235
['Hank Williams'],[549797],-0.49664787990011755,-0.8717560661446089,0.2616829379376583,0.16858038264639671,-0.47430335225045855,0.7620008071915116,0.005351279172749032
['Hank Williams'],[549797],-0.39512638335824996,-0.5878321932242265,0.21851619075845702,0.02790485351110734,-0.07432291297648887,0.47199867168559795,0.021641642765501963
['Hank Williams'],[549797],-0.5408177401658206,-0.5224340139657314,0.176572451955696,0.09684363007087002,-0.6804627291810922,0.6423765999234309,0.03791221625358506
['Hank Williams'],[549797],-0.40490594493938625,-0.6237254859914706,0.2103957841972472,0.03258123377536556,-0.24239162742082257,0.604336670134975,0.04226413785312772
['Hank Williams'],[549797],-0.30148876983917794,-0.624415989464101,0.2601311316326159,-0.00031975256091482996,-0.08060011877289851,0.5041038473712645,0.02670095736883266
['Hank Williams'],[549797],-0.5432047456886937,-0.6760420505469245,0.21463473608960673,0.16777681353301582,-0.844933344433752,0.7447278019730286,-0.048062731487208014
['Hank Williams'],[549797],-0.45086511433250365,-0.5012476458937275,0.3496460656409676,0.05978906546536847,-0.5148206693396489,0.5966174263003604,-0.07398898706384846
['Hank Williams'],[549797],-0.6170512206431259,-0.788490436809724,0.22858902967716513,0.07139592418422763,-0.19581699110652923,0.8113302987244261,-0.03167844425973777
['Hank Williams'],[549797],-0.40985227477760483,-0.5561633766497724,0.20946361490622178,-0.05637089556618975,-0.063507208192783,0.6442102224549493,0.04320665925288383
['Hank Williams'],[549797],-0.5469139421467397,-0.7815390916499265,0.35386267543693867,0.09332400940024702,-0.040100377705017134,0.5737611336778738,-0.15705399834689057
['Hank Williams'],[549797],-0.5985858698844965,-0.7527957954411698,0.21085861323852742,0.024077686063380715,-0.20280650719122886,0.8383507135107398,-0.029835312204106863
['Hank Williams'],[549797],-0.36855335411858625,-0.41567198903399977,0.2533238751968389,-0.12284716804603181,-0.17868787194549335,0.5732401562772508,0.04963284435920953
['Hank Williams'],[549797],-0.5706702515542813,-0.7002845928443421,0.29765809196599635,0.0103298184597841,-0.20896787802263536,0.8230696442891245,-0.04677712583855866
['Hank Williams'],[549797],-0.723090655503574,-0.8308928211902856,0.19238853138431788,0.1817007661018875,-0.44839261052272705,0.8713124806367173,-0.04969708133829495
['Hank Williams'],[549797],-0.6659902076827676,-0.8224358476956366,0.22072545052577155,-0.01493505511071382,0.1681743423140208,0.8565035935869493,-0.004547143239242952
['Hank Williams'],[549797],-0.6076935755196091,-0.7818562765424755,0.18631609265817445,0.1775826790570983,-0.6486693235082851,0.7836827078027958,-0.014822902033982375
['Hank Williams'],[549797],-0.5185854761610288,-0.7663588205619555,0.2899696769800585,-0.00641269645419874,0.14154388204517349,0.6780713632284783,-0.01090316639531003
['Hank Williams'],[549797],-0.32970971880818495,-0.5696815358658718,0.2631913337307957,0.043908705445560046,-0.3520992575657125,0.4661615133359506,-0.016437113328426456
['Hank Williams'],[549797],-0.41833797722983473,-0.44158184330818706,0.21998476498207561,-0.04988079193700448,-0.7001348564419402,0.7468559532675543,0.07893016928796168
['Hank Williams'],[549797],-0.7946073691638831,-0.8219075126069544,0.20422869925768036,0.19726783105874895,-0.004240674760038283,0.6383233374821863,-0.14161183607805303
['Hank Williams'],[549797],-0.5919558361734742,-0.6886303851341639,0.19498383908029548,0.041490006777920745,-0.03624151868000387,0.6721193139536014,0.0020406702861013935
['Hank Williams'],[549797],-0.45322293657513263,-0.5951756012068975,0.34041558283434054,0.020576821492208533,-0.23863680225415324,0.6250835300180966,-0.03130555328370027
['Hank Williams'],[549797],-0.4858272084884466,-0.7991667974550244,0.3576974475077521,0.0911625121227791,-0.0439823283823944,0.5885979760897667,-0.14585978913771344
['Hank Williams'],[549797],-0.5499604813761829,-0.6015102373891348,0.18792920346884368,0.013499876923958036,-0.6678865858587014,0.8630099997166212,0.0003867635931969457
['Hank Williams'],[549797],-0.5003226076016519,-0.29378136565918844,0.16603225365490074,-0.20093163745513243,-0.5180885905416384,0.8688093379900896,0.13338881503964514
['Hank Williams'],[549797],-0.4324438990062608,-0.3472861629455655,0.3232664161608306,-0.037970271919743497,-0.26287788091608644,0.5125662845111589,-0.022643471351095002
['Hank Williams'],[549797],-0.6549750997657936,-0.312740972864504,0.1730008153300964,-0.14655424398011677,-0.4959465905680788,0.898788815584846,0.07128778896284127
['Hank Williams'],[549797],-0.5724598542279792,-0.43141830305874646,0.14263241388889886,-0.1959250695512855,-0.0574802787630619,0.7960157011500949,0.06808350130221896
['Hank Williams'],[549797],-0.7519360621679497,-0.8138507761628291,0.17563308921834633,0.16617032164846116,-0.4472131899366029,0.8467870821364396,-0.053788608572287525
['Hank Williams'],[549797],-0.7216946842558823,-0.6216199585033948,0.11705873861411104,0.03816338441249517,-0.4682325051222191,0.8821053466338771,-0.00857217520706486
['Hank Williams'],[549797],-0.22835351445816804,-0.4313456360600606,0.21721909836313022,-0.15809289890343228,0.07120661705208851,0.46597994303558266,0.1448346895157367
['Hank Williams'],[549797],-0.7992735874336324,-0.7314507535159304,0.19261356636494553,0.1583998552966127,-0.012737155309671566,0.6266782781481134,-0.16081187844637723
['Hank Williams'],[549797],-0.6224859416099181,-0.49851728016579405,0.34922449325564087,0.0028115589202593427,-0.2277793106612733,0.65005591386161,-0.14070201803916718
['Hank Williams'],[549797],-0.7482751903239391,-0.5930570689867339,0.18077112827405192,0.01295623723399177,0.15164919528117599,0.6461279787824811,-0.07348785763938925
['Hank Williams'],[549797],-0.5690963108514159,-0.6648978406034101,0.18368229165650488,0.00012922363898186366,0.13619801134530216,0.6285175116519589,0.013368480973082577
['Hank Williams'],[549797],-0.46081975707429595,-0.48850592142385946,0.1557139656259013,0.03548359803307438,-0.6983965193705334,0.6200720985454697,0.04182922776424325
['Hank Williams'],[549797],-0.4711270755987628,-0.3978502379913877,0.46016697373509574,-0.021977813459946857,-0.25254098295838034,0.533179936188301,-0.07392005787114585
['Hank Williams'],[549797],-0.5147812061377157,-0.33745313877242383,0.14427236302084978,0.10792092343367876,-0.7098163569603105,0.4293576454202069,-0.009079667502966841
['Hank Williams'],[549797],-0.37943776896667614,-0.4576479704375815,0.249637442292094,-0.08088080079767694,-0.08646788858998179,0.5115859612348719,0.0644421166533344
['Hank Williams'],[549797],-0.524266009653197,-0.18888328495046533,0.36714374941422867,-0.19487946692921687,-0.2617631562044382,0.6639427676103289,-0.05946203194780769
['Hank Williams'],[549797],-0.7101263242221324,-0.5811901558288215,0.12528831192620832,0.07193223597588991,-0.8275673781194716,0.9115385709883421,-0.010346444324625557
['Hank Williams'],[549797],-1.3332816704511317,-0.24780762632306783,0.006259099779780012,0.2026857378669476,-0.6017972367667859,0.854834127634554,-0.15461029165440568
['Hank Williams'],[549797],-0.29634326561748964,-0.3873698300191663,0.22002965479585443,-0.019247567338742794,-0.37286731141330853,0.4087061688383247,0.07776963097551726
['Hank Williams'],[549797],-0.2881327571549199,-0.4718432705711328,0.28631652772121247,-0.06956424234912993,-0.2695076495171657,0.5601774771489889,0.035905720769756996
['Hank Williams'],[549797],-0.43856415513546754,-0.3528397488602379,0.26368381193352936,-0.09705899034370871,0.09108963577073133,0.4346278693869774,0.021880156763352598
['Hank Williams'],[549797],-0.6008603815051938,-0.40053383422871447,0.2038029301726195,0.0007126855393063346,-0.5093166241170928,0.654012001842962,-0.05280009351819121
['Hank Williams'],[549797],-0.5557610409361159,-0.4166069593311112,0.21016975567606092,-0.021922979954507375,-0.2461052755584297,0.5829405803863729,-0.04147488553888129
['Hank Williams'],[549797],-0.5610576398271245,-0.46944771945679287,0.22290304091521138,0.07998281343507752,-0.682757552154362,0.6472964510831553,-0.059238906854488585
['Hank Williams'],[549797],-0.6277879654519942,-0.8211253358329039,0.22618942344210424,0.1303649980219769,-0.45971827624555106,0.8531412177086173,-0.030940275947358202
['Hank Williams'],[549797],-0.5442097453251891,-0.6789242727834386,0.17577359799037542,-0.025650096421581815,-0.48135794244220353,0.932459388406584,0.010924756331764545
['Hank Williams'],[549797],-0.6422599169776311,-0.6127990141222547,0.2540954929420174,-0.018982312257370695,-0.21088597662806968,0.7952296195526469,-0.06845646244848026
['Hank Williams'],[549797],-0.718307074140003,-0.7845655872232309,0.2591911007929159,-0.017252890359424674,0.17075573270298525,0.8474315022594933,-0.041960161198404795
['Hank Williams'],[549797],-0.3035273775896952,-0.5228269894538681,0.22576689521889173,-0.15176706822151725,0.09616314007053098,0.6221848618417849,0.10200086314561123
['Hank Williams'],[549797],-0.6041917287599738,-0.5524549121431075,0.17920213093682813,0.009625562443927047,-0.490472038895846,0.7875858920574783,-0.015067307028818706
['Hank Williams'],[549797],-0.3427030146080874,-0.30008770704937576,0.39434019175881685,-0.1869460907123801,0.08404012531290622,0.5373715084091093,0.0018685159980207419
['Hank Williams'],[549797],-0.5626539452012372,-0.24607097447478218,0.291513255401673,-0.061189757574810905,0.0911301585735476,0.3675660474633722,-0.08593980041103982
['Hank Williams'],[549797],-0.39273233199299884,-0.6376008156525915,0.38084663191888013,-0.08157579147526088,0.11879491457420424,0.6669595879846297,-0.024627611868989516
['Hank Williams'],[549797],-0.3374347594178048,-0.5754090965052107,0.21835939779616972,0.012676346127091707,-0.5226113744589762,0.6357414240305351,0.07151034341646527
['Hank Williams'],[549797],-0.4071683082203898,-0.5452612213607634,0.26067256292426966,-0.04386813396326135,-0.07411463517306607,0.5547025964458622,0.024411909462347114
['Hank Williams'],[549797],-0.6418175927833909,-0.8274142808430633,0.2802888144445233,0.15438394344898868,-0.20092292228739791,0.6343232632601237,-0.14802332758193013
['Hank Williams'],[549797],-0.3867648640659226,-0.6288943466948448,0.248446675204654,0.03542761120992309,-0.2439108928615638,0.5929692491110176,0.03274395898394233
['Hank Williams'],[549797],-0.5940487261871724,-0.5691297802805224,0.18036196765520168,0.01600388876041545,-0.6664084936812017,0.841204367827368,-0.006609650085123091
['Hank Williams'],[549797],-0.722121439692555,-0.807877571591533,0.19460318842982113,0.15880343664062618,-0.4504885098332446,0.848416800783128,-0.052254046349254464
['Hank Williams'],[549797],-0.6111474303596395,-0.6245762606656431,0.2641263433762816,0.15945274558853095,-0.8426312289585847,0.7283334872109487,-0.0971649654951229
['Hank Williams'],[549797],-0.5137564441452038,-0.5145705723577264,0.19585280248245346,-0.04262419982053591,-0.061314022630596106,0.5995549143692743,0.04401460683222616
['Hank Williams'],[549797],-0.7317280565189298,-0.5182115451338732,0.1560785196681925,0.173371617258952,-0.8377162827064482,0.695924577317222,-0.10272291636019117
['Hank Williams'],[549797],-0.35838300434125436,-0.5547155222659009,0.21917084723379474,-0.07137954084822426,-0.07307195791935786,0.6205558606197797,0.08585413525776986
['Hank Williams'],[549797],-0.5949331484542164,-0.8333991370462328,0.24451384047216204,0.0938224841651241,-0.026684028658660222,0.6476846071336944,-0.09547657620913588
['Hank Williams'],[549797],-0.616136620764389,-0.6508616192421212,0.16371289763135208,-0.007361679419081716,-0.4769231122612617,0.9029549754982065,0.0071145684410305115
['Hank Williams'],[549797],-0.5306245419098313,-0.7390507032207994,0.26113036090838054,0.04872648194800447,-0.2155244907933063,0.7194709963098935,-0.03288872315944352
['Hank Williams'],[549797],-0.5688679471042423,-0.8683291925481514,0.27185737049540193,0.1423270306233703,-0.2053776795613897,0.6560434560571836,-0.12236308586514501
['Hank Williams'],[549797],-0.6027770801774411,-0.6016082768106675,0.1728124613945868,-0.126956585151863,-0.035957975656607584,0.8626076239703662,0.013939873199327067
['Hank Williams'],[549797],-0.394877852685833,-0.5836594182585786,0.31082478104038636,0.006703748687847726,-0.2525727701169445,0.5404496586528409,-0.01262722707829034
['Hank Williams'],[549797],-0.3299209739422974,-0.40069411972917757,0.25836880721084227,-0.09804876692679139,-0.09244490593407322,0.5032278593086218,0.07883039452879664
['Hank Williams'],[549797],-0.5105045813546315,-0.6410015710051374,0.3003138834428671,-0.045425010317104206,0.12909705120910986,0.6439440436477398,-0.023021249388549818
['Hank Williams'],[549797],-0.37584786396311987,-0.5267382095435638,0.22945505948274023,0.07916619664985498,-0.7017390217737207,0.5864761161074069,0.03536857094386819
['Hank Williams'],[549797],-0.6976073555456425,-0.7735110213991949,0.20641673511883507,0.1855317752108667,-0.6397507917775226,0.7948810694653534,-0.06260709920787808
"['Harold Budd', 'Brian Eno']","[186927, 617196]",0.3337985329063203,0.056055946934640576,0.04066128026739745,0.20917073294873292,-0.8634399973433657,0.7119799294410631,-0.43774691069475424
"['Harold Budd', 'Brian Eno']","[186927, 617196]",0.3461293032798484,0.08409518498548588,0.01439822324572968,0.1384450468837324,-0.4093223274941736,0.6879145854313858,-0.48125460508369466
"['Harold Budd', 'Brian Eno']","[186927, 617196]",0.27664784635840983,0.1760772647087269,-0.0030775848985629224,0.13772900998247598,-0.7731120206213049,0.7206043949330259,-0.48868099871258575
"['Harold Budd', 'Brian Eno']","[186927, 617196]",0.3707465402478859,0.0941341143402933,0.05985355999656534,0.15054053445076043,-0.7845804621531025,0.6936956725067873,-0.4117779324542544
"['Harold Budd', 'Brian Eno']","[186927, 617196]",0.37644261359395026,0.04660457485027585,0.01815489351270788,0.07276488347819023,0.13320267320333282,0.6596342739006589,-0.4686160769692963
"['Harold Budd', 'Brian Eno']","[186927, 617196]",0.2807966048343859,0.0451719836823402,0.05161784699788518,0.13095508815756868,-0.5910704414572535,0.7263635699664049,-0.38775678016050075
"['Harold Budd', 'Brian Eno']","[186927, 617196]",0.22586556910556307,-0.04081289290439056,0.029351615485575838,0.1087281917336143,-0.1211136962751052,0.7393170854487132,-0.4291905501381686
"['Harold Budd', 'Brian Eno']","[186927, 617196]",0.33484203116482364,0.09943075617448466,0.03616147612842188,0.036123711261268336,-0.14688102720243343,0.6933888978496213,-0.4774325808883046
"['Harold Budd', 'Brian Eno']","[186927, 617196]",0.3275236448314275,0.16153213835204167,0.15131953398953454,-0.01965279711411453,0.04868730438847471,0.816940102112102,-0.4900414652065639
"['Harold Budd', 'Brian Eno']","[186927, 617196]",0.4831878956854124,0.12894714265745888,0.02167147448831387,0.008181356427819739,0.11193946878485685,0.6355465919111061,-0.4684111553290875
"['Harold Budd', 'Brian Eno']","[186927, 617196]",0.301882181356681,0.14049517793952807,0.0188292466088769,0.11318211680984709,-0.5018394501529604,0.6925502159505901,-0.5048353412633855
"['Harold Budd', 'Brian Eno']","[186927, 617196]",0.31475697457495216,-0.1603123441686412,0.052704992306470494,0.2915193396378888,-0.7369263769925156,0.8245022851692235,-0.5050189351777817
"['Harold Budd', 'Brian Eno']","[186927, 617196]",0.24423152972774057,0.08313179375379474,0.030405339417770825,0.03875182864379369,0.04851363878005465,0.6924039778227918,-0.44704014866305497
"['Harold Budd', 'Brian Eno']","[186927, 617196]",0.2866599318512754,0.1201844051554898,0.023195521802134484,0.05466113176304228,-0.4297905680160011,0.6464337828112297,-0.39142830189106415
"['Harold Budd', 'Brian Eno']","[186927, 617196]",0.4321135555091367,0.11669190388097321,0.05394294953822055,0.07680680520983713,-0.5191975597225379,0.704711682102215,-0.4470284052169659
"['Harry James', 'Frank Sinatra']","[950571, 792507]",-0.20980042527744083,-0.2424961509147445,0.2789078932003525,-0.22805229084183196,-0.12017424891688148,0.5159996043114647,0.10243531522126163
"['Harry James', 'Frank Sinatra']","[950571, 792507]",-0.15186041552083376,-0.22843672615495197,0.4165170689198404,-0.10921210010111863,-0.37363979133040587,0.5532775075867532,-0.05703255284951534
"['Harry James', 'Frank Sinatra']","[950571, 792507]",-0.21241046621790693,-0.2697260673846273,0.319951518023601,-0.1887588523555845,-0.11878106208827187,0.470734224026389,0.05549528399601202
['Iron Maiden'],[98465],-1.3061569939563666,0.05733874050200415,-0.029832246502469278,0.1855360216983602,-0.6376516373302914,0.5980389888515554,-0.12758689367521275
['Iron Maiden'],[98465],-0.9510946884453236,0.16919560030825842,-0.02110006247211094,0.041951698841969684,-0.051440381578033066,0.4245593055788468,0.06467437913637873
['Iron Maiden'],[98465],-1.0593145145033647,0.45847252217061346,0.43017697787255116,0.2754820849220445,0.04633396398234037,0.6290650810553551,-0.9313792841228429
['Iron Maiden'],[98465],-1.2230467007803063,0.4989418709412596,0.42253214207865797,0.201656223911163,-0.5807945305534583,0.9018493745695044,-0.7287397281320407
['Iron Maiden'],[98465],-1.1174448879566432,0.5370633003227026,0.5467846000056087,0.2960374456650773,-0.6250566958394694,0.5632787595655084,-0.44388614160644513
['Iron Maiden'],[98465],-0.8425894833249025,0.4232908414626664,0.3441416079602896,0.07783758448017078,-0.2468511049609512,0.9323784319340536,-0.7177215335999407
['Iron Maiden'],[98465],-1.1006486694734918,0.1943665462910829,0.13659947586000143,0.27377990865440915,-0.1673133961939148,0.5212115167945519,-0.41139106830166106
['Iron Maiden'],[98465],-1.1766526667461223,0.09359710685019278,1.8522348036099973e-05,0.14972117050885986,0.14638029650221132,0.294846117756474,-0.09011229659350284
['Iron Maiden'],[98465],-1.139689843519324,0.12431314624003909,0.019498029759367094,0.1927380016609012,-0.2075603994745423,0.3885462259220661,-0.05182580678861153
['Iron Maiden'],[98465],-1.240211989368402,0.41210527562521154,0.5011662470019755,0.10623756818053413,-0.3765845892502827,0.5337596464570145,-0.5103332876851712
['Iron Maiden'],[98465],-1.1843581201499633,0.3106805622286756,0.3681052662190321,0.2594778854138353,-0.6435446770798112,0.45572394483070194,-0.49972206683470144
['Iron Maiden'],[98465],-1.0278077780314312,0.4814078285747931,0.4021164990740043,0.26690884946149523,0.046809568659257464,0.6422326001454555,-0.9519528973766002
['Iron Maiden'],[98465],-1.198125100805123,0.17650337317241233,0.522674754798709,0.11824285591110638,0.1601923647907038,0.4019373586282519,-0.4223874104398574
['Iron Maiden'],[98465],-1.2066578464759246,0.5047022412835097,0.4503663255580858,0.1720332604065645,-0.6309156984617371,0.6279375357145534,-0.5081091700660859
['Iron Maiden'],[98465],-1.2887877391390494,-0.06896544319240001,0.035695994356665595,0.3242564297419138,-0.8119504436471253,0.49950705633489717,-0.23896481095811134
['Iron Maiden'],[98465],-0.8375430817810053,0.35643102357297596,-0.1478017064957915,0.4313136710718291,-0.1472236426347444,0.4785865251942685,-0.4439578123571402
['Iron Maiden'],[98465],-1.1084029739804675,0.5919240275130858,0.33797218488363195,0.20438337302122886,-0.1085472110208352,0.9237536350865042,-0.8489315476333713
['Iron Maiden'],[98465],-1.125437621100215,0.3686182633277759,0.4333990409979395,0.22969222664576944,-0.4493971086195727,0.5193413261198238,-0.634146932524028
['Iron Maiden'],[98465],-1.0354487826837269,0.43019762349676127,0.3801881869362879,0.38061565870348923,-0.10490742376647551,0.7162103622037791,-1.042989377712059
['Iron Maiden'],[98465],-1.2285352409180776,0.17129824125717993,0.007152389102374943,0.24993089492601886,-0.6539332872489204,0.43613644206880803,-0.03907133156815154
['Iron Maiden'],[98465],-1.2250640142728655,0.22843874152180618,0.08405063260460101,0.09605628232163686,-0.20777573922804787,0.49541759893175485,-0.06330049457012131
['Iron Maiden'],[98465],-1.1289139783843996,0.42798780737686004,0.12355324160742184,0.0032027321542768567,0.16621458902569516,0.5656943509902285,-0.3449216406671964
['Iron Maiden'],[98465],-1.2396538266387152,-0.0032976252305842667,0.08906072429101225,0.17502970249834043,-0.19886851802297947,0.43914329683398057,-0.21328876800356514
['Iron Maiden'],[98465],-0.9480265610941281,-0.016261719338721357,0.06986114201479757,0.10888764161255123,-0.044021657478372216,0.34438958325966706,-0.15593280908427468
['Iron Maiden'],[98465],-1.0840907686540984,0.6337669657773538,0.3790847393913438,0.1521382184422888,-0.1423942645273051,0.7782656406715611,-0.7496398152641054
['Iron Maiden'],[98465],-1.3542362587248582,-0.11293314836725353,0.16061906725677644,0.23356634447020255,-0.17921662300818914,0.46097064960770573,-0.3158209331843666
['Iron Maiden'],[98465],-1.256701942194176,0.5333044347174571,0.4661674087721814,-0.08205590970410098,-0.2086766461752325,0.6614523373502138,-0.3317831706497519
['Iron Maiden'],[98465],-1.2750703239074832,0.42289940583168983,0.4776750973099428,-0.03421102604896686,0.1930954639208881,0.7794589780336526,-0.49913279148762574
['Iron Maiden'],[98465],-1.2148499255491516,-0.015447488956045275,-0.022558662378877756,0.18231889548640975,-0.034118094450826905,0.2710591488528623,-0.19624216510479633
['Iron Maiden'],[98465],-1.183575679361553,0.154397224265224,0.0822852830428698,0.21814809844630315,-0.3954637490451771,0.30243236934386797,-0.23717404471124376
['Iron Maiden'],[98465],-1.1061260085227616,0.24773527948703056,-0.028463659133820686,0.23062981089515683,-0.4088528692625046,0.23494988491100988,-0.07193586361981333
['Iron Maiden'],[98465],-1.2539272368996366,0.11081057514746918,-0.007033344531528214,-0.0073777726471485495,0.15642034176145153,0.5388570532409047,-0.07414550328307798
['Iron Maiden'],[98465],-1.0566942157535977,0.04289383653969569,-0.008811590948429768,0.1791659741468712,0.15006149604334562,0.2921082956664403,-0.15632380325845655
['Iron Maiden'],[98465],-1.0341756881890398,0.2620943559721712,0.13257303526491335,0.19768997610878775,0.17657249023412136,0.4078656927820253,-0.4304052260297458
['Iron Maiden'],[98465],-1.311800046032814,0.0029022439607271043,0.1037945544265502,0.09408905375458423,-0.18191254528506232,0.6407025688458552,-0.20152935027759264
['Iron Maiden'],[98465],-1.3076124933914308,-0.10898490492512679,0.05638422395269378,0.3709569098942011,-0.6222346383493235,0.4649179261651475,-0.24909573324761408
['Iron Maiden'],[98465],-1.2920687086950267,-0.1087794569793926,0.015295137499173436,0.14010183089227868,0.0014270760605431618,0.5622229227562849,-0.21820991549538762
['Iron Maiden'],[98465],-1.285677875015815,0.0534640680452752,0.01954184197076183,0.13396909168443985,-0.1894246111868421,0.5462611551740405,-0.10665749454746265
['Iron Maiden'],[98465],-1.1192328573397985,0.17074711145101146,0.06014329324049477,0.15322310570674724,-0.042435519690721415,0.2844136123385319,-0.10087666653020662
['Iron Maiden'],[98465],-1.1884555477904626,0.4070905885861427,0.463578660260574,0.1675633407436527,-0.19881372902138064,0.40258880519455736,-0.46453618195358803
['Iron Maiden'],[98465],-1.1449896790990994,0.027869312483600965,0.06491716743891024,0.19058553546734422,-0.3918847443814071,0.3863852971261839,-0.1349679217869696
['Iron Maiden'],[98465],-1.1903740384695098,0.04030068520337747,0.01006683381113774,0.30767313195113843,-0.16343859655572554,0.4973178821661806,-0.29633332135031726
['Iron Maiden'],[98465],-1.2306951622477686,0.21410746105167394,0.3323197906939047,0.11879976904649163,0.13902213787604767,0.27813723919355315,-0.2093137051668761
['Iron Maiden'],[98465],-1.2013593140647751,0.18700117193118382,0.2298211407175778,0.14890106927341107,-0.2208108411991358,0.30789567124102585,-0.27149965928618086
['Iron Maiden'],[98465],-1.3142675501613,-0.13544630337942304,0.06515816342432457,0.35903299282797413,-0.7516710083916701,0.9082231157175141,-0.2839013488025732
['Iron Maiden'],[98465],-1.2470005927735772,-0.13040802807702623,-0.00922701773195029,0.4217256328125389,-0.5753474067114421,0.6937133876292135,-0.5252009404247039
['Iron Maiden'],[98465],-1.1821011766725935,0.0841385737695178,-0.026086232453270162,0.2876985364104491,-0.6623097318501113,0.33155412513638655,-0.1568613265217717
['Iron Maiden'],[98465],-1.0259817949768788,0.07806540114313525,-0.043371546390376624,0.2188237390188143,-0.2048557393203631,0.3750888688029516,-0.24044555202877524
['Iron Maiden'],[98465],-1.0571223059643688,0.10053865137247363,-0.15472164499230345,0.47988342864501626,-0.5592238653522549,0.7387109733544955,-0.6197728528195872
['Iron Maiden'],[98465],-1.1727939639957912,-0.016660268007051955,-0.006904076841608708,0.16388498586623212,0.16634241726222584,0.41058597849937956,-0.17184655975484642
['Iron Maiden'],[98465],-1.0651859387191922,0.03071848832849171,0.20793250480830447,0.14065816637543932,-0.0390352662927243,0.33448388590743133,-0.2006255198746506
['Iron Maiden'],[98465],-1.2443886546160807,0.1885196350146673,0.056443141366516805,0.28309047086730943,-0.8159220647234673,0.539462880056275,-0.15865064717522306
['Iron Maiden'],[98465],-1.0882275538107444,0.21816086945849264,0.1356615401832194,0.2281469615877633,-0.026476521781175932,0.2996324450612637,-0.07536785073283389
['Iron Maiden'],[98465],-1.3022653806613371,-0.019208601524822237,0.12237442114414951,0.09386954192106965,-0.009208925311642815,0.5387862616255964,-0.20048610925473107
['Iron Maiden'],[98465],-1.2500463962941035,0.17830131809507277,-0.042432086231426025,0.09428913648590319,-0.2064492240846051,0.48725293692284377,-0.02684812565152292
['Iron Maiden'],[98465],-1.064643179117961,0.06039903836184575,-0.06215906579363903,0.11858882360602362,-0.22029931688690885,0.42755538362442314,0.0008379006160954974
['Iron Maiden'],[98465],-0.9629892042715417,0.6808286298778591,0.33392032632388263,0.2770165716405376,0.2359615151449993,0.6250694983797651,-0.9982838684642248
['Iron Maiden'],[98465],-1.2086692565001698,0.04744368304638999,-0.0488759644464044,0.2586193862206714,-0.6538716693767644,0.4172665638309288,-0.1504494248742512
['Iron Maiden'],[98465],-1.3213045491174074,-0.0829235839785964,0.24598450507417546,0.2074770063530134,-0.17606832471837178,0.519902092626654,-0.3652667120857291
['Iron Maiden'],[98465],-1.1309168922035648,0.04153189033101586,0.16392192758299268,0.0028141464758077196,-0.2897415077361303,0.6869059466899425,-0.09423662989419097
['Iron Maiden'],[98465],-1.3231889839642395,-0.09921997065457533,0.06452256305449576,0.27062226837412634,-0.4468161865628403,0.5089123690208067,-0.25939534349808885
['Iron Maiden'],[98465],-1.2736767513896492,0.2167488037849517,0.002138196236072124,0.11903491277545894,-0.19254795426174562,0.5598091156791776,-0.009346531097314672
['Iron Maiden'],[98465],-1.168009157655948,-0.023632534851371123,0.007968882103374745,0.24774923369963164,-0.6475084726763428,0.48153375412073335,-0.15001233071283065
['Iron Maiden'],[98465],-1.1660930069628204,0.034886129497397236,0.02133225603608458,0.2686022532360676,-0.19485865355492038,0.362589700526314,-0.07447953495393109
['Iron Maiden'],[98465],-0.9858040051231484,0.2454121838775746,0.022864737706525882,0.15905359873114855,-0.233995519364637,0.26175704189714405,-0.03802080537243067
['Iron Maiden'],[98465],-1.2851209314535605,0.15727676708887006,0.4680084269080096,0.3041449422848454,-0.8247454667096051,0.43767535307542765,-0.49434962541696253
['Iron Maiden'],[98465],-1.2012042173597965,0.04606336291896272,-0.0527209230453647,0.1375002169823895,-0.02357001977639204,0.41022892696941343,-0.13577960861045407
['Iron Maiden'],[98465],-1.0729330076685908,0.31414734033443054,0.3554207198124974,0.055082245503766364,-0.6772098673746293,0.5596084801641734,-0.11279642971872147
['Iron Maiden'],[98465],-1.2565074216756111,0.03961402245349546,0.0014449965680371345,0.2828579372718457,-0.45987374167832157,0.42375564890634715,-0.14894448454976683
['Iron Maiden'],[98465],-1.1981192687628504,0.22259186884134444,0.13233637491351058,0.2130669258364688,-0.6595269766521176,0.45292887035073953,-0.09054517153944731
['Iron Maiden'],[98465],-1.0603413221184363,-0.049901771909998956,0.003005088752086289,0.13330673146066754,0.14643442397140213,0.3605418327776799,-0.17334101749115624
['Iron Maiden'],[98465],-0.9476635291764951,0.12640634477567464,0.12160330164070679,0.11687022141503325,-0.2305746341768396,0.3876606035460272,-0.10471008128226461
['Iron Maiden'],[98465],-0.8495317818923009,0.2654439170165929,-0.19355209659509678,0.46082426765654755,-0.5750253204045032,0.6716768794300492,-0.7275224657036511
['Iron Maiden'],[98465],-0.7725808653742445,0.18004284280089008,0.02045422861646859,0.17692320969788106,-0.20504027181573922,0.42604820134883886,-0.2936314359606304
['Iron Maiden'],[98465],-1.2051255793615179,-0.06314013135158454,0.09510336305679173,0.01704072571220178,-0.012303516916472756,0.6539067625937239,-0.10405420945571059
['Iron Maiden'],[98465],-1.1083751248269702,0.2194336607235014,-0.1775916906062836,0.4324853623036706,-0.34626684614385034,0.9238569737334248,-0.7342057624642454
['Iron Maiden'],[98465],-1.199796586649688,0.03758811216828791,0.16077229695437234,0.29044642966523,0.016713439317207687,0.4475103510401036,-0.5042337297035037
['Iron Maiden'],[98465],-1.324939585062704,0.01634063514262797,0.06709363354118576,0.22697063551139832,-0.45110818497099037,0.5357581826819519,-0.2017843229435307
['Iron Maiden'],[98465],-1.2072762183486965,0.27581719768014495,0.10866743958253891,0.018262627954107047,-0.21638177929547997,0.5289345075414112,-0.02957272218359394
['Iron Maiden'],[98465],-1.2788253844746293,0.03546553542333386,-0.005837461320149178,0.20022970116418218,-0.6371936223645875,0.5918084238104651,-0.13891178639441865
['Iron Maiden'],[98465],-1.2325454512940668,0.05493207334108578,0.07514588363523408,0.25673147731199186,-0.20358147840132607,0.31238710008904774,-0.11699504889044487
['Iron Maiden'],[98465],-1.2583121934297432,0.06812654801585871,0.24499294079767733,0.13084958857162704,0.1551506339723603,0.35580715563708015,-0.23971251848016575
['Iron Maiden'],[98465],-0.9485715716270754,0.19231374774565482,-0.18265626570202767,0.35253518822443863,0.2542161855571587,0.7084340960449583,-0.7583985811586706
['Iron Maiden'],[98465],-1.1963791754882132,-0.09640571449678698,0.07500151601733551,0.14514239674183138,-0.1954697324108801,0.5014678933592805,-0.18095006737446848
['Iron Maiden'],[98465],-1.2575271770108798,0.2513601055356012,-0.034632490264893366,0.1259771177139262,-0.1677611492234432,0.6945562282029007,-0.1624187748853139
['Iron Maiden'],[98465],-1.266316001921434,0.1660399259971827,-0.012768810784795422,0.25945186098423156,-0.8237805844059749,0.5144866239006218,-0.08145714928696986
['Iron Maiden'],[98465],-1.3370976950075562,0.10786540131000218,-0.057285530696712696,0.08447360403659443,-0.2692528565475729,0.6934673889140924,-0.07061564478687235
['Iron Maiden'],[98465],-1.2335414178988853,-0.019742849659520886,0.06322835246348099,0.231171253909319,-0.1993894698490104,0.36505090923192957,-0.24300756947412333
['Iron Maiden'],[98465],-1.237468170848181,-0.016435295825244934,0.07731149780875492,0.26561385227540385,-0.4654437165847344,0.4141407108228767,-0.18107425499745042
['Iron Maiden'],[98465],-1.2905271430779843,0.09118760420546183,-0.016053081402444592,0.06744241128498034,-0.01749486884215964,0.5416434511231651,-0.039421968870116925
['Iron Maiden'],[98465],-1.3243356306249212,-0.04675422054881458,0.00131964875269843,0.21929513553231092,-0.4525328640526957,0.5385536868043636,-0.1996655747197217
['Iron Maiden'],[98465],-1.2299130081000422,0.1689523370561853,-0.03987224331202564,0.13603172935876723,0.04396997519846219,0.8350314168040804,-0.39242530417126514
['Iron Maiden'],[98465],-1.10545343104256,0.08987472050146028,-0.03727484529353942,0.26766667721126786,0.21660055222972008,0.5687187862453333,-0.568437565471225
['Iron Maiden'],[98465],-0.9894748852954943,0.10476669354951401,-0.0967636659142183,0.30940543156622585,-0.6416036234508217,0.4834856331563767,-0.21731330247635675
['Iron Maiden'],[98465],-1.167102252088716,0.11108913980625505,-0.08231177946814364,0.15817459240883447,-0.37807889273575473,0.5346716341572908,-0.045454860092597964
['Iron Maiden'],[98465],-1.1670500500801937,0.11066053369853059,-0.05279640207501204,0.06664146149686939,-0.19457864204276823,0.6337544926090234,-0.03138105507569743
['Iron Maiden'],[98465],-1.2262029128265695,0.0889327516829251,0.18681272942409685,0.1695475204969337,0.1661019504571056,0.3724233815782398,-0.3070133936913169
['Iron Maiden'],[98465],-0.9931482945822868,0.4674009367749223,-0.060659560233460474,0.4291473712459497,-0.5520961037818458,0.8117552356668004,-0.7984971620818907
['Iron Maiden'],[98465],-1.0138456686086739,0.1431832771803498,0.00884534138874506,0.016441893929505506,-0.05530225869909697,0.389283467530334,-0.01013127349661058
['Iron Maiden'],[98465],-1.1637036932780689,0.020887994159266458,0.03525334026212689,0.1653301434681173,-0.20893313264441796,0.401214467232012,-0.10600061661188674
['Iron Maiden'],[98465],-1.15959881052453,0.04365268820588118,0.004013916257171014,0.17974151076136047,-0.02986567160556817,0.3334649726056451,-0.098982116157272
"['J.J. Cale', 'Eric Clapton']","[119651, 187478]",-1.2432550986475077,-0.31169553789449506,0.15718732897175824,0.34208298831404,-0.5970478933876339,0.7066855277923115,-0.3688535637822088
"['J.J. Cale', 'Eric Clapton']","[119651, 187478]",-0.8236827200480242,-0.5653368888189755,0.13591585106593762,0.24846571296913125,-0.46617931359685916,0.5832576980404656,-0.12421276191170143
"['James Brown', ""The J.B.'s""]","[128099, 71970]",-0.7211633869451807,-0.7245732923381623,0.18162244697428093,0.22456710623468504,-0.27754417744016885,0.6954635545382222,-0.15610007449776692
"['James Brown', ""The J.B.'s""]","[128099, 71970]",-0.8711055608665093,-0.4955499932200275,0.15536345031512433,0.0018127713080090717,0.08293112473819837,0.8193726483904552,-0.021078532610169412
"['James Brown', ""The J.B.'s""]","[128099, 71970]",-1.135600605640506,-0.6955175412097604,0.12870306997650496,0.43821966194643114,-0.40125525324050854,0.6916086888258,-0.17738386084783364
"['James Brown', ""The J.B.'s""]","[128099, 71970]",-0.8753157500714753,-0.4934293600793178,0.14485253673139994,0.2927920712992011,0.19107528436565252,0.5371222830797386,-0.17800866530082818
"['James Brown', ""The J.B.'s""]","[128099, 71970]",-0.6602169803483786,-0.6242629240428199,0.16980307441471595,0.15047694894684624,0.05689005649211628,0.5203755461340505,-0.046446672387970726
"['James Brown', ""The J.B.'s""]","[128099, 71970]",-1.06465593682781,-0.7430444799235744,0.18886602466560765,0.27934079095998254,0.03877172525680142,0.7286783728566315,-0.14637074181999182
"['James Brown', ""The J.B.'s""]","[128099, 71970]",-1.1905627261466165,-0.5389583052514488,0.18633009704360837,0.3861179902851834,0.21760723336581866,0.5358630355004873,-0.14462935598981433
"['James Brown', ""The J.B.'s""]","[128099, 71970]",-1.2207218199287162,-0.2531896968416624,-0.06493944881384524,0.6170910880945859,-0.7123349374453212,0.8079193832838509,-0.5127086098084932
"['James Brown', ""The J.B.'s""]","[128099, 71970]",-1.0653975033908587,-0.5840674490820646,0.24278361494072562,0.32740041397281433,0.10223454413309319,0.5275344637137451,-0.10002853137229181
"['James Brown', ""The J.B.'s""]","[128099, 71970]",-0.82352236494053,-0.765848195450627,0.24490347808791563,0.382328020646474,-0.6104999771036577,0.7251074301543061,-0.1631301745221879
['James Brown'],[128099],-0.672997608119572,-0.30049548716717844,0.22512445117958566,0.0590795603780216,-0.24873125423236847,0.358509055203471,-0.10419848239750897
['James Brown'],[128099],-1.1953739535995993,-0.6060172792806394,0.13504000872275593,0.5014094229643064,-0.4043792706059893,0.6524384426278612,-0.14353465024820572
['James Brown'],[128099],-1.1201126367849403,-0.5950938187015221,0.08755695293833059,0.5370255164354676,-0.678366330811445,0.6666545289965571,-0.11870400699134222
['James Brown'],[128099],-1.199127563208081,-0.5797753663724462,0.35045958495909363,0.421560029843172,-0.5023403875899426,0.7089167446029985,-0.22479251758812302
['James Brown'],[128099],-0.8546155056752782,-0.2899907609464211,-0.0819615632044491,0.5792530754911277,-0.4496389978728114,0.8029365091091963,-0.6333921297832467
['James Brown'],[128099],-0.9426409073803756,-0.18694053504850852,-0.0143131382319697,0.5244269032054062,-0.3989055465495365,0.6095667234245488,-0.3230589878452577
['James Brown'],[128099],-0.8650503696943138,-0.7517055067657792,0.26359112815202385,0.40565183422885087,-0.6021359466809114,0.7430145407222212,-0.19687050828130223
['James Brown'],[128099],-1.0616154557544786,-0.4804071888858626,0.5937802286222499,0.2913098461900497,0.21241442180264355,0.6574417655718087,-0.2948128394975968
['James Brown'],[128099],-1.1667697171957676,-0.21804740814496548,0.41653671942741755,0.158826339535595,-0.004956445384164736,0.5347942358287191,-0.29795398161447656
['James Brown'],[128099],-1.160473241520932,-0.42833261429072683,0.3035833801945349,0.08276839610269,-0.2527717291762531,0.8320773498279718,-0.26584739246032607
['James Brown'],[128099],-0.8028432518956482,-0.5266627742313374,0.2000222427612636,0.08082906643891773,-0.029833088343787055,0.5454367888202478,-0.10124452070799901
['James Brown'],[128099],-0.9354370269382597,-0.08048055837257603,0.5193413261444754,0.24720113853180298,0.04783773588215268,0.7527104826700396,-0.6676865162615496
['James Brown'],[128099],-0.716636747907949,-0.629848161776474,0.12882474069619093,0.37337261804854543,-0.53954453600341,0.6274770027085137,-0.032606848643402825
['James Brown'],[128099],-0.9939961911896347,-0.6429104937358198,0.22952110596451153,0.4587967706247674,-0.6903771714830779,0.6849715762031195,-0.10534509883042975
['James Brown'],[128099],-0.9450037531069289,-0.4473209442917854,0.10268556474191905,0.2792778012751459,-0.6457728040290339,0.5514512304599428,-0.12402011873613819
['James Brown'],[128099],-0.48121246978170884,-0.34655425858211875,0.16463787326968557,0.1472889804292166,-0.5143244698938441,0.4842222353781699,0.08178072063113868
['James Brown'],[128099],-0.7383045318996508,-0.6781270426713033,0.1907046670405218,0.15342396428037375,-0.4621941240158,0.7555162757260644,-0.08667357518736314
['James Brown'],[128099],-1.1122497976558507,-0.6003981408213747,-0.0015704199166850378,0.5692200562816381,-0.3521563977417923,0.8443096365955632,-0.4564069208069651
['James Brown'],[128099],-0.974521493590488,-0.5270554518984567,0.15567311549253116,0.2547348864798857,0.1975073064291139,0.6162448036617467,-0.2552187641686254
['James Brown'],[128099],-1.2008405097611043,-0.3089475640538559,-0.13626310952015674,0.6179201088419836,-0.41356739365535966,0.8916082151195094,-0.6796471955343939
['James Brown'],[128099],-1.1936960204925942,-0.4182975485074642,0.04249442303843619,0.2962034773848402,-0.6995101366550613,0.7131497703763982,-0.2001661964423243
['James Brown'],[128099],-0.9118332488516151,-0.3035496977458038,0.6446098828105356,0.14908518530535178,-0.4768027132135567,0.6032343480908633,-0.30261776010063557
['James Brown'],[128099],-0.9402474007844938,-0.6652515889566136,0.19035356981454776,0.3147486604374876,-0.6995625459024098,0.77598074524298,-0.10471625763779578
['James Brown'],[128099],-1.0475881386023327,-0.7218664701369155,0.14871579195543047,0.3523408934605859,-0.05953232794308236,0.6987950342399171,-0.1091909441726829
['James Brown'],[128099],-1.225461355568024,-0.5729014206515728,0.22032072775343103,0.32957061493576717,0.04299082075675334,0.6377872353339072,-0.2008718824782031
['James Brown'],[128099],-1.3814386755638544,-0.28349731827939806,0.4708927769411382,0.5099735618659227,-0.76262654922447,0.6153656884921521,-0.3665531816351818
['James Brown'],[128099],-0.7444792962972425,-0.4960588724030875,0.3030625702359474,-0.009005590400319037,0.13952533166333425,0.5963183715070695,-0.15835136234610392
['James Brown'],[128099],-0.5323803070525605,-0.05517577254981419,-0.07591153121565286,0.34056386824989904,-0.43235208777586975,0.6739455441403618,-0.4730194009865071
['James Brown'],[128099],-1.0904620128016649,-0.6384017928953188,0.03570444682473114,0.41119040787928335,0.031937284919526895,0.5755920157148892,-0.08218905045463495
['James Brown'],[128099],-1.1662777959340307,-0.5803679401325916,0.25795500060631454,0.44047188035529905,-0.6797718017625044,0.7171990604486753,-0.24064595376533846
['James Brown'],[128099],-1.008181663550235,-0.5482424330340139,0.28509885988597505,0.13955399359463863,0.1699741352316962,0.49623231271816176,-0.3062414987869445
['James Brown'],[128099],-0.9744123208931126,-0.5766583108981088,0.1683200139017144,0.2725994752244812,-0.722297729153911,0.6504892979631075,-0.2250440604975363
['James Brown'],[128099],-0.5434120710036597,-0.40495863327154924,0.2307782937611161,0.13894839852645424,-0.3171228040393592,0.5350796003216315,-0.0013810164579134618
['James Brown'],[128099],-0.7998185911356009,-0.5538438939528091,0.18782170068015624,0.19170512701509201,0.0829573903220661,0.5652619300684246,-0.03593280382664266
['James Brown'],[128099],-1.0450254413902567,-0.5526568840134466,0.12693809924047958,0.3087454889685342,-0.6268636842309256,0.5830552100664967,-0.23516736544058056
['James Brown'],[128099],-0.6443710653366574,-0.38039875029788683,0.08949782934767898,0.021684503936639628,0.11436542291747517,0.4171673743979037,0.026388227571526306
['James Brown'],[128099],-0.8590011466091438,-0.39890957552899275,0.4920884462963423,0.2638785335481312,-0.6515207322030687,0.6322903666721854,-0.0536786666098847
['James Brown'],[128099],-0.9922467448261758,-0.527346511125662,0.18578340222534498,0.0860498222413214,0.1773122653797804,0.6569738294068359,-0.13137196981159482
['James Brown'],[128099],-1.0992864247460605,-0.4631684646506174,0.2800335151640869,0.3620831981268149,0.11371894589993942,0.5647530612610748,-0.16670017047102326
['James Brown'],[128099],-0.9135296291089062,-0.45029065431137666,0.1569873651431614,0.3008143250676446,-0.7135742198271094,0.713885093664995,-0.10920193574950214
['James Brown'],[128099],-1.1592888447252152,-0.24425080097295923,0.1411833847195616,0.408331555642599,-0.6196966099145306,0.52953436035719,-0.1337751702768968
['James Brown'],[128099],-1.1759949906487295,-0.5076438863539776,0.0313926867471124,0.29335737023061587,0.19912533153941447,0.5237166870200651,-0.17686326418452583
['James Brown'],[128099],-1.1296677749493442,-0.4035526815703369,0.9268497024593113,0.26445297315349164,0.02581137041716737,0.7356977987624305,-0.3399428871918875
['James Brown'],[128099],-1.0652155175303701,-0.7350203599566425,0.21404513337954348,0.3399940640044843,-0.05942519197850288,0.7032288771301319,-0.11413072395810663
['James Brown'],[128099],-0.5120393739888639,-0.535057563725724,0.6285022924710673,-0.06559611326936404,0.12118340360506312,0.5886090076391873,-0.22786137519838906
['James Brown'],[128099],-0.5859817151327497,-0.6447585461900303,0.28729295775463437,0.02195140000264597,0.13366522037012382,0.5553031528807808,-0.08810610759298079
['James Brown'],[128099],-0.782159652201172,-0.6593158215149738,0.1746818190923797,0.08962193886238871,-0.10523946435626474,0.719051681121382,-0.09221766869390875
['James Brown'],[128099],-1.193583709358505,-0.38287853566974916,0.7012358156396574,0.40129274258010084,-0.32287244468353665,0.6688088209834543,-0.40789722354901575
['James Brown'],[128099],-1.300929384966374,-0.45136552857793805,0.011027697386387713,0.32593084318741733,0.21076588921717127,0.5116139991759217,-0.18420742407892127
['James Brown'],[128099],-1.0465833779120615,-0.6274849979013225,0.14697469174155875,0.22856941303355482,-0.15755589480861903,0.7319907177077544,-0.18003294351121335
['James Brown'],[128099],-1.2214142388704925,-0.37985497161387455,0.8905283075775695,0.32469579742971577,-0.14422247053177334,0.7485343178563569,-0.36597440617495264
['James Brown'],[128099],-0.6239393367771632,-0.5637539701362131,0.15434417538372147,0.2186488425036158,-0.5845223590929459,0.5058372481815513,-0.0522486873604937
['James Brown'],[128099],-1.1969043015222582,-0.5507226991280697,0.25943301359526993,0.44886839693597985,-0.6791282288933971,0.6999669113201399,-0.23935969968714194
['James Brown'],[128099],-1.0405146953600026,-0.7364402825470227,0.2398493733761221,0.34103525815033187,-0.2377513555281701,0.7648915307948826,-0.07735004181725096
['James Brown'],[128099],-1.11231458013195,-0.7177889780410351,0.20722633982122785,0.32207643993862956,-0.058262967860116296,0.684320290954898,-0.13139129368100513
['James Brown'],[128099],-0.6676818436848669,-0.3840531883623016,0.2607691874632509,0.036001687526249784,0.1260726890371006,0.45397897909593254,-0.046878008924723845
['James Brown'],[128099],-1.0540957639877748,-0.6402574320856651,0.09723522003898481,0.31438203358932837,-0.4289204096858715,0.7161227875087052,-0.16433132895118416
['James Brown'],[128099],-1.077885248313239,-0.6896993737883707,0.19173937798653906,0.31871380586841425,-0.06003421398905414,0.6721641973957927,-0.10518124792719855
['James Brown'],[128099],-1.2472978162222446,-0.613655232705047,0.014163195635892295,0.536359461058024,-0.364153193492571,0.7696431214815105,-0.3757308285420125
['James Brown'],[128099],-0.6693600576400383,-0.23815633876885584,0.2968928161319227,-0.062193472109561776,-0.15098517633254321,0.581274988484638,-0.032473602837361115
['James Brown'],[128099],-1.2268014578658653,-0.48992608779298225,0.009680624151877383,0.3170417337287806,0.20584902467072586,0.5308464299064141,-0.16068220871507574
['James Brown'],[128099],-1.1684352618081477,-0.6009657155013935,0.1568471667779055,0.46464386654594375,-0.679658988376635,0.6957826139140919,-0.20788615385546702
['James Brown'],[128099],-1.2828564069214443,-0.5667960915089139,0.07799644604116486,0.48837630909533375,-0.40572540262902174,0.6046103323487598,-0.1546293008286591
['James Brown'],[128099],-1.1569561488906344,-0.6258782496586207,0.12872706230202163,0.3856232708181062,-0.21439829478703334,0.7663778331206894,-0.27508109761126087
['James Brown'],[128099],-0.9066779755608178,-0.4560087914506293,0.4364556484028794,0.1684159336388725,-0.4645571488491807,0.6770511625506208,-0.2834160749684024
['James Brown'],[128099],-0.43785630166549444,-0.3816224527807195,0.29184372314340495,-0.04264395242192944,0.09566188667755716,0.45844961935845974,-0.0068531511212888896
['James Brown'],[128099],-1.25234781334818,-0.1359706684093655,0.2471434242739554,0.082461745898672,0.10457580143979264,0.8072608334319503,-0.05120492752201211
['James Brown'],[128099],-0.5660801660277407,-0.5496520911485603,0.4517880925850733,-0.08058826628814456,0.12554649455774664,0.6509580542978765,-0.18022703967296053
['James Brown'],[128099],-0.7207277551025582,-0.3499925843666932,0.016619998021232433,0.3679863232145674,0.21722366633525556,0.6332631926575251,-0.30828675601698086
['James Brown'],[128099],-1.0107935276911242,-0.6521085170773663,0.24763663644264056,0.2672448999107775,0.11026994857874793,0.7238720441476713,-0.09487904601621826
['James Brown'],[128099],-1.1020657904365379,-0.5185902470246286,0.15080413489138694,0.3054312004048288,0.1915633155627337,0.468211994038488,-0.17299665841053413
['James Brown'],[128099],-0.659116675099806,-0.3023480642272045,0.21320540097462704,0.48210087654275163,-0.7676869819099635,0.7564627176766293,-0.3662446718569182
['James Brown'],[128099],-0.668075556867349,-0.3824566660311407,0.09051722669737473,0.168402334947241,-0.05610134108284437,0.36666550265969217,0.0489022336884798
['James Brown'],[128099],-0.5804754716746929,-0.585487419374974,0.2064708080053353,0.04116171265647339,0.1261974276961555,0.4556915355202984,-0.021009559766574388
['James Brown'],[128099],-0.46915713343404297,-0.3211310803682016,0.413608104234576,0.11825951020232647,-0.32837901912049006,0.5384047985947221,-0.06335841248909041
['James Brown'],[128099],-0.8950704480235976,-0.6743485783591973,0.435997190590541,0.30937751059704366,-0.5285390559575855,0.7366661919803384,-0.25665572289425304
['James Brown'],[128099],-1.1658896202304923,-0.44381777203082895,0.2015007962574814,0.19727987668593827,-0.07725925554634742,0.6626060448627915,-0.24699816158038074
['James Brown'],[128099],-0.7017466643952304,-0.46993627420827766,0.3595699019817204,0.1599985423638311,-0.741804518966074,0.8524203602522128,0.03760248564249633
['James Brown'],[128099],-0.994647693433724,-0.4112288123663558,0.2088855324209026,0.3787711837583492,0.015183252081026543,0.5349496103165325,-0.08221433634497757
['James Brown'],[128099],-0.888785636079155,0.011233523503556254,-0.11777968471826339,0.6167082106411123,-0.6563501609043785,0.6095116231797972,-0.5064375433536067
['James Brown'],[128099],-1.1949295308269108,-0.627572376563601,0.15974238264674842,0.5227477854316586,-0.7621897626507693,0.7172598968522695,-0.18507284450717734
['James Brown'],[128099],-0.46620585614565396,-0.640664437811959,0.35945442406726386,-0.01800501077002018,0.12126409216258645,0.5626565734845185,-0.07525186090007037
['James Brown'],[128099],-1.0634161225372,-0.653971229429784,0.12716635948835314,0.2522516501352158,-0.1612853979417041,0.7183801153541696,-0.13928303559541108
['James Brown'],[128099],-0.7441427616683783,-0.5228611845524606,0.5921612894583682,0.2793607436409892,-0.6504966937048623,0.6871924407731907,-0.05364080097606269
['James Brown'],[128099],-0.5902154687722058,-0.3415221237725985,0.36359998622007755,-0.014229148956597755,0.12127038616833888,0.5389521778643933,-0.08088491248946487
['James Brown'],[128099],-1.03278814060569,-0.09357458835468768,-0.1171364994549218,0.5338058391851943,-0.05803952746649221,0.9256873490268381,-0.7611342173596365
['James Brown'],[128099],-1.1154030034904017,-0.6651327067583173,0.3271099813018918,0.40371413424298846,-0.6713991670536636,0.8063584842404258,-0.16451486807853588
['James Brown'],[128099],-1.182602373961538,-0.40032981881212604,0.6846883919702219,0.4141782539850364,-0.3230621231530159,0.6657639613767293,-0.3520394672007643
['James Brown'],[128099],-1.2640202097928368,-0.16002500025532596,0.30468507648601945,0.3282930425723815,-0.5383838834569532,0.4820011485564495,-0.2940650043525435
['James Brown'],[128099],-0.8997050771611096,-0.6432704815286746,0.15083690584085527,0.36209608150504946,-0.4551750956787632,0.5541442623364675,-0.120090883238971
['James Brown'],[128099],-0.9575793869166435,-0.4202472492484091,0.12373180737297551,-0.053425913007297654,-0.09912707260880768,0.860581167758901,-0.03690951070865595
['James Brown'],[128099],-0.8550033036019078,-0.36609274068128766,0.7523022578817963,0.0857478535671307,-0.08465999659386322,0.9268916855300093,-0.09021534615101556
['James Brown'],[128099],-1.0718284869665606,-0.4933080583680908,0.49638371672949017,0.4301500438927559,-0.586894091844308,0.767533122932213,-0.3773886524159256
['James Brown'],[128099],-1.088044410735081,-0.5503173640434119,0.10118702442591866,0.540226340332073,-0.5792082333057681,0.6737030161010766,-0.15822001540860078
['James Brown'],[128099],-1.2328702929422282,-0.433132248762415,0.043167717965833526,0.312560533409542,0.11288495940554819,0.5417606715104129,-0.10081983630982988
['James Brown'],[128099],-1.0342382841693827,-0.5870912203882549,0.07588655567226885,0.32609063639016894,0.1893568477996694,0.4815425130845324,-0.11749770279275427
['James Brown'],[128099],-1.162524001016204,-0.6165562755061726,0.21554631396181115,0.2664177244560985,0.12302672995058969,0.6985902396274114,-0.190365319979921
['James Brown'],[128099],-1.0127534899134678,-0.535529520464679,0.010537258571272839,0.4137350605384446,-0.43401608790720103,0.5773444269443394,-0.12030106506399843
['James Brown'],[128099],-1.0627320206366493,-0.6573743750895246,0.20099996038283927,0.4772003669620789,-0.690265321387453,0.6730883896320845,-0.17207010864011882
"['Janet Jackson', 'Joni Mitchell']","[208774, 270491]",-1.0434412269684903,-0.3859507569333156,0.32283356925577555,0.41269646128628434,-0.4522809303338205,0.48620928769921795,-0.12253657452102766
"['Jermaine Jackson', 'Michael Jackson']","[324854, 467203]",-1.2500943550648986,-0.6032818784632304,0.03397048180360488,0.4854268206783999,-0.6732694331546933,0.6908652771213347,-0.2068031026178156
"['Jerry Jeff Walker', 'Willie Nelson']","[845468, 583959]",-1.2433747748373958,-0.1303526768544718,0.5975477237769684,0.12354653884248848,-0.1714483598347609,0.6960202280578334,-0.45317097713288584
"['Jim Morrison', 'The Doors']","[31022, 114342]",-0.37392232332874376,-0.3585346951545054,0.9231927212060637,0.2708761666596339,-0.43440250793505586,0.5170771071821008,0.17340128228802829
"['Jim Morrison', 'The Doors']","[31022, 114342]",-0.40071671987100194,-0.26749500496056106,0.1505501391630085,0.039645947297681415,-0.7224667681771467,0.5194603159022149,0.07489670870249028
"['Jim Morrison', 'The Doors']","[31022, 114342]",-0.5264516177995688,-0.41206461960136986,0.31272063241168824,0.14449974781473257,-0.8646264970643819,0.6950942697935824,-0.133807728887525
"['Jim Morrison', 'The Doors']","[31022, 114342]",-0.2796520160118762,-0.43296492246136936,0.7627422990394617,0.008399898041936794,-0.0879297905253449,0.5570482273020877,-0.022837094314888645
"['Jim Morrison', 'The Doors']","[31022, 114342]",-0.638745016169101,0.5287487817617155,1.047114033113136,0.1691498485243737,-0.610011221808727,0.9776085178351063,-0.6454370145297154
"['Jim Morrison', 'The Doors']","[31022, 114342]",-0.5447862314411609,0.4009485248376946,0.5706778245879512,0.12904723501513526,-0.28832771852592765,0.6770192231613346,-0.4881152322591402
"['Jim Morrison', 'The Doors']","[31022, 114342]",-0.7663811021639607,-0.5227657534565604,0.11612272583678322,0.267055260160242,0.20435357722014058,0.6761545125716032,-0.29503716055980816
"['Jim Morrison', 'The Doors']","[31022, 114342]",-0.7436010122242581,-0.332855628707551,0.1534103641439565,0.2147961927326226,-0.038876741579764756,0.4137801163979716,0.06635795396750228
"['Jim Morrison', 'The Doors']","[31022, 114342]",-0.8562756936470484,-0.5766603708198408,0.22145163368352058,0.25882534331728885,-0.4519098121531903,0.6893507418942343,-0.1725877100769281
"['Jim Morrison', 'The Doors']","[31022, 114342]",-0.757791591079879,-0.3360396246557139,0.15344848506188064,0.06319961771327301,0.12864123951058234,0.45149962822906986,-0.03912695173905668
"['Jim Morrison', 'The Doors']","[31022, 114342]",-0.47149285531747237,0.05602914021783167,0.6345708329500163,-0.2351251108586682,-0.11504226805715671,0.46996506910061947,-0.13897526631597856
"['Jim Morrison', 'The Doors']","[31022, 114342]",-1.0223830559803613,-0.36437268506294274,0.17199310615148086,0.10877734281562708,-0.015073522325673914,0.6284404840692379,-0.1497621226492968
"['Jim Morrison', 'The Doors']","[31022, 114342]",-0.14608550469804485,-0.3988107263102289,0.5886249604968823,0.009399539138652796,-0.02941195948950038,0.303335642961935,0.043906559864919065
"['Jim Morrison', 'The Doors']","[31022, 114342]",-0.909150305597922,-0.5426365848992415,0.05318730476829773,0.503790821880531,-0.5534629972637919,0.9591635332731218,-0.4499443856843543
"['Jim Morrison', 'The Doors']","[31022, 114342]",-0.203396759948413,-0.12924213450518587,0.6814120680297592,0.030984678271262545,-0.9170183976614209,0.6292061912513548,0.07173480308344389
"['Jim Morrison', 'The Doors']","[31022, 114342]",-0.7165441927965088,-0.41522795898314635,0.07534411719488537,0.10942454945772245,-0.6688479507208531,0.7116063282541816,-0.011271950834490558
"['Jim Morrison', 'The Doors']","[31022, 114342]",-0.16848533244345276,-0.5001930379905449,0.3566021716833145,0.02958904163234653,-0.2788460311932472,0.4830080623663263,0.07367788997434772
['Jimi Hendrix'],[354105],-0.9180751939429824,0.02134121323208143,0.2717523079977722,0.31962915636276545,-0.4893210063107845,0.8297961634204204,-0.7669351414719838
['Jimi Hendrix'],[354105],-1.208637201332467,0.315036113142253,0.37104113430611213,0.017494690793629152,-0.3897181426810933,0.641356998416827,-0.2169176837019889
['Jimi Hendrix'],[354105],-0.779398097522894,-0.17400092601465608,0.17160539239590852,0.23839666513721708,-0.7761078750260394,0.38710089181089086,-0.11836222795167253
['Jimi Hendrix'],[354105],-0.8293919527299475,0.6279742113637765,0.4411823239694234,0.20944484140888586,-0.15555839098339655,0.646026497265328,-0.8041485034022657
['Jimi Hendrix'],[354105],-0.9332815105578887,-0.43124294304532473,0.23321077149638791,0.0954586040050289,0.07372715062029146,0.6111082922041979,-0.2278190996092132
['Jimi Hendrix'],[354105],-1.0957671916882756,-0.20167357217255955,0.20731629999716286,0.050492440011176414,-0.10115193088669198,0.6927295548093381,-0.21314546451283656
['Jimi Hendrix'],[354105],-0.3540861751310362,-0.4014763437622731,0.15190760314534005,0.08722234836898325,-0.2951846270877279,0.7479681943667421,-0.1568245936279273
['Jimi Hendrix'],[354105],-0.9550150861850024,-0.11178251739965452,0.5047053480579242,0.17810622921326852,-0.484292253472877,0.5103850870621477,-0.2299117459980546
['Jimi Hendrix'],[354105],-0.21252343598490947,-0.606417300133824,0.29842518181832334,-0.05620492289876776,0.0969542813011119,0.580938282955576,0.13137017161355516
['Jimi Hendrix'],[354105],-0.968941659389681,-0.11896033396625982,0.2823320357015802,0.10971702564524757,0.10884155087563156,0.7517322285438995,-0.4532323753298732
['Jimi Hendrix'],[354105],-0.8279846253732075,-0.08565795462846747,-0.10478509685479812,0.49277176822534274,-0.6456176390330983,0.8346132174552022,-0.634511507331483
['Jimi Hendrix'],[354105],-1.1788678096493568,-0.136660494496367,0.23214309192767235,0.11270499837650412,0.1611229647111226,0.4356282968082974,-0.20817375662474097
['Jimi Hendrix'],[354105],-0.8960958622721119,-0.007130321043684878,0.4033370451056361,0.08990198179460605,-0.13736801566117998,0.43904122029365694,-0.2689311939160895
['Jimi Hendrix'],[354105],-0.7105830324353966,-0.08062949172907258,0.41834752262134856,-0.11111202085005413,-0.8534920768754957,0.9431098045436417,-0.13237984936697486
['Jimi Hendrix'],[354105],-1.3239252201391067,-0.17069722196865625,0.3634738440530495,0.2256710200589824,-0.2532088502339663,0.6284764905900725,-0.3679547295270226
['Jimi Hendrix'],[354105],-1.0096003962000037,-0.19052331095549135,0.018667388054350007,0.30804843400510884,-0.7433677491479503,0.4596714908145745,-0.1628415377733278
['Jimi Hendrix'],[354105],-1.0390094697068715,0.07742076840269872,0.2399061602722175,0.12389667859977459,-0.005548345176407593,0.623697577446507,-0.2075954205752001
['Jimi Hendrix'],[354105],-1.1230431041908366,-0.38343738591480786,0.04544641523904163,0.2378864730760217,0.09084302751514642,0.5158899819098959,-0.14072180751986876
['Jimi Hendrix'],[354105],-1.1343749656522717,-0.013820289989627242,0.01781775643712,0.3597525259086405,-0.502246763814184,0.6673874380023928,-0.5414259872734006
['Jimi Hendrix'],[354105],-0.6691032078888413,0.6978270041987267,0.28704047157096924,0.26677328140945505,-0.5105363004798191,0.7400212306526378,-0.9511611375580026
['Jimi Hendrix'],[354105],-0.8005025968895761,-0.20552443982051696,0.17733883428676495,0.24825831061055326,-0.7711479383219112,0.40548513578025436,-0.13666902414512624
['Jimi Hendrix'],[354105],-1.1028990713015805,0.057833160683368925,-0.2027694353867451,0.2972407637630949,-0.5887325632641821,0.804403983810778,-0.32742602869345677
['Jimi Hendrix'],[354105],-1.3349025664926808,-0.04996383785296636,0.16568628115697717,0.156242579137646,0.008651250594756762,0.5912640953139071,-0.21444836660900038
['Jimi Hendrix'],[354105],-1.2222957463060327,-0.16748038717801292,-0.005289297526427341,0.29384475524445247,-0.5432072790848447,0.5154767878253206,-0.16299199567367878
['Jimi Hendrix'],[354105],-0.9595825819177016,-0.30431573401760503,0.08676463083288954,0.3847761974922947,-0.8236674518805727,0.5033109632212641,-0.151263948732579
['Jimi Hendrix'],[354105],-1.047352705664782,0.043489031114416744,-0.12923979189126295,0.4129306329089797,0.06055641077542587,0.595833403381228,-0.5618918736827153
['Jimi Hendrix'],[354105],-1.084025822422513,0.12598354905131243,0.5010413397005468,0.3034916402436002,-0.5252488266275253,0.6551596012098342,-0.5029120926008458
['Jimi Hendrix'],[354105],-1.148497143890515,-0.1316612974185111,-0.012077424840691875,0.1024809006549975,0.07161123155546055,0.5277576627842144,-0.07554975862294744
['Jimi Hendrix'],[354105],-1.182384950320332,-0.15144810130138456,0.227564208726558,0.12158805689253269,0.16293301506252264,0.443133501774285,-0.19570900843351566
['Jimi Hendrix'],[354105],-0.7638714935228015,-0.15999150065439133,0.09214411710342464,-0.12087388146142085,-0.31803667337965125,0.7798872939581516,0.04448799872784618
['Jimi Hendrix'],[354105],-1.1538429280334037,-0.11618812024884886,0.10928352467624818,0.2899337771886581,-0.16722180433469006,0.5040111344976863,-0.38813490840494164
['Jimi Hendrix'],[354105],-1.109103433424477,-0.012425553575768664,-0.01321403407332997,0.09914507698427917,0.06433964041715867,0.48068256074959576,-0.10741139439180045
['Jimi Hendrix'],[354105],-1.0061571340203632,0.04081673562340137,0.3655866056011424,0.23276275165178228,-0.2739861200837613,0.6021300768487456,-0.22840732057421936
['Jimi Hendrix'],[354105],-1.3229791954969325,-0.07918784793278986,0.04928155754465742,0.15388294757849433,0.10930293939880602,0.6443463458123432,-0.24386296678582492
['Jimi Hendrix'],[354105],-1.325556929446954,-0.08639473053541655,0.03686266203162277,0.14321916661286715,0.10221195649846208,0.6119900262841198,-0.1998442572501183
['Jimi Hendrix'],[354105],-0.5758675392366048,0.296582219333012,-0.1543330672772938,0.2888641601880105,-0.09661514433312522,0.46556304226795875,-0.526540026719737
['Jimi Hendrix'],[354105],-1.3229915462610566,-0.32006231211061836,0.09892348966290765,0.21437879489629197,0.0206608629751993,0.6192997739541684,-0.23305021963431136
['Jimi Hendrix'],[354105],-1.0806621258775584,-0.0076305149051717515,-0.1086063882412901,0.3992636736166766,0.05694110254056167,0.593730623672187,-0.5267600603064562
['Jimi Hendrix'],[354105],-0.9049331602743285,-0.27538531672702893,0.06328011109004622,0.26721128093270113,-0.403993746166511,0.3250772695550633,-0.10266168615660333
['Jimi Hendrix'],[354105],-1.12179080974187,0.04032278890458932,-0.19143778621476232,0.2826836432445931,-0.5925535717057404,0.7993604536735355,-0.30011681520579775
['Jimi Hendrix'],[354105],-0.7664117083235268,-0.2127438692682612,0.15752714369016974,0.1793070763953062,-0.3260175744863238,0.3505915448686884,-0.11411918113449226
['Jimi Hendrix'],[354105],-1.1294740367866185,-0.08549362371675388,0.15225734860882653,0.24671420807115424,0.10157364719657536,0.4783024914676795,-0.4257248901657381
['Jimi Hendrix'],[354105],-0.9404860694009,-0.06649431642988969,0.6548110538336472,0.21456560619130893,-0.8421628519253989,0.5789669915939255,-0.2781840990688124
['Jimi Hendrix'],[354105],-0.6322338767933027,-0.23135843331299796,0.18531587477477415,0.0963720397571829,-0.34792493117641937,0.31917822220391995,-0.1464144835032279
['Jimi Hendrix'],[354105],-1.1622774767987334,-0.1155489363427712,-0.011070973903357663,0.10992216116851312,0.0739077840578702,0.5261780127762175,-0.08527105593175228
['Jimi Hendrix'],[354105],-0.9402222536109721,-0.2477367372193692,0.05801709792707581,0.3054541367444592,-0.5531473555097972,0.5026680649669234,-0.19239535277795544
['Jimi Hendrix'],[354105],-1.368655505997856,-0.0373654572847159,0.15975800911444776,0.2519800870383676,-0.6140022549454027,0.669748415282979,-0.23686767381725318
['Jimi Hendrix'],[354105],-1.1020516915733725,0.052518111771548824,0.4194347483327142,0.2464630771781522,-0.5568986775036517,0.5272140113077165,-0.3358310259606493
['Jimi Hendrix'],[354105],-0.9266921629979481,0.205721013594779,0.10082631770496389,0.16677872332278926,-0.5277819476853189,0.7738862502850316,-0.36335631140659136
['Jimi Hendrix'],[354105],-1.3240315383305654,-0.07999431668037665,0.039988294031101976,0.1435166253977818,0.10189115502645797,0.6089376900572375,-0.2002275886637244
['Jimi Hendrix'],[354105],-1.2151661610840065,-0.15162615498364462,-0.011957084797307203,0.2950858414216296,-0.5453519976882774,0.5003369265665019,-0.14998317178830384
['Jimi Hendrix'],[354105],-1.0498243489164936,0.056255972638596045,0.2257859533547569,0.07873858552521618,-0.5629168387062559,0.7348150739886625,0.06578897515152597
['Jimi Hendrix'],[354105],-1.1680140860578163,-0.16658266128144641,0.14749578167043834,0.13243516643836376,0.16179077492680635,0.4243085010054586,-0.1572703075207656
['Jimi Hendrix'],[354105],-1.3061844447007553,-0.04332963000338704,0.4389286630648743,0.15550172873346496,-0.25478976058941405,0.6887336022334976,-0.4987910873197483
['Jimi Hendrix'],[354105],-1.1195557512988772,-0.08519466418934327,0.08570933971316204,0.3159995833150362,-0.5636362360178607,0.3800505943103853,-0.17115128702085636
['Jimi Hendrix'],[354105],-0.9223007357973276,0.27923452982664154,-0.024910091011948944,0.4763942820805374,-0.7445148675310618,0.7785882199439027,-0.694978156339584
['Jimi Hendrix'],[354105],-1.3201982787417634,-0.31352764330492244,0.10034803849864844,0.2102510646035174,0.01961320237723553,0.618288702228134,-0.23339256530635089
['Jimi Hendrix'],[354105],-1.1674324912965572,-0.46890736495520435,0.10033224662356842,0.32076643879743316,-0.5209448843237346,0.6610195746899857,-0.20686491326215795
['Jimi Hendrix'],[354105],-0.9610245525406345,0.24858273773290965,-0.20507377557066633,0.4668196101344126,-0.3655535264449598,0.7762910005371209,-0.7941530959185367
['Jimi Hendrix'],[354105],-0.9209165795960516,-0.3483821137055783,0.09545382393668245,0.2850653843475374,-0.7524085649036163,0.47474533745641156,-0.17964875898422428
['Jimi Hendrix'],[354105],-0.9339011378888973,0.13741306958440447,-0.000798256717570802,0.12423613066532677,0.17287148847416398,0.5749218859069267,0.0031018928254878757
['Jimi Hendrix'],[354105],-1.2476345972711391,-0.17511509652216675,0.3150037835922653,0.2530765342000577,-0.7859873271793314,0.8372679568043356,-0.2785027163161761
['Jimi Hendrix'],[354105],-1.1618756506307442,-0.39876260037464506,0.4059142036365898,0.2405901159584736,-0.34467235146971553,0.7076873537592766,-0.31582538138241806
['Jimi Hendrix'],[354105],-0.9409801081993348,-0.1654106088576898,0.14670281899589488,0.08840190948893406,0.1303180439738928,0.3152447285121534,-0.16152556546607102
['Jimi Hendrix'],[354105],-1.233206532450647,-0.17607032801391537,-0.005036210665785522,0.2971951563777941,-0.5410568067857618,0.5244428426306221,-0.16720506480114594
['Jimi Hendrix'],[354105],-0.9953207058696418,0.23927264280812655,-0.18285437797313284,0.5326760991003858,-0.5447158673457861,0.7593968634195767,-0.708264331453067
['Jimi Hendrix'],[354105],-0.8619668893872767,-0.311108294151254,0.2597365635049994,0.20827450909655826,-0.7362116513639981,0.6994936607159273,-0.01663650884351748
['Jimi Hendrix'],[354105],-1.223560801272229,-0.15565684486382012,0.15060616867875387,0.1625012953404216,-0.27161317116679395,0.603497150175605,-0.15662597467642805
['Jimi Hendrix'],[354105],-1.222647059420402,-0.02353344756008572,0.27409477973980234,0.1301456673149418,-0.45054036731604696,0.6855695063316765,-0.28269403837203694
['Jimi Hendrix'],[354105],-1.3451071555639313,-0.22064859957770117,0.2635800053575114,0.28025644569966884,-0.3395945795720567,0.667269462452773,-0.20104848120139673
['Jimi Hendrix'],[354105],-1.3342247648711811,-0.343489278480225,0.19484082025096197,0.23421219940912616,0.10604120925045814,0.52509018460457,-0.33689760347377584
['Jimi Hendrix'],[354105],-1.2214975885720547,-0.43140775429112,0.05605475828235903,0.3185001077810501,0.1072959289574008,0.46437301597627745,-0.22447353727696068
['Jimi Hendrix'],[354105],-1.122676582778673,-0.022171699272843706,-0.04321528276788703,0.24900736495089346,-0.8320704719553291,0.5082643752012038,-0.0691322472397293
['Jimi Hendrix'],[354105],-1.2436728490497295,-0.39978762980823507,0.14312416345451742,0.2474532928151641,-0.3264880567207299,0.7526598204646244,-0.32196261023841805
['Jimi Hendrix'],[354105],-0.9521194567113789,0.14941969992033996,0.19759335675717563,0.12943698895617023,0.056208486812609884,0.4339753495433472,-0.0033988498399220436
['Jimi Hendrix'],[354105],-1.1043265332545196,-0.176054125703752,0.4781352486669568,0.20104917050438587,-0.46493028932048547,0.5272912036429429,-0.392223930755075
['Jimi Hendrix'],[354105],-1.024270870976764,-0.3051529357763786,0.4494758252657476,0.22428454546123144,-0.010097188538646473,0.5236890558230253,-0.1471231609493589
['Jimi Hendrix'],[354105],-0.8742744776230966,-0.2366317313557413,0.12870507248857427,0.07643764548004976,-0.5736034640477016,0.6323557557111924,-0.0314088930157184
['Jimi Hendrix'],[354105],-1.0778371937196645,-0.13058457240815705,0.08295330941398035,0.14391709656730484,-0.023141902392707588,0.45591511773585724,-0.13267100459705694
['Jimi Hendrix'],[354105],-0.9542503997083082,-0.16710216798499716,0.39303798813634067,0.09282885044058127,-0.29860942195188267,0.5664975564095193,-0.15399921022904645
['Jimi Hendrix'],[354105],-0.7458456983930738,0.1995958700861185,0.16221184257369395,0.18608350873372162,-0.4085064381683496,0.4100612582943837,-0.15928192455183765
['Jimi Hendrix'],[354105],-1.0222199399550496,0.0611787154389894,-0.14107181563653157,0.43618623680909857,0.06966173355443638,0.6265472121869204,-0.61170261797017
['Jimi Hendrix'],[354105],-0.46116318799541695,-0.22124154840331134,0.2820939649746113,0.05702360445484137,-0.014761102889582576,0.21693591840019827,0.02984912344987929
['Jimi Hendrix'],[354105],-0.0924193748994878,0.35161800218146405,-0.12938053860754567,0.2991654688236694,-0.4107854658815327,0.2900104714684262,-0.7061693727600419
['Jimi Hendrix'],[354105],-0.9337452164658043,-0.3543016312531689,0.032598985898582816,0.21489072939672935,-0.5334791642245106,0.801494931974828,-0.07050655580003631
['Jimi Hendrix'],[354105],-0.966904793538841,-0.10615659755431174,0.24669566545578672,0.2513480178121164,-0.5708330630054536,0.45574772799557556,-0.07641569324656856
['Jimi Hendrix'],[354105],-0.7381222152878096,-0.2990049975022026,0.06259425198575032,0.24135208511764025,0.07251146620703504,0.45838318616431617,-0.2165407661964452
['Jimi Hendrix'],[354105],-0.6342595248578571,0.12056761969659822,0.00971441437339635,0.2644658002646927,-0.8279039865268484,0.6680645117206027,-0.26740724521758696
['Jimi Hendrix'],[354105],-1.105865799185963,-0.07836477793935169,0.1188983946125859,0.13893899581145244,-0.018195301237943745,0.5212178979323877,-0.1619662369112781
['Jimi Hendrix'],[354105],-0.8255437433062964,-0.27300870446909237,0.11432851289045173,0.29314256677905,-0.5478817205678774,0.6059502244534277,-0.15529750503511977
['Jimi Hendrix'],[354105],-1.1395609100826913,0.0029071045402312345,-0.173106872329474,0.27522421908948536,-0.5964100839701197,0.7871518201038802,-0.2805056251127378
['Jimi Hendrix'],[354105],-1.1350475708007348,-0.055101190121734804,0.1559783534195692,0.29222516261738973,-0.16336361661814502,0.518799802985782,-0.4586073194435135
['Jimi Hendrix'],[354105],-1.1772323966804845,-0.2625318797596241,0.07103775645572206,0.26516626107885394,-0.26878181167952514,0.5372906173574269,-0.20700589280928378
['Jimi Hendrix'],[354105],-1.0401453724179215,-0.13683258923624192,0.32706987636129914,0.07205664818796298,0.06645125670902553,0.5365137735299319,-0.25198464899616596
['Jimi Hendrix'],[354105],-0.8270291001574847,-0.08258232520504176,0.04036779315289986,0.06946811067507953,-0.14360915273867383,0.4678596948484448,0.007788146624953189
['Jimi Hendrix'],[354105],-0.7915249644019157,0.2050552842681296,-0.018305198393298968,0.24657315744425398,0.2326593026110402,0.8239692080146872,-0.46853039914576317
['Jimi Hendrix'],[354105],-0.6660113743710905,-0.06811982624357875,-0.10236088249205093,0.4975698615125797,-0.6515517516917255,0.8571088791458745,-0.6614239258839202
['Jimi Hendrix'],[354105],-1.1713718824360135,-0.3554813938479304,0.06734607824238216,0.3140089272824221,-0.5243910334794026,0.6690665837499987,-0.18609404332901883
['Jimi Hendrix'],[354105],-1.0032496464113274,-0.02926931172320344,0.05567216972982558,0.17131045524579355,-0.5726505383065642,0.5224359052990272,-0.07172792312662635
['Jimi Hendrix'],[354105],-1.0015749571694386,-0.04099242476847776,0.6219526419855832,0.01155793351061924,-0.4601922485536584,0.9678164904320792,-0.14032489104024512
['Jimi Hendrix'],[354105],-1.3633717448419842,-0.034990326527801915,0.14915620970889482,0.25188786438365485,-0.6142401068272141,0.6682210146622052,-0.23584018725425535
['Jimi Hendrix'],[354105],-0.6518201194332424,0.3238399776325872,0.20775463566871694,0.2849357054570467,-0.49835768242261624,0.812869603846033,-0.75856517245643
['Jimi Hendrix'],[354105],-0.6948370030839635,-0.3996953623239748,0.1694307758041025,0.1070624423426708,-0.31825426391437034,0.5032996582663,-0.08756972121029717
['Jimi Hendrix'],[354105],-1.3039542973548321,-0.2510219823730228,0.030489013550912707,0.2862754403620809,-0.2586290584314879,0.5206083484601117,-0.22433452847486723
['Jimi Hendrix'],[354105],-0.5806471813770148,-0.05468198409153989,0.10771090619040471,0.17292220615955,0.20098504571188397,0.7578004140179784,-0.4355894705671632
['Jimi Hendrix'],[354105],-0.9870209450739542,-0.16665651698862063,-0.023085131667496518,0.14291113737574487,-0.39454144179665773,0.5243618897714023,-0.0012163387796039443
['Jimi Hendrix'],[354105],-1.3197710472579154,-0.3104027619737756,0.09590527277054336,0.21367665313690662,0.019415054866396445,0.6134668304709842,-0.22599890648858004
"['Jimmie Vaughan', 'Eric Clapton', 'Bonnie Raitt', 'Robert Cray', 'B.B. King', 'Buddy Guy', 'Dr. John']","[347639, 187478, 96613, 830425, 59156, 942529, 205180]",-1.1768681503995821,-0.202454055877427,0.6495837154108892,0.12594066170448723,0.18667905094848397,0.5840602663901171,-0.46420993491077944
"['Jimmy Buffett', 'Clint Black', 'Kenny Chesney', 'Alan Jackson', 'Toby Keith', 'George Strait']","[350840, 792370, 68551, 605375, 510805, 944084]",-1.3350106368090857,-0.47172600923912383,0.14457837220483663,0.3047888643011293,-0.4062277103908761,0.7600244891375738,-0.26363690408482826
"['Joe Williams', 'Ella Fitzgerald']","[213590, 184502]",-0.5569286477321544,-0.39579904968460766,0.37459109610041474,-0.09233460675188629,0.11520065546758883,0.5883129098710687,-0.055029901964355935
"['John Coltrane', 'Johnny Hartman']","[175553, 212612]",-0.09976917493649905,-0.30789976560650695,0.18941317948944536,-0.11201262159861186,0.09300682005902143,0.5737784382257818,0.04214475588412343
"['John Coltrane', 'Johnny Hartman']","[175553, 212612]",-0.19585309884499627,-0.33471137861366435,0.1970056854594949,-0.010055873281235039,-0.7318221756360682,0.5467072629916183,0.15068627344297955
"['John Coltrane', 'Johnny Hartman']","[175553, 212612]",-0.12613441035671222,-0.2501656136802049,0.1902039375567963,-0.05294697886787474,-0.19245496642191023,0.44999570193320265,0.04767364406768936
"['John Coltrane', 'Johnny Hartman']","[175553, 212612]",-0.18713149817166758,-0.2794997420253598,0.24155320319414633,-0.043800011921140546,-0.46776478196239624,0.47438217573133085,0.14482210815098534
"['John Coltrane', 'Johnny Hartman']","[175553, 212612]",-0.12475105728415974,-0.3661036046748976,0.1913380367467511,0.17466309802375155,-0.8041720066522233,0.46247856995622927,-0.046133307249202254
"['John Coltrane', 'Johnny Hartman']","[175553, 212612]",-0.16384511740973579,-0.22992505890472598,0.22455665817468712,-0.08213957107373442,-0.6516847472905929,0.5563493807159616,0.1835622799282841
"['John Coltrane', 'Johnny Hartman']","[175553, 212612]",-0.4579647098389173,-0.5836928743086663,0.20677153012442917,0.038326326398667794,-0.3229925089271609,0.6612819197569202,0.007142349069295999
"['John Coltrane', 'Johnny Hartman']","[175553, 212612]",-0.07218690849349176,-0.21646321265651716,0.21513397785749566,0.010638536280732691,-0.4588589862805621,0.47445321276694774,-0.003759431224913071
"['John Coltrane', 'Paul Quinichette']","[175553, 28015]",-0.8892384228392918,-0.48066038440282455,0.09358444932610013,0.287236516354908,-0.544117527356969,0.6677426244548088,-0.08835246386193588
"['John Coltrane', 'Paul Quinichette']","[175553, 28015]",-0.5721962196474157,-0.414314018996643,0.15090550010672077,0.12171355397729232,0.11808703087201453,0.3643438895852095,0.00014038892684644654
"['John Coltrane', 'Paul Quinichette']","[175553, 28015]",-0.7313897149247514,-0.29629324233275844,0.19431541678691505,0.13607433135425287,-0.5694930084329781,0.7187858175886643,-0.023177682496043326
"['John Coltrane', 'Paul Quinichette']","[175553, 28015]",-0.5996990231543439,-0.35102678906530055,0.3314295062055246,0.01712626202482647,0.12449199791345913,0.5098395021171526,-0.05713101150980536
"['John Coltrane', 'Red Garland', 'Paul Chambers', 'Art Taylor']","[175553, 882950, 747984, 505154]",-0.5608393000106049,-0.4439045056602712,0.27970277424252044,0.09317827168132463,0.1278833687753798,0.425159073262634,-0.045934460369369885
"['John Coltrane', 'Red Garland', 'Paul Chambers', 'Art Taylor']","[175553, 882950, 747984, 505154]",-0.7194601359542839,-0.520664830547174,0.2755941579281651,0.10749112888451298,0.14966456502071068,0.5066236981211966,-0.1524650178493684
"['John Coltrane', 'Red Garland', 'Paul Chambers', 'Art Taylor']","[175553, 882950, 747984, 505154]",-0.5798527586412886,-0.2885956633369939,0.19157479205276573,0.22773196858212635,-0.40553220791751216,0.438409627605202,-0.008665134468838853
"['John Coltrane', 'Red Garland', 'Paul Chambers', 'Art Taylor']","[175553, 882950, 747984, 505154]",-0.11267500038602586,0.02376572735930906,-0.02075622708209972,0.16626248740349742,-0.7060832020379808,1.0316893146635313,-0.2706254791350479
"['John Coltrane', 'Red Garland', 'Paul Chambers', 'Art Taylor']","[175553, 882950, 747984, 505154]",-0.32834122969930796,-0.23274127793149765,0.19859976335652404,0.09877740039800051,-0.18014489522868882,0.2790141143080108,0.09411153979633298
['John Coltrane'],[175553],-0.4200618167824555,-0.3555524589319931,0.17454725290400333,0.089545892572286,-0.3260973015779235,0.5761368128612727,-0.028074644867703627
['John Coltrane'],[175553],-0.5213840622734882,-0.2769369959604781,0.22372554770053868,0.13835420318293778,-0.6012788354968827,0.5233502964901501,0.011984825399202164
['John Coltrane'],[175553],-0.5968356924712231,-0.3125332276031706,0.15982690279975603,-0.0713490327923128,0.1130901796662626,0.5288467947510935,0.009603802138926662
['John Coltrane'],[175553],-0.9165762326886203,0.015659398729453305,0.2142059115968835,0.2713465372687071,-0.4746510669104195,0.49755419788201655,-0.1447203625493917
['John Coltrane'],[175553],-0.5716001763068209,-0.24050393562281777,0.29873377189836675,-0.14413106008567184,0.12900065839853128,0.751588931311444,0.06248714180221577
['John Coltrane'],[175553],-0.7957020361271764,-0.13203607219055224,0.1976424398769675,0.10971057122349315,-0.32933931168457736,0.3916885569535674,-0.15354376755631569
['John Coltrane'],[175553],-0.755080135234316,-0.16395693236461403,0.23975467407627044,0.09876523423395028,-0.31387663580180203,0.566352214821811,-0.07858601469347355
['John Coltrane'],[175553],-0.964078413398241,0.11252031457664219,0.06181646449638923,0.29164739177511223,-0.2860576118203886,0.43213042938240553,0.01722092019729375
['John Coltrane'],[175553],-0.07303780130725397,-0.24711665391195073,0.0506071310507275,0.09992340575204264,-0.27300350145750735,0.9356968055818677,-0.41467674395693205
['John Coltrane'],[175553],-0.6778645150144512,-0.3842902606753149,0.18241139838079257,0.21142869432056358,-0.7382366398332985,0.7072465221296694,0.010773368211397733
['John Coltrane'],[175553],-0.08445645158283686,-0.09042100834091236,0.0542975494085067,0.3151884218117134,-0.5402880956421141,0.7294587775435193,-0.26108171270750313
['John Coltrane'],[175553],-0.6454254666350607,-0.2500439889669653,0.13846354231594954,0.03294230957771298,-0.06014728766047577,0.48849629425963875,0.0444303131541742
['John Coltrane'],[175553],-0.7788848847514626,-0.12204980039393895,0.043428404966587925,0.03747845133888734,-0.5791463634767139,0.7335303273879835,0.08351280856846349
['John Coltrane'],[175553],-0.12003207414306495,-0.1701305567724878,0.09079085173789236,0.23207023495386328,-0.2934623917577648,0.563054057747984,-0.38549614195752663
['John Coltrane'],[175553],0.0017095365726608482,-0.11100104688770006,0.04494139770316303,0.3621832101464719,-0.25975262160842905,0.6447407738347505,-0.4708233796744212
['John Coltrane'],[175553],-0.46653207124156293,-0.2809789140032984,0.40083893239899476,-0.08835862201570954,0.1320418252911904,0.747271668158652,0.04918455949693738
['John Coltrane'],[175553],-0.6260367364926542,-0.4791244372913506,0.16527651052290646,0.1421918562216829,-0.30748402428922633,0.58219930626348,-0.05519040733498425
['John Coltrane'],[175553],-0.24904814332125522,-0.3607110101816521,0.1383083321285694,0.25287642854202586,-0.5616615867005794,0.6620789176084388,-0.237882390940364
['John Coltrane'],[175553],-0.2256532156300083,-0.50249563125254,0.21001025233042656,-0.06451796437116236,0.12498055061053391,0.7200931491845144,-0.012034381912745354
['John Coltrane'],[175553],-0.44926578552763696,-0.18856327751518584,0.13960093048195332,-0.11201418976010016,0.09449918195936889,0.4888423009120505,0.08739639510742563
['John Coltrane'],[175553],-0.5567735415367933,-0.37880813225618015,0.19102231273945258,0.00784062270702108,0.11649767028850057,0.4339577231867168,0.045537003487484316
['John Coltrane'],[175553],-0.2290150452505956,-0.3646840906833272,0.0466076342299089,0.20126912092745025,-0.030003737122325222,1.120023155908375,-0.613556775800448
['John Coltrane'],[175553],-0.5344334003923105,-0.29734585755694026,0.16948155727916275,-0.00168046331043182,0.09468257275657747,0.3198939730963477,-0.016967087687988266
['John Coltrane'],[175553],-0.7534382659010118,-0.07603166976039688,0.08884638692334278,0.08144064848645527,-0.752824647372085,0.7174691075878882,0.08521424126630722
['John Coltrane'],[175553],-0.755080135234316,-0.16395693236461403,0.23975467407627044,0.09876523423395028,-0.31387663580180203,0.566352214821811,-0.07858601469347355
['John Coltrane'],[175553],-0.7503585783069009,-0.22569000301156472,0.274373835257475,0.11537653622561117,-0.37360765621291625,0.7283015418535886,-0.14886966065979992
['John Coltrane'],[175553],-0.5710113691726976,-0.4562723874511526,0.20421832693568742,0.03825466129514315,-0.052635048018415564,0.5267671265953833,0.0020556523816076464
['John Coltrane'],[175553],-0.5717373952479669,-0.37180971055201134,0.19558376392330323,0.067060852944937,-0.27430016685263053,0.9656026868770977,0.16592669744632235
['John Coltrane'],[175553],-0.35720840176828833,-0.4095882003031137,0.20241607476289053,0.023716716320053288,0.1254593192872187,0.5721880825489113,0.08199442194330846
['John Coltrane'],[175553],-0.30261185536279755,-0.40372226252644633,0.22250991604120063,0.008351361984940828,-0.6263125901548792,0.5720427765383622,0.1048957882266067
['John Coltrane'],[175553],-0.5817086912704564,-0.22546174452281217,0.1587398836504613,0.0004860870277330269,0.09183169609836894,0.2899460378409553,-0.0597888792154964
['John Coltrane'],[175553],-0.9645135031957632,-0.169445741365675,0.15092247457161903,-0.009324144152980995,-0.11985947835972036,0.6967515784290145,-0.07682472637027403
['John Coltrane'],[175553],-0.6884418305889346,-0.13540225571047715,0.23670425669207945,0.39806279557480995,-0.5534927279339638,0.4884062112424731,0.08126101775473112
['John Coltrane'],[175553],-0.7678310546147256,-0.10817470217553489,0.20095317530213497,0.12001555282906701,-0.3045869738896386,0.6124648609967536,0.0058868385797598765
['John Coltrane'],[175553],-0.6281959205845972,-0.3666597399579707,0.2781132504064696,0.09559785153217985,0.13738673224070666,0.5044597029787626,-0.08971966271085512
['John Coltrane'],[175553],-0.13063722008942552,-0.19437911400569993,0.06908959392728749,0.1371770235007759,-0.016738374290909974,0.6624602959518361,-0.41363620948508695
['John Coltrane'],[175553],-0.5050229460832445,-0.3661989470737032,0.2550961624412685,0.09440617870403566,0.05935053764083687,0.5637953286190813,-0.18727862948148782
['John Coltrane'],[175553],-0.6707506357438078,-0.26067186710950185,0.17871708577971895,0.024234854392464346,-0.06579914548818541,0.38539722744836846,-0.040157442644914935
['John Coltrane'],[175553],-0.05613526172377441,-0.22062918107908203,0.14414221875812533,0.139829243947142,0.039200976088465955,0.4364202948951608,-0.30069900135268945
['John Coltrane'],[175553],-0.6766706602261207,-0.3709731573417908,0.11041322178208725,0.03898445360794258,-0.48452686902889847,0.7843529298129992,0.03797071094245909
['John Coltrane'],[175553],-0.7083177760556832,-0.23920208657432485,0.21053189092121227,0.21265674204090437,-0.8553700950409161,0.5227965433736957,-0.08998450725135869
['John Coltrane'],[175553],-1.0493092211085342,-0.0846376992228631,0.360079565309093,0.019280631654247985,0.15576229258781735,0.5629343272198828,-0.21199531181542097
['John Coltrane'],[175553],-0.5881677630286614,-0.32310855754407614,0.18262189876408114,0.15572098720985908,-0.6639889315909234,0.7033988744975737,0.04866708764350087
['John Coltrane'],[175553],-0.24240509995935391,-0.4497153092150436,0.23840189799140035,0.07972762316632284,-0.6443758522212791,0.36550528340599775,0.024747704394100657
['John Coltrane'],[175553],-0.3542509804116485,-0.28763531028151335,0.13532920617099942,-0.20252163043046195,-0.361979112008933,0.7231151700677996,0.20721942626484421
['John Coltrane'],[175553],-0.562707015904585,-0.4072939098293193,0.1393677296494299,0.06054851152648999,-0.33302783243803796,0.527914676485103,0.0004390997450830123
['John Coltrane'],[175553],-0.5166341092533765,-0.30552065088628083,0.08723803035796682,0.03411750509715879,0.04067497943559346,0.5657794961111257,0.036056156403292405
['John Coltrane'],[175553],-1.0269282775223987,0.3404284694442064,0.2538330736211216,0.2722616326198095,-0.5872728914446776,0.25221713458742767,-0.1445372245699505
['John Coltrane'],[175553],-0.4338565802145847,-0.3075196164025869,0.24195806713300325,0.1264165258135519,0.1595153242193617,0.6716469604945706,-0.10301968234116232
['John Coltrane'],[175553],-0.37138386395635037,-0.3119677457694152,0.16550721566586607,0.057879916850275645,-0.3355748023055805,0.5318097494872491,0.0920192650836696
['John Coltrane'],[175553],-0.43006660031794886,-0.21586978877793903,0.28499312784745234,0.10515644557149217,-0.7826633324940553,0.5783270940807316,0.005668964564704871
['John Coltrane'],[175553],-0.9241180225819023,-0.30116010427013273,0.3293671035898318,0.25172749827656804,-0.7342654437450105,0.6587555309823216,-0.21202238893978723
['John Coltrane'],[175553],-0.35725294670295044,-0.34561561389854356,0.14222812524817574,-0.08183383117927173,-0.36306235581936425,0.5515080816274635,0.14423715875879187
['John Coltrane'],[175553],-0.4837983710177852,-0.3759814945786251,0.13018250887341112,0.061654920661031204,-0.35041953711665635,0.4354991500634764,0.04898297140995722
['John Coltrane'],[175553],-0.7788848847514626,-0.12204980039393895,0.043428404966587925,0.03747845133888734,-0.5791463634767139,0.7335303273879835,0.08351280856846349
['John Coltrane'],[175553],-0.20557509524722462,-0.21451821985219857,0.17344567296000155,-0.10915168470698514,-0.2942164329877308,0.44926366082678143,0.0891204098561028
['John Coltrane'],[175553],-0.7452590284149954,-0.4076957202831339,0.3975910703302417,0.11940500265541244,-0.019914256710991042,0.6427285802878288,-0.14851025452906597
['John Coltrane'],[175553],-0.5917726307592329,-0.31504215814659076,0.1262498296858158,0.09103711490380383,-0.11275755797174455,0.6576994437986577,-0.08055938371309915
['John Coltrane'],[175553],-0.680839891499589,-0.3654718867880542,0.12413361713958532,0.2379560631088588,-0.3662739496981063,0.6322718110294988,-0.25563410499877787
['John Coltrane'],[175553],-0.6362856256802351,-0.5109775033143144,0.14982227051450825,0.13170199240010988,0.14334511004716013,0.49627172573155215,-0.041652863936638876
['John Coltrane'],[175553],-0.538826999761794,-0.3207202809585467,0.07463904803471419,0.1077284561570526,-0.5953299993556271,0.6032378994755943,0.10653051149824833
['John Coltrane'],[175553],-0.5856900129045646,-0.15349684664959826,0.1960309939369489,0.09442052103861207,-0.25650805002649146,0.3381204079550064,-0.025534403854500058
['John Coltrane'],[175553],-0.7285326069216845,-0.09893449581058976,0.10714461793053166,0.1994412214333955,-0.23786392139767618,0.31551743672784593,-0.027958265850687846
['John Coltrane'],[175553],-0.7043592188106326,-0.14983581794651682,0.11484838032510021,0.014073754430169224,-0.2351068578338321,0.5691682552532802,0.057597918650046806
['John Coltrane'],[175553],-0.9901787069047908,-0.32656379922642026,0.1980256390841315,0.2968013690223912,-0.7256872535116622,0.6407493129534244,-0.1901168188713371
['John Coltrane'],[175553],-0.3935585964440477,-0.3526194465525932,0.14218376313455047,-0.015857072041199294,-0.6257333058490289,0.5843001026769696,0.11965312035178437
['John Coltrane'],[175553],0.024518486959174367,-0.17918765536456824,0.07683959970286008,0.21864394280299132,-0.000648529570109603,0.7019212476649553,-0.5496630381265225
['John Coltrane'],[175553],-0.40708619023098075,-0.2919527760496467,0.15147166756539832,0.004346083690570506,-0.5257191311300542,0.5978951241186562,0.10279240989839233
['John Coltrane'],[175553],-0.7079183464169027,-0.21841427398808783,0.20866145295923766,-0.01903620683916999,0.1445727876144473,0.6255385065275665,-0.03422990434101179
['John Coltrane'],[175553],-0.21170410575322132,-0.08885180756766357,0.07837289707241031,0.19579176206120957,0.07951857009731984,0.5943562791958856,-0.2205532664791773
['John Coltrane'],[175553],-0.7455726971180241,-0.37295356545456937,0.1707133754475429,0.11553574074590645,0.13912771435502902,0.42981705011641286,-0.0775604573999922
['John Coltrane'],[175553],-1.0123382325125192,-0.04795969129781247,0.38271276543423793,-0.11307821463020337,0.14770006861918558,0.6792379464017232,-0.17546344737266628
['John Coltrane'],[175553],-0.7398214837648784,-0.06305004280593335,0.026767989620259478,-0.011823104363944913,-0.233840930618289,0.5994726566972757,0.13965817559895302
['John Coltrane'],[175553],-1.0252675314250446,-0.12754514717298415,0.10915671725992529,0.05456019060483255,-0.38434338628984566,0.7165405467718762,-0.078986042628126
['John Coltrane'],[175553],-0.7482089364639221,-0.2787800324725094,0.2797482933013153,-0.049811488599210876,0.15847766073477718,0.7633088599258115,0.012297775412524798
['John Coltrane'],[175553],-0.019309214247459718,-0.19220342631439022,0.09207687586362025,0.29661710763708443,-0.27355033425030795,0.7253947696091955,-0.16072811864715114
['John Coltrane'],[175553],-0.5410955102380338,-0.23194820658554063,0.4825519073773727,0.003485782536147627,-0.3274657993430495,0.6599477049312412,-0.04936925925741848
['John Coltrane'],[175553],-0.5943359473450619,-0.34156222451468826,0.20526157419236646,0.04431822048869164,-0.7512365489246665,0.8865785428743153,0.049713945789662824
['John Coltrane'],[175553],-0.008446723598886477,-0.053944151270198616,0.06548913741605007,0.35341320297301265,-0.26950785691924556,0.6220855879129256,-0.34471136459976104
['John Coltrane'],[175553],-0.8893434145752017,-0.06099135785729001,0.22566462177208071,0.15392647101941156,-0.2947982051755789,0.6048777740568422,-0.03555496827869663
['John Coltrane'],[175553],-0.7678310546147256,-0.10817470217553489,0.20095317530213497,0.12001555282906701,-0.3045869738896386,0.6124648609967536,0.0058868385797598765
['John Coltrane'],[175553],-0.5089374572086889,-0.5555759801983527,0.2350667000111106,0.02210784599829599,0.1295187770463077,0.5928321513402149,-0.04098693221992721
['John Coltrane'],[175553],-0.7766772309526138,0.17149657038528698,0.2643578666313332,0.2349014848669922,-0.3124740308873459,0.35930178436817173,-0.026902790056312936
['John Coltrane'],[175553],-0.7549539329120405,-0.4072837433459304,0.21451263723783032,0.09413458993359972,-0.3004920229714689,0.662810360538788,-0.04891274071070514
['John Coltrane'],[175553],-0.8245726992367335,-0.4613184286503478,0.22578926416256004,0.1731094966646339,-0.28766888051660144,0.6138406895169659,-0.14119208666825128
['John Coltrane'],[175553],-0.16441820977948998,-0.26855158245090566,0.11289476159394152,0.26097785623532305,-0.2887034776528005,0.5580878912178996,-0.34650203581982864
['John Coltrane'],[175553],-0.7047959393034063,-0.33291963064214974,0.2774219547470532,0.13118716415840856,-0.5632658276303987,0.7051401608892717,-0.045134542868261435
['John Coltrane'],[175553],-0.1785800244260652,-0.22890974929573588,0.09292736641470029,0.14863456875289915,-0.126172836173068,0.557263814949526,-0.26069809415023876
['John Coltrane'],[175553],-0.0784138012199425,-0.21396100579701827,0.1501927657754554,0.11091263857505018,0.029950219390743923,0.4091592891078571,-0.2670571049908954
['John Coltrane'],[175553],-0.817262217658301,-0.44294071058775203,0.25331178881816,0.10364925814140614,-0.10141113471119953,0.6742252300650561,-0.12091340347286816
['John Coltrane'],[175553],-0.15786485164960795,-0.17579002170655308,0.11185843020633505,-0.11850684459104797,-0.8186021035066987,0.7423139977639207,0.18769439555132694
['John Coltrane'],[175553],-0.8133698299167202,-0.28773144695853436,0.11502320523228952,-0.013994375559698909,0.13976588185170943,0.5960733035529602,-0.003009212162805997
['John Coltrane'],[175553],-0.8464947761948858,-0.26765344071471053,0.2524799936395424,0.1191903793708377,-0.2946771175070079,0.6373940329521852,-0.09780629045411955
['John Coltrane'],[175553],-0.2938621573153445,0.027754324280676264,-0.0002050423395041515,0.0718676560563953,-0.19430415533765624,0.8490958162269803,-0.082599640367541
['John Coltrane'],[175553],-0.006137054689709855,-0.04147471791625695,-0.007028938815441715,0.15266702220281442,-0.10801153727854378,0.728685649929632,-0.3247028285833587
['John Coltrane'],[175553],-0.22847090291405378,-0.35981232616996894,0.21118578020843126,-0.05322044662239876,-0.37106995852134955,0.5119154457263522,0.1128910636423459
['John Coltrane'],[175553],-0.3551235275335348,-0.28670010749593994,0.24624246921370127,-0.04362591202810541,-0.17328652363387428,0.48361438864626166,-0.014018707490709876
['John Coltrane'],[175553],-0.17898823196258487,-0.2504412118178512,0.23389212714379018,-0.05535225345674059,0.07409812192649465,0.3219445581135993,-0.03254349316721102
['John Coltrane'],[175553],-0.1596267007368271,-0.3024912427242686,0.1404101798036951,0.1767065456479052,-0.11635940255512199,0.615807824560835,-0.245596189758921
['John Coltrane'],[175553],-0.7125800104413504,-0.46170399982912197,0.1394205252549535,0.08314453324643667,-0.11828319738147912,0.6246517892775473,-0.01055313358805922
['John Coltrane'],[175553],-0.8886622009016536,-0.43940820364446787,0.3016939656800265,0.07328838331451637,-0.0933339239270417,0.7353514824590747,-0.1782429893795808
['John Coltrane'],[175553],-0.638395379907488,-0.34157289454209894,0.159887930741331,0.07729760968102209,0.036059453670606006,0.4763123719970214,0.007011489359984229
['John Coltrane'],[175553],-0.8133698299167202,-0.28773144695853436,0.11502320523228952,-0.013994375559698909,0.13976588185170943,0.5960733035529602,-0.003009212162805997
['John Coltrane'],[175553],-0.6882112022784366,-0.2819456927906838,0.10713035743616396,-0.04803288706181737,-0.21871989535266656,0.7589833911513241,-0.0041678202812163384
['John Coltrane'],[175553],-0.49215033143727643,-0.3128210410852601,0.10269521127676226,0.18293559803919762,-0.5055205970748394,0.4737827389944324,-0.027050432804268918
['John Coltrane'],[175553],-0.47100734260839006,-0.44425659261644007,0.1890249541461459,0.2277773413959177,-0.7719260015670337,0.5540867376434809,0.016734634370099255
['John Coltrane'],[175553],-0.2938621573153445,0.027754324280676264,-0.0002050423395041515,0.0718676560563953,-0.19430415533765624,0.8490958162269803,-0.082599640367541
['John Coltrane'],[175553],-0.6641412853441729,-0.10333516834303957,0.10382229545888311,0.24802295653113574,-0.4937975961388887,0.4042110963652117,-0.06467119747686273
['John Coltrane'],[175553],-0.011769067469486517,-0.026573751242850607,0.04336860185081184,0.2636011420287174,0.10862799019297144,0.7280412177762502,-0.4190274883515425
['John Coltrane'],[175553],-0.31241823532594276,-0.129112806492197,0.10351231197804127,-0.08535843168778409,-0.25775031038188534,0.6399566072830245,0.15805892508057792
['John Coltrane'],[175553],-1.0438957207488402,-0.22184596846131696,0.1428667875556244,0.1519493584011914,-0.2855430116371964,0.5992876636188101,-0.15704228651216204
['John Coltrane'],[175553],-0.21220118003456118,-0.23178439909349952,0.18259122175408135,-0.09391474255592977,0.06758084869622823,0.37140836239887215,0.13141085515176595
['John Coltrane'],[175553],-0.5449474622249881,-0.4481913025657826,0.20284327006545796,0.03670953117859673,0.11167942395510133,0.3954733987049371,-0.036989932603936924
['John Coltrane'],[175553],-0.9488277827551663,-0.1314289771604438,0.30520392322782286,0.15133086335897017,-0.48099333425290186,0.5685029282965455,-0.1980216840833819
['John Coltrane'],[175553],-0.7002844119689718,-0.29515338265479574,0.0797664039617798,0.2025550519145313,-0.7688329179917957,0.5163490332754729,-0.013970194604580925
['John Coltrane'],[175553],0.05350084788976974,-0.13271140229694767,0.06653795835111283,0.13822897865206793,0.07208015799934647,0.7233041026714782,-0.2838732163590442
['John Coltrane'],[175553],-0.09600249201464024,-0.17043645984206673,0.1745839332751451,-0.06202224047693365,-0.6413847586278048,0.5902017391754009,0.049471404104183374
['John Coltrane'],[175553],-0.8007291100502149,-0.15598343712297458,0.2547597899385655,0.08752932973137116,-0.3094019322180861,0.5750887659221461,-0.11006488892299068
['John Coltrane'],[175553],-0.6873016260417788,-0.17867756029887838,0.12829711069326405,0.16149954507372502,-0.5976483795472203,0.4459798022747,-0.03447167256678368
['John Coltrane'],[175553],-0.6877116418159643,-0.3326475932019032,0.22914587540831016,-0.04591011340761169,0.15606084799020561,0.7730286561436788,0.06331311445379109
['John Coltrane'],[175553],-0.7175251170695238,-0.3140445168723855,0.21663319578778614,0.1274023895969778,-0.5668592748859955,0.6873528791600139,-0.013841347280293273
['John Coltrane'],[175553],-0.5948360727008968,-0.39158680065170115,0.16628310622637557,0.15798305263193899,-0.5701852426963867,0.714869965501214,0.04662546928079344
['John Coltrane'],[175553],-0.7183428552624784,-0.49944571196106174,0.17672869446982323,0.09997072038479154,0.14913541431889235,0.5495717850207187,-0.121509005710093
['John Coltrane'],[175553],-0.7650915419151157,-0.4531641237722383,0.11876751763904915,0.06506163019879557,0.15260232328977133,0.5723500734712098,-0.010393460229223217
['John Coltrane'],[175553],-0.15786485164960795,-0.17579002170655308,0.11185843020633505,-0.11850684459104797,-0.8186021035066987,0.7423139977639207,0.18769439555132694
['John Coltrane'],[175553],-0.638395379907488,-0.34157289454209894,0.159887930741331,0.07729760968102209,0.036059453670606006,0.4763123719970214,0.007011489359984229
['John Coltrane'],[175553],-0.6882112022784366,-0.2819456927906838,0.10713035743616396,-0.04803288706181737,-0.21871989535266656,0.7589833911513241,-0.0041678202812163384
['John Coltrane'],[175553],-0.49215033143727643,-0.3128210410852601,0.10269521127676226,0.18293559803919762,-0.5055205970748394,0.4737827389944324,-0.027050432804268918
['John Coltrane'],[175553],-0.7949274385672844,-0.249404870836921,0.27881396201370423,0.005182966849423808,0.13128941135837066,0.5147840865852211,-0.09739261501670109
['John Coltrane'],[175553],-0.47100734260839006,-0.44425659261644007,0.1890249541461459,0.2277773413959177,-0.7719260015670337,0.5540867376434809,0.016734634370099255
['John Coltrane'],[175553],-0.9184213621118722,-0.21007863349729083,0.24997085482509787,0.14629141005485455,-0.2915724246234036,0.6145760946581365,-0.11947238866363301
['John Coltrane'],[175553],-0.006137054689709855,-0.04147471791625695,-0.007028938815441715,0.15266702220281442,-0.10801153727854378,0.728685649929632,-0.3247028285833587
['John Coltrane'],[175553],-0.6451051762776442,-0.07745375087654864,0.014121086491484755,-0.07927999519200757,-0.26104139042128566,0.5562523807180519,0.12148662274759507
['John Coltrane'],[175553],-0.760401117413143,-0.16066642892720978,0.17592088558910338,0.003596894188430656,-0.5648621729766596,0.8876608283044335,0.040167339030903415
['John Coltrane'],[175553],-0.8264936338618422,-0.3810372536192731,0.06987233396225233,0.21028604005406704,-0.7381953395115692,0.7036046309945594,-0.033356442215305836
['John Coltrane'],[175553],-0.4270767856985962,-0.27304774582290087,0.1728420649310086,0.003909688178279591,-0.5199928734958398,0.602079793159711,0.046591851232502264
['John Coltrane'],[175553],-0.7482460369962899,-0.1423516916419878,0.32799393236510627,0.16347170422093743,-0.3092903814408363,0.5013414843855587,-0.09875745763578059
['John Coltrane'],[175553],-0.7283946313345582,-0.47069066882068983,0.2782954943480308,0.1864909155771104,-0.5519568810559333,0.7560374004928748,-0.1128548382859024
['John Coltrane'],[175553],-0.05749496239585971,-0.3171970148014293,0.1112931166971113,0.14374536040225167,0.1476905841311014,0.5855623505105809,-0.2679574008083301
['John Coltrane'],[175553],-0.26465878218365296,-0.17194132133688964,0.06637529459005552,-0.15434737794866224,-0.16957437726698218,0.7003973332885425,0.11013122948726743
['John Coltrane'],[175553],-0.676755463268473,-0.42250432166519014,0.14475971547318006,0.20804688359153997,-0.5761868429821656,0.5899081052290225,-0.027174068667106567
['John Coltrane'],[175553],-0.866631208655556,-0.23523669268524108,0.09695539696047172,0.02132974615738193,0.14272650227924513,0.5695254614325734,-0.02436304747039957
['John Coltrane'],[175553],-0.7584154549665548,-0.6230265456279117,0.21084942450382826,0.12258213932886672,-0.02196852870346009,0.581459630076758,-0.1789823074012252
['John Coltrane'],[175553],-0.549922891186408,-0.43280812166233495,0.1278758130248967,0.2818005052267088,-0.7666803525614637,0.5247912970275967,0.036285456877733865
['John Coltrane'],[175553],-0.7120569417195324,-0.1211370316365434,0.06599224065699329,0.3697876359519652,-0.8315690762278735,0.513261810262011,0.010547757807361504
['John Coltrane'],[175553],-0.4533890935808449,-0.33604352830722584,0.24538062189301194,0.2017964781853841,-0.6614789361317605,0.6586472407210056,-0.11392054000347006
['John Coltrane'],[175553],-0.5899745180824211,-0.5122071020556916,0.136289472450411,0.04304847263733645,0.1404606383816897,0.6178272160600958,0.03407448963587453
['John Coltrane'],[175553],-0.011040008888531079,-0.09197798891515095,0.04549525495877151,0.33048297630414575,-0.0817027496565729,0.6110545126042032,-0.4784558035961848
['John Coltrane'],[175553],-0.7545748349195981,-0.35943194913000864,0.27374713381814725,0.04508372116918409,-0.13190508880923804,0.5731297685413793,-0.09021393614652339
['John Coltrane'],[175553],-0.7549425898162483,-0.3692443936506896,0.12564413733786672,-0.04002755329755269,0.1413149839832525,0.6576409128035126,-0.004603772939542368
['John Coltrane'],[175553],-0.34728931805477065,-0.21360055233805367,0.09008760158114955,-0.13857639484369128,-0.8127243564600453,0.7450489994660251,0.1819896909997449
['John Coltrane'],[175553],-0.6644666179842409,-0.5304716800162668,0.3191945735423944,0.17693024343275265,-0.6569014046192566,0.6934962640162521,-0.11332540233686415
['John Coltrane'],[175553],-0.760401117413143,-0.16066642892720978,0.17592088558910338,0.003596894188430656,-0.5648621729766596,0.8876608283044335,0.040167339030903415
['John Coltrane'],[175553],-0.6641412853441729,-0.10333516834303957,0.10382229545888311,0.24802295653113574,-0.4937975961388887,0.4042110963652117,-0.06467119747686273
['John Coltrane'],[175553],-0.8308099188278639,-0.15908033365499552,0.24988211096195978,0.0905683033380825,-0.30485464251189864,0.5951068591097141,-0.1181212337639359
['John Coltrane'],[175553],-0.6938486059259614,-0.3879290495170053,0.18010546633974975,0.22155070389280426,-0.7367470664417956,0.6948377039813511,0.0005258470029855268
['John Coltrane'],[175553],-0.13304668097652395,-0.13268782818412092,0.08906598125741319,-0.0930093944282379,-0.8122920970836067,0.7560835449886526,0.14207150805378868
['John Coltrane'],[175553],-0.20280091184165838,-0.3958334981158227,0.12636212560558258,0.0827760687688831,0.1856035215476873,0.8527405807012609,-0.3511300198662658
['John Coltrane'],[175553],-0.4477941292306736,-0.45730674577116315,0.14729064457731497,0.17493270677622744,0.17989167849025833,0.6453013066606962,-0.2863267278547333
['John Coltrane'],[175553],-0.3877330046911755,-0.38409946362486835,0.17811544685479017,0.04367788193529345,-0.3458871687832807,0.5259891837934972,0.060301030014346606
['John Coltrane'],[175553],-0.22829100690614643,-0.2969971351788658,0.13398519827547486,0.25521774364427763,-0.564940224797084,0.6414760637011491,-0.311370905497096
['John Coltrane'],[175553],-1.088908420321209,0.023297859342410125,0.3073138907217513,0.1560130260754459,-0.279989995027184,0.5994100099356211,-0.24067932519258634
['John Coltrane'],[175553],0.15614274432112044,-0.04660390594708351,0.03441896928160703,0.2584226514280276,-0.8386748425646944,0.7263000319079767,-0.4713824892691661
['John Coltrane'],[175553],-0.5272010233040971,-0.370796780999598,0.15083825038526075,0.05504697045090181,-0.060980293628431124,0.48322194190966866,0.05669204048425504
['John Coltrane'],[175553],-0.26059306754973793,-0.27273949237966516,0.047218676719935994,0.2817156079215389,-0.5446696565247728,0.7324572986750764,-0.20161319349724993
['John Coltrane'],[175553],-0.7415424027288223,-0.11384887053634711,0.08235725300209133,-0.09625539163078543,0.03921852949727815,0.6572063609009519,0.10919281301057136
['John Coltrane'],[175553],-0.7504814106344009,-0.13316160807301758,0.33216712785293373,0.16981068915040579,-0.31125544246241516,0.47921659041214976,-0.11480372517280377
['John Coltrane'],[175553],-0.6740769008236636,-0.3438131906594699,0.23141357729980563,0.1718736343057434,-0.37813898467927465,0.6311567576738898,-0.258104140126909
['John Coltrane'],[175553],-0.6120357098250826,-0.4469363261236498,0.1963490367198772,0.044850707377155255,-0.048810504482045776,0.525049170582635,-0.01261786386459912
['John Coltrane'],[175553],-0.6660278996611336,-0.2615471221258865,0.09477867580365389,0.11423957955516478,0.04709457751352433,0.4699306998269422,-0.05011429533615097
['John Coltrane'],[175553],-0.6328533176122865,-0.3176349876033698,0.16752925499727064,0.07619357833767604,-0.24446536754258813,0.4313386212916798,-0.08255947794015937
['John Coltrane'],[175553],-0.43182894662002946,-0.30970891624864927,0.11424635919487293,0.2314187990944594,0.011098920347640031,0.6554045280369977,-0.44593391414176875
['John Coltrane'],[175553],-0.43706048830054767,-0.22190351920272405,0.1895607865241008,0.39341580188797004,-0.6688646952525826,0.9536041957002318,-0.41874692568179306
['John Coltrane'],[175553],-0.4756414332111278,-0.5117558965627449,0.1918896996047457,0.0984199605263121,-0.1521756606059708,0.4982508309571218,0.009953848798080717
['John Coltrane'],[175553],-0.4484377134600865,-0.5060567565337011,0.19585612973280753,0.034478982347101436,0.11371079013955547,0.4739129721052939,0.06798264047013201
['John Coltrane'],[175553],-0.7845131757328969,-0.2908414581049621,0.09510898444841971,0.12412910506231298,0.15237552264867726,0.5247888583860878,0.023914648498500807
['John Coltrane'],[175553],-0.38456090931172415,-0.2941775790704486,0.19636044694418028,-0.0904128835394282,0.10025675785732426,0.5026415432743699,0.04425470149231969
['John Coltrane'],[175553],-0.3266244705030549,-0.36863175016051103,0.20829039059076895,0.0017225803197324682,-0.08807013321707974,0.42239253212864436,-0.032278861932663404
['John Coltrane'],[175553],-0.17407739577122733,-0.2596154759349076,0.11104365419208047,0.1275333253390345,-0.022838199017591574,0.6352354190078465,-0.3562810599364674
['John Coltrane'],[175553],-0.7532321288092084,-0.262614406145964,0.29096740042098007,0.0888803742821729,-0.38075749679808746,0.7165729314929553,-0.10929524591507228
['John Coltrane'],[175553],-0.5945379157271605,-0.3355093713480939,0.1234984166927682,0.07888496984176809,-0.1150848629871947,0.6575665029336607,-0.05722501549684928
['John Coltrane'],[175553],-0.6356579947904936,-0.28402067938024694,0.18387452508058288,0.020609323890161412,-0.06817646470255517,0.3877875402937328,-0.04396280987876257
['John Coltrane'],[175553],-0.9005756422318355,-0.20757585620328256,0.21462681976358516,0.19727133199278232,-0.5611545400171032,0.633208282627735,-0.10148521593675663
['John Coltrane'],[175553],-0.480647266416357,-0.10243139228021197,-0.0027987627664728364,0.31256176551477305,-0.4667675612428091,0.5328177983768807,-0.25581830037938597
['John Coltrane'],[175553],-0.4715953630667665,-0.4394208279651741,0.14378660436500362,0.24609803192661692,-0.7687419634958766,0.5504517104341188,0.01701664456261855
['John Coltrane'],[175553],-0.5934431764351938,-0.560664809951263,0.3228591853340196,0.21331087519557163,-0.7490796781918547,0.677671409369078,-0.1323360168663908
['John Coltrane'],[175553],-0.8153810259432708,-0.053321751896800995,0.11994999895298858,0.05341597241572475,-0.2465609717576103,0.4378639532752247,-0.05386939953048599
['John Coltrane'],[175553],-0.5480254521008996,-0.5333325139109871,0.20128053090489165,0.13247632015832672,-0.7607564944920394,0.7314228565417368,0.00047775325002005347
['John Coltrane'],[175553],-0.41928824383500013,-0.1797371112067137,0.06918364233996609,0.30658099717309556,-0.8451069490638067,0.5467126015242776,-0.12603858289125036
['John Coltrane'],[175553],-0.4581027627429476,-0.3229771981388434,0.09779691277768023,0.17801402822788032,-0.5961315029817835,0.5292911151338195,0.0672092533366759
['John Coltrane'],[175553],-0.1142340403198986,-0.24316496945476618,0.15085215517574743,0.08252276158196542,-0.08526856832792652,0.38096822218336185,-0.02188405539784417
['John Coltrane'],[175553],-1.1117435444255985,0.11323140450832513,0.454179189732588,0.193118345264147,0.1689681307144552,0.42683530242805867,-0.30231687679691505
['John Coltrane'],[175553],0.0755488523010823,-0.12350642251169831,0.08862317033778573,0.16833169709229126,-0.40587996768160606,0.5864348367483123,-0.35293714659869746
['John Coltrane'],[175553],-0.6081937128604766,-0.5536789065705074,0.16081862954676476,0.19798784124182822,-0.5703675485300915,0.6666613555479436,-0.02958863014034902
['John Coltrane'],[175553],-0.2591738855146849,-0.20477448353084557,0.07402751259053073,0.04717054464272624,0.06385483578463007,0.7124608952640358,-0.1699676654612341
['John Coltrane'],[175553],0.010573700861507081,-0.19384950213891733,0.08495035007235091,0.11631643752203882,-0.03256540457237983,0.6816474431303803,-0.29518116513217735
['John Coltrane'],[175553],-0.5311502753053025,-0.37872571385367326,0.298406980471225,0.07734147541797713,0.05356425424243174,0.5442813530468104,-0.163338731910079
['John Coltrane'],[175553],-0.514929688795547,-0.27907937780511727,0.27622377382801766,0.03705451185419769,-0.7498046734587688,0.9148341313484963,0.027345394278181362
['John Coltrane'],[175553],-0.6679691214849958,-0.39978976303471525,0.151055176383945,0.2600857452742476,-0.811614894463982,0.7634098294494671,-0.1751436990439289
['John Coltrane'],[175553],-0.07529447853663822,-0.059349230859989395,0.058054768240760536,0.28529440740796785,-0.4335936221422474,0.8131507157952481,-0.5959786707088742
['John Coltrane'],[175553],-0.10375323440781502,-0.21790248637756635,0.1821254857272445,0.08134862908936107,0.11955971782698581,0.4617217651284951,-0.1778804339479331
['John Coltrane'],[175553],-0.8511892339502581,0.20559111139880898,-0.06353263271332357,-0.03479350834263486,0.01935891936801857,0.4345625123975413,0.1531709984891243
['John Coltrane'],[175553],-0.5033080270813393,-0.4659630189686653,0.16068057835485922,0.07640848357720413,-0.49969069606240535,0.6449820494392273,0.014647327581892751
['John Coltrane'],[175553],-0.24585097668656183,-0.2734436588949801,0.1586185352646522,-0.18139719284436692,-0.3679569060607357,0.7030889090994336,0.20082783455793354
['John Coltrane'],[175553],-0.4258219448465678,-0.43392904166248825,0.18598031282672908,0.15568172575215403,-0.6102523617632364,0.48331170643557225,-0.01849719778014867
['John Coltrane'],[175553],-0.5948751623161461,-0.28413728063531063,0.20206854434603744,0.05366663884094524,-0.7735542498577193,0.696674277688351,0.008909213753416342
['John Coltrane'],[175553],-0.8120826980958532,-0.38652358439364637,0.2482399005535295,0.1467919013445188,-0.4721174278135605,0.6611448497054707,-0.13263755898876295
['John Coltrane'],[175553],-0.6336566111436569,-0.505837520921869,0.18875816951832614,0.15813231035139108,-0.4937167661394637,0.5719881161526277,-0.07570184311160608
['John Coltrane'],[175553],-0.5912115076267659,-0.23090828727558463,0.2725158472787438,0.0356262405875077,-0.0700083576689799,0.38858337081494054,-0.10889253529939392
['John Coltrane'],[175553],-0.5782258238367802,-0.2070376054020292,0.12309164982665297,-0.19488293107861895,0.10433671553431731,0.6238311922867059,0.08724879046935478
['John Coltrane'],[175553],-0.6168315097169147,-0.3801182923430798,0.2298364929078555,0.15783415644886206,-0.31857907912223576,0.5065135424691019,-0.056814699140511744
['John Coltrane'],[175553],-0.5646845233356534,-0.2848504479825653,0.30382638871336415,0.10578236005370181,-0.6777348464227724,0.6408607512441834,-0.0819054450444988
['John Coltrane'],[175553],-0.8167959806546468,0.14525572652348737,0.9864032281059314,0.11764957207008732,-0.24589742382369825,0.4399226316827953,0.04211399362902086
"['John Mayall & the Bluesbreakers', 'Eric Clapton']","[238506, 187478]",-0.8046037721351933,-0.434336289464971,0.8396557488973521,0.18597563528151045,-0.019820685724941722,0.5799978761679344,-0.22209545290927568
"['John Mayall & the Bluesbreakers', 'Eric Clapton']","[238506, 187478]",-1.0598932343509275,-0.3892610873324674,0.22180494090965777,0.12139415254552156,0.16102300324606844,0.4624127181110337,-0.29773976021602583
"['John Mayall & the Bluesbreakers', 'Eric Clapton']","[238506, 187478]",-0.7242468213891466,-0.394247477511681,0.22488738394030414,0.07712815305113817,0.12432343246436943,0.36030801756971803,-0.1135112111098552
"['John Mayall & the Bluesbreakers', 'Eric Clapton']","[238506, 187478]",-1.1831621196975584,-0.2811940922194387,0.013117885748388604,0.2927290696052633,-0.6366011731219955,0.5320001777510129,-0.22548827885719883
"['John Mayall & the Bluesbreakers', 'Eric Clapton']","[238506, 187478]",-1.2900110503799038,-0.23837903394683913,0.20767896416930826,0.14542672352161312,-0.17084235261089373,0.6539857030718291,-0.29873927658002397
"['John Mayall & the Bluesbreakers', 'Eric Clapton']","[238506, 187478]",-1.3284714837544078,-0.4315048761935472,0.04474197738616872,0.37471235958724813,-0.7659860458391147,0.7667778190344645,-0.2948327050870046
"['John Mayall & the Bluesbreakers', 'Eric Clapton']","[238506, 187478]",-0.9582192155052658,-0.09357941625021118,-0.009411110107569948,0.17586469387718945,-0.48790167694414116,0.4832993677962589,-0.03664105446157233
"['John Mayall & the Bluesbreakers', 'Eric Clapton']","[238506, 187478]",-0.9207319487505334,-0.28011420625897737,0.25327776962253545,0.013223466019316671,-0.03787950655520225,0.545316437368099,-0.22725151713099223
"['John Mayall & the Bluesbreakers', 'Eric Clapton']","[238506, 187478]",-1.2091399050043212,-0.10892853468854885,0.04504705787913293,0.3365019839458114,-0.5755906583150252,0.8241946803036182,-0.5323235685495505
"['John Mayall & the Bluesbreakers', 'Eric Clapton']","[238506, 187478]",-0.9970149531704467,-0.319378593643157,0.19126595602750318,0.1650219702386527,0.14932151724072593,0.3489100852687255,-0.21049496443558238
"['John Mayall & the Bluesbreakers', 'Eric Clapton']","[238506, 187478]",-1.113119763377626,-0.3442378038064748,0.05286285435849187,0.1817875338209678,0.16240602521615496,0.4110064063432706,-0.1998707519330374
"['John Mayall & the Bluesbreakers', 'Eric Clapton']","[238506, 187478]",-1.0294545265355501,-0.27140099926018,0.25965804763331257,0.08301920520990085,-0.6430676942721858,0.7488452852829023,-0.24660374885384923
"['John Mayall & the Bluesbreakers', 'Eric Clapton']","[238506, 187478]",-1.1601505356140442,-0.19373474329829787,-0.049409321677199865,0.14743895531580078,-0.021475786682318258,0.453241866081071,-0.16273570629506046
"['John Mayall & the Bluesbreakers', 'Eric Clapton']","[238506, 187478]",-0.6374768694489253,-0.6871797315678074,0.19649422667290736,0.13017735834730826,-0.21078885377901985,0.5797792170226598,-0.05079417816603863
"['John Mayall & the Bluesbreakers', 'Eric Clapton']","[238506, 187478]",-0.9209626722360695,-0.3968175192180491,0.6591796496145635,0.2945524844498391,-0.0070201268022859085,0.5388048682861281,-0.13785746796054466
"['John Mayall & the Bluesbreakers', 'Eric Clapton']","[238506, 187478]",-1.0502654643001652,-0.03730015522175716,-0.04206305313877572,0.20413895180775954,-0.4839569954607964,0.444352123997983,-0.04624922530771154
"['John Mayall & the Bluesbreakers', 'Eric Clapton']","[238506, 187478]",-1.2137794497115262,-0.3280835232196191,0.04037253994103981,0.2565933951879741,0.01864662143477121,0.5579579130363519,-0.3260709838171871
"['John Mayall & the Bluesbreakers', 'Eric Clapton']","[238506, 187478]",-1.134122386064565,-0.1674857801183658,0.21892799041533959,-0.11801168590480124,0.16390483242418347,0.7717557670973016,-0.19010878940630555
"['John Mayall & the Bluesbreakers', 'Eric Clapton']","[238506, 187478]",-1.4060000215916515,-0.3571356416995316,0.1124905809730451,0.4061689408621557,-0.7527039162224433,0.7829174406927718,-0.42151850922786993
"['John Mayall & the Bluesbreakers', 'Eric Clapton']","[238506, 187478]",-1.2608672024755208,-0.19362843468697952,0.015298925636851472,0.2872836517164274,-0.6358013826568342,0.499799978751828,-0.25338123071363045
"['John Mayall & the Bluesbreakers', 'Eric Clapton']","[238506, 187478]",-0.5735317797126795,-0.7231365556922951,0.1997749478451247,0.19441971511837106,-0.6549019675293982,0.6847521997126049,-0.07241730724369426
"['John Mayall & the Bluesbreakers', 'Eric Clapton']","[238506, 187478]",-1.121744962674449,-0.2884756583024249,0.11230190112780755,0.22103772050256543,0.009022059403963154,0.5680579186443291,-0.37594923440100975
"['John Mayall & the Bluesbreakers', 'Eric Clapton']","[238506, 187478]",-1.3296119452518378,-0.2294150023884064,0.19271079973503083,0.1693011416367383,-0.16754708245135475,0.6336758237742987,-0.2942777701368236
"['John Williams', 'James Brown']","[1535255, 128099]",-0.10446599137969968,-0.14478758421509808,0.02731335501619007,0.1831462281398954,0.015428709768092975,0.8292046088592055,-0.4538355598564282
"['John Williams', 'James Brown']","[1535255, 128099]",-0.11520977412429062,-0.11866851966258306,0.017954321504262395,0.19009788573554914,0.01826341385831699,0.8253860955290804,-0.471038895109383
"['Johnny Cash', 'Carl Perkins']","[816890, 102781]",-0.9657091657356268,-0.06735907599901769,0.2346285380504532,0.5295495252028473,-0.6132285417026568,1.0053673922963178,-0.9590995007768194
"['Johnny Cash', 'Carl Perkins']","[816890, 102781]",-1.022620625391263,-0.30198341718611826,0.46362322801784067,0.2046915802394673,0.07342826059005089,0.5396759492178635,-0.1712683508681175
"['Johnny Cash', 'Carl Perkins']","[816890, 102781]",-0.9564329300782366,-0.37231553843364706,0.6622599701426778,0.24009819171742539,-0.3710036271456668,0.6818310063921861,-0.20935630113407985
"['Johnny Cash', 'Carl Perkins']","[816890, 102781]",-1.0668247485454574,-0.37629710187417165,0.5175222694213606,0.3724176010646935,-0.5316709383843944,0.6906303391586731,-0.15895544140795068
"['Johnny Cash', 'George Jones']","[816890, 944310]",-1.0515461882964678,-0.47549620090386047,0.18968148152369063,0.3697210064821735,-0.6259537226587532,0.5954741221042028,-0.16975924883420726
"['Johnny Cash', 'Hank Williams, Jr.']","[816890, 117844]",-0.9827366303617432,-0.44671425598168146,0.09167140019614405,0.2692192641053563,-0.19213061039794332,0.5088542433047941,-0.09660945475691296
"['Johnny Cash', 'June Carter Cash']","[816890, 838300]",-0.9165746051356767,-0.5641717442965987,0.20353402905431422,0.2600157561342494,-0.633971944233464,0.6542947506599299,-0.1724109590436757
"['Johnny Cash', 'June Carter Cash']","[816890, 838300]",-0.9608353272983614,-0.022330307429945857,0.7835373850795034,0.19592286830474098,-0.7413798717255854,0.6817598924565303,-0.22362651559210323
"['Johnny Cash', 'June Carter Cash']","[816890, 838300]",-0.805127581376797,-0.7917732707243299,0.22176387592834435,0.24586026605627578,-0.185867822418667,0.6108796793177466,-0.1731742362973049
"['Johnny Cash', 'June Carter Cash']","[816890, 838300]",-0.9302564287482795,-0.41839256510689216,0.05009396908645327,0.18415326767995918,-0.6416100040075816,0.7450660382992492,-0.04440211335580604
"['Johnny Cash', 'June Carter Cash']","[816890, 838300]",-1.0966271394133427,-0.3986856759924886,0.5120631958194741,0.1593168310145636,0.09787125507975077,0.6691462212544617,-0.3311159516022436
"['Johnny Cash', 'June Carter Cash']","[816890, 838300]",-0.6480404565532291,-0.611577998831469,0.19756977320067867,0.022003987672612337,0.137055030583333,0.5692362111321672,-0.045013859914629514
"['Johnny Cash', 'June Carter Cash']","[816890, 838300]",-0.9821068455045563,-0.14803217134937346,0.45647185528145634,-0.09090014430530222,-0.20478762909256024,0.8183262896554648,-0.2311628740355785
"['Johnny Cash', 'June Carter Cash']","[816890, 838300]",-1.035100507439057,-0.5205702092853586,0.13797210442396146,0.16215691194742513,0.1789092196220755,0.578710952089447,-0.12347139225356596
"['Johnny Cash', 'June Carter Cash']","[816890, 838300]",-0.8798254321621665,-0.37768601790838957,0.08775303239667923,0.06785196757368317,-0.6475647967647069,0.8288487803434532,-0.011311661095002739
"['Johnny Cash', 'June Carter Cash']","[816890, 838300]",-1.0451976337415283,-0.21138349739834966,0.7559084547654232,-0.012782282916476286,0.07847970320391011,0.7007439576505912,-0.4116156521036849
"['Johnny Cash', 'June Carter Cash']","[816890, 838300]",-0.6052837280125646,-0.5153238334804252,0.16581699197500704,0.16132731184913204,-0.32517898720657523,0.4464041984021596,-0.050455540151008546
"['Johnny Cash', 'June Carter Cash']","[816890, 838300]",-0.9624004895755405,-0.5616383017556247,0.06861363584571316,0.33267310305864234,-0.5488789248467877,0.5431599603339734,-0.19552093284356115
"['Johnny Cash', 'June Carter Cash']","[816890, 838300]",-0.6588188411251614,-0.4302577265279528,0.1538528294537991,-0.21255010149139789,0.13638217307965037,0.873827344143366,0.056663520156605335
"['Johnny Cash', 'June Carter Cash']","[816890, 838300]",-0.9454864751896238,-0.593839060081678,0.18255213215331775,0.2636330109654484,-0.7156335936305934,0.7267058113296265,-0.21386914576736335
"['Johnny Cash', 'June Carter Cash']","[816890, 838300]",-0.8148183664522954,-0.37381862119958875,0.6687985851917938,0.033908250396620786,-0.12549590595544144,0.590517780472782,-0.39742271052406736
"['Johnny Cash', 'June Carter Cash']","[816890, 838300]",-0.8691497127697293,-0.5558665258493877,0.33353127701061464,0.06506341323422703,0.16671774723027039,0.6564914842349736,-0.17933404233080968
"['Johnny Cash', 'June Carter Cash']","[816890, 838300]",-0.9782198001303851,-0.53632576910499,0.3340209745460722,0.09766370934852164,0.17849067910241523,0.6494921024341472,-0.21713789552378285
"['Johnny Cash', 'June Carter Cash']","[816890, 838300]",-0.708522985859103,-0.4618432634399255,0.1875467983330031,0.16924347701390074,-0.4919926044094688,0.5474603097620508,-0.13205016418079146
"['Johnny Cash', 'June Carter Cash']","[816890, 838300]",-0.627394935345881,-0.4773230102880582,0.16324543824680632,0.1498253119181908,-0.32648597646879723,0.4339160941220202,-0.06041057166767503
"['Johnny Cash', 'June Carter Cash']","[816890, 838300]",-0.8951760238940678,-0.49784938879061424,0.17309244396102147,0.22093479041992545,-0.46339596174186465,0.6013629790011622,-0.14832529818335427
"['Johnny Cash', 'June Carter Cash']","[816890, 838300]",-1.050518552964946,-0.3761793625173014,0.5858363599470816,0.13084588975421693,0.09170548914252885,0.6975521055490211,-0.2893023659886771
"['Johnny Cash', 'June Carter Cash']","[816890, 838300]",-0.6927709341142192,-0.46557761932563396,0.1981648759844881,0.15446902970219997,-0.4932213255030276,0.5609821478333836,-0.13601816372721162
"['Johnny Cash', 'June Carter Cash']","[816890, 838300]",-0.3206080049869817,-0.43340744560233657,0.28616454612651343,-0.06529372779352258,0.07722653701677606,0.3497305699078332,-0.004061272778361752
"['Johnny Cash', 'June Carter Cash']","[816890, 838300]",-1.1450868502197604,-0.5442911864003129,0.08164601944123605,0.3362265462015303,-0.6953680866481421,0.7219006116226427,-0.20658818221423078
"['Johnny Cash', 'June Carter Cash']","[816890, 838300]",-0.9926782418894201,-0.4089776532166245,0.12074134722044735,0.18590962184562274,-0.017636678667497623,0.4780301681423212,-0.1380911304160346
"['Johnny Cash', 'June Carter Cash']","[816890, 838300]",-1.0763207990938877,-0.36744901362818433,0.15361186639822452,0.3110460742804284,-0.8031381730869039,0.668152766400227,-0.09912540777646026
"['Johnny Cash', 'June Carter Cash']","[816890, 838300]",-0.9799354739612323,-0.4894047402084016,0.10894535787552062,0.12020549751548407,-0.44271929890499706,0.8495086820591784,-0.07038843788124972
"['Johnny Cash', 'June Carter Cash']","[816890, 838300]",-0.48550314402269656,-0.6060876994651639,0.2693178402714123,-0.014169385252734826,0.03393126808425811,0.613881309265184,0.005805777652138523
"['Johnny Cash', 'Marty Robbins']","[816890, 858710]",-0.8130396873123161,-0.42832931064065155,0.2553653427960446,0.06728512517948683,0.14176320913062537,0.4847440860428543,-0.17557903171929132
"['Johnny Cash', 'The Statler Brothers', 'Carl Perkins']","[816890, 578031, 102781]",-0.8011486371204062,-0.3857225678964865,0.7216912636306442,0.049832077455311895,-0.30127523526815947,0.6603841788070005,-0.41610620613244137
"['Johnny Cash', 'The Statler Brothers', 'Carl Perkins']","[816890, 578031, 102781]",-1.058922281490962,-0.1627453505323209,0.314968010169734,0.10887140412468294,-0.28390131815806574,0.6483983188206182,-0.22608898640672453
"['Johnny Cash', 'The Statler Brothers', 'Carl Perkins']","[816890, 578031, 102781]",-1.0165907184296783,-0.27158489831229893,0.67801149983007,0.07513951799353624,-0.28705037494294555,0.631183828250912,-0.49685188324553475
"['Johnny Cash', 'The Statler Brothers', 'Carl Perkins']","[816890, 578031, 102781]",-0.6348054337217535,-0.34627006073545263,0.9395267592565651,0.06996234718091489,-0.4037215043003387,0.688570844659166,-0.3207446492467117
"['Johnny Cash', 'The Statler Brothers']","[816890, 578031]",-0.9047710880266974,-0.4206583872309048,0.6028254519318469,0.15326650438918046,-0.37142444758288906,0.6994340063414076,-0.2884983427454053
"['Johnny Cash', 'The Statler Brothers']","[816890, 578031]",-0.4136865580947408,-0.5904069651305135,0.25592104185255865,0.002919955644403769,0.10778655693983084,0.4577462356139045,-0.006461051651144974
"['Johnny Cash', 'The Statler Brothers']","[816890, 578031]",-0.804319593256746,-0.2444472536427904,0.2214408668537021,0.20623137832936422,-0.7644640505060748,0.532658153710766,-0.1397654778879823
"['Johnny Cash', 'The Statler Brothers']","[816890, 578031]",-1.0794356642116338,-0.4707024461448674,0.6786023453188237,0.1065957732734023,0.010985925288412841,0.7455768941995662,-0.41171750494826614
"['Johnny Cash', 'Waylon Jennings']","[816890, 200791]",-0.9147715508801572,-0.46938098796947697,0.09286031328414424,0.1065637870749703,-0.1819418811684013,0.7984940622651804,-0.0032641855023265694
"['Johnny Cash', 'Waylon Jennings']","[816890, 200791]",-0.8945750057429434,-0.40390414113070366,0.11479842353276323,0.23653080211914795,-0.2924460027478582,0.5300635220612744,-0.04982271583613124
"['Johnny Cash', 'Waylon Jennings']","[816890, 200791]",-0.6338248264960615,-0.48968514455407275,0.23222663845586652,0.14138924931825433,-0.052043736463416444,0.4234695471735159,-0.06751457326774228
"['Johnny Cash', 'Waylon Jennings']","[816890, 200791]",-0.663471611801048,-0.47159478337620586,0.14809555076634492,0.25147232893360255,-0.8450231290705233,0.5858823236239863,-0.055260087225548565
"['Johnny Cash', 'Waylon Jennings']","[816890, 200791]",-0.9403474740688329,-0.48021161650985017,0.06797647527687177,0.11855348686166778,-0.1786363026759174,0.7963431043143939,0.0024392406779413286
"['Johnny Cash', 'Waylon Jennings']","[816890, 200791]",-0.9431675398946333,-0.3477677944336328,0.08497869646655051,0.24300248769845825,-0.2908649379257391,0.5261863421683077,-0.054194112282087516
"['Johnny Cash', 'Waylon Jennings']","[816890, 200791]",-1.0245452669992732,-0.42510030549198924,0.06511823465991178,0.31723823617478153,-0.45722864899329163,0.5156290048268841,-0.1653624163516024
['Johnny Cash'],[816890],-1.0752413856156051,-0.42104095515678336,0.1093694004070544,0.34148618667809744,-0.7151257054133509,0.629948525185047,-0.21610860613391897
['Johnny Cash'],[816890],-0.8647883678825681,-0.6978698805754686,0.2149554674810439,0.15262491880368384,0.08411201691957619,0.6352648966019074,-0.16473151976742054
['Johnny Cash'],[816890],-0.7569229101811216,-0.7019999629747672,0.1765350866163178,0.23912327989425292,-0.7279607030958346,0.7501496065054662,-0.12156621691091687
['Johnny Cash'],[816890],-0.7874737509324846,-0.737988272618186,0.17041546190484383,0.3277535044224451,-0.7201649503123929,0.7039011250595524,-0.11448749812076803
['Johnny Cash'],[816890],-0.8431439322687002,-0.721957091822629,0.23523075996612436,0.24305241377418366,-0.26701508565794785,0.6864327447870174,-0.13917096397030823
['Johnny Cash'],[816890],-0.8908086211218083,-0.7514633723361767,0.2460640400896597,0.30260236011644137,-0.7028470195206242,0.7622031659468725,-0.23662011609008118
['Johnny Cash'],[816890],-0.762479261100926,-0.5460602796370797,0.16852729595279098,0.23808179887286557,-0.7378065710730105,0.6924579273868268,-0.03844649812941944
['Johnny Cash'],[816890],-0.6300774084385036,-0.4462597897468336,0.20439673836343797,-0.056038968450946774,-0.6704517225607503,0.8963120256784168,-0.03451671216209957
['Johnny Cash'],[816890],-0.5507801957398663,-0.6455068479643754,0.24061659549995823,0.1526506011279387,-0.406231919753407,0.5423376691309465,-0.0373482842793256
['Johnny Cash'],[816890],-0.7687504279208436,-0.7824666023522591,0.2164508636833528,0.2948025683328602,-0.71736963894288,0.7306914672839683,-0.11899059021912683
['Johnny Cash'],[816890],-0.5780711326267128,-0.5016320939275052,0.22238588359064215,0.03325692871207808,-0.5896933141293109,0.7060344204678769,-0.04430411035276445
['Johnny Cash'],[816890],-0.706294912620105,-0.5545809080718049,0.1812252840839851,0.2971803206106382,-0.7577933067921838,0.4793117019813741,-0.14393695629097014
['Johnny Cash'],[816890],-0.5507801957398663,-0.6455068479643754,0.24061659549995823,0.1526506011279387,-0.406231919753407,0.5423376691309465,-0.0373482842793256
['Johnny Cash'],[816890],-0.8451821569766743,-0.5261148332082987,0.40736713708649375,0.22130374343445347,-0.28352440562040576,0.6368449190134515,-0.09909870107586945
['Johnny Cash'],[816890],-0.8336118250448301,-0.836760233643524,0.2347067527868978,0.2512164399582864,-0.26235269601408373,0.6958585856577283,-0.1399697985816011
['Johnny Cash'],[816890],-0.9352753115734467,-0.3264968185296549,0.2126719089823664,0.001232838479356886,-0.5527049076611107,0.8608626891712469,-0.0762517585199554
['Johnny Cash'],[816890],-0.9137777689284298,-0.55336550823362,0.28827586974197245,0.020157784398233118,0.08496355779334848,0.8113319244843622,-0.08814852583628392
['Johnny Cash'],[816890],-0.692490913754066,-0.518232136065369,0.2192075429397109,0.09114317112637967,-0.5788378969949596,0.6646657212016863,-0.07943117006043895
['Johnny Cash'],[816890],-0.7124860508665223,-0.6379327204769832,0.26526729222995205,0.1726988697989565,-0.4797906272690316,0.5758700312639142,-0.17049956244921644
['Johnny Cash'],[816890],-0.5189188695996373,-0.3930468541161779,0.20502974491104592,0.008402629693892482,-0.34425553839512024,0.49694425083027505,-0.016899503872410782
['Johnny Cash'],[816890],-0.5105422798772037,-0.2967355668082147,0.203423229498645,0.00565654522246864,-0.5323526636530795,0.47828636378993983,0.012535290247602441
['Johnny Cash'],[816890],-0.9222470709149984,-0.5883390366110018,0.14426453440517392,0.22212938796329892,-0.6236206233059006,0.8103261455885812,-0.08696055955032758
['Johnny Cash'],[816890],-0.4216970308936206,-0.4289576208363135,0.2311023428392677,0.0691659881415861,-0.7003706661360857,0.5856957475256804,0.040551475859549366
['Johnny Cash'],[816890],-0.8956576408944292,-0.47017989305637453,0.24422896694048757,0.24793456615440634,0.17182821626862882,0.49060801037964374,-0.219414343930063
['Johnny Cash'],[816890],-0.5264871039014724,-0.507868553394884,0.19920516407328698,0.03474513500640153,-0.06377083221218599,0.49006862527712725,-0.000553866758154561
['Johnny Cash'],[816890],-0.8675654127487055,-0.31768946365227974,0.6803026063933043,0.0823556035764352,-0.7274780660424471,1.0363820305099531,-0.06504130363357534
['Johnny Cash'],[816890],-0.8679314315486438,-0.5366965095722165,0.7249230256808991,0.18341416201351252,-0.5360685910745496,0.8718220280962858,-0.2133210468942608
['Johnny Cash'],[816890],-0.7413185507323407,-0.515793073994492,0.27496613236201384,0.07773228560341718,-0.8254905454171353,0.9273817017545972,0.013508229438414848
['Johnny Cash'],[816890],-0.9669196472113345,-0.6632857382135378,0.11430695982834911,0.3075311786275328,-0.5287313850588983,0.6945499881837799,-0.1672970040525293
['Johnny Cash'],[816890],-0.6252138060365114,-0.4880981254996205,0.20900654931009716,0.23255566419188942,-0.4769969136227995,0.5389752341468572,-0.20224017157790994
['Johnny Cash'],[816890],-0.8973357094139365,-0.28716134726708703,0.046493969510352215,0.30205176244502147,-0.6608222514745049,0.44924584061224004,-0.1630177256017918
['Johnny Cash'],[816890],-1.0012264312299708,-0.5832448354667669,0.18490062689821532,0.3194958024198258,-0.6215624834445489,0.6487534603150682,-0.22243147658386775
['Johnny Cash'],[816890],-0.9430939771349575,-0.4319653394312147,0.7807448607640586,0.1782246405751676,-0.7190028219341443,0.7848486412141291,-0.4612892011956629
['Johnny Cash'],[816890],-0.4311922614595537,-0.36592222665103863,0.20333716889682996,0.011249923841284318,-0.7068422913940839,0.5996386145118009,0.05879374253267215
['Johnny Cash'],[816890],-0.8938790927444521,-0.435628650016782,0.28859263529330903,0.10662968401116744,0.06830492620063382,0.6009813227154088,-0.04324162771882217
['Johnny Cash'],[816890],-0.7658059581729217,-0.7552750513532549,0.24030547235966815,0.2933170061704077,-0.7222984012844802,0.7046682797645788,-0.10977018707976971
['Johnny Cash'],[816890],-0.6753371130339132,-0.6563147772734987,0.21590102363350036,0.1359951688215742,-0.12356809276887726,0.5546150491592514,-0.14190813360640123
['Johnny Cash'],[816890],-0.9898600689454374,-0.355778723599877,0.03812302072963276,0.1091423721634123,-0.5412447103100501,0.8593239226628328,-0.04663117662493479
['Johnny Cash'],[816890],-0.776807496438817,-0.5092186960299125,0.15067309564228065,0.1623903657281399,-0.5670369790584671,0.6553180657104949,-0.06836466295299796
['Johnny Cash'],[816890],-0.7760192309429836,-0.568381650254151,0.12774976825337103,0.20362730693130404,-0.7396983814009366,0.7033840050576274,-0.06128067518501758
['Johnny Cash'],[816890],-0.47564090467398634,-0.4000629240514721,0.35109800271327263,-0.05336087699718282,-0.2547502017957905,0.552832183380866,-0.04433131107848622
['Johnny Cash'],[816890],-0.7235072697638077,-0.3602654886368662,0.19842961993095637,0.10272505428386179,-0.49051615191804065,0.640388930855019,-0.05404064472796703
['Johnny Cash'],[816890],-0.8874995605981187,-0.59791524346045,0.2019387928627056,0.0279019058981098,-0.2652520041031859,0.92935595854128,-0.038679978155091804
['Johnny Cash'],[816890],-0.7709942932840127,-0.7813115961247329,0.23824417469107045,0.21628529820739792,-0.0013044354234918215,0.6350721586599132,-0.16819138526896418
['Johnny Cash'],[816890],-0.7348319187606915,-0.5986606775813427,0.26714293155589164,0.058566659295011904,0.15149372045288914,0.6100291367459888,-0.07359830430117603
['Johnny Cash'],[816890],-0.5616773041626524,-0.3499119838360196,0.5747036698799601,0.02528487032200395,-0.7763028925305422,0.7348233293199478,-0.1715950787944291
['Johnny Cash'],[816890],-1.1121077418704877,-0.44789617833463047,0.5485770780420643,0.24093095968438544,-0.25598083482816403,0.6950247745283885,-0.40786543169361245
['Johnny Cash'],[816890],-0.5515612735023715,-0.16310633426169213,0.7556502975606334,-0.06894290152034026,-0.16709487549194388,0.5451440921626932,-0.21662620751814518
['Johnny Cash'],[816890],-1.0202023329954137,-0.27082826176992725,0.5999692101498005,0.1361899950510309,-0.7279087575144227,0.7536052822633741,-0.4298671911617824
['Johnny Cash'],[816890],-1.1214520278023925,-0.11735187978668367,0.5513513881321943,0.10297051046497033,-0.716605191625821,0.8872452941811725,-0.2693148503351573
['Johnny Cash'],[816890],-1.0162023145210315,-0.27043973070413097,0.628916656669431,0.07093071304912049,-0.28273421368831325,0.7118826725659976,-0.4339231825600283
['Johnny Cash'],[816890],-0.9239450288794777,-0.700813135616607,0.14362391111215242,0.18426763728274356,0.1812047817964236,0.6091727464445237,-0.12184787547669368
['Johnny Cash'],[816890],-0.46124373110913913,-0.3209307676347465,0.3160249049408679,0.0911105405269564,-0.8768002104233168,0.6202359499202194,0.0016005572472691848
['Johnny Cash'],[816890],-0.566119362675314,-0.763424900296441,0.24337792605170527,0.11944852894337213,-0.036855487572586526,0.5547784424851759,-0.09699358382514735
['Johnny Cash'],[816890],-1.306950866656339,-0.22939202048890167,0.5938904422056507,0.18255236659241414,-0.6953031677343954,0.8415012314808553,-0.5446908730540222
['Johnny Cash'],[816890],-1.1121121826454765,-0.5891953040874162,0.15075411343919737,0.3115086871691078,-0.6976632780249105,0.7146051875552357,-0.23871214389873355
['Johnny Cash'],[816890],-0.8908086211218083,-0.7514633723361767,0.2460640400896597,0.30260236011644137,-0.7028470195206242,0.7622031659468725,-0.23662011609008118
['Johnny Cash'],[816890],-0.6015074153661063,-0.6350760403813719,0.22971793149803696,-0.07985025201837412,-0.29972406839488375,0.9643150421434069,0.05997025155009589
['Johnny Cash'],[816890],-0.8913348217720348,-0.7385633878848481,0.1941372184210892,0.17371572866353693,-0.08845750174478345,0.6752048270066581,-0.1531887878872125
['Johnny Cash'],[816890],-0.8561032959140404,-0.6571174843530568,0.25439721368633506,0.2615306042455667,-0.7201418271604632,0.7207798444912609,-0.2584467014164357
['Johnny Cash'],[816890],-0.7181321072948211,-0.688786688285248,0.24088016954695857,0.18356813914969397,-0.7296054795131915,0.7974924370921272,-0.10342945201444595
['Johnny Cash'],[816890],-0.7036572749123317,-0.4035030141601441,0.31611349117153453,0.06062786096400952,-0.7609612812280894,0.7337906691664823,-0.17235498138542038
['Johnny Cash'],[816890],-0.8074858197668516,-0.7744141872080688,0.2196641670699755,0.33965715751318387,-0.7140481502245398,0.7329290236839822,-0.12124063178903882
['Johnny Cash'],[816890],-0.7675156776256182,-0.8269405958817522,0.24121434709150788,0.2407262812990749,-0.3658067677907655,0.6457853679506032,-0.17157278732160708
['Johnny Cash'],[816890],-0.881876358215322,-0.4744003012998309,0.24815423107171003,-0.08674561381788416,-0.10390282719661104,0.880321783244458,-0.10747571270740326
['Johnny Cash'],[816890],-0.6916311589675952,-0.5847074123436802,0.26825449850680566,0.07213951500822433,-0.5669968088611236,0.7658319409078527,-0.10468880943907113
['Johnny Cash'],[816890],-0.7441996064724073,-0.5822084122097357,0.19978716487442208,0.09019070451416976,-0.740120795020288,0.80887317724167,-0.10283121542385223
['Johnny Cash'],[816890],-0.7667095072741721,-0.5784917032142144,0.12001044481158907,0.21560361564320363,-0.5659135262538981,0.6210353081737878,-0.08959454770215204
['Johnny Cash'],[816890],-0.7284927849716925,-0.5331020963942407,0.6722037750390857,0.1865373359444951,-0.2868408485602349,0.7670494969374111,-0.04210558021699116
['Johnny Cash'],[816890],-0.598833288738725,-0.6851636475298197,0.22306004565284304,0.1658486364016648,-0.30889788547694913,0.5472684351819395,-0.09105147753276976
['Johnny Cash'],[816890],-0.7814571454629918,-0.8562483217700763,0.22616683192482218,0.2560739914008725,-0.26528025979368414,0.7090916326612651,-0.12789928600034373
['Johnny Cash'],[816890],-0.5556904683524833,-0.5402773524034475,0.20171446214344907,0.0609172184976705,-0.6774483460777907,0.7053554721866582,-0.013911190135189485
['Johnny Cash'],[816890],-0.39071008147420055,-0.46767701585704685,0.2453645385391639,-0.038653270886650756,-0.25676439497936243,0.5668678551170901,0.04981765032703702
['Johnny Cash'],[816890],-0.3495447281627789,-0.40860455970285303,0.2094723508927594,-0.015373938415967682,-0.5400150030030936,0.5191309076790671,0.057258764787513655
['Johnny Cash'],[816890],-0.594725483132608,-0.33654190806889756,0.1647305302325725,-0.1526283818642002,-0.070025008975537,0.6350881296363592,0.013428477526663948
['Johnny Cash'],[816890],-0.91816909079881,-0.6022496274372573,0.2288152445085768,0.23948728470546632,-0.17769169081728228,0.6472769007269398,-0.07413719501535793
['Johnny Cash'],[816890],-0.7222013434125001,-0.6719989760038081,0.1945015542535688,0.17403182454873486,-0.2831303488487805,0.7025585942430477,-0.14031111151981723
['Johnny Cash'],[816890],-0.6788794261926742,-0.30830068504466895,0.47302938309969944,0.17756799148803484,-0.672854622241561,0.5945590425764347,-0.10737171801309285
['Johnny Cash'],[816890],-0.5578455847004449,-0.4831552239264424,0.7298360097841501,0.03820739555819431,0.04023795475647427,0.6658708837197588,-0.027726656915136358
['Johnny Cash'],[816890],-0.5919140569317639,-0.4973784710879984,0.4981528521875191,0.027454535873202516,0.043369785167156054,0.6485050818964649,-0.05718160962877389
['Johnny Cash'],[816890],-0.594715027351886,-0.05207394261433165,0.9949518002011033,0.12437306682965663,-0.15568624704524087,0.504320099484758,0.055976790668211054
['Johnny Cash'],[816890],-0.4728677930929256,-0.5839733234781536,0.2139237473977476,-0.02280501462714925,-0.506305714135518,0.7606362979736576,0.029181407788913146
['Johnny Cash'],[816890],-0.25945441286900833,-0.510756382727327,0.221287068914599,0.013057392277812491,-0.535864244291276,0.5831845599903818,0.11666814097516458
['Johnny Cash'],[816890],-0.6790670972262473,-0.3050015300407843,0.4369375062999298,0.1191608889845582,-0.6831852539268629,0.5427349647250735,-0.19279588801876418
['Johnny Cash'],[816890],-0.829752186834142,-0.6230344086215982,0.19960917923927338,0.009524153867026073,-0.27001119496550574,0.939905028783011,-0.03556991628018753
['Johnny Cash'],[816890],-0.5959656894920833,-0.6890719090924421,0.20412287914040747,0.206956455320999,-0.6637816702317061,0.6332774013391291,-0.10977422634784324
['Johnny Cash'],[816890],-0.6655892990850327,-0.28491628165931915,0.34064835847592273,0.006332528171201759,-0.5986819586989546,0.6102142344906938,-0.12252792545213055
['Johnny Cash'],[816890],-0.8769767658559153,-0.5737852834092474,0.22268621562946883,0.17910478756998016,-0.7229358762556932,0.8012707241883754,-0.1287744709555381
['Johnny Cash'],[816890],-0.7441996064724073,-0.5822084122097357,0.19978716487442208,0.09019070451416976,-0.740120795020288,0.80887317724167,-0.10283121542385223
['Johnny Cash'],[816890],-0.6302701742934465,-0.6018634223309994,0.19866943133300952,0.08103794624210414,-0.2267813055110812,0.5308301586897385,-0.10568400178203712
['Johnny Cash'],[816890],-0.6878080281169018,-0.7141085710247365,0.15229394246926292,0.39211883721109125,-0.6695215767695897,0.8930006482410701,-0.43148951557264464
['Johnny Cash'],[816890],-0.4876673690460024,-0.35669836910561925,0.2369210542515158,0.03265100094185021,-0.5305058680278427,0.47577348954910836,-0.020186589864320714
['Johnny Cash'],[816890],-0.8322401725149545,-0.6742427747262154,0.18540181418708965,0.24543224804117705,-0.5482976537629958,0.6593779474530981,-0.155180819691308
['Johnny Cash'],[816890],-0.6897828179567295,-0.6246420647607229,0.1870463042144247,0.06796845120228459,-0.567406571308492,0.7737950386500502,-0.06285475552891413
['Johnny Cash'],[816890],-0.7588789627307007,-0.7690281334922832,0.1975446601073412,0.27636143377692957,-0.7296853585261477,0.6612081011442584,-0.16518621337354059
['Johnny Cash'],[816890],-0.3735781141881727,-0.46238424287428986,0.3364467069535596,-0.01383168443433996,-0.5286292170420555,0.5993999204569116,-0.021791286016480574
['Johnny Cash'],[816890],-0.39491871106117793,-0.6029723524771109,0.24746340146828694,-0.049192061344312324,0.01965878217883385,0.5857638170311114,0.04066285300982139
['Johnny Cash'],[816890],-0.8821917183298912,-0.6570467838537661,0.18465458515581676,0.246796211302234,-0.45254623307814573,0.6438618441918808,-0.21110023442027412
['Johnny Cash'],[816890],-0.9096749587205236,-0.3210323543149107,0.33991508814391164,0.2505158460060864,-0.7471595178390781,0.5788466480319443,-0.2726165253984757
['Johnny Cash'],[816890],-0.5587905987505446,-0.6632601403651559,0.9279208998224785,0.26730474549024374,-0.736235008648121,0.951882598414131,0.12248843903951764
['Johnny Cash'],[816890],-0.7038856689444695,0.16619273200010534,1.3108928176020842,-0.14125012907273504,0.02219517872508901,0.7651952342185497,0.005304663794782472
['Johnny Cash'],[816890],-1.0200907251396043,-0.45776336308011467,0.26360060290168386,0.2023335236552739,-0.5389552992378417,0.7234842924857077,-0.25485111505745917
['Johnny Cash'],[816890],-0.6570322976968926,-0.32930758888907175,0.7573103811068709,0.07365383783376425,-0.7641971534072556,0.7326394347057417,-0.30025496576560196
['Johnny Cash'],[816890],-1.0619097549208425,-0.36074400627401276,0.7881540421893288,-0.003501064501051418,0.17697781541941204,0.7302215169133722,-0.4700153011012801
['Johnny Cash'],[816890],-0.9416902761513366,-0.37006140633726925,0.7021788778615206,0.10871892755239188,-0.7268511031299516,0.818604214147604,-0.43984111038564594
['Johnny Cash'],[816890],-0.550725646268041,-0.5526834836857847,0.49279927692644554,0.1179763578208651,-0.6746859506101315,0.6928588591914245,-0.09443355990312663
['Johnny Cash'],[816890],-0.9099388916134367,-0.515384102042432,0.1606045814087246,0.29037081240103324,-0.7286166750003508,0.6439580241344193,-0.17068874732374975
['Johnny Cash'],[816890],-0.9188502099581608,-0.46693436334451643,0.21395458629361402,0.2539455343948312,-0.19944008293367374,0.48315088272579787,-0.23168966403030491
['Johnny Cash'],[816890],-0.6618946981632879,-0.6111641432141711,0.300113253959922,0.17633828854107858,-0.7496198933841149,0.6670123761590114,-0.1487399613572761
['Johnny Cash'],[816890],-0.5158808572961692,-0.47599355609289995,0.21164902842742844,-0.18952390963476867,0.12042696821974037,0.7712636090636867,0.07522265777707705
['Johnny Cash'],[816890],-0.717271321455097,-0.7467573055518857,0.21912158656723899,0.2324708007052247,-0.4576852865583563,0.7001773095608456,-0.09838558966390526
['Johnny Cash'],[816890],-0.9438549025233824,-0.31332854383766734,0.3103813153226678,0.19144953764103292,-0.5670882830704235,0.5437438024333163,-0.3163897625491231
['Johnny Cash'],[816890],-0.2941694747567608,-0.23671404925081493,0.1626453519960197,-0.1711254667390711,-0.7307924583285921,0.7179225791281428,0.21119334280225674
['Johnny Cash'],[816890],-0.4008545091456963,-0.3863751565480389,0.19080109673607878,0.09278187070924168,-0.8000182416165571,0.5055801074318829,0.02829197719956612
['Johnny Cash'],[816890],-0.8263110271586482,-0.6044186249036804,0.16569943862363684,0.27956249184546444,-0.3757697721424718,0.558219071053774,-0.10181463004001819
['Johnny Cash'],[816890],-0.5775936202600637,-0.6760251700591299,0.21963334341100832,0.18295056587921832,-0.7476305854585745,0.7364056093175573,-0.03728411021585885
['Johnny Cash'],[816890],-0.6916311589675952,-0.5847074123436802,0.26825449850680566,0.07213951500822433,-0.5669968088611236,0.7658319409078527,-0.10468880943907113
['Johnny Cash'],[816890],-0.6833051933834234,-0.3759660624083732,0.3377234317390361,0.02541603661852827,-0.7680464455290656,0.6968457216826981,-0.15503019578157842
['Johnny Cash'],[816890],-0.8469526083188742,-0.34879611955172524,0.2923489409746877,-0.20954730267885782,0.146429563289228,0.8202316300815978,-0.12789550693597496
['Johnny Cash'],[816890],-0.9592918988977601,-0.5404786076095438,0.45121781024532975,0.14844467090430852,-0.3615736511005863,0.6936463657571647,-0.3520970345382402
['Johnny Cash'],[816890],-1.0639344213423205,-0.10492212269236229,0.7399173602454217,0.0584425210375497,-0.7288942208439384,0.8280904799333287,-0.43999724981609933
['Johnny Cash'],[816890],-0.8490537357863472,-0.3787630499479368,0.4038058773076745,0.012510607548509136,0.057989592692793,0.6292549510409904,-0.19810921048573474
['Johnny Cash'],[816890],-0.5500619484085634,-0.4245348101090075,0.2379818421600008,0.2006890936471574,-0.6892885189585082,0.4736680777408395,-0.03279004529735915
['Johnny Cash'],[816890],-0.7008713415531349,-0.6794835667605544,0.29726477695479053,0.1534810097248248,-0.2927980347692977,0.6501984309464702,-0.15048066114150754
['Johnny Cash'],[816890],-0.8218736611607406,-0.4393193592585037,0.21540433584431465,0.21795503669024585,-0.4760771926722774,0.5527634175105219,-0.14492860778350483
['Johnny Cash'],[816890],-0.6358727519079597,-0.727801809259827,0.2956304824306896,0.042030677238722516,-0.21207018336002864,0.7247282315793858,-0.13819663420247583
['Johnny Cash'],[816890],-0.6800688091680921,-0.4729543703037174,0.2386224699334261,0.14817488735594048,-0.3142743513833387,0.5020948473803766,-0.1218108506012899
['Johnny Cash'],[816890],-1.178781731754477,-0.3564297270584363,0.17245144826130393,0.3318284543546992,-0.4441570908775298,0.5331852810106504,-0.3235961678875276
['Johnny Cash'],[816890],-0.9119626931393642,-0.1788061546976215,0.05558155518783323,0.210137576910486,-0.48731254760461035,0.4505057769837525,-0.04418064560523105
['Johnny Cash'],[816890],-0.9551903965091978,-0.5691186134258955,0.1862635782335496,0.2291059877703045,-0.2719152699456278,0.6006454347982663,-0.1998420735486398
['Johnny Cash'],[816890],-0.8310977255698512,-0.8298280623603772,0.20144874991101375,0.342094048748039,-0.7067076332814826,0.7444328147380344,-0.13093660667660426
['Johnny Cash'],[816890],-0.8687710995190598,-0.5065494875623378,0.15025532559454127,-0.03558084026404273,-0.10247270240211691,0.8648120670236763,-0.06903201465402016
['Johnny Cash'],[816890],-0.7441996064724073,-0.5822084122097357,0.19978716487442208,0.09019070451416976,-0.740120795020288,0.80887317724167,-0.10283121542385223
['Johnny Cash'],[816890],-0.6833051933834234,-0.3759660624083732,0.3377234317390361,0.02541603661852827,-0.7680464455290656,0.6968457216826981,-0.15503019578157842
['Johnny Cash'],[816890],-0.8066984835241443,-0.7985917414501571,0.22463463908136322,0.10631392695103443,0.17770800991481525,0.6886609289325819,-0.11551343171822649
['Johnny Cash'],[816890],-0.7644627981863539,-0.8045667832438534,0.20929050097073845,0.16854046168894846,0.1689540753904036,0.5943362454180516,-0.11430387406588388
['Johnny Cash'],[816890],-0.8861770565223245,-0.4634354487312952,0.24917884193417736,0.131782009351586,0.07020575979416555,0.6161911797256197,-0.03754849552616956
['Johnny Cash'],[816890],-0.25069225151189894,-0.33042057764300314,0.21709059860635324,-0.01650909698630147,-0.8228355542452642,0.5557743865874707,0.12904732825926601
['Johnny Cash'],[816890],-1.1501225401157404,-0.3293041011586079,0.11839316628149062,0.030058890086639815,-0.348914574374553,0.9444116447899369,-0.07987480487249206
['Johnny Cash'],[816890],-0.3160285364771041,-0.4337056302514503,0.21893421680042793,-0.015411634891762224,0.08551535893828768,0.36882998433102254,0.07790122878263707
['Johnny Cash'],[816890],-0.68423800324005,-0.5347777311568415,0.23833597347660004,0.15277176789835392,-0.7438347106915385,0.7488138239462816,-0.05287154895291113
['Johnny Cash'],[816890],-0.2346526525780023,-0.5119363061716958,0.44692848370420957,-0.01623178698777054,-0.002174335831448348,0.506240047365075,0.06394883322104424
['Johnny Cash'],[816890],-0.4126789387078209,-0.31031404823467273,0.2308707446148051,-0.08384853674385939,-0.08877129676687566,0.4928471660586154,0.03652954864910562
['Johnny Cash'],[816890],-1.1305963412382132,-0.18079641876131292,0.5528765369384656,0.23582690781255516,-0.7193380546664099,0.7062799860067296,-0.32180770130208736
['Johnny Cash'],[816890],-1.02287704605917,-0.15017515556429875,0.9876342283710506,0.1149849406337096,-0.7179168412544114,0.9890600935324307,-0.2188215864627883
['Johnny Cash'],[816890],-0.37520836611135094,-0.6382300952731125,0.2912513268282821,0.018754471864391983,0.10735322878697605,0.45471302066271385,-0.01214921068818726
['Johnny Cash'],[816890],-0.43218786109504587,-0.7810706145827151,0.26012176776849466,-0.026697923259829878,0.13171868162755287,0.700133484762862,-0.03324573054000675
['Johnny Cash'],[816890],-0.7694569097082941,-0.7304198386678245,0.217390225427984,0.06116437347129865,-0.26800467120747334,0.8812363864456393,-0.10971713801196813
['Johnny Cash'],[816890],-0.9221457780981333,-0.6861679450357484,0.17258165225035305,0.21492190475166142,-0.2674014842666283,0.6393135181299516,-0.17439902658282913
['Johnny Cash'],[816890],-0.31780812303544986,-0.24992245884526246,0.41946164210300024,-0.19540457613813297,-0.025302416675097864,0.43173576500752847,-0.08131512308871937
['Johnny Cash'],[816890],-0.8874995605981187,-0.59791524346045,0.2019387928627056,0.0279019058981098,-0.2652520041031859,0.92935595854128,-0.038679978155091804
['Johnny Cash'],[816890],-0.6302701742934465,-0.6018634223309994,0.19866943133300952,0.08103794624210414,-0.2267813055110812,0.5308301586897385,-0.10568400178203712
['Johnny Cash'],[816890],-0.7832806808457036,-0.7292528980048146,0.20500411887116116,0.06442871217153456,0.16907344553701423,0.7070752854382181,-0.1320127315891071
['Johnny Cash'],[816890],-0.7720624768007113,-0.7259028453255449,0.20950367145301216,0.0560857121339072,0.16730825095072063,0.7029631637833862,-0.1268532769456639
['Johnny Cash'],[816890],-0.6173351137514698,-0.6041571050142717,0.17834625065820844,0.20291092915232256,-0.40179989980340325,0.5276853571048674,-0.04133403145479461
['Johnny Cash'],[816890],-0.6970649707820488,-0.3842034059919065,0.2910879219272165,0.04155160287446092,-0.49405848555409515,0.6824449458389774,-0.09140292125088624
['Johnny Cash'],[816890],-0.6225614487757195,-0.7225172055414145,0.23669315867637467,0.06240393309204878,0.1507689482463068,0.6549403707293018,-0.06538987784411965
['Johnny Cash'],[816890],-0.903081835189719,-0.7203050682417318,0.19377956278099817,0.2041194546015025,-0.7077199617903689,0.8574489474093854,-0.1464795548561148
['Johnny Cash'],[816890],-0.8385279259619325,-0.5898925224841245,0.18112560177758014,0.09499170772584173,-0.7205046309925637,0.9405752072751256,-0.045258591639375075
['Johnny Cash'],[816890],-0.6625700399309628,-0.4791058242772667,0.21981008064140478,0.11533537982674426,-0.40155800803770875,0.5825814364686134,-0.0070133497120089166
['Johnny Cash'],[816890],-0.33877299935242294,-0.345288080614923,0.2930477534429117,-0.09374239022586116,-0.09596616725182817,0.47679545745613794,0.01134753839669456
['Johnny Cash'],[816890],-0.8533279991187102,-0.4920345070184631,0.29389953594404283,-0.029612750014893077,-0.016609842928745403,0.7908259948986682,-0.13538504122024256
['Johnny Cash'],[816890],-0.5265359302635089,-0.5677011791502631,0.5350733683790622,0.134696373907855,-0.590967091327062,0.6208684074881292,-0.16923280300090007
['Johnny Cash'],[816890],-1.1999433609299535,-0.11985423941121834,0.6981825825435388,0.1352651198041936,-0.7118505292387559,0.8496921823709049,-0.4722511065981481
['Johnny Cash'],[816890],-0.6475425153432522,-0.5530147045859807,0.22055003724893088,0.040131389929228566,0.03932591955091701,0.49748149033493133,-0.07562417978884639
['Johnny Cash'],[816890],-0.9959711029285445,-0.30390598888874265,0.13274222734183433,0.19815508913530336,-0.6306149070936845,0.8142171989226564,-0.07897390571943563
['Johnny Cash'],[816890],-0.2502299046955512,-0.4350715314109805,0.2527917685885005,-0.08554460867098948,0.07190166482220442,0.35901472210975155,0.08778202737882151
['Johnny Cash'],[816890],-0.4598610722479314,-0.17354761605166638,0.937835330734248,-0.0021390100501038085,-0.536879855120438,0.531174763145334,-0.22899112851204165
['Johnny Cash'],[816890],-0.7739497463222808,-0.8249574975414439,0.23414252621134868,0.10240288370241143,0.17716989294685015,0.7076701632312317,-0.11375387049421377
['Johnny Cash'],[816890],-0.7658059581729217,-0.7552750513532549,0.24030547235966815,0.2933170061704077,-0.7222984012844802,0.7046682797645788,-0.10977018707976971
['Johnny Cash'],[816890],-0.8021234303016317,-0.5090805829100337,0.2176894203803885,0.2663951906556761,-0.832439408234396,0.6083806503430867,-0.13048861435197168
['Johnny Cash'],[816890],-0.598833288738725,-0.6851636475298197,0.22306004565284304,0.1658486364016648,-0.30889788547694913,0.5472684351819395,-0.09105147753276976
['Johnny Cash'],[816890],-0.8305194857477578,-0.846996529107332,0.2046312160665264,0.18407863165780414,0.1852170867116452,0.6743828509449267,-0.13176114791122556
['Johnny Cash'],[816890],-0.8243062337206938,-0.7637041586731073,0.17913551221591914,0.21295115833631972,-0.26816695313339284,0.708890772390408,-0.11711681929087031
['Johnny Cash'],[816890],-0.8251362427251381,-0.1253031248716323,-0.04809669224985781,0.18276052599616224,-0.493126966359951,1.0152533171073466,-0.38786622411235944
['Johnny Cash'],[816890],-0.597127363958012,-0.4859320031075801,0.20656714949187183,0.0008965361353684532,-0.32808471641886766,0.5984768833153064,-0.040724662302814844
['Johnny Cash'],[816890],-0.7725533747680488,-0.7139436107341185,0.17368996241415288,0.2098761756470468,-0.2805375570311056,0.6458479370994273,-0.12074416200648579
['Johnny Cash'],[816890],-0.8957439105010375,-0.4060014956235932,0.20223525039847087,0.09766327920916083,0.14818134898160054,0.49585411489757186,-0.15196703815985943
['Johnny Cash'],[816890],-0.7676695590630433,-0.5809912299797074,0.30741608582942503,0.14658027970921386,-0.2946289689978967,0.6117050966577499,-0.17726098234797605
['Johnny Cash'],[816890],-0.6235516678279375,-0.2642025640405424,0.21747427085060944,-0.07159496474612569,-0.33954889350446626,0.6223959649468976,-0.034888995626807744
['Johnny Cash'],[816890],-1.0324028329310293,-0.6445133784681691,0.2964708394460406,0.3023681698537721,-0.34200542700267483,0.6558355736138974,-0.17688858325675363
['Johnny Cash'],[816890],-0.9111431671289244,-0.49008876329890105,0.2905884890882078,-0.007506509336577133,-0.17517913110400898,1.0058571883741685,-0.02025782964262924
['Johnny Cash'],[816890],-0.3112064432573043,-0.6673652478812503,0.2580858931960485,0.04226862241002915,-0.3407350627167654,0.5883528630513118,0.011148483571111695
['Johnny Cash'],[816890],-0.6765672982866743,-0.5837780327789197,0.06672841077603647,0.3912634185667825,-0.0975975482118436,0.9448455135678929,-0.6111220306270704
['Johnny Cash'],[816890],-0.5001630423703081,-0.5761906954780202,0.242920082305813,0.10228511249830861,-0.6870930867627439,0.6129372362652233,-0.04677278668399791
['Johnny Cash'],[816890],-0.37789479016896066,-0.4115675609091946,0.5458528913192652,0.069317817988571,-0.8021497298154445,0.5540573518637075,-0.14375102170257595
['Johnny Cash'],[816890],-0.6064888114788556,-0.18357831038880584,1.392642950259492,0.10525769958078632,0.02726632793348412,0.5490023776431334,-0.1317829583363862
['Johnny Cash'],[816890],-0.7619349782018549,-0.43358408945604543,0.541668623619443,0.2181244832589706,-0.5579715304315433,0.7550185663663738,-0.009829636051228125
['Johnny Cash'],[816890],-0.565538780059699,-0.35404315265385755,0.6694498864286444,-0.11101459619844081,-0.15181153516423082,0.727670768468117,-0.16489003322918752
['Johnny Cash'],[816890],-0.47028716756249284,-0.23658802188253372,0.704131029940258,0.01612061141052159,-0.7961040539996397,0.6246406959749423,-0.20911339602198173
['Johnny Cash'],[816890],-0.8934310921776651,-0.33416871807749704,0.7285286129320812,0.057771887223473546,-0.5474518775165256,0.9838707423817501,-0.12383876786405064
['Johnny Cash'],[816890],-0.5069677402686154,-0.13193865828266452,1.2249593724947923,0.04265956102214314,-0.15180581538390878,0.6953255004789782,0.02814810380225527
['Johnny Cash'],[816890],-0.961001366286092,-0.30540056883184746,0.877722530000603,0.29145113738500383,-0.7259370484579991,0.7076141232192985,-0.3101305937654623
['Johnny Cash'],[816890],-1.2814725012816999,-0.19132348650083206,0.7085706383345666,0.26141027532572947,-0.6961042506692218,0.857585458377634,-0.34662326116627346
['Johnny Cash'],[816890],-0.4332703347196475,-0.49635659159217566,0.22212907135793553,0.023087931597244357,0.10588112050489126,0.44402961590254425,0.020364586412920896
['Johnny Cash'],[816890],-0.14789344099218346,0.11092055730692932,0.014574428804902626,0.10922755268514223,-0.30783388297006187,0.6156784799335672,-0.47265347477928404
['Johnny Cash'],[816890],-0.9767573633924007,-0.3203306362704069,-0.05231905121124061,0.5098236425754824,-0.35992537404091457,0.8889627337161213,-0.5833574980523567
['Johnny Cash'],[816890],-0.7421269750331859,-0.412607346011991,0.4225874407629506,-0.00935472745714498,-0.29119033198439226,0.9348449334049187,0.10604154749431749
['Johnny Cash'],[816890],-0.30453412543053804,-0.32222446555582357,0.25648252653241016,-0.06199458164352294,-0.2896582801034436,0.373009000887602,0.030955128725051594
['Johnny Cash'],[816890],-1.1270929623794255,-0.2977581538720247,0.08899480551627532,-0.013023429025235515,-0.0907557912302852,0.8557834123697962,-0.12733631048841754
['Johnny Cash'],[816890],-0.23763127907487017,-0.2526002960796871,0.18600043459119647,-0.2025617656573021,0.06359117574017246,0.45713628801174955,0.16040929538325627
['Johnny Cash'],[816890],-0.8310977255698512,-0.8298280623603772,0.20144874991101375,0.342094048748039,-0.7067076332814826,0.7444328147380344,-0.13093660667660426
['Johnny Cash'],[816890],-0.690043246945672,-0.6771810119818883,0.226026126375315,0.11253681971072027,-0.12260747558973177,0.5490981456147039,-0.14280159388311459
['Johnny Cash'],[816890],-0.49407611470996377,-0.6947796707608057,0.1632759488403198,0.12276095308782928,-0.5450444623144607,0.9425757289836701,-0.12827548072108702
['Johnny Cash'],[816890],-0.7387903119915366,-0.4647426790191622,0.07437580658860761,0.20276753753568824,-0.22532597961044581,0.9272927168360159,-0.4299071551774604
['Johnny Cash'],[816890],-0.7205524264908695,-0.6728625152368932,0.1934856043112735,0.11400417949841006,-0.2931954793086203,0.6572538324291085,-0.0732454068804485
['Johnny Cash'],[816890],-0.3575934125966455,-0.4228075000611794,0.2191785237313248,-0.0753788707207291,-0.09342887554856072,0.4776105847392905,0.014150477047443018
['Johnny Cash'],[816890],-1.0352852648072473,-0.23047680315228303,0.010245050877097482,0.13167113231824915,-0.8137280573228115,0.8376570102075931,-0.0391639977144844
['Johnny Cash'],[816890],-0.8835662281415245,-0.37818999206679216,0.7104008297657576,0.30357271286478815,-0.5369020489298773,0.7807964122487568,-0.10411064228302874
['Johnny Cash'],[816890],-0.9559194494397926,-0.23572822868731066,0.7708113161139241,0.12354082402523642,0.07240028093283431,0.7478465987004262,-0.00016180480894704958
['Johnny Cash'],[816890],-1.270622590577368,-0.18977268261985192,0.6554618988730047,0.16133902856037396,-0.2517137666566782,0.747352969197762,-0.44437855086574135
['Johnny Cash'],[816890],-0.5583196310409201,-0.4059263565740288,0.9815280504923886,0.10081453130798816,-0.6731354630936967,0.7858547198382702,-0.18804495762695372
['Johnny Cash'],[816890],-0.2982655459925159,-0.3437345537429685,0.21452028617373567,-0.017757974252214433,-0.6465410276951834,0.439724737278143,0.019848641344796393
['Johnny Cash'],[816890],-0.9756460767123478,-0.3428407752007462,0.3343163112496239,0.2498036017299142,-0.6926570339981398,0.8402845016595737,-0.4677045037347042
['Johnny Cash'],[816890],-0.1267000376491925,0.21337142566868722,0.0008686221346181095,0.07392074067516281,-0.7521535948370617,0.7937646606933102,-0.4208235674044822
['Johnny Cash'],[816890],-0.43988475948246486,-0.48537275655855716,0.30121914806567024,-0.04926711339520199,0.01113412544082157,0.46794287968077763,-0.042833151997568146
['Johnny Cash'],[816890],-0.6002632370443591,-0.6457902262537304,0.164573830598783,0.23070330435169434,-0.6641719767591121,0.6089402058982645,-0.061253149274090556
['Johnny Cash'],[816890],-1.134018986840023,-0.29884060556795355,-0.016518801369498855,0.04459323029143407,-0.16950207354245983,0.9062264771897605,-0.0037020158035514766
['Johnny Cash'],[816890],-0.5585967803314417,-0.41725073670074025,0.1762877607199863,0.05575504188409595,-0.7750730489582883,0.6698267136193256,0.018251569664668357
['Johnny Cash'],[816890],-0.9592918988977601,-0.5404786076095438,0.45121781024532975,0.14844467090430852,-0.3615736511005863,0.6936463657571647,-0.3520970345382402
['Johnny Cash'],[816890],-0.46326833908892423,-0.5213884490209425,0.2146787110611333,-0.05033847881655581,0.01997632869665352,0.5386600859915247,0.05458370737588815
['Johnny Cash'],[816890],-0.7094380641346998,-0.7133290462693865,0.17347378096379143,0.3867278253284454,-0.6790643214847449,0.8677623053686653,-0.3830199089327044
['Johnny Cash'],[816890],-0.7315435351687124,-0.7740512040636146,0.2609641968840812,0.14408043000500123,0.16202571501412052,0.5672211953983091,-0.08746084949185505
['Johnny Cash'],[816890],-0.9132658379833476,-0.7272374583502952,0.22567012383911234,0.3250318078828575,-0.7029622796567118,0.7551563183356707,-0.23571846420975948
['Johnny Cash'],[816890],-0.7780235888937068,-0.7922201663914542,0.23759718164516797,0.33396102583962184,-0.7156764790905903,0.740472574711091,-0.11060707821828843
['Johnny Cash'],[816890],-0.824104765886906,-0.5865195145354141,0.2107749080095602,0.14079307638514252,-0.28798495459367035,0.6384085453058553,-0.15880339219468653
['Johnny Cash'],[816890],-0.8775147645658077,-0.5481294045280503,0.14216875717212205,0.07872544789741759,0.0722533560751365,0.6177083367052941,-0.06469190259589815
['Johnny Cash'],[816890],-0.5894591655649725,-0.7579041417640798,0.23373770436577376,0.20373473014259053,-0.6475780584115152,0.7688582970372312,-0.05418507850601977
['Johnny Cash'],[816890],-0.6620846723017202,-0.5367084812192495,0.38090484275055236,0.17933951754947905,-0.6596990872117661,0.7136838155803333,-0.07166442651777179
['Johnny Cash'],[816890],-1.125523220585104,-0.35351147024945356,0.5273715000091767,0.3095644459601392,-0.43726343791487016,0.7458450588186024,-0.16949842026088707
['Johnny Cash'],[816890],-0.5311502138722384,-0.5678164698961659,0.7758277428417616,0.2136764225353577,-0.6594980237215665,0.8928188661782633,0.18926396794105527
['Johnny Cash'],[816890],-0.7540874235028915,-0.647057641040226,0.40232619393642016,0.1992796552471321,-0.7341187598910965,0.7385799392517851,-0.24812082976623903
['Johnny Cash'],[816890],-0.7005018846388333,-0.3028631548334341,1.038213069348096,0.005160888035679672,0.04675366305516516,0.6537266907770368,-0.2891343478132202
['Johnny Cash'],[816890],-0.6156508160854995,-0.597678336649094,0.2593666200700378,0.10503639803453298,-0.664968617399982,0.7109555605548161,-0.041121650688954986
['Johnny Cash'],[816890],-0.618770355904864,-0.5699268858931507,0.1708818505961278,0.20374380070052578,-0.6372953915189815,0.7769770742273624,-0.20037111153746584
['Johnny Cash'],[816890],-0.7483064357268181,-0.4770685348670946,0.18570954029517542,0.04095312794001354,-0.6531131246272824,0.8454067559032751,-0.014392495877970767
['Johnny Cash'],[816890],-0.6033944480615705,-0.6975971543949474,0.27819539122787396,0.0492372653168567,-0.12764587251704315,0.6392369162216971,-0.1254852334656513
['Johnny Cash'],[816890],-0.5547815856615025,-0.6766252964893935,0.3040642594171157,0.06049491844682047,0.04401083296352129,0.5630263090558513,-0.13610280774206232
['Johnny Cash'],[816890],-1.2208536750494563,-0.4914032875310403,0.14054864804985634,0.3135023952063626,-0.5898997315443689,0.8453775808387319,-0.21692336996222752
['Johnny Cash'],[816890],-0.9384230260194885,-0.4991613866006478,0.37124492533857406,0.2941826974100468,-0.6312510937310326,0.6520169032401794,-0.23923002131618826
['Johnny Cash'],[816890],-0.30112678586160374,-0.5616654548414421,0.2348525750546657,-0.03831919372711265,-0.26464062298853275,0.5654334858865248,0.040847702796240476
['Johnny Cash'],[816890],-0.6454671046896341,-0.5809900952129795,0.20802240553923504,0.032693560156313764,0.13126513703995568,0.4828092916405472,-0.08078313412305306
['Johnny Cash'],[816890],-0.5279353228292607,-0.5023869033738675,0.2271491818610493,-0.02695681669706476,0.11177174378861872,0.4783577522392639,-0.027819578825805675
['Johnny Cash'],[816890],-0.8248392036575855,-0.4668297199138768,0.7631425550678743,0.16970805136954503,-0.7284266685100205,0.8042746896324241,-0.4129108464996154
['Johnny Cash'],[816890],-0.8254832791811084,-0.6922556181144528,0.17202481914458695,0.20950339053482508,-0.277906191379883,0.6222868880802445,-0.12765728790099684
['Johnny Cash'],[816890],-0.7687504279208436,-0.7824666023522591,0.2164508636833528,0.2948025683328602,-0.71736963894288,0.7306914672839683,-0.11899059021912683
['Johnny Cash'],[816890],-0.8938790927444521,-0.435628650016782,0.28859263529330903,0.10662968401116744,0.06830492620063382,0.6009813227154088,-0.04324162771882217
['Johnny Cash'],[816890],-0.8336118250448301,-0.836760233643524,0.2347067527868978,0.2512164399582864,-0.26235269601408373,0.6958585856577283,-0.1399697985816011
['Johnny Cash'],[816890],-0.7763399847366266,-0.602097021613858,0.2523084369538313,0.07749258674106348,-0.7320467489498104,0.8838802732763817,-0.11882696145537293
['Johnny Cash'],[816890],-0.6036786370538699,-0.49658698138114266,0.19237625602699396,0.030179131835650855,-0.75494034714508,0.8740136123945217,0.10086472687164556
['Johnny Cash'],[816890],-0.5991525807773279,-0.5917042803984066,0.2906987884278151,0.1644397575436632,-0.7616978364018927,0.6077693303379132,-0.1169800110382552
['Johnny Cash'],[816890],-0.7472712732754323,-0.7435823762248837,0.23318288211994515,0.2793093804049341,-0.7321692255254376,0.6469108743807048,-0.154684384151118
['Johnny Cash'],[816890],-0.895080246865311,-0.5345996060641907,0.3071957105937608,0.18779819199969572,-0.4600251718232642,0.6503749524540209,-0.23508506029294113
['Johnny Cash'],[816890],-1.1436878212523833,-0.4720425769477321,0.2518057233384651,0.2728746585477269,-0.25736626325606377,0.5980683807926347,-0.3146799652288764
['Johnny Cash'],[816890],-0.5700574931968767,-0.4505246246429022,0.21812467759127868,-0.037384551491844616,-0.7639639194701934,0.8807126130532439,0.0533703621106862
['Johnny Cash'],[816890],-0.3689523159791505,-0.6665643746327851,0.1983802597968036,0.14643638760834168,-0.7460017414278518,0.8413043148990724,-0.13490716315605078
['Johnny Cash'],[816890],-1.0273753961329735,-0.4734594791580981,0.16846565625761445,0.2784242479219548,-0.2583732625087076,0.6362250603535599,-0.26467651837666384
['Johnny Cash'],[816890],-0.7829195214068416,-0.49127642328223714,0.10785580664205395,-0.09643035210176909,0.15666636528821715,0.8394253735234993,0.017608842146748967
['Johnny Cash'],[816890],-1.1117633604945114,-0.33507186547100837,0.5949777625104259,0.13219039058317295,0.18076365136490766,0.6405833962417641,-0.44089353872960946
['Johnny Cash'],[816890],-1.1080058007781084,-0.30923022329493594,0.6778610506978591,0.20262337055339577,-0.5309378057435109,0.7681933286721839,-0.44827004988047525
['Johnny Cash'],[816890],-0.763658354610251,-0.5513759417938923,0.4663186048835418,0.22186122310578865,-0.7326219085174984,0.7437620855628014,-0.18836230003151022
['Johnny Cash'],[816890],-0.48838212676746107,-0.6493308857513649,0.21835471603862192,0.17392889820771504,-0.6748209302677156,0.623862839027896,-0.020242373059144878
['Johnny Cash'],[816890],-0.864778970157789,-0.6461014984252254,0.2567038728821548,0.21570679736634993,-0.2732260932230763,0.6589042567838499,-0.21671908666075473
['Johnny Cash'],[816890],-0.4832330594778419,-0.17670732577687961,0.9510157618019236,-0.05165315622829413,-0.08945894922276003,0.4682844652960659,-0.21221569739934662
['Johnny Cash'],[816890],-0.8785100335597155,-0.6799004205741662,0.5254997680014482,0.33815479420742495,-0.7019981782709968,0.8387620121147072,-0.1693281693727806
['Johnny Cash'],[816890],-0.9786676636822002,-0.2987202950885969,0.13902459729593258,0.2798350043050894,-0.7287644977703636,0.5919593978580088,-0.1883633096637071
['Johnny Cash'],[816890],-1.0700430631423845,-0.5357642566632526,0.2895098579592103,0.3123720549488175,-0.7903603846318049,0.7304075617367893,-0.2570125841701304
['Johnny Cash'],[816890],-0.5793202442059904,-0.24351414892621048,0.12142489651891047,0.14832299688876147,-0.7070282387881184,0.3669093876704006,0.02731050256703348
['Johnny Cash'],[816890],-0.6939979633426765,-0.6857657961892021,0.2958372999279007,0.15367247827678776,-0.29735619383108686,0.6054159865556793,-0.1371455929094422
['Johnny Cash'],[816890],-0.6792555817173447,-0.743454134403682,0.20203834976587737,0.1723152250812213,-0.28906601377617813,0.6513232611874501,-0.09582590678215272
['Johnny Cash'],[816890],-0.9404418562084154,-0.5611070724502034,0.16784731572279468,0.16494413992326248,0.17213657903788854,0.5655901996752041,-0.21086210374963904
['Johnny Cash'],[816890],-0.4292612907750961,-0.44702128247014233,0.20872017514025604,0.007726235108358303,-0.7761441176429636,0.8486169982701116,0.17018165999610138
['Johnny Cash'],[816890],-0.7318916485861998,-0.584006824040139,0.20272183790356388,0.13722573192075596,-0.3831349781187178,0.6909394271257289,-0.014007118358637065
['Johnny Cash'],[816890],-0.8874995605981187,-0.59791524346045,0.2019387928627056,0.0279019058981098,-0.2652520041031859,0.92935595854128,-0.038679978155091804
['Johnny Cash'],[816890],-0.9154908739982981,-0.8238970752216677,0.3035321251143455,0.25607148226570026,-0.25140557079178866,0.7414045981723316,-0.19891442536215515
['Johnny Cash'],[816890],-0.6947647409713985,-0.6714129034293704,0.21089953407249232,0.095775649359191,-0.2964283621995806,0.6739672008584172,-0.09647826945209026
['Johnny Cash'],[816890],-0.24706530852405598,-0.39589526560208843,0.21831618491602353,0.08754274841360078,-0.7316591036335256,0.4050759897123956,0.08572469809129703
['Johnny Cash'],[816890],-0.5633372750978396,-0.5244281785556207,0.25328277043503283,0.19381855498254666,-0.6756752030037055,0.5783186890765382,-0.011911802786940602
['Johnny Cash'],[816890],-1.1615267162569836,-0.4410816743601232,0.17171889798706044,0.2217466437607503,0.1877671495163747,0.5373525106686328,-0.24106703057308876
['Johnny Cash'],[816890],-0.7865482965675007,-0.6203603758906785,0.1717025150906706,0.1737311144545321,0.15640370341588802,0.4756528073296337,-0.07828763097478418
['Johnny Cash'],[816890],-0.8405926304024413,-0.37742478393932466,0.7459393705033407,0.15889049300971123,-0.5651812838288689,0.6352626282468449,-0.42921495031771373
['Johnny Cash'],[816890],-0.46648027923355245,-0.18174360445799467,0.8213149058827758,-0.10085856646445451,-0.17331595185777132,0.581875981778243,-0.1971839195524651
['Johnny Cash'],[816890],-0.6659177999856921,-0.4199971809239916,0.37362633494204667,0.15973549458460512,-0.7660100785434343,0.6131002475885453,-0.19976947588472466
['Johnny Cash'],[816890],-0.9419244213372266,-0.43080657453650206,0.7128993826766358,0.1924132747649652,-0.5373321212539053,0.8135881223635386,-0.3229063344936128
['Johnny Cash'],[816890],-0.9474935186635713,-0.44343116892127427,0.6667137806482579,0.12264890757932367,-0.09334934834507021,0.7413890917255398,-0.31136219940274557
['Johnny Cash'],[816890],-1.210551574198061,-0.355277698030246,0.4898828498743175,0.16077861742908878,0.2013746831546698,0.7118433691294455,-0.4040031642086858
['Johnny Cash'],[816890],-0.44767755021079175,-0.5071498685108136,0.6960606027948281,0.10710922609891564,-0.6020176035447453,0.6403247187713493,-0.1390291160410371
['Johnny Cash'],[816890],-0.326253419071492,-0.3955882688251823,0.6271425796275827,0.0379877186126049,-0.8068343306923954,0.5851847534005215,-0.15588670817650993
['Johnny Cash'],[816890],-0.8400684800175118,-0.534508950392787,0.7877531391014422,0.24007727156936295,-0.7188696378868501,0.8255739432720566,-0.2990597899431301
['Johnny Cash'],[816890],-0.7707961307613652,-0.5150843489190342,0.5560594578846068,0.07246136446157701,-0.20589464500910085,0.642708856660568,-0.3243932834558976
['Johnny Cash'],[816890],-0.9009578925819964,-0.23896831228219464,0.6018738788051822,0.12857119081250634,-0.572807657757193,0.5929524864780122,-0.45445885268107933
['Johnny Cash'],[816890],-0.8878100373805253,-0.4386724971811011,0.20254060018962788,-0.020751273943553788,0.15909003065549013,0.714468788103655,-0.10591786118802388
['Johnny Cash'],[816890],-0.8022052295903047,-0.017085046443761753,0.5766081940064338,0.1019916829101543,0.20539251509216774,0.7148741525545615,-0.7365955433143176
['Johnny Cash'],[816890],-0.8886166969951831,-0.27242879272365633,0.25587139765827194,0.05340313128678944,-0.03916975928096229,0.47514226128841125,-0.15842014783739547
['Johnny Cash'],[816890],-0.8373102458722773,-0.3882214702251838,0.25015559377771956,0.1728065221071232,-0.6591342927008156,0.5990376259977506,-0.15031125510339108
['Johnny Cash'],[816890],-0.9225652708360988,-0.2891670384813288,0.7522095770382667,0.09808702303402146,0.17232256188018605,0.611611824562013,-0.4675740094205182
['Johnny Cash'],[816890],-1.0082581460600122,-0.39984649069433054,0.282710033853022,0.2410668991495949,-0.4596256887631987,0.5789657131741782,-0.24931676826537486
['Johnny Cash'],[816890],-0.530922729897326,-0.25798250710980164,0.1429956691364953,0.13186752265943005,-0.7104308028402156,0.3764034977444673,0.03582407368272333
['Johnny Cash'],[816890],-0.8254832791811084,-0.6922556181144528,0.17202481914458695,0.20950339053482508,-0.277906191379883,0.6222868880802445,-0.12765728790099684
['Johnny Cash'],[816890],-0.8066984835241443,-0.7985917414501571,0.22463463908136322,0.10631392695103443,0.17770800991481525,0.6886609289325819,-0.11551343171822649
['Johnny Cash'],[816890],-0.8336118250448301,-0.836760233643524,0.2347067527868978,0.2512164399582864,-0.26235269601408373,0.6958585856577283,-0.1399697985816011
['Johnny Cash'],[816890],-0.8310977255698512,-0.8298280623603772,0.20144874991101375,0.342094048748039,-0.7067076332814826,0.7444328147380344,-0.13093660667660426
['Johnny Cash'],[816890],-0.5507801957398663,-0.6455068479643754,0.24061659549995823,0.1526506011279387,-0.406231919753407,0.5423376691309465,-0.0373482842793256
['Johnny Cash'],[816890],-0.8915111071865155,-0.73918038683553,0.19422641044627278,0.17411551879994816,-0.0883693590375432,0.6752877231241816,-0.1531835412974958
['Johnny Cash'],[816890],-1.1501225401157404,-0.3293041011586079,0.11839316628149062,0.030058890086639815,-0.348914574374553,0.9444116447899369,-0.07987480487249206
['Johnny Cash'],[816890],-1.0551333896032002,-0.3710002987072271,0.2219195139829434,0.29165740229011977,-0.7212942462425868,0.6164096680500805,-0.2506414102734166
['Johnny Cash'],[816890],-0.5237452001162795,-0.5173715943304112,0.1950408466689326,0.08702040727075244,-0.41927744329606687,0.5503157243116099,0.03857692320180132
['Johnny Cash'],[816890],-0.6302701742934465,-0.6018634223309994,0.19866943133300952,0.08103794624210414,-0.2267813055110812,0.5308301586897385,-0.10568400178203712
['Johnny Cash'],[816890],-0.8908086211218083,-0.7514633723361767,0.2460640400896597,0.30260236011644137,-0.7028470195206242,0.7622031659468725,-0.23662011609008118
['Johnny Cash'],[816890],-0.8021234303016317,-0.5090805829100337,0.2176894203803885,0.2663951906556761,-0.832439408234396,0.6083806503430867,-0.13048861435197168
['Johnny Cash'],[816890],-0.8432938168340202,-0.7290877978746673,0.2806098624467034,0.2052982092463018,-0.2746196649895433,0.6416552015013423,-0.22793956554859074
['Johnny Cash'],[816890],-0.6767447218280236,-0.28933228619315493,0.6071812411531855,0.22842648419911013,-0.7642280533661504,0.6075474100910523,0.052561832791880723
['Johnny Cash'],[816890],-0.17708836821279256,-0.22040826385634488,0.2937401945331869,-0.1587024595685705,-0.1296955038067855,0.36419877398429334,0.08918069751593671
['Johnny Cash'],[816890],-0.6465919464895089,-0.5583526852718788,0.29546587946189284,0.2787719259826956,-0.5544544259156845,0.6991891160307441,0.05775068115550094
['Johnny Cash'],[816890],-0.39530903301341475,-0.4383830660369543,0.06060439537656759,0.33842116122000004,-0.672089475065605,0.9867761948911821,-0.528846216577305
['Johnny Cash'],[816890],-1.192119318555351,-0.2545902267768168,0.5811396877259464,0.19165654160937112,0.1998885118418828,0.7154328232852801,-0.3354072183387321
['Johnny Cash'],[816890],-0.7390932419770783,-0.5134148845894497,0.44169593632581994,0.12901773301654657,-0.11209908858196095,0.7015166929871749,-0.035274065671503485
['Johnny Cash'],[816890],-0.8590899848724626,-0.616079191005825,0.16513185922716309,0.21426606105222723,-0.01500015895776091,0.5259296550251653,-0.13429659811932088
['Johnny Cash'],[816890],-0.8256657369735478,-0.5781161375031388,0.15201262949195496,0.17009536034850978,-0.20150533424601766,0.5386244701165291,-0.11486821969134599
['Johnny Cash'],[816890],-0.49830226185602283,-0.40097033669998905,0.2077188749896437,-0.03006948384630756,0.10259633792352575,0.4090983664748013,0.02173565654325305
['Johnny Cash'],[816890],-0.9138066278628334,-0.5855276464785354,0.15440649041916332,0.19310041740680214,-0.18278470032425626,0.6405564585144221,-0.09837981755222615
['Johnny Cash'],[816890],-0.4750195766990329,-0.3531929331330248,0.501754475023539,0.041408241603818445,-0.7019675256483172,0.6035292669248182,-0.1711146538630105
['Johnny Cash'],[816890],-0.8310977255698512,-0.8298280623603772,0.20144874991101375,0.342094048748039,-0.7067076332814826,0.7444328147380344,-0.13093660667660426
['Johnny Cash'],[816890],-0.944473719337617,-0.6861901929907634,0.25172848080933796,0.1473103448574332,0.091623712301572,0.6292985426530662,-0.20092350530803924
['Johnny Cash'],[816890],-0.7687504279208436,-0.7824666023522591,0.2164508636833528,0.2948025683328602,-0.71736963894288,0.7306914672839683,-0.11899059021912683
['Johnny Cash'],[816890],-0.8251362427251381,-0.1253031248716323,-0.04809669224985781,0.18276052599616224,-0.493126966359951,1.0152533171073466,-0.38786622411235944
['Johnny Cash'],[816890],-1.0713306117416552,-0.6426767325099849,0.17332072718868283,0.1247041623730541,-0.06671956406834152,0.8238052145510036,-0.1293317847387559
['Johnny Cash'],[816890],-0.45491761973250433,-0.4314700055992546,0.34300654280907295,0.013935254385540052,-0.6103515593764833,0.6201332724675475,-0.035540818400179336
['Johnny Cash'],[816890],-0.4857096460270449,-0.3137286300627226,0.14853361811640806,-0.1867513647296622,-0.6097303829329016,0.874081935916454,0.14109568397977645
['Johnny Cash'],[816890],-0.313642478291515,-0.3608365220721679,0.20800748350568016,0.00923267442952906,-0.6413368710291643,0.44110407723182404,0.052425674989937575
['Johnny Cash'],[816890],-0.8009948829086359,-0.568862436414889,0.14482927028340012,-0.06909488454813781,0.07218804077555491,0.8473340745930278,0.0185131172772684
['Johnny Cash'],[816890],-0.956112560016077,-0.8125256306815675,0.17509918091387713,0.29861800645171716,-0.6943868334605854,0.803512506413312,-0.18590601154003494
['Johnny Cash'],[816890],-0.8193740399975838,-0.7019445088418919,0.23482673201038046,0.20120597675036922,-0.27982077775641545,0.6207015437624929,-0.17201565043768827
['Johnny Cash'],[816890],-0.8956965984703659,-0.5942916160335099,0.27957481737686246,0.1317360522163014,0.1682615349298523,0.5496249244930537,-0.23086068804801393
['Johnny Cash'],[816890],-0.9366274252107128,-0.5978950553108094,0.14462749165412725,0.16691403138085234,0.17373842469487472,0.5886081694133205,-0.12974683187597866
['Johnny Cash'],[816890],-0.9266972123033466,-0.4401494672638417,0.5061341383929142,0.06782541439878041,0.08095804965844607,0.6937470623705432,-0.27803890713306156
['Johnny Cash'],[816890],-0.8571738093218397,-0.2735033819402585,0.5466677185150562,0.11037677799974467,-0.30061018064266726,0.6764800996638958,-0.15532824785094282
['Johnny Cash'],[816890],-0.34115887674808515,-0.3074583973493453,0.7279732355359719,0.10705827602220098,-0.7101343379022177,0.6323040072075913,0.044828679556739394
['Johnny Cash'],[816890],-0.7346421263605101,-0.14632199043539593,0.6612441010313341,0.20511184290648196,-0.2285877114357306,0.5184216531095716,0.015179563571281356
['Johnny Cash'],[816890],-0.4281175581494893,-0.3789399001870089,0.6351579928382272,-0.013572737413775189,0.09888367859700459,0.44992503499693526,-0.15363885582544304
['Johnny Cash'],[816890],-0.4800020335884842,-0.42728996756753757,0.4619514985462495,0.03214123178098659,-0.33328895470060227,0.6390131207150571,-0.02745110310627673
['Johnny Cash'],[816890],-0.7714922490355912,-0.570739148233667,0.22758461161544905,0.24033233322290587,-0.5638989882291423,0.5691671679112604,-0.14628841177103974
['Johnny Cash'],[816890],-0.3844549215081976,-0.5331992586061876,0.6382521102820709,-0.009684341751835706,-0.25121908297199413,0.5829873253419607,-0.2288746987384594
['Johnny Cash'],[816890],-0.4472113628077618,-0.5727512355718977,0.2305745176144384,0.16805513209905315,-0.7800142485183982,0.5659500111714577,0.006895117923960811
['Johnny Cash'],[816890],-0.4652334613845947,-0.43180987187567393,0.20843993260566274,0.11701418218229448,-0.7048352398178147,0.4625827572295159,-0.01543497490264431
['Johnny Cash'],[816890],-1.1457838934131304,-0.321666337021495,0.11458622056882253,0.38020314890446205,0.06337773908671442,0.6949282257632093,-0.538106066834794
['Johnny Cash'],[816890],-0.8994434121606664,-0.644517199198092,0.26163843084618477,0.24185401822785477,-0.7193950942968773,0.6959275109941497,-0.2595686024857999
['Johnny Cash'],[816890],-0.7900915669830242,-0.8892318225034671,0.20916768103599978,0.3013462650928908,-0.7060828084294307,0.7968386897463384,-0.14409522581886716
['Johnny Cash'],[816890],-0.7308548591664892,-0.7441668748101633,0.3116423014116738,0.15528381908985273,-0.2852517277138796,0.6628590264915808,-0.1980663884524185
['Johnny Cash'],[816890],-0.9306383571745281,-0.511155360503694,0.24232629297169647,0.026415987343382224,-0.5396079321969101,0.9516055299751516,-0.12189041422787607
['Johnny Cash'],[816890],-0.8254832791811084,-0.6922556181144528,0.17202481914458695,0.20950339053482508,-0.277906191379883,0.6222868880802445,-0.12765728790099684
['Johnny Cash'],[816890],-0.8411039914966009,-0.45885336063488014,0.4887872951349362,0.20682383004045884,-0.5521294961708689,0.7432449666481086,-0.13592162775930833
['Johnny Cash'],[816890],-0.7490192521690449,-0.587924651331728,0.29748554945389055,0.11329375867752468,-0.6420265147450799,0.8251214427409062,-0.09271043115530996
['Johnny Cash'],[816890],-0.638307849217872,-0.6044291556976675,0.23946693291268076,0.043024939213576356,-0.12461949637024279,0.6382792362261198,-0.15275523905808452
['Johnny Cash'],[816890],-0.8563449016225384,-0.5187447693495596,0.2107657799907497,0.18937555813054405,-0.7269276045509556,0.7465452630678577,-0.11055661257194266
['Johnny Cash'],[816890],-0.9974542841229042,-0.5881973759483009,0.18888073370920852,0.3278897916856582,-0.1477825018366561,0.6818832168821954,-0.30001953887748495
['Johnny Cash'],[816890],-0.38560772014264216,-0.5706979444684944,0.2588708503992347,0.15487724161546604,0.150611536888295,0.5326193404044638,-0.22917708944651585
['Johnny Cash'],[816890],-0.5046048325726012,-0.40731122906743994,0.6484089461173496,-0.1153344291845954,-0.15474318348210664,0.7229016426358267,-0.18265530951752754
['Johnny Cash'],[816890],-0.5156403903704717,-0.545767145645787,0.4345569703376175,0.12443207289907085,-0.7627072887093563,0.7999848424886307,0.03849195162998593
['Johnny Cash'],[816890],-0.9154908739982981,-0.8238970752216677,0.3035321251143455,0.25607148226570026,-0.25140557079178866,0.7414045981723316,-0.19891442536215515
['Johnny Cash'],[816890],-0.6686758249577351,-0.4647959629350512,0.17489307710274193,0.18746101621979627,-0.6779122307344413,0.5270048343979692,-0.11310970375790734
['Johnny Cash'],[816890],-1.009747452504269,-0.5845856668112299,0.15438786834261056,0.1582397061641088,-0.2565126048623279,0.8030871882687818,-0.14388635477147188
['Johnny Cash'],[816890],-0.6407428356197198,-0.3914297377728544,0.3594491856966608,0.16782564821742577,-0.31864386275823137,0.48290485735525135,-0.09054639903742565
['Johnny Cash'],[816890],-0.937141366597656,-0.33951185773173304,0.17808461202351766,0.18727608273232707,-0.4815838051011215,0.5006450302796813,-0.2227317653018718
['Johnny Cash'],[816890],-0.6945226515703625,-0.26468813294564925,0.322382806301474,0.007226976444301742,0.11508803280686988,0.38385223358764664,-0.1335048277639718
['Johnny Cash'],[816890],-0.3146064902950863,-0.3407230370193947,0.24783848578321202,-0.08357345335319755,-0.10572765885114195,0.384620460596498,0.06422454875059262
['Johnny Cash'],[816890],-0.37416135049834154,-0.5321030349943386,0.22565275968851475,0.06948076329486134,-0.25868691218893425,0.42280198636865096,0.03717638585777035
['Johnny Cash'],[816890],-0.5306977902444211,-0.3790028015047583,0.18065992841256626,-0.02317491401510424,0.10210724836600212,0.4041139520940748,-0.01275684202707541
['Johnny Cash'],[816890],-1.047142210065094,-0.36057681483225046,0.2859586569929971,0.13593821434053038,-0.7094314770447201,0.8700914755475323,-0.22679184910069672
['Johnny Cash'],[816890],-0.40520961790336,-0.5170013040134138,0.3019370239563663,-0.10611509003527599,0.015940473938296833,0.60208181225536,0.018007230874779834
['Johnny Cash'],[816890],-0.9154908739982981,-0.8238970752216677,0.3035321251143455,0.25607148226570026,-0.25140557079178866,0.7414045981723316,-0.19891442536215515
['Johnny Cash'],[816890],-0.8154622604657192,-0.7228392558392713,0.16609208484919022,0.22831992109465815,-0.2746957023155843,0.6552584517661031,-0.13694468813828983
['Johnny Cash'],[816890],-0.7755695949321408,-0.7773201828057202,0.19362398655888963,0.3239779271597736,-0.715572871028928,0.7348956109971696,-0.11462054861082269
['Johnny Cash'],[816890],-1.0009555172250904,-0.6641283183709739,0.2553833090172422,0.23921394891129666,-0.5257181860428882,0.731994949485996,-0.23862076070460006
['Johnny Cash'],[816890],-0.5936059036890287,-0.6813437689286904,0.2806851979273907,0.10823756049502131,-0.1288413060004859,0.570396852302408,-0.0660719862988699
['Johnny Cash'],[816890],-0.9667429484085662,-0.5683677619183509,0.3199947000607587,0.17131371745913976,-0.533509695690221,0.7877824756505996,-0.2049599267415369
['Johnny Cash'],[816890],-0.7658059581729217,-0.7552750513532549,0.24030547235966815,0.2933170061704077,-0.7222984012844802,0.7046682797645788,-0.10977018707976971
['Johnny Cash'],[816890],-0.9578712586285923,-0.38222602111468296,0.2042990998673177,0.03979246327557074,-0.7238157382314429,0.9281063001688987,-0.1142068642452091
['Johnny Cash'],[816890],-0.6586229009400876,-0.5899761430103707,0.1820407618851898,0.1856495372868341,-0.7476862556958798,0.6901500029450638,-0.0020737092711144095
['Johnny Cash'],[816890],-0.9111759814071041,-0.6113983039394456,0.296394792407394,0.1688523156069131,0.076375603227712,0.5148817814296179,-0.23009019471354591
['Johnny Cash'],[816890],-0.7871829615472092,-0.7116957914367572,0.20185069541199424,-0.045618001286547305,0.08718742598531823,0.9156132480099881,-0.02640414835595459
['Johnny Cash'],[816890],-1.0423622442493368,-0.7103070540066673,0.1922202880714255,0.32456796126493104,-0.6939783306632322,0.7538702608717585,-0.21532165017542637
['Johnny Cash'],[816890],-0.794390315256265,-0.8378576042784647,0.21786690637218692,0.14745558028994865,0.0868578053829884,0.6617754066376932,-0.15170759863848424
['Johnny Cash'],[816890],-0.9188684131318059,-0.823130699893742,0.25772408097335775,0.28539689582595656,-0.2501807045492286,0.7441349159015456,-0.1923288221167476
['Johnny Cash'],[816890],-0.3116073167247568,-0.4099222248379527,0.2200424113474994,0.018576273714560637,-0.5480508998896729,0.4289882907581849,0.04327642836499241
['Johnny Cash'],[816890],-0.585403593516197,-0.5806398845762303,0.24813340060120603,-0.008477466324696236,0.13201068114355027,0.5624516788170614,-0.007314626708568416
['Johnny Cash'],[816890],-0.692647917808119,-0.41504481185188663,0.19550635596537058,0.1429415697057583,-0.7587904022475801,0.6279949256545774,-0.03145077885282993
['Johnny Cash'],[816890],-0.41939233623692,-0.3679409844708236,0.20126684018156193,-0.00976871547528085,-0.6239440760280675,0.5499880881474689,0.024662129252226505
['Johnny Cash'],[816890],-0.5468784703259887,-0.39939929316339234,0.20489130251254836,0.18968351525265295,-0.6822825047115932,0.5360377215637321,0.02183522915320018
['Johnny Cash'],[816890],-0.8134641617489942,-0.6302015179623565,0.1396088962559787,0.3184578708442461,-0.6204515765491924,0.7314110532775229,-0.13854687766368365
['Johnny Cash'],[816890],-0.8977445468859838,-0.5248285523242272,0.15642578300493612,0.22894077165485988,-0.4608885699224725,0.6147975878366043,-0.146535589477602
['Johnny Cash'],[816890],-0.20092631058582122,-0.34524148262442494,0.20827681035461493,-0.1162905520149532,-0.036345065249322586,0.3080163940356637,0.07945125011184383
['Johnny Cash'],[816890],-0.7499447230858487,-0.5703571232213851,0.20810671336152495,0.2211778210311038,-0.6496016773329178,0.6689788754181594,-0.1409928515945812
['Johnny Cash'],[816890],-0.7687504279208436,-0.7824666023522591,0.2164508636833528,0.2948025683328602,-0.71736963894288,0.7306914672839683,-0.11899059021912683
['Johnny Cash'],[816890],-0.8023091833803723,-0.850382075876705,0.22096258005350275,0.2613857877513544,-0.26356232860711515,0.7055954139315683,-0.1330900514848747
['Johnny Cash'],[816890],-0.9200536420604403,-0.4422328091984591,0.2519441016265918,0.14666514301625383,0.07250001003622196,0.6105814226691509,-0.043297381035148984
['Johnny Cash'],[816890],-0.690043246945672,-0.6771810119818883,0.226026126375315,0.11253681971072027,-0.12260747558973177,0.5490981456147039,-0.14280159388311459
['Johnny Cash'],[816890],-0.6788115246062261,-0.4890833872658125,0.2876814556894309,0.08927767006631548,-0.5727684390733486,0.7711488570286865,0.07560013135606865
['Johnny Cash'],[816890],-0.7896202191855548,-0.7664135356129559,0.18584965621679325,0.3287489446930124,-0.7149239126910422,0.7314947852250567,-0.1171869955721771
['Johnny Cash'],[816890],-0.7725433512425771,-0.693593986486813,0.2539488935700844,0.24900757292645814,-0.7321893515435367,0.6626067626599529,-0.19677381668451505
['Johnny Cash'],[816890],-0.7213194769351927,-0.7534194003488988,0.24334715218021177,0.2168565917480775,-0.5554559273910988,0.6649507079574244,-0.14174645288479565
['Johnny Cash'],[816890],-0.5153273651753102,-0.49095938470297196,0.20306591194417342,0.034227650699706444,-0.332258871528341,0.5464540076133874,0.019988670631233708
['Johnny Cash'],[816890],-0.8420374055282687,-0.6735304424230922,0.28243577150639154,0.23994081129416683,-0.7249320675173786,0.6915458180913524,-0.25205544228866317
['Johnny Cash'],[816890],-0.6939659444348348,-0.5245950704119297,0.249340504647883,0.09398820411457641,-0.7495204385022624,0.7782601039343068,-0.08223315488773852
['Johnny Cash'],[816890],-0.36699480910843263,-0.5268608854643311,0.26837783976248475,-0.02979389222063439,-0.17252077165447627,0.5061807538370787,0.009666333965305487
['Johnny Cash'],[816890],-0.6065540104493518,-0.09519965419754599,0.014349832381040806,-0.14362984499328343,-0.6173676016643597,0.740938236830084,0.16551865763598556
['Johnny Cash'],[816890],-0.6152413249650462,-0.5278746257520368,0.15429450842257272,0.09144212835759602,-0.3160945922701785,0.582117053838055,0.011885477003242363
['Johnny Cash'],[816890],-0.8160373867252755,-0.2853048516756629,0.4995582998905589,0.19485556324333714,-0.2990173619201255,0.5714934456435663,-0.027333036519233123
['Johnny Cash'],[816890],-1.0119091339139858,-0.5834451565000555,0.22006272956606027,0.26216904216788134,-0.7107007841198095,0.7356614284236862,-0.2620675822478916
['Johnny Cash'],[816890],-0.7326281543502097,-0.4671384501352936,0.16465536153300137,0.05894437575345535,-0.47789290213607466,0.7523800461215707,0.024136554930302836
['Johnny Cash'],[816890],-0.4761415792765924,-0.5833700513967381,0.28875252625939635,0.0469993198888768,-0.061561667382856705,0.48290526219692753,-0.061281652302241967
['Johnny Cash'],[816890],-0.460262926255838,-0.6882664172614045,0.2444372896711725,0.16406908069943874,-0.7667634540220721,0.6557919646219168,-0.04405774709413397
['Johnny Cash'],[816890],-0.5381616461573014,-0.6590032017373105,0.3735200820249674,0.050893805528007534,-0.21875761086269174,0.6907214639176631,-0.11120074523169803
['Johnny Cash'],[816890],-0.6959664428081,-0.7059508961751771,0.33251119534465196,0.21837814120405258,-0.7364062306306098,0.7100461540208629,-0.23681630085001493
['Johnny Cash'],[816890],-0.8449355237483711,-0.17952310056289775,1.2221514584593125,0.23749211258672534,-0.7410334420841841,0.7460479235437629,-0.25431160981837203
['Johnny Cash'],[816890],-1.1244769544520523,-0.33091083980014524,0.2539607652028083,0.18130967417863192,-0.4374805789376878,0.7947830448523904,-0.15308464043006428
['Johnny Cash'],[816890],-0.47148128881210266,-0.48261800941263394,0.19124926256610508,0.09144755103747347,-0.6874758086959502,0.6280040851227358,0.08097205181776096
['Johnny Cash'],[816890],-0.591330962767008,-0.5409139560138285,0.24349339768118092,-0.01551485020611942,0.12949706728203636,0.5466146392330535,-0.00717512484869685
['Johnny Cash'],[816890],-0.7935086621899674,-0.6196250039913754,0.18134314524103215,0.1761037053727688,-0.3719939958526044,0.731178363092969,-0.0432331483491075
['Johnny Cash'],[816890],-0.6527610388204614,-0.6025538790490955,0.18230751585752727,0.20853806448422677,-0.39750458628804164,0.5382112617813002,-0.06255192557458526
['Johnny Cash'],[816890],-1.1069269648869902,-0.35612317445101754,0.07709685632519427,0.030748104250110455,-0.34920777509452255,0.989504653908286,-0.05174208404207214
['Johnny Cash'],[816890],-0.6833051933834234,-0.3759660624083732,0.3377234317390361,0.02541603661852827,-0.7680464455290656,0.6968457216826981,-0.15503019578157842
['Johnny Cash'],[816890],-0.7434259903495872,-0.483673702029977,0.12708988422401749,0.25721365724045,-0.7504739836781363,0.585068191856545,-0.03160176096095304
['Johnny Cash'],[816890],-0.6299781187728531,-0.6943052877156103,0.27181838774135875,0.1030605039325333,-0.12876416282706243,0.5534295579492146,-0.13118589082260473
['Johnny Cash'],[816890],-0.7181321072948211,-0.688786688285248,0.24088016954695857,0.18356813914969397,-0.7296054795131915,0.7974924370921272,-0.10342945201444595
['Johnny Cash'],[816890],-0.38180312723589055,-0.43960324555220176,0.1982347852018741,-0.012057881894088324,-0.3529161742082074,0.5135155067688533,0.09199961193962262
['Johnny Cash'],[816890],-0.7035816818083477,-0.7555025340672965,0.408097336033676,0.10203700308963237,0.06953113475855617,0.6149895874107686,-0.21735224787319044
['Johnny Cash'],[816890],-0.5388260159381122,-0.658199128222069,0.2425506277396793,0.07878976950589392,0.034197349615119776,0.45076532741507325,-0.06955688598427925
['Johnny Cash'],[816890],-1.0264836438647646,-0.7660857911545133,0.29887642326788233,0.26287269929799967,0.10876937152861592,0.646054831404945,-0.16992970230771595
['Johnny Cash'],[816890],-0.5855242623503694,-0.5215426848254797,0.2236522421036222,0.1358834086060825,-0.7675320073134364,0.6150468233826365,-0.06172410280411025
['Johnny Cash'],[816890],-0.45253189735187765,-0.6197008880780688,0.2886692358381967,0.16424387740189145,-0.7790568321290937,0.5791558286486191,-0.03315673429831168
['Johnny Cash'],[816890],-0.8171172164468992,-0.6014232118152462,0.3272884450680907,0.025293737548154782,-0.10225493771646976,0.7639371676175755,-0.17411066288868007
['Johnny Cash'],[816890],-0.685721727123486,-0.6059659280201314,0.18178385617693898,-0.09674648064820883,0.06077799589859613,0.8178982911546923,0.01184189598966288
['Johnny Cash'],[816890],-0.7809521641956,-0.6444737019339725,0.21485947841151756,-0.014610040909494243,0.07860040933577511,0.8433192243535172,-0.03387970791356945
['Johnny Cash'],[816890],-0.8243062337206938,-0.7637041586731073,0.17913551221591914,0.21295115833631972,-0.26816695313339284,0.708890772390408,-0.11711681929087031
['Johnny Cash'],[816890],-0.8882014847769885,-0.3279527816019255,0.30486437282577594,0.3210695520284075,-0.8316832104428827,0.5598214228100934,-0.09449547334144485
['Johnny Cash'],[816890],-0.905589669068618,-0.7148428044150671,0.18727210138513126,0.2261356007708338,-0.26211032835393255,0.701519891298274,-0.14379960652830745
['Johnny Cash'],[816890],-0.7202848906721749,-0.7264521260076319,0.20846406459241873,0.2015154901677805,-0.29353340237346925,0.552072557953651,-0.14215011416018164
['Johnny Cash'],[816890],-0.7574272235876606,-0.5562396904365637,0.2659623594395732,0.29837894177785534,-0.8333803768833101,0.576208952395692,-0.1427642426130448
['Johnny Cash'],[816890],-0.6197955543533908,-0.694663513700229,0.2603570016886734,0.0957264848401723,0.1426948736827077,0.5493081227260271,-0.07930290976515973
['Johnny Cash'],[816890],-0.5647506995779563,-0.5569460521406189,0.22097818173384023,-0.0038517526773240757,0.120980475444336,0.5088204446255545,-0.04893961678665518
['Johnny Cash'],[816890],-0.7632950111574193,-0.5473061755966419,0.16190236983375825,0.1707697851013487,-0.6434441932942253,0.7550257802995632,-0.07361645336272292
['Johnny Cash'],[816890],-0.7633023473336309,-0.15973189807787272,0.06650177752208367,-0.13401069757336365,0.12975091354252874,0.7003840471381341,0.1345640000285414
['Johnny Cash'],[816890],-0.6985791322143164,-0.13959024384228205,0.06401075465141408,-0.08421617503050152,0.11497472824639214,0.5615260315717936,0.15802790899550545
['Johnny Cash'],[816890],-1.0464269577193686,-0.5563667874518929,0.17826546114917718,0.3326515460815768,-0.6172040275099987,0.6538024810443214,-0.24013483992170964
['Johnny Cash'],[816890],-0.9056977024214504,-0.40279200311081265,0.41318352932737873,0.3537296297129616,-0.7140800750148385,0.7479874458682384,-0.02390568401131828
['Johnny Cash'],[816890],-1.1714052420405874,-0.2975544689758191,0.5524172794228301,0.13301263799052035,0.18301675644177828,0.6204254511028089,-0.46204306095686054
['Johnny Cash'],[816890],-0.5965310257994297,-0.23217162887829304,0.10282796056016562,0.04403930809357615,-0.7872264158047543,0.5854976785145857,0.07991241043389481
['Johnny Cash'],[816890],-0.6175607589627193,-0.23792317539121716,0.14079888971854498,0.04561677768659579,-0.3372089192914658,0.4469539480729531,-0.09833115142452854
['Johnny Cash'],[816890],-0.9967392343691535,-0.6223946036747349,0.48779212514479064,0.2767740737128644,-0.25171399955725393,0.7403368720207888,-0.1933118371775462
['Johnny Cash'],[816890],-0.8813195430192209,-0.8369772606271071,0.1761941312070861,0.38084958677191416,-0.6994320591727893,0.7560499585368785,-0.1441642487399601
['Johnny Cash'],[816890],-0.6502634473033494,-0.5617431343802868,0.18306162173533472,0.1497441108619648,-0.39900314829952865,0.6026266797019779,-0.029198171526257224
['Johnny Cash'],[816890],-0.8532441205097469,-0.7269591681923284,0.25496116548830683,0.16634947804281652,-0.09088111513054184,0.7057919543986811,-0.1853122124785783
['Johnny Cash'],[816890],-0.7596151812970721,-0.7548518911648154,0.2528111399613748,0.14103773586882204,0.1661004238990118,0.5876252449839351,-0.14642262819638865
['Johnny Cash'],[816890],-0.8392268493661296,-0.7633237362195038,0.19598914827280886,0.3040377663593095,-0.7102089937719601,0.7899276613179705,-0.06522680921989742
['Johnny Cash'],[816890],-0.8254832791811084,-0.6922556181144528,0.17202481914458695,0.20950339053482508,-0.277906191379883,0.6222868880802445,-0.12765728790099684
['Johnny Cash'],[816890],-0.31057777599865377,-0.5049088345064733,0.2912485981996045,0.1148154592984668,-0.8056458943839461,0.4962088267267308,0.031801018595083996
['Johnny Cash'],[816890],-0.5303048362912887,-0.7406579616647938,0.24714367382156457,0.19281288611189729,-0.7580908294607285,0.6615863473221143,-0.11517092671952042
['Johnny Cash'],[816890],-0.47343015418691264,-0.5872916765647729,0.24533193315569624,0.11313809857825514,-0.7792436712559514,0.60874575337342,-0.04628615730538408
['Johnny Cash'],[816890],-0.7675156776256182,-0.8269405958817522,0.24121434709150788,0.2407262812990749,-0.3658067677907655,0.6457853679506032,-0.17157278732160708
['Johnny Cash'],[816890],-0.9306383571745281,-0.511155360503694,0.24232629297169647,0.026415987343382224,-0.5396079321969101,0.9516055299751516,-0.12189041422787607
['Johnny Cash'],[816890],-0.9306383571745281,-0.511155360503694,0.24232629297169647,0.026415987343382224,-0.5396079321969101,0.9516055299751516,-0.12189041422787607
['Johnny Cash'],[816890],-0.8298322015625232,-0.6717599847673501,0.22055217408478983,0.1891564895760099,-0.28634617179599064,0.5703821371465295,-0.1961796887444691
['Johnny Cash'],[816890],-0.6638152488204937,-0.5248213792795565,0.35274746447386096,0.04964014272567112,-0.2959173762260565,0.8261074952734939,0.025369133875989974
['Johnny Cash'],[816890],-1.0266846657828341,-0.6413347263738587,0.15118564407500562,0.35514049321878827,-0.7078229001600518,0.6555852727506423,-0.2462019430595766
['Johnny Cash'],[816890],-0.6853732953388171,-0.6628466157983262,0.2563726209855348,0.11176123450443118,-0.21553226476830786,0.5499929016065349,-0.17450760399019005
['Johnny Cash'],[816890],-0.7487172441850434,-0.7497821192514003,0.28063695216050505,0.14642818626598647,0.07335257324460429,0.5700302725142943,-0.13657127631921692
['Johnny Cash'],[816890],-0.6477341930935568,-0.6138292879687389,0.2248950030575099,0.10304005439617657,0.04099454632857504,0.4128372630430319,-0.112497479770136
['Johnny Cash'],[816890],-0.4198774686001365,-0.4429096544267912,0.2450909762960852,-0.047776536486316225,0.10010181848341862,0.47260285548297315,0.09838568204023099
['Johnny Cash'],[816890],-0.8722832257233935,-0.4856275643859379,0.19254533369117455,0.1960553898686335,0.15512984436771957,0.4373681543727383,-0.09224618198607949
['Johnny Cash'],[816890],-0.8885377600124575,-0.4661043338269407,0.19546267825463667,0.09183145569808471,-0.0045923001601378115,0.7818943079185596,0.024605920496999462
['Johnny Cash'],[816890],-0.5568052836975701,-0.655492517109229,0.27177486815984997,0.13720729184830813,-0.3099361488470512,0.5665393740536258,-0.10593248588042051
['Johnny Cash'],[816890],-0.9438322343959634,-0.10646801849198814,0.9321009076105476,0.08684427399141845,-0.7287208526850195,0.9714525073945669,-0.11006524439142897
['Johnny Cash'],[816890],-0.4713051416248709,-0.513796842117008,0.2411546021443746,-0.0984105611460558,-0.5056047825957977,0.8784001082438724,0.09656707271962826
['Johnny Cash'],[816890],-0.7859278152719998,-0.7726794960026295,0.2353185035422819,0.1624730757740132,-0.27661963466043965,0.7029567917678824,-0.16575202968821315
['Johnny Cash'],[816890],-0.42868598667402663,-0.4703402204187319,0.17505117412181948,0.1025860205610352,-0.6860492081303198,0.6693461696463388,0.08786952581106501
['Johnny Cash'],[816890],-1.001736272070691,-0.2915255667296891,0.07470207365419808,0.28594016628416835,-0.7309658413062298,0.5683128907036674,-0.14787192080737527
['Johnny Cash'],[816890],-0.3250272018894772,-0.5000668187563712,0.24143167150691,-0.09693822213745842,0.09061980072840242,0.491983534394286,0.06634002798860168
['Johnny Cash'],[816890],-0.8699540290487584,-0.7673058297227864,0.19740020095031285,0.24719175020427517,-0.533378657982054,0.7426217933320008,-0.19091377361813439
['Johnny Cash'],[816890],-0.8585543429943231,-0.843140747224841,0.2999555074361448,0.2544739993077033,-0.2556521508646101,0.7436664537289722,-0.17951869153023825
['Johnny Cash'],[816890],-0.8448326581687128,-0.5226955311754653,0.1733344892264589,0.3110026132000408,-0.8252246197399605,0.6256463728514032,-0.13040403728942926
['Johnny Cash'],[816890],-0.8066984835241443,-0.7985917414501571,0.22463463908136322,0.10631392695103443,0.17770800991481525,0.6886609289325819,-0.11551343171822649
['Johnny Cash'],[816890],-0.927364477069388,-0.72834457762926,0.23081873754555773,0.3256945085017565,-0.7008235482684204,0.7638665104563339,-0.253686382371372
['Johnny Cash'],[816890],-0.7315435351687124,-0.7740512040636146,0.2609641968840812,0.14408043000500123,0.16202571501412052,0.5672211953983091,-0.08746084949185505
['Johnny Cash'],[816890],-0.7763399847366266,-0.602097021613858,0.2523084369538313,0.07749258674106348,-0.7320467489498104,0.8838802732763817,-0.11882696145537293
['Johnny Cash'],[816890],-0.7116155536706791,-0.5992335147623339,0.3584295465904228,0.18888129664751863,-0.7492073050370506,0.6684860597566156,-0.2727163508135973
['Johnny Cash'],[816890],-0.598833288738725,-0.6851636475298197,0.22306004565284304,0.1658486364016648,-0.30889788547694913,0.5472684351819395,-0.09105147753276976
['Johnny Cash'],[816890],-0.7280559523156482,-0.4957732253526642,0.15737989694157986,0.1378321334021507,-0.7378647393012411,0.7512754436494097,-0.12440442400725608
['Johnny Cash'],[816890],-0.7941784138889841,-0.4363467545790791,0.06800036515064833,0.19578899050773937,-0.75149721265611,0.6359271628793882,-0.03333441251596953
['Johnny Cash'],[816890],-0.7320550707722121,-0.7126465052303853,0.18061500833949531,0.09817798866193599,0.0625676750715806,0.5840157999590984,-0.13278656444861797
['Johnny Cash'],[816890],-0.7417828235899163,-0.33525315641214687,0.39160906348131924,0.1696742055061941,-0.30890608179758094,0.5605023973307601,0.009576477039765734
['Johnny Cash'],[816890],-0.5479647532032625,-0.45246528949156656,0.25280919912270894,0.08834043574417988,-0.6848083034893765,0.6059714374222005,-0.012236449963290789
['Johnny Cash'],[816890],-0.5934458868950515,-0.4252036057565949,0.16141190421862353,-0.09121427460185197,0.024807167768815155,0.5800229306292435,-0.0024595944304171276
['Johnny Cash'],[816890],-0.510430471877507,-0.5643784490203553,0.21747686851843212,-0.033391066910185306,0.12019160652548053,0.5518950993871308,0.025219278506037297
['Johnny Cash'],[816890],-0.6526813592349556,-0.539129741308804,0.18793054354634384,0.06873198073564955,0.14766520436971872,0.5867262608059934,-0.0026336445066810644
['Johnny Cash'],[816890],-0.5790921219183808,-0.4281565496130865,0.13750845077693016,0.37280356515040464,-0.44724318417725284,1.1547461119809228,-0.7020932325888314
['Johnny Cash'],[816890],-0.2555200475733009,-0.4258183235865788,0.20850343417319428,-0.009921588489842207,-0.35812885368415065,0.5341791452806823,0.08982983439138409
['Johnny Cash'],[816890],-0.7288000895926174,-0.5630121692350293,0.17134746124146857,0.1654044814711712,-0.4782855076317784,0.6185118111023717,-0.07642173240952553
['Johnny Cash'],[816890],-0.3960358417387857,-0.38416085057228516,0.2122786783224145,-0.11814613494572393,-0.08429375650693914,0.5814602429256289,0.12500796696107558
['Johnny Cash'],[816890],-0.4542522900324574,-0.6674190037452451,0.33239535466805686,0.10886267289331765,-0.6797594612654233,0.6855126014641435,-0.11759731091322079
['Johnny Cash'],[816890],-0.22933453720191777,-0.4689786590712744,0.27595435216677816,0.030704782705326446,-0.363092243538423,0.4705365635872211,0.10458215477264336
['Johnny Cash'],[816890],-0.3463939900880516,-0.5670559373503582,0.23275803123119848,-0.05980790570865254,-0.25642642537197985,0.6359402413243849,0.05405758270866347
['Johnny Cash'],[816890],-0.6215912864028474,-0.5756916789524088,0.19576078166363262,0.1565120466559179,-0.48116280673604245,0.6482992949872068,-0.04587965477925105
['Johnny Cash'],[816890],-0.44415152425684923,-0.4072189951043807,0.631966897830933,0.17446940336406275,-0.7823574886196489,0.6616035855926028,0.028163881090697344
['Johnny Cash'],[816890],-0.9440166564349405,-0.16572803651647458,0.4118774455023711,-0.013706860339117284,-0.29852659051541675,0.7700921398381113,-0.22176199176990982
['Johnny Cash'],[816890],-0.9585624887928467,-0.28977529055040924,0.466045245842945,0.08525726694637452,-0.7246260262034118,0.9142604764630962,-0.21153680394718377
['Johnny Cash'],[816890],-0.9094069046904137,-0.5573153741231528,0.15021322528764464,0.21184699288586942,0.1640899061851948,0.4566756062638809,-0.1309605656798528
['Johnny Cash'],[816890],-0.5442292118365586,-0.5869174340323607,0.32981825523421177,0.23871195524741903,-0.8586939339498434,0.569911082829376,-0.03763931462204709
['Johnny Cash'],[816890],-0.6221386244122041,-0.6210884492156434,0.4642660898206821,0.18939338976531903,-0.3033230610048376,0.6155051915401583,-0.06126347626936194
['Johnny Cash'],[816890],-0.5094047772139702,-0.4809550099106856,0.17456028039846871,0.17575275044763805,-0.6847987939954207,0.5637157839637498,-0.006079464614588704
['Johnny Cash'],[816890],-0.43454318073383047,-0.55185741372584,0.21098594975065035,0.018153647480621173,-0.6899522948420413,0.7328626924048448,0.05943131344563369
['Johnny Cash'],[816890],-0.4309530025061255,-0.3363069207512328,0.1867993236505297,0.002740687931968841,-0.7120050199142822,0.5667929482649773,0.05132884993409375
['Johnny Cash'],[816890],-0.33745143408734507,-0.16893137320850582,0.16335986850113512,-0.08358743682746937,-0.38609437419677956,0.3489261157132972,0.02239509793344099
['Johnny Cash'],[816890],-1.2713093745665889,-0.2640192346808087,0.5495006450362903,0.21849193861367022,-0.25397077842889765,0.6684981700337035,-0.5024104572287255
['Johnny Cash'],[816890],-0.5017588650450604,-0.49702086322771105,0.18351125064676055,0.07980941208720047,-0.5034022268002368,0.6120967630142063,0.03518025446750729
['Johnny Cash'],[816890],-1.1872029507203452,-0.4640779261107256,0.07025359994206334,0.3107119612196828,-0.16492269221534794,0.5428700061607926,-0.1904653520106609
"['Johnny Paycheck', 'Merle Haggard']","[251375, 410219]",-0.8818685129399135,-0.529453735212052,0.10618359525063226,0.2382072871927626,-0.7228538173574596,0.7835784872856333,-0.08258188955326241
['Joni Mitchell'],[270491],-0.28203162375306146,-0.2893850234744647,0.2042204744182043,0.0052657708316100225,-0.8275487481502367,0.4538760802396801,0.09088469084425461
['Joni Mitchell'],[270491],-0.2118306119968284,-0.27850668546235907,0.22909067671365144,-0.05770512392252134,-0.8245569090515511,0.629384287869501,0.23257393080814187
['Joni Mitchell'],[270491],-0.726471465858495,-0.5187975922966822,0.13034011813950921,0.12101556989016536,0.14423896914836407,0.5164396511360623,-0.0326349178367337
['Joni Mitchell'],[270491],-0.4076157096237303,-0.49262639186439733,0.2534364799210576,0.061732350267318076,-0.5163688080960505,0.5747386198822279,0.03159934279428948
['Joni Mitchell'],[270491],-0.5267785001130297,-0.24839487100241817,0.1567844840619476,-0.09651559030643501,-0.329438942953567,0.711016395184414,0.06525579453630827
['Joni Mitchell'],[270491],-0.49533426414842646,-0.36093012745514513,0.18140336384315864,0.04897664535283564,-0.33288305345386904,0.5315768513861838,0.07895905857928068
['Joni Mitchell'],[270491],-0.6086767518204891,-0.5437362081569944,0.21162060961685542,0.11000185671619792,-0.3160394794189943,0.5589234293735891,-0.09679653683873693
['Joni Mitchell'],[270491],-0.3860910259415932,-0.40665602804696843,0.1885224257985445,0.06587018677883034,-0.8922063894079029,0.5600400785134705,0.023358557242286863
['Joni Mitchell'],[270491],-0.8893155714491251,-0.3607981627044379,0.14819963163978733,0.09009290301519372,-0.6403825864315172,0.8292014406700766,-0.05494113855986541
['Joni Mitchell'],[270491],-0.5574179659760656,-0.5239636809806406,0.19107900135909878,0.17417875092587637,-0.5005704427732722,0.5204059198456746,-0.07155446134569439
['Joni Mitchell'],[270491],-0.7521707855512298,-0.5985116913081835,0.09320754737230025,0.23066637567922052,0.07676116743323008,0.5479594247068124,-0.008052385802853597
['Joni Mitchell'],[270491],-0.4749864388874483,-0.36922925080878316,0.6539226076581112,-0.020998556049458727,-0.061308818119865466,0.5807446866142181,-0.1780510534443102
['Joni Mitchell'],[270491],-0.7392922309348978,-0.1574020110548585,0.07895645744865545,0.09405270318141117,-0.0603858295946638,0.3608725749535961,0.03173685293325734
['Joni Mitchell'],[270491],-0.5167414925319616,-0.7184633255623596,0.21630609734284553,0.13417243815905044,-0.5757969837303756,0.7144457313496796,-0.006174562676026312
['Joni Mitchell'],[270491],-0.313226327815749,-0.22588541307800075,0.2065757808918398,-0.12342989245017905,-0.11158169401308209,0.38712209752432064,0.10939080808780297
['Joni Mitchell'],[270491],-0.4330398958729605,-0.5015828880093669,0.21321724856095953,0.03163561642932545,-0.34099641818953774,0.5251698510385988,0.058186308795322786
['Joni Mitchell'],[270491],-0.3973290454084387,-0.5382185597228288,0.30333766448409133,-0.0759555055027924,0.1046968181481907,0.528620933819588,0.04335951113473944
['Joni Mitchell'],[270491],-1.0061118327166085,-0.10200618426024427,0.5859242346417972,-0.02989261219555555,-0.20062380064949312,0.7853520909492316,-0.33615454659227906
['Joni Mitchell'],[270491],-0.3255508323182439,-0.17690872872758348,0.5745245171771003,-0.09528115314589872,-0.2879048560370311,0.4315765409180545,-0.15884507425690614
['Joni Mitchell'],[270491],-0.5197622526979738,-0.3729842315508068,0.7423600540812122,0.0026111684628548257,-0.1493024434443871,0.6047792238445159,-0.21685767656778493
['Joni Mitchell'],[270491],-0.30347330926043903,-0.10938546401877787,0.12403792428151926,-0.20651577542332822,-0.7280443261027006,0.7974123222269899,0.23990840246298017
['Joni Mitchell'],[270491],-0.32914601685217615,-0.4367204732161297,0.3210851527342892,-0.03897157362992305,-0.08319860909129848,0.504548828092889,0.022422750115984207
['Joni Mitchell'],[270491],-1.0588876212465563,-0.6485220049659034,0.21668416269649252,0.39726422514273063,-0.6960447574566212,0.6840349627998888,-0.20639890961197851
['Joni Mitchell'],[270491],-0.5269178325935417,-0.5779870017593012,0.1981062088269156,0.17285207565058522,-0.8567682582750678,0.6389151080807104,-0.013802232916394626
['Joni Mitchell'],[270491],-0.3652594979639523,-0.5205564059166247,0.24487606621306263,-0.051898486612213746,-0.0830568391730787,0.5088482908051943,0.021892700800647095
['Joni Mitchell'],[270491],-0.31676809377197207,-0.43861153588334023,0.2069207404075842,0.05270896769890401,-0.7085557411025898,0.59112244689936,0.10725147280756908
['Joni Mitchell'],[270491],-0.5078974498911867,-0.2179005497186609,0.3609733176055128,-0.006269278924033956,-0.08433288534718204,0.4354957727166252,-0.09749909366154022
['Joni Mitchell'],[270491],-0.9351894779144385,-0.2846298175361319,0.6502176276491841,0.15565783156562124,-0.3748175960628935,0.6675346045625171,-0.41458556699860927
['Joni Mitchell'],[270491],-0.3716179700009769,-0.43456199363469117,0.5369561970131813,0.03759264884705073,-0.4318629754142269,0.5927127055453928,-0.13301099217401763
['Joni Mitchell'],[270491],-0.2919808382237507,-0.41229436419878,0.19611098691106804,0.004112887629412091,-0.5398435530660304,0.541263055516563,0.0634299003589715
['Joni Mitchell'],[270491],-0.1333390350924553,-0.2522965277759554,0.27318133361686747,-0.1493662517299695,-0.13031684887719466,0.3869346787061905,0.09424509009993477
['Joni Mitchell'],[270491],-0.30635769386817613,-0.24583748043907694,0.7602643687238856,-0.19653251366058785,0.082403402908755,0.5514139974956003,-0.18223692479222958
['Joni Mitchell'],[270491],-0.9400971653811069,-0.36276805240587884,0.654749547040373,0.214411902833951,-0.5484081266253623,0.7017073327124069,-0.43796597882609745
['Joni Mitchell'],[270491],-0.3890028587428257,-0.2808505509821806,0.5931905841429358,-0.10865692129038386,0.09167348120138345,0.47950785652618044,-0.12797983795092682
['Joni Mitchell'],[270491],-0.3321471692812453,-0.3059255379540729,0.6011497914865451,-0.028555914468036583,-0.538308211016784,0.5684783283779363,-0.1505667804954156
['Joni Mitchell'],[270491],-0.5902235370810279,-0.5604786703155419,0.14883412285913472,0.047685513169658834,-0.7528021035394702,0.8659655924242028,0.009127692860161457
['Joni Mitchell'],[270491],-0.479661214805535,-0.7085763953114806,0.24528286876941682,0.04794192636777494,0.040684341566341466,0.5658670465520477,-0.006438058888929909
['Joni Mitchell'],[270491],-0.519704135341925,-0.3911400176363513,0.6718729670151989,-0.07379212984672327,-0.06423638612683061,0.6114449880386892,-0.25269122953917544
['Joni Mitchell'],[270491],-0.33450464771314015,-0.45820144572132976,0.31725270470093525,0.021354267883514362,-0.4408638678305283,0.5602644586839635,-0.025750205222449207
['Joni Mitchell'],[270491],-0.3085927790311723,-0.32001093614371395,0.6059668091092674,-0.07091804927635084,-0.7218135132880577,0.6506360137762411,-0.1730783974562728
['Joni Mitchell'],[270491],-1.1313408025410043,-0.0516112679997118,0.6710623544818894,-0.08354440329537544,-0.18675193799035322,0.8442826470013998,-0.4000445498193069
['Joni Mitchell'],[270491],-0.8835858388165847,-0.6596314701387315,0.05871525814505191,0.3867407340920804,-0.6171572846317194,0.7099943849322083,-0.08010326499208356
['Joni Mitchell'],[270491],-0.11644570880593091,-0.1280301194038156,0.17064962246886672,-0.023774546577910876,-0.6541934360838494,0.4389797389368686,0.023782675505940053
['Joni Mitchell'],[270491],-0.40626068984100777,-0.38413755378278513,0.06085808659126125,0.0849531894331628,0.021460452346661302,0.9874212910079603,-0.27343867104113223
['Joni Mitchell'],[270491],-0.6894762925010663,-0.6009397214949059,0.19026170817049343,0.23640814277026445,-0.650595045089465,0.6735620716429743,-0.10613266000845252
['Joni Mitchell'],[270491],-0.8590385443941422,-0.20135917488874522,0.6954778133453947,-0.14070830399218578,0.15168823536069076,0.7439152404559856,-0.293640830544875
['Joni Mitchell'],[270491],-0.37725889329547657,-0.1669279687354543,0.14031863925244425,-0.19269488241329014,-0.4542189369707373,0.6837532619382456,0.20898785150263352
['Joni Mitchell'],[270491],-0.3269642463803011,-0.48845347579834686,0.2409965444813783,0.06575759489639978,-0.43935567606727527,0.495299417146339,0.062315105446467754
['Joni Mitchell'],[270491],-0.8757842979865744,-0.5821694716267287,0.4801301366691308,0.13502484294266273,-0.1939521369518711,0.642425232801607,-0.3623063355049324
['Joni Mitchell'],[270491],-0.5242834098108478,-0.6097446672130472,0.26209045207526555,0.06345937404211076,-0.23762896897902847,0.5244045631657063,-0.1179938826561054
['Joni Mitchell'],[270491],-0.479661214805535,-0.7085763953114806,0.24528286876941682,0.04794192636777494,0.040684341566341466,0.5658670465520477,-0.006438058888929909
['Joni Mitchell'],[270491],-0.21683747184569238,-0.44060768498903125,0.25851669516078907,-0.07134554168487402,0.06652831987997898,0.3130685146672831,0.02998918756941473
['Joni Mitchell'],[270491],-0.8433909986069548,-0.48765886256952073,0.1270626587696945,0.27671880479431304,-0.6524847486497707,0.534601050192779,-0.14710178390110845
['Joni Mitchell'],[270491],-0.3942486127258178,-0.432444340863421,0.24484482541852184,0.09677885803510529,-0.8783797537146832,0.6124646513372934,0.05879735253564089
['Joni Mitchell'],[270491],-0.7717520976841145,-0.6309091393165561,0.173948617172941,0.12271186720595419,-0.3702028483436876,0.77166276943705,-0.05750862760495352
['Joni Mitchell'],[270491],-0.7026179088899843,-0.6464207345781363,0.22432599138920176,0.10944839193433262,0.05447923703587571,0.48443058916869386,-0.1403014481629118
['Joni Mitchell'],[270491],-0.8398782789453006,-0.4968080118072845,0.13633003232614993,0.16134527253136163,-0.031258144274398984,0.4392882928227257,-0.1330399295544398
['Joni Mitchell'],[270491],-0.7001220800167205,-0.4071260528518186,0.14555089315291897,-0.08304545167923053,0.141464325820677,0.6888207835074159,0.05907336584184698
['Joni Mitchell'],[270491],-0.1971555111310458,-0.17719808113181074,0.18533839170909897,-0.10330089150701718,-0.1321870845508665,0.27113210023548917,0.11213381146858115
['Joni Mitchell'],[270491],-0.6012454640545117,-0.6385842553610008,0.2726218908240667,0.0692025619087336,-0.22549849097489288,0.5794579658927184,-0.12940528826864697
['Joni Mitchell'],[270491],-0.5238514828027839,-0.4663428181340811,0.1626380083535065,0.03699384208419765,-0.2437317928963076,0.5200430439257565,0.03355777946982071
['Joni Mitchell'],[270491],-0.18559709459047477,-0.26581751169102547,0.18737483037586244,-0.04660456416835971,-0.6501549363892445,0.4997094434394148,0.12459511619641248
['Joni Mitchell'],[270491],-0.3193217073398444,-0.49157397153190374,0.23555017038077022,0.0945584215275109,-0.8863751094199226,0.5934505211528571,0.08019820708644577
['Joni Mitchell'],[270491],-0.3145836583692557,-0.46828888061327545,0.21558407096594753,-0.07904436925371058,-0.4443034454125185,0.6508783714584334,0.0984949908990261
['Joni Mitchell'],[270491],-0.6952503142907115,-0.5950481186920652,0.1802958552564546,0.16132350676951138,-0.5681181253365978,0.6501105870391604,-0.06670721888731243
['Joni Mitchell'],[270491],-0.5337080626482087,-0.5482601962556043,0.1947166355680502,0.04127104279816379,-0.05945739874970884,0.533898690479547,-0.019909059400505056
['Joni Mitchell'],[270491],-0.36768430797059193,-0.3778722135896206,0.1600678215240846,0.0581790123219892,-0.7154577175857026,0.5382387594102461,0.0825552748278257
['Joni Mitchell'],[270491],-0.21942518376277104,-0.35167331310644334,0.20141532050910602,-0.01569398036195402,-0.5525061630529887,0.49231375654840287,0.12518395411049701
['Joni Mitchell'],[270491],-0.4025017107850316,-0.522879946108184,0.2365451640345148,0.04204179053909305,-0.6974582194810837,0.6411667741226796,0.01853571347940189
['Joni Mitchell'],[270491],-0.6266813012600008,-0.5467202474909534,0.21097750641388333,0.11105293171874572,-0.5888698709867888,0.5907869867798625,-0.13336625753597692
['Joni Mitchell'],[270491],-0.3004396148509403,-0.46143669576222507,0.23111248118432604,-0.0590207360850376,-0.09107920588219709,0.47773254232658974,0.10063775522421485
['Joni Mitchell'],[270491],-0.634896414453213,-0.3503421826923803,0.13384768752490786,0.032209852568316884,-0.0623250950889066,0.4817636095781047,2.3315894129811003e-05
['Joni Mitchell'],[270491],-0.1820814473871179,-0.2822758610634079,0.2037467686031907,-0.12179562844061934,-0.11147682239078274,0.45866621967429666,0.15954134234803805
['Joni Mitchell'],[270491],-0.2990403877499895,-0.3409095198399932,0.20133426762063156,-0.08887894279237546,0.08570993282745683,0.4251189512747983,0.13483584765513656
['Joni Mitchell'],[270491],-0.22133064013827555,-0.28460400799557956,0.2082406693129457,-0.09006585179976856,-0.29421032600491454,0.4178571395661914,0.1315922428436668
['Joni Mitchell'],[270491],-0.2664651911526559,-0.4124918108431988,0.25286557115884484,-0.03736791067105201,-0.3658407317345922,0.498038455125886,0.09501556498569866
['Joni Mitchell'],[270491],-0.6602998354693709,-0.3702807594400295,0.4366853774297737,0.1187359856620612,-0.41131496897750724,0.5001259561729537,-0.22220996382674343
['Joni Mitchell'],[270491],-0.5014784830988867,-0.5491489996011572,0.22136288789634698,0.08681930349330369,-0.6824642001455056,0.6610719679978108,-0.010203508167712386
['Joni Mitchell'],[270491],-0.6825812698070157,-0.4982324248351856,0.15889639330211305,0.09938013141813126,0.13462659799614365,0.46880145478475965,-0.055960478406331594
['Joni Mitchell'],[270491],-1.2135250574806637,-0.3865760568191611,0.051328451875738396,0.13422306483004454,0.19022021901291733,0.6263725771706264,-0.16276711831375207
['Joni Mitchell'],[270491],-0.5783780005166481,-0.23421913162032984,0.09874610709590705,0.09221517930912172,-0.5271667639645884,0.44313118552567615,0.027182309564223146
['Joni Mitchell'],[270491],-0.33277801428415266,-0.4757701072037007,0.18770226749129484,-0.11866135173443702,0.09845232851383402,0.5936915543413611,0.1349762472513354
['Joni Mitchell'],[270491],-0.2632115599309829,-0.45530970359615586,0.20409788465148407,0.007756292948159354,-0.34935806064579944,0.5502179114862321,0.055760016305655524
['Joni Mitchell'],[270491],-0.2689548111153366,-0.36963690101042324,0.21853443268131664,-0.12018369877123386,0.07528410494059981,0.413113879836538,0.12784224213683232
['Joni Mitchell'],[270491],-0.3226959064769477,-0.4685414255322969,0.2538981166503558,-0.12449917411984388,0.08721787505074288,0.492744039841819,0.07561970632025801
['Joni Mitchell'],[270491],-0.6125414083615297,-0.4957538009417319,0.23560796602142287,0.06123614844434338,0.13013595127925107,0.48160751183933265,-0.04384739519030021
['Joni Mitchell'],[270491],-0.8131131005619087,-0.3866163366749706,0.24339621638797376,0.2117385922384224,-0.47327555103918,0.6655013698164104,0.049266807955994196
['Joni Mitchell'],[270491],-0.8028208928663118,-0.5423088854940441,0.15781813060991134,0.13554744415140954,-0.030573486557231053,0.48758841219867693,-0.1413324241116474
['Joni Mitchell'],[270491],-0.3960466042761492,-0.26030990287470945,0.15642043607520978,0.12202363423917068,-0.8959885850453387,0.43683646111563373,0.05904468431988897
['Joni Mitchell'],[270491],-0.20713141367722343,-0.24263096731222922,0.12380721110116502,0.06906579362767651,-0.4249930091355142,0.5461208296018542,-0.06294093123817672
['Joni Mitchell'],[270491],-0.36484660083312515,-0.3618229580566604,0.18982338036754584,-0.1728368607907003,-0.174025132166134,0.6803493359228747,0.15438912511553743
['Joni Mitchell'],[270491],-0.4841247007549552,-0.3548141817459823,0.1616006106288617,0.002497604827186601,0.09813017894296408,0.3805702082128352,0.044538690029081486
['Joni Mitchell'],[270491],-0.6783598215654912,-0.3704209280597264,0.1277394848333767,0.23840726191811942,-0.5737037954122252,0.5131848703147119,0.01724164306386771
['Joni Mitchell'],[270491],-0.6430217252715833,-0.40894306993743446,0.14365000373985942,0.1714317272702605,-0.4971705356032755,0.5068737771114413,0.003847090877325687
['Joni Mitchell'],[270491],-0.7918602289570404,-0.4208587598310056,0.09726064042473015,0.13943639858918,-0.4861300336929693,0.5868886647585785,-0.060151322425334317
['Joni Mitchell'],[270491],-0.26492470218008213,-0.3334012150006078,0.19865604096013478,0.007118243355446994,-0.548795321205013,0.47177830935554504,0.1325811511661944
['Joni Mitchell'],[270491],-0.36750724875228796,-0.3691346512860198,0.23862635182454225,0.014713525546686123,-0.4454159501773228,0.4757230789761295,0.09624645003803997
['Joni Mitchell'],[270491],-0.2235027696557667,-0.28935863506820875,0.19693891718763898,-0.09214154686347417,-0.29334835941483745,0.42531950349457165,0.14496789184343753
['Joni Mitchell'],[270491],-0.42083017774969445,-0.5204399408834076,0.21774326891365448,0.12522065826884315,-0.8715890441597645,0.6100367919522042,0.03128720987672775
['Joni Mitchell'],[270491],-0.32664248417151676,-0.38379130693704677,0.21925423317347234,0.03729306324395568,-0.7179565188219923,0.5186413326487836,0.09850256900024736
['Joni Mitchell'],[270491],-0.21706477962796983,-0.3861942390496223,0.22514027152973548,0.07258970878800024,-0.5623089432638031,0.2902311940050245,0.05418620408139977
['Joni Mitchell'],[270491],-0.3822001039795356,-0.4773584310714904,0.20933702898413323,-0.07130610446355752,-0.08232065033794209,0.5399897069300279,0.06371274696054165
['Joni Mitchell'],[270491],-0.3709041815375609,-0.299929050663312,0.16077741792658484,-0.26160445049983366,0.09959551297749064,0.7661763263893248,0.23941933895779682
['Joni Mitchell'],[270491],-0.2671374912845431,-0.31311251590404243,0.20272219471645267,-0.05257766384127876,-0.37876963871186303,0.4166751478676668,0.0753153764657657
['Joni Mitchell'],[270491],-0.2281289909972366,-0.5259498678105465,0.2471545663029748,-0.04215675057385408,-0.08904329937277962,0.5211715326407353,0.07947188411926154
['Joni Mitchell'],[270491],-0.2335854225615478,-0.18495916499770101,0.1966291088983831,-0.1547141406988929,0.05084914795334869,0.2749545536946881,0.10446864159284254
['Joni Mitchell'],[270491],-0.32242082345982725,-0.14404404203404075,0.1516619341620093,-0.284054685668516,-0.279923607002196,0.7385954236589126,0.2523981450736285
['Joni Mitchell'],[270491],-0.246453369802424,-0.4063588945035003,0.2159710469993525,-0.05935514290724355,-0.1060082417049598,0.3953244599710663,0.08464959421135151
['Joni Mitchell'],[270491],-0.43632939844749624,-0.2990858538437799,0.14770711335850176,0.04566334479320878,-0.08903181412689223,0.3605417021157181,0.059423383248028386
['Joni Mitchell'],[270491],-0.26513666793234897,-0.2939038704441904,0.1990692471441063,-0.044853892775451404,-0.55565173594074,0.48869299945912376,0.1358922048233434
['Joni Mitchell'],[270491],-0.3224195233480751,-0.46614129747038036,0.20769151515501508,0.03511604851657154,-0.712634305294278,0.5678942070604344,0.05158691396620069
['Joni Mitchell'],[270491],-0.636319976840351,-0.2319089775239043,0.6652587442885651,0.011083821453411979,-0.06091607573523668,0.5149773716641324,-0.28908546746698627
['Joni Mitchell'],[270491],-0.3749397330208351,-0.2889041600902165,0.16771341534368106,-0.002831751119988984,-0.26542762310173984,0.4727383354477969,0.1368476096014614
['Joni Mitchell'],[270491],-0.3909686537593341,-0.5586524032278731,0.22381279456100062,0.047506875359177136,-0.3331070409214937,0.5893876274918978,0.06819676829416507
['Joy Division'],[290812],-1.175056688163894,0.19673808808551224,0.13320275664025555,0.33179140701429327,-0.8116668400821436,0.5070895584753766,-0.295136725564563
['Joy Division'],[290812],-1.1928025114546632,-0.6221105292607536,0.011172925817421915,0.4350459639723899,-0.5827631932656189,0.7734849247966172,-0.17240126580494217
['Joy Division'],[290812],-0.8768861371451829,-0.08862875899019423,-0.15064845533775892,0.4289335269846125,0.2701283775571043,0.7935185957280705,-0.6853440724549615
['Joy Division'],[290812],-0.8984378797326066,0.11248534438774348,-0.19382722051381238,0.551627138578227,-0.5374851027331268,0.8259352176166321,-0.673549645111369
['Joy Division'],[290812],-0.9422631015012464,0.5628090948115153,0.06403930898625061,0.18417295913149428,0.06873584516359167,0.3158490681799368,-0.4975462883993098
['Joy Division'],[290812],-1.2363569391207072,-0.14792903634908502,0.04022483539007822,0.4779879306246959,-0.7921541318207235,0.4700264170312566,-0.30019756627192523
['Joy Division'],[290812],-1.2402475202640237,-0.08624780127488663,0.26966179384419786,0.28657999948704105,0.25527707011522255,0.7925969942967698,-0.6815806144653646
['Joy Division'],[290812],-1.157562323388223,0.3457047555599189,0.35482355187957876,0.0885507802696786,0.037451496107355244,0.2183760928222216,-0.3540001883754274
['Joy Division'],[290812],-1.1540582842330873,0.5155614125436062,0.22737501772325489,-0.09619329593115046,0.019533214932700268,0.3481434496834868,-0.14449296984723733
['Joy Division'],[290812],-1.0683597728924488,0.43800635487780654,0.38249895128506395,0.0173814711603041,0.05231479278353929,0.40525346726256917,-0.35012321519247197
['Joy Division'],[290812],-1.1810379345006228,0.18952164611138336,0.26240878069978646,0.16222751281752154,0.04454785633998868,0.1957373261693489,-0.26931251340964996
['Joy Division'],[290812],-1.0883760997192757,0.21877405641128145,0.05156160493295691,0.49909474046782826,-0.34668207770287673,0.8402370799252807,-0.8584525127773274
['Joy Division'],[290812],-1.1401480700073936,0.29749637841293075,0.4706975525235575,0.08603417849384269,0.029961477157245602,0.17994021449247613,-0.36192328199860996
['Joy Division'],[290812],-1.072392369577497,0.22669074898659752,0.31601389955436854,-0.04355444083667858,0.03195026925117153,0.39369960829689593,-0.16887418972555188
['Joy Division'],[290812],-1.2146975916514007,0.41566845797827623,0.46768433409121535,0.2233505775405809,-0.8376891813073788,0.42679197402483615,-0.5198218103709329
['Joy Division'],[290812],-1.0922175238646465,0.27385940347465193,0.2076688642827291,0.08825501741244932,-0.0707059435076844,0.140760274591545,-0.19372459870073994
['Joy Division'],[290812],-1.037588786688864,0.45123048758792517,-0.09294883615340463,0.4089941700525354,-0.5327508113022175,0.9532831283328861,-0.7999366903168196
['Joy Division'],[290812],-0.946451484305352,-0.3916331297652733,0.12493201929092132,0.16510605883505194,0.14978182813364832,0.38313759369456624,-0.13852905119448963
['Joy Division'],[290812],-1.1562236435811613,0.43116410923476184,0.526100193049783,0.14082510796321362,-0.654902892758425,0.5378511889057495,-0.36707910435812796
['Joy Division'],[290812],-1.0570523436981267,0.20497290317696087,-0.06977597811915885,0.3617355363087322,0.041954019126569875,0.5145649770880814,-0.6507289894055365
['Joy Division'],[290812],-1.0349020497197639,0.019645479519350452,-0.08988856518395294,0.5460171622368862,-0.63948880645598,0.7649237520785408,-0.7285276051533872
['Joy Division'],[290812],-1.148608915355707,0.590686826945135,0.47255112285109696,-0.10583798622036387,0.021360872499959226,0.3634926511139771,-0.2938370601068489
['Joy Division'],[290812],-1.2022845412462302,0.2439615800712554,0.2242263211474895,0.12267603906669969,-0.0535100593396943,0.2076354149364054,-0.24712839329982503
['Joy Division'],[290812],-1.1898633702040642,0.11400333602702961,-0.05380367420713861,0.20528516887779935,-0.4396570562311452,0.6450769996751028,-0.306313600431509
['Joy Division'],[290812],-0.8131272480903572,0.09896433828237942,-0.1603672126418537,0.4403195682321495,0.05768384384887561,0.5986857072498865,-0.6672258089515309
['Joy Division'],[290812],-1.030072467830249,0.016425968680411,-0.03361025600698679,0.5253866899130905,-0.6454012312539059,0.7628083127698728,-0.7228268916056012
['Joy Division'],[290812],-1.3068880708709625,-0.24050600056563445,-0.042056934660203,0.33728969088538824,-0.7821398318850907,0.7235569550877065,-0.1838992480195054
['Joy Division'],[290812],-0.8887037045700038,0.3168134561164373,-0.1866544033746995,0.42089612727274583,-0.5779157295143754,0.7221130878763166,-0.5127881415832295
['Joy Division'],[290812],-1.2239065914804952,-0.2861305157425329,0.005950824097807272,0.14035239535678226,0.18567294005876017,0.5995644310927654,-0.11589231590692643
['Joy Division'],[290812],-1.1684546669274858,-0.15698654242752116,-0.12134572282105428,0.4014918540544164,0.10981968188765209,0.9337501434138235,-0.6800507490649899
['Joy Division'],[290812],-0.6903852643471575,0.1911999848519492,-0.04846103683347633,0.3798615535822385,0.025506586731851407,0.5012706666638033,-0.625918768242652
['Joy Division'],[290812],-0.7189466875045997,0.374964171737784,-0.22263782228615384,0.4346810711121174,-0.5834171310865515,0.6991081151814257,-0.6002863921625294
['Joy Division'],[290812],-1.030072467830249,0.016425968680411,-0.03361025600698679,0.5253866899130905,-0.6454012312539059,0.7628083127698728,-0.7228268916056012
['Joy Division'],[290812],-1.1461342858940915,-0.06340810684826115,-0.07068097078615788,0.3982531765849614,-0.5461001673824581,0.9425584017178494,-0.5867171530437184
['Joy Division'],[290812],-0.6393823362068397,0.0189804178513901,-0.1696372008412185,0.47695028209781737,-0.7633682587935167,0.798450642042777,-0.4574564588584832
['Joy Division'],[290812],-0.7156643344892903,0.18754472377140374,0.10479893997420675,0.35610160072938474,0.04931928652536325,0.6959076288579155,-0.637849466045757
['Joy Division'],[290812],-0.7189466875045997,0.374964171737784,-0.22263782228615384,0.4346810711121174,-0.5834171310865515,0.6991081151814257,-0.6002863921625294
['Joy Division'],[290812],-0.8607613184302005,-0.08366066887574643,-0.049682016886793044,0.35415787776079316,0.2132730697053077,0.5566505150127287,-0.4026454903039458
['Joy Division'],[290812],-1.1130530981111282,0.0022528748435931847,-0.11442929047677257,0.4653793915579639,-0.1839346907311007,0.7489484401505786,-0.6346230255034458
['Joy Division'],[290812],-0.8568455806652777,0.013364361408182694,-0.1094518857287081,0.4124498199941684,0.26286131618269326,0.7473028397456604,-0.7213466885005148
['Joy Division'],[290812],-0.6903852643471575,0.1911999848519492,-0.04846103683347633,0.3798615535822385,0.025506586731851407,0.5012706666638033,-0.625918768242652
['Joy Division'],[290812],-1.3068880708709625,-0.24050600056563445,-0.042056934660203,0.33728969088538824,-0.7821398318850907,0.7235569550877065,-0.1838992480195054
['Joy Division'],[290812],-0.8887037045700038,0.3168134561164373,-0.1866544033746995,0.42089612727274583,-0.5779157295143754,0.7221130878763166,-0.5127881415832295
['Joy Division'],[290812],-0.6393823362068397,0.0189804178513901,-0.1696372008412185,0.47695028209781737,-0.7633682587935167,0.798450642042777,-0.4574564588584832
['Joy Division'],[290812],-0.7159985002283402,0.1363284662415828,-0.16551222262479198,0.38378787561693534,-0.5880827065886481,0.7979417313327899,-0.4398440454298387
['Joy Division'],[290812],-0.8381915154237555,-0.20002599583017439,-0.11153665372434264,0.36457631458264084,0.27060710132946664,0.8987840545302754,-0.5547898801034871
['Joy Division'],[290812],-1.1159709380335632,-0.24301232066150255,-0.14673733454405025,0.5379337124620228,-0.5325781902230688,0.8734751135684379,-0.5472764148280969
['Joy Division'],[290812],-1.213617536221385,-0.05547054102420817,-0.005967417250683378,0.27085224348001824,-0.43137471293065843,0.6441651946461299,-0.2988128405293043
['Joy Division'],[290812],-1.2239065914804952,-0.2861305157425329,0.005950824097807272,0.14035239535678226,0.18567294005876017,0.5995644310927654,-0.11589231590692643
['Joy Division'],[290812],-1.2632455211094415,-0.33105683577864975,-0.019993353215136477,0.39192573459348495,-0.5952718236541384,0.6776504676222671,-0.19480518439828975
['Joy Division'],[290812],-0.7156643344892903,0.18754472377140374,0.10479893997420675,0.35610160072938474,0.04931928652536325,0.6959076288579155,-0.637849466045757
['Joy Division'],[290812],-1.2632455211094415,-0.33105683577864975,-0.019993353215136477,0.39192573459348495,-0.5952718236541384,0.6776504676222671,-0.19480518439828975
['Joy Division'],[290812],-1.1461342858940915,-0.06340810684826115,-0.07068097078615788,0.3982531765849614,-0.5461001673824581,0.9425584017178494,-0.5867171530437184
['Joy Division'],[290812],-0.8568455806652777,0.013364361408182694,-0.1094518857287081,0.4124498199941684,0.26286131618269326,0.7473028397456604,-0.7213466885005148
['Joy Division'],[290812],-1.0646832191754285,0.02515399811788531,-0.13349948369089737,0.5355325023222871,-0.6974551064069366,1.0127180642726188,-0.7021542989395818
['Joy Division'],[290812],-1.1928025114546632,-0.6221105292607536,0.011172925817421915,0.4350459639723899,-0.5827631932656189,0.7734849247966172,-0.17240126580494217
['Joy Division'],[290812],-0.7159985002283402,0.1363284662415828,-0.16551222262479198,0.38378787561693534,-0.5880827065886481,0.7979417313327899,-0.4398440454298387
['Joy Division'],[290812],-1.1159709380335632,-0.24301232066150255,-0.14673733454405025,0.5379337124620228,-0.5325781902230688,0.8734751135684379,-0.5472764148280969
['Joy Division'],[290812],-1.2402475202640237,-0.08624780127488663,0.26966179384419786,0.28657999948704105,0.25527707011522255,0.7925969942967698,-0.6815806144653646
['Joy Division'],[290812],-1.028545150474708,-0.002183762343732429,-0.13789231867824434,0.4002547416438772,0.09881731893132949,0.8951706538860318,-0.6493934730456092
['Joy Division'],[290812],-1.213617536221385,-0.05547054102420817,-0.005967417250683378,0.27085224348001824,-0.43137471293065843,0.6441651946461299,-0.2988128405293043
['Joy Division'],[290812],-0.8381915154237555,-0.20002599583017439,-0.11153665372434264,0.36457631458264084,0.27060710132946664,0.8987840545302754,-0.5547898801034871
['Joy Division'],[290812],-1.1219058755387101,0.0146788240261545,-0.07321530339408124,0.6166918028559962,-0.6102113787939988,0.8389049945767433,-0.7881803107158764
['Joy Division'],[290812],-0.5224266403042701,-0.27420565876454495,0.15492438132949407,0.06133907271962073,-0.055335813905787776,0.48553119806238937,-0.024969945372085176
['Joy Division'],[290812],-0.8607613184302005,-0.08366066887574643,-0.049682016886793044,0.35415787776079316,0.2132730697053077,0.5566505150127287,-0.4026454903039458
['Joy Division'],[290812],-0.5224266403042701,-0.27420565876454495,0.15492438132949407,0.06133907271962073,-0.055335813905787776,0.48553119806238937,-0.024969945372085176
['Joy Division'],[290812],-1.0573307566216614,0.18838595667246852,-0.012141592197194174,0.3088332497168391,-0.21331716325076108,0.7763899894848889,-0.6244917130017078
['Joy Division'],[290812],-0.9965750712141119,0.21792359743954895,-0.05789844666118179,0.43960858475113207,-0.08585564708116931,0.7930181395210942,-0.9443337039192247
['Joy Division'],[290812],-1.0635773298986537,0.09275690991653547,0.0002722550583037539,0.3281947888413568,-0.6528646927669932,0.3545162705976404,-0.245810841078077
['Joy Division'],[290812],-0.6985489910351085,-0.1976571536467183,-0.040918362674130855,0.3589933579314273,-0.3306722195455934,0.7098318960479236,-0.37114698068462565
['Joy Division'],[290812],-1.1405888331156429,-0.11450660323880635,-0.11389974812090058,0.3566501892966482,-0.3863102498466224,0.8339446496076304,-0.42207781361498
['Judas Priest'],[246611],-1.310811949640409,-0.1956972889398756,-0.021813503067421882,0.23780836969044172,-0.3463348436323864,0.6424294544323909,-0.1360898061169963
['Judas Priest'],[246611],-1.2421831623760473,-0.08896810413759454,0.2517741106238939,0.33287900223269956,-0.6302084326150682,0.48344047553390584,-0.3155571275036776
['Judas Priest'],[246611],-1.295966313093024,0.03029164573315097,-0.033426309663613256,0.19057824709380589,-0.8077070756174982,0.7351779738631389,-0.07917650132174815
['Judas Priest'],[246611],-1.186960637249912,-0.03065238944983204,0.03920082584364456,0.20521062324590397,-0.19774160115411618,0.4307333379412694,-0.1107482878701859
['Judas Priest'],[246611],-1.1030972554094258,-0.05198148338306417,0.029096195699111385,0.30315172617285435,-0.6518128438604464,0.42955467045530726,-0.10471198881812761
['Judas Priest'],[246611],-1.2220983927996383,-0.027191746061104072,-0.035244239923053526,0.08446900181090757,-0.01485493977800986,0.5574990553863856,-0.0794778094344721
['Judas Priest'],[246611],-0.9556470788654176,0.022179107800870717,0.017463715615023558,0.14800150739625903,-0.24235570171110424,0.26804108519863123,-0.07461864905720275
['Judas Priest'],[246611],-1.2233382047458454,0.08224491806334779,0.006731981976922375,0.2944432856851701,-0.6460452098375837,0.40743602417002456,-0.20507886101837772
['Judas Priest'],[246611],-1.0467755428818935,0.28679364468880125,-0.012924185359396047,0.2905478159421988,-0.6790861972826286,0.25804519023493544,-0.05047773823066646
['Judas Priest'],[246611],-1.2212366131327412,0.1426627771774087,0.08701504364617822,0.02192854513584714,-0.02973508999054109,0.5252859132909184,-0.10227438249683207
['Judas Priest'],[246611],-1.1761151547927384,0.09040658298430014,0.04654577914234673,0.30886345059947584,-0.6568572281208888,0.3627886887826417,-0.06530354881318978
['Judas Priest'],[246611],-1.38865424558555,0.15439883050033607,0.3678155705901862,0.16920726638488617,-0.6239872191237434,0.7270069668342629,-0.20771129703346705
['Judas Priest'],[246611],-0.9997833913090131,0.019893638890725415,0.014470137532622657,0.07516061523397752,-0.05884925498634371,0.33376859133476516,-0.12470992625646765
['Judas Priest'],[246611],-1.2030897124819184,0.032914394988640155,-0.04231708284167134,0.3067429321911312,-0.6560858989682005,0.32763929011604,-0.15279915310314754
['Judas Priest'],[246611],-1.175347481118565,-0.3447778109231578,0.08324051989082552,0.3140108245315338,-0.6218993867276871,0.6323378933906992,-0.1563233404113494
['Judas Priest'],[246611],-0.6645019157588584,0.020559475686547944,-0.041004391366448616,0.22926208882141375,-0.0503258962463609,0.3007695668818019,-0.1502652928899989
['Judas Priest'],[246611],-0.9611657926742977,-0.20223444164483198,0.14262398562454862,0.25631724823309165,-0.6525280311799991,0.5319002710112135,-0.0952812069785054
['Judas Priest'],[246611],-0.918078590860075,0.20621026683655067,0.08861238103493681,0.017206288833603346,-0.24917507421849575,0.3961179018111461,-0.03381413596964283
['Judas Priest'],[246611],-1.2451707690912208,-0.09684191918679227,-0.012844740210983493,0.1768060872932221,-0.6255146521671561,0.7357285769691387,-0.07971989207631318
['Judas Priest'],[246611],-1.3084057049806554,-0.09977676757464642,0.08979595087155594,0.28970958764505383,-0.6182733362388594,0.6137635758477343,-0.17881092133934637
['Judas Priest'],[246611],-1.2595390722293647,-0.20311411881107977,0.09106959120100737,0.3351503261775373,-0.3603701135258816,0.4335626453097788,-0.21481913931798835
['Judas Priest'],[246611],-1.0556507767357521,0.004149599222501068,0.054641349695018465,0.07107389409033932,0.13797486672822695,0.38446144397857634,-0.04128016834919988
['Judas Priest'],[246611],-1.2645830543466794,-0.31103172572672894,-0.011491883318053881,0.3527419204385982,-0.612608739141341,0.5915614193393963,-0.15776114739853705
['Judas Priest'],[246611],-0.9935821189753621,-0.10704612123029873,0.14877417916285504,0.16281316891722675,-0.0530536725177823,0.26258089938906404,-0.18049351066106212
['Judas Priest'],[246611],-1.058510930506425,-0.10348273317097403,0.1867184969385998,0.059576599629163035,-0.028091483859571505,0.5794487619387415,-0.16410769725763227
['Judas Priest'],[246611],-1.0648386135522274,0.06277457508497479,0.08080630644517493,0.0704753984453986,0.11804659842637594,0.22289663383422473,-0.20454553126904812
['Judas Priest'],[246611],-1.2482810035534229,-0.10739034051933415,0.11809065187050012,0.2408556994345063,-0.18651665421782188,0.44065189616010336,-0.19092738339679682
['Judas Priest'],[246611],-1.3230440021856709,0.41563603921795805,0.6129631368063814,-0.0534488817295435,-0.034477897758146026,0.5542157100506357,-0.3309866941829871
['Judas Priest'],[246611],-1.2210097440455236,0.24775621560677857,0.4894297150726038,0.07729426066881377,-0.0169320728464409,0.5109285057678896,-0.4074241497501089
['Judas Priest'],[246611],-1.1822306375151728,0.13515683258222996,-0.021576360423988566,0.15413281486341535,-0.032532306163536695,0.3337792425994797,-0.05051475510845676
['Judas Priest'],[246611],-0.8909134304919466,0.16024199771150627,-0.009595247556362034,0.11868506607476746,-0.07315809226365977,0.20112748233341685,0.015203753116515895
['Judas Priest'],[246611],-1.1911302452022052,0.4385400948267015,0.38817711182784287,0.1654508230579484,-0.67862854313832,0.3292549257916269,-0.35482927402720316
['Judas Priest'],[246611],-0.77613669464936,0.3835173922673042,0.4086990957560746,0.1717268625852702,-0.011277101840686782,0.466427039812619,-0.791112929908447
['Judas Priest'],[246611],-1.2428826294896633,0.18085957083607035,0.16269674048312066,0.016668904030766367,-0.023202389664558027,0.5493224012528249,-0.1607824272604
['Judas Priest'],[246611],-1.2064220532194698,0.30831678429525045,0.08446937969680814,0.19248492800842237,-0.48866420582502396,0.3678017773640719,-0.03328714131290711
['Judas Priest'],[246611],-1.2318735006995358,-0.057401600586396234,0.034945532392137976,0.1304301685309743,-0.27616768626016974,0.6058768596808382,-0.06766221447115739
['Judas Priest'],[246611],-1.334918061636749,-0.33552427736216256,0.11215313576809795,0.3610506891831555,-0.5991505726891437,0.6593382967734943,-0.2435734371053884
['Judas Priest'],[246611],-1.2604881544197106,0.6185797021050974,0.40534204769974647,-0.00944278892853472,-0.6672593610056973,0.6656364204667212,-0.154715995306089
['Judas Priest'],[246611],-1.1742964468931472,0.15504148773549864,0.14238654240417356,0.25933331099954127,-0.6649830838717408,0.33634435788823397,-0.2171558023407737
['Judas Priest'],[246611],-1.1669133042715865,0.14705597082964994,0.21443329361413888,0.10588290993303284,-0.030139854889937562,0.3961381982239064,-0.14537530885211436
['Judas Priest'],[246611],-0.3406303869983479,0.3417748909647303,-0.12486575599137795,0.421942929482253,-0.8092055731045532,0.5931861160169658,-0.7104771291360406
['Judas Priest'],[246611],-0.9138627090327154,-0.12064663900151802,-0.0008851162109404648,0.34734988051113846,-0.8559248868114813,0.3239065699150103,-0.051805476637946275
['Judas Priest'],[246611],-1.3433805693865246,0.5239258477483452,0.45997834830607404,-0.026101246451099652,-0.6636435075551482,0.6464991544354266,-0.3053812518810216
['Judas Priest'],[246611],-1.2504223940790897,0.5684570777702499,0.3893869791352282,0.08046130231786099,-0.6721400344313433,0.475937893911597,-0.23740509178363764
['Judas Priest'],[246611],-1.3926421003131064,-0.05925618625185849,0.26894110150811895,0.21919252852255053,-0.6133078850192356,0.6840121928242267,-0.3370388496368988
['Judas Priest'],[246611],-1.0957266614349015,0.2008441830239086,0.05961225940603616,0.059215383005603785,-0.0452771828732836,0.3960991262317905,-0.04393010298358484
['Judas Priest'],[246611],-1.2308238837880963,0.1657499204682959,0.13322709799165472,0.035928859725034346,-0.032254010432405826,0.4647627968622868,-0.15601286341034598
['Judas Priest'],[246611],-0.9804671021040584,0.11100847971041497,0.01684941087063675,0.09778487706451257,0.11782044403800988,0.21878368769598996,-0.0073333691125046846
['Judas Priest'],[246611],-1.1832910063845525,0.013212040452936393,0.11127374126145502,0.13540935782540847,-0.02425058417556113,0.4234522403589282,-0.12429469206002067
['Judas Priest'],[246611],-1.2230862038772783,0.3553735301799294,0.46322573211123325,0.17420876496626742,-0.35287138413825275,0.6075645489935232,-0.49128963972353284
['Judas Priest'],[246611],-0.8319053865856113,-0.028965906561926307,-0.008077522775512503,0.1397068427175184,-0.24223531343540686,0.3319603665714714,0.0558573192723075
['Judas Priest'],[246611],-1.2545093607001174,0.4918479587710614,0.5469488209671952,0.16081965069701804,-0.8578380183235029,0.37470100218784036,-0.4135014810811213
['Judas Priest'],[246611],-1.2023782344229215,0.2986716735520377,0.20621047816138735,0.2394194558669603,-0.6696249819853983,0.31720005128293927,-0.22501883122177607
['Judas Priest'],[246611],-1.2963153326985855,-0.13285584126978295,-0.028662304776571022,0.31774122485245737,-0.6200614855477768,0.5766311222048663,-0.11861873059378865
['Judas Priest'],[246611],-0.9729245247098437,0.10267130718475068,0.11108521402739469,0.20706863957030153,-0.8521395028555407,0.47090599047488574,-0.07951029749270354
['Judas Priest'],[246611],-1.2382005494402333,0.5706245523136886,0.3921919868186102,0.13530671725687599,-0.7901587759458023,0.8334019391207653,-0.5751830873924614
['Judas Priest'],[246611],-1.2599643918016294,0.4173231112624424,0.5956234643128417,0.08835819269912758,-0.3058975035564305,0.44186190386744795,-0.31430863169933165
['Judas Priest'],[246611],-1.2939223093218561,0.01560414999367287,0.018859375962853496,0.07664836974685581,-0.01211963572089858,0.553974387355295,-0.1055246885392005
['Judas Priest'],[246611],-1.319820276418084,-0.38859093223466606,-0.00933668558544616,0.28513144618168973,-0.15232435221266755,0.6326812606350595,-0.17042639922274552
['Judas Priest'],[246611],-1.243053174464831,-0.15273130834784934,-0.01634124267623394,0.2666435345394611,-0.3551143416363437,0.5534963118739717,-0.1084208659600468
['Judas Priest'],[246611],-1.2123049643360182,-0.011224544568031288,0.025659574141090484,0.2432866405137915,-0.2041280806834214,0.3155990374052659,-0.16743094464490052
['Judas Priest'],[246611],-1.1595872392464586,0.219123123778652,0.14576649007235357,0.22216175705138497,0.06121159422232683,0.2494995245246538,-0.15430073729971927
['Judas Priest'],[246611],-0.7315306726619003,0.42107656614152034,-0.11920214908631857,0.3382264174500999,-0.6208466413891165,0.5513364220076108,-0.7153939648111651
['Judas Priest'],[246611],-1.1909825365299398,0.014020372932755678,-0.039032968265236626,0.18434555284106957,-0.815085930369932,0.7166930652703408,-0.061685977343970695
['Judas Priest'],[246611],-1.2778225807041157,0.0945891982749978,0.07688599452112993,0.2615461633820607,-0.8212195217171395,0.5188634993170597,-0.16011901703379064
['Judas Priest'],[246611],-1.2628317055280815,0.22810589173393586,0.16052066117689562,0.0958014843693591,-0.6498252344601618,0.6730979509773861,-0.055180480954431524
['Judas Priest'],[246611],-1.197843176330019,-0.1552394474286794,0.02438824618906798,0.3131712158700312,-0.3685162357554901,0.3950909761649858,-0.1651961731359083
['Judas Priest'],[246611],-1.0512614277409087,-0.42616338546001464,0.22460259568105237,0.2926306664513617,-0.3642156155163958,0.5106320601534523,-0.24669992711552893
['Judas Priest'],[246611],-1.2437816749198978,-0.14012742570512457,0.0016494058781337426,0.15177442612924236,-0.0051737748979987395,0.5229551972409905,-0.12279585609087916
['Judas Priest'],[246611],-1.250422105890555,0.0514130190881798,0.16053980141877974,0.2986955599429356,-0.647740388633884,0.39161725818117255,-0.2515416748681455
['Judas Priest'],[246611],-1.2425477138291985,0.23944023116949523,0.2543892449152563,0.23368234478889147,-0.658549856314934,0.38914152962104803,-0.24495022365228214
['Judas Priest'],[246611],-1.217027814331443,0.24322788028849338,-0.06770274653992527,0.08729894372715644,-0.6571228925898016,0.6265155313975904,0.004226365266362716
['Judas Priest'],[246611],-1.1636899847169921,0.14247648879207606,0.0602520600667637,0.32657965893768415,-0.38315727007556166,0.28027646776805554,-0.11782485613359893
['Judas Priest'],[246611],-1.196310050264299,-0.04839528426787151,0.021073813560723496,0.18441447088144117,-0.19828042731289713,0.45227619641683003,-0.07611806558326804
['Judas Priest'],[246611],-1.2656657148428339,-0.17067085391311693,0.15762337205675578,0.30829573278717426,-0.6214462162126714,0.5910889265815494,-0.2375447514074089
['Judas Priest'],[246611],-0.6001826591282642,-0.216901876475847,0.12380552138955309,0.02245815757671384,-0.26167320967103674,0.3703504745597498,0.03333067096201661
['Judas Priest'],[246611],-1.2453184959139778,0.17105693411496511,0.12263025640706916,0.11574797422971322,-0.029289092185619793,0.3831803070149644,-0.14142714048698057
['Judas Priest'],[246611],-1.283014086590842,0.00997583066283133,0.2821281421794562,0.14716277256440372,0.1709246735139686,0.42253980156277954,-0.28174614381153124
['Judas Priest'],[246611],-1.3041426518316537,0.15121290700470308,0.09077213841009867,0.07069130013889163,-0.3687443378283075,0.6715425019013909,-0.1559252670569686
['Judas Priest'],[246611],-1.2379629315887815,-0.1565951687459258,-0.01657802796310443,0.2632260802161329,-0.35560454467850156,0.557400013178397,-0.10880020307169803
['Judas Priest'],[246611],-1.237749587718809,-0.09073935625844226,0.37587155022621976,0.18965011610408294,-0.01099666117010967,0.4177652010340401,-0.3637356946002359
['Judas Priest'],[246611],-1.1953035361275293,0.018287855998540905,0.005143423433686146,0.3022734898842339,-0.6427455689968254,0.4622107787918005,-0.04898665784119265
['Judas Priest'],[246611],-1.2569590852743482,0.06564038598656863,0.05506165954288539,0.17916679602665034,-0.6399874429247678,0.6198590852077871,-0.11350072979697272
['Judas Priest'],[246611],-0.6942397076353034,0.34314120598351633,-0.14087895560282676,0.2941987982744296,-0.5960408212745288,0.808642145083705,-0.6843491123292337
['Judas Priest'],[246611],-1.1919695939776038,0.11941021941300788,0.12445681238473538,0.16956464858170384,-0.21271761975723322,0.35301904031750875,-0.1549780007796929
['Judas Priest'],[246611],-1.1460490532793797,0.07450428917932346,0.017214917988963192,0.23645615835493206,-0.37113583337909184,0.4805034611418533,-0.13741714226417773
['Judas Priest'],[246611],-1.1987796599527278,0.10364529133262619,0.15200655030152677,0.06376569762882031,-0.20314054149030425,0.5410614325659194,-0.14112333970414198
['Judas Priest'],[246611],-1.061315965510009,0.06707303925260785,-0.027287765401730314,0.16423875235604346,0.1294650301250632,0.18706991674290913,-0.04295236238003477
['Judas Priest'],[246611],-1.2034416327204458,0.06911941963110825,0.01319570727493032,0.2205389679384292,-0.02591092328051089,0.2986026723171879,-0.08057994010289524
['Judas Priest'],[246611],-1.1949634375407157,0.09696891529018345,-0.004194458603357042,0.27756571652027784,-0.38904032322612814,0.2849320458708154,-0.09495450516163402
['Judas Priest'],[246611],-1.2481970642291405,0.2078754275237938,-0.001690959451309466,0.14952488130435582,-0.6536290335683613,0.5567333351262734,-0.04583348438276533
['Judas Priest'],[246611],-1.1887268297127616,0.47913079351138804,0.497851890653169,0.21158257847053044,-0.6544787941957148,0.4352798436702546,-0.4894371006839922
['Judas Priest'],[246611],-1.3257721504841848,0.007657398016473679,-0.043533579798331196,0.16942190274407648,-0.4496835183782618,0.637356743593727,-0.07034875265163226
['Judas Priest'],[246611],-1.1908841877907406,-0.05145778585443724,0.030407206314256696,0.21004235856868134,-0.19559794898859426,0.4399402271770199,-0.1111043172751347
['Judas Priest'],[246611],-1.1763992718175875,0.13712865765613624,0.27887360244526327,0.20680680247659985,-0.6592606792037983,0.44782887431974133,-0.2461059716275837
['Judas Priest'],[246611],-1.2025558699857872,0.1442297213460788,0.14591659399830217,0.21373278532284173,-0.6438415707720114,0.5372269434350545,-0.22416812542792153
['Judas Priest'],[246611],-1.1758993984443389,0.08536415159231589,0.018538816586845072,0.2021627361844947,-0.21729361574157138,0.28469903029897325,-0.13454573047774548
['Judas Priest'],[246611],-1.1876959886416782,0.16369331373974602,0.2920250431330543,0.15661241779397075,-0.39262318834790116,0.4132576635220088,-0.2501323755267265
['Judas Priest'],[246611],-1.2057420741580653,-0.04322073344327164,-0.016692844334341934,0.21709072478583483,-0.6328604592342981,0.6455669491967128,-0.11178878095355496
['Judas Priest'],[246611],-1.2701512425148622,-0.1280135331868126,-0.03858615929236576,0.22015679487777937,0.0009736227737886078,0.47373845306080753,-0.09601451649903218
['Judas Priest'],[246611],-1.2199479789429823,0.05976321999693978,0.04753235318154121,0.39593024038767705,-0.6032174638040582,0.53871002820451,-0.41927799202469346
['Judas Priest'],[246611],-1.2363851350657953,0.24603901599600256,0.23098969061837754,0.23264984577078493,-0.6603017730745262,0.37983803980981606,-0.2306284332678853
['Judas Priest'],[246611],-1.28609658115814,0.18609666490514765,0.08499532964821459,0.07064322428788768,-0.36953365623634993,0.6647325603555457,-0.1673135635411962
['Judas Priest'],[246611],-1.1971175400276188,0.11267772479277352,0.12190290267383252,0.17013524780239914,-0.21152445355280816,0.35813763928250064,-0.15931026215243846
['Judas Priest'],[246611],-1.1247493722302349,0.042136348600201996,0.04400390805958711,0.19500171089380444,-0.5714469691097871,0.4377418791142105,-0.08972010366251001
['Judas Priest'],[246611],-1.2051234175484358,0.13306104658200613,0.11998071866912736,0.17962174599813202,-0.48025587870686726,0.41915959596078506,-0.1805466461494558
['Judas Priest'],[246611],-1.1938596148629157,0.11285171109162614,0.040479015812792014,0.18819431431232242,-0.48003420728625223,0.41705470669068806,-0.14219546222923332
['Judas Priest'],[246611],-1.2371744811065453,0.3696406983708207,0.12260910438884508,0.17412536928981864,-0.8471944563599452,0.46089930986430744,-0.13242066395320734
['Judas Priest'],[246611],-1.1700969982320892,0.37188346456874954,0.13087142117032619,0.27524071769240777,-0.6234605277935266,0.5798531554383951,-0.29356780629235824
['Judas Priest'],[246611],-1.2608752828323853,-0.16837887625816517,0.11796772160223705,0.3072929141632954,-0.7907060142097087,0.781961117585101,-0.008164596033588517
['Judas Priest'],[246611],-0.9565469717239856,0.08736850624801305,0.09444840164725639,0.21296639121077313,-0.8530794535056799,0.4637650973938746,-0.06129549738211539
['Judas Priest'],[246611],-1.2326527762892194,0.27063538994728603,-0.017554033076343574,0.09019960946184909,-0.20992839859719045,0.464070083291881,-0.0030721591482062707
['Judas Priest'],[246611],-1.2108470491384653,0.20010442313316631,-0.01908474810151718,0.22056505115688202,-0.6521707201568174,0.4763383055234911,-0.03860173180467096
['Judas Priest'],[246611],-1.3238124261881925,0.21576488701522492,0.09283012568836896,0.11362887902449864,-0.635470657071243,0.6904880413959378,-0.1563458322513311
['Judas Priest'],[246611],-1.0638617309828589,-0.12098456821336222,0.04361812568755563,0.1734217998855869,-0.380424194288419,0.5193526624534636,-0.051760992261927805
['Judas Priest'],[246611],-1.2865198207474613,0.40553594179651437,0.3846632806375518,0.09440038534372729,-0.6667613777312129,0.48220122344975064,-0.30722838377291434
['Judas Priest'],[246611],-1.3553069682948609,0.10573026382168943,0.358497229603091,0.19963599074187363,-0.6309152083501917,0.5977821969118498,-0.3831766459531899
['Judas Priest'],[246611],-1.2246009071136545,0.2922140100570643,0.5263456682855148,0.28125547188662325,-0.6382819044779401,0.4552804154286225,-0.5203692062802848
['Judas Priest'],[246611],-1.1288925229538453,0.03493719764812119,0.045546402534789476,0.19930907257545086,-0.5702966210053914,0.4414569694707512,-0.09095467239906672
['Judas Priest'],[246611],-1.0936187417356664,-0.06963274164197969,-0.011963126357783859,0.30810867141783504,-0.6521787781421787,0.42581338811837366,-0.08074931657169228
['Judas Priest'],[246611],-1.1520132847840026,-0.1257455113174765,0.02614341227805493,0.23473392662004886,-0.025625918897520496,0.3026298106046467,-0.18791837205105946
"['Julio Iglesias', 'Stevie Wonder']","[102985, 622805]",-0.7312455451774293,-0.20546314486083486,0.006870578522144878,0.14157481966147653,-0.4118883613541707,0.48747121039721447,0.07083122590055137
"['Julio Iglesias', 'Willie Nelson']","[102985, 583959]",-0.7486957697703404,-0.24695621526246944,0.1082552613191816,0.16849326616503824,-0.4202407128072417,0.33289377086914934,-0.049245953144507776
"['Julio Iglesias', 'Willie Nelson']","[102985, 583959]",-0.7635901110864418,-0.29073932612056336,0.1088954196800635,0.18492135071799604,-0.4141936500006311,0.3554779765206318,-0.0597007318828832
"['Kenny Burrell', 'John Coltrane']","[68780, 175553]",-0.6764038268416094,-0.3973837309650867,0.18511622145871387,0.13077815393101958,-0.581647937869292,0.5909944381043558,-0.06866577822693898
"['Kenny Burrell', 'John Coltrane']","[68780, 175553]",-0.6425297197823623,-0.20991667987271007,0.08214956291775456,0.08943155440434161,0.13670931559657748,0.49740838350899913,0.13772699930132395
"['Kenny Burrell', 'John Coltrane']","[68780, 175553]",-0.5637519531366825,-0.3731355637744405,0.17311565532193557,0.1428196910192873,-0.592613441107749,0.5610321045914929,0.006715271247537766
"['Kenny Burrell', 'John Coltrane']","[68780, 175553]",-0.12267013050068996,-0.19006492105807724,0.1365598601714514,-0.0634059580249048,-0.08015897906169375,0.5449535551838346,-0.05163645310177012
"['Kenny Burrell', 'John Coltrane']","[68780, 175553]",-0.8663908564246998,-0.35216796858757904,0.27041003032788535,0.16864292438563974,-0.2864448576424847,0.6087843528345377,-0.13871608810640554
"['Kenny Chesney', 'George Strait']","[68551, 944084]",-1.1574359228361362,-0.6579878927773543,0.028592646538814607,0.30127247954905007,0.21301436666516907,0.637970351037291,-0.1184067818533836
"['Kenny Chesney', 'Willie Nelson']","[68551, 583959]",-0.7145641614843873,-0.7722845271946785,0.20122458474120117,0.1013686773113629,0.16750226923736988,0.6694121969035155,-0.03900477089205578
"['Kenny G', 'Frank Sinatra']","[68934, 792507]",-0.20333347675596503,-0.18459837997641157,0.1735260451008582,-0.013953422573941655,-0.4787863084510987,0.35959128045118494,0.13243622124019497
"['Kid Rock', 'Hank Williams']","[88180, 549797]",-1.3628497314020123,-0.2145853406090981,0.438716674259478,0.24118926413728967,0.023216828976274324,0.556322199158708,-0.4204899625207273
['Kiss'],[84209],-1.196889223656185,-0.39779822768414425,0.03526694672881034,0.17061930687480661,0.09902670454737426,0.6169426391582927,-0.1829518797790172
['Kiss'],[84209],-1.0813533530433874,0.2192841648919991,0.6403472350431321,0.029855415401939655,-0.4029313918723301,0.49670097763790305,-0.3758248094342678
['Kiss'],[84209],-1.2952208132148224,-0.31742655658222224,0.11620056059565348,0.18519976091144189,-0.3360185836262392,0.745756696729424,-0.22352063985060383
['Kiss'],[84209],-1.2656468616488359,-0.504692472834126,0.08214133951787538,0.2492081568586968,-0.32237245139443965,0.7820805026066814,-0.19419328034670139
['Kiss'],[84209],-1.1677631800290273,0.38215404895108557,0.4775749824896428,0.24446116374045151,-0.804462505090284,0.6265422512927172,-0.5874862456459526
['Kiss'],[84209],-1.1151532612302408,0.2780516381716218,0.5678499128990686,-0.011383967154885275,0.04492738482004587,0.415457650495331,-0.30769054284737984
['Kiss'],[84209],-0.8341048722333588,-0.2107269221218073,0.14067189315027986,0.07762299116149038,-0.1372547045762026,0.44250729509427944,-0.059251862682714825
['Kiss'],[84209],-0.9919662673776495,-0.44554203758630506,0.14564534567310813,0.18742897960241503,-0.5410697007043751,0.6985405541696441,-0.14160935745987235
['Kiss'],[84209],-1.261813660221612,0.0008919280223738607,0.20114594286620155,0.2608348953950819,-0.8138365929508095,0.5993936364362623,-0.24157818293704658
['Kiss'],[84209],-1.2925348240638872,-0.24054005371208909,-0.0032872033263410074,0.3863917491468271,-0.6133464967027056,0.5295209095693656,-0.16389052018374436
['Kiss'],[84209],-1.207702218567477,-0.04149160599424305,0.029344500960334915,0.34275780114443877,-0.8154202598457072,0.49289709226182465,-0.06913665328355142
['Kiss'],[84209],-1.2391637387546313,-0.2443684840110837,-0.009466542081521735,0.27309827899198336,-0.17578999865781425,0.49554176428693564,-0.15171169901371268
['Kiss'],[84209],-1.177793054244262,-0.21788430346573906,-0.10247515788406511,0.36496242305659976,-0.7708492278789503,0.7781688827538156,-0.3347293984640262
['Kiss'],[84209],-1.1782134142182914,0.30950872336638113,0.6202747352756195,-0.029644678518697728,0.13869288200541563,0.4240807595988073,-0.3744706082092994
['Kiss'],[84209],-1.220149041499319,0.004548820234732106,0.20010236477027987,0.12416929073354363,0.0645538948915162,0.38688414492281953,-0.2972650065748599
['Kiss'],[84209],-1.054445887148792,-0.0246709765373511,0.10165460333078097,0.08361839675189502,-0.6539542874609253,0.68652904652604,0.021443208708566718
['Kiss'],[84209],-1.41459414360228,0.22372471297933302,0.48498796850774994,0.009137572299429653,-0.26895779838914197,0.7722620687390435,-0.324330365739102
['Kiss'],[84209],-1.027182432918725,0.5483306372631995,0.3645618746286698,0.17723781484215542,-0.039531039568899674,0.7914737978285171,-0.8729369575307495
['Kiss'],[84209],-1.300928025053089,-0.43456586562534,0.016619031445864872,0.2696390176192565,0.11745019548480194,0.5976843628131474,-0.17266291457167585
['Kiss'],[84209],-1.3072341334931157,-0.47493915611738474,0.03802452407061388,0.2537199962144856,0.12066528574621868,0.6224313156316358,-0.21953579961768585
['Kiss'],[84209],-1.2048656552838235,0.41948820841544276,0.5898748851439356,0.21017655689056605,-0.5346637052696335,0.6143181386648082,-0.530557180958514
['Kiss'],[84209],-1.2609352020296618,-0.49805052724343507,0.06773008022266049,0.21760918434937848,0.11936384913844358,0.6381577959159097,-0.1694029344645925
['Kiss'],[84209],-1.2249329739339985,-0.07386068998923347,0.25962188667823066,0.09444878160154647,0.08346523780814044,0.5438875324892316,-0.2266723046431186
['Kiss'],[84209],-1.2128994230647638,-0.38297757745543765,0.08170261998706624,0.2008733772124588,0.10689200025463765,0.6653404335575435,-0.14647038861508072
['Kiss'],[84209],-1.1087915248855398,0.6128075005396332,0.3046552933979441,0.25371371671520376,-0.23565751907665797,0.6883058022212771,-0.4788798935140765
['Kiss'],[84209],-1.3230286358180756,-0.29868449740684366,0.06676078425671474,0.33552651685793605,-0.6929764596020824,0.6731474470838262,-0.19081215305794802
['Kiss'],[84209],-1.2960846611194963,-0.4120479322504674,0.0015608116495713811,0.136691845153846,0.11377145912002243,0.7300772596338313,-0.14863420611436046
['Kiss'],[84209],-1.356640796204878,-0.529114753235304,0.0734105108191743,0.4018778815214396,-0.493666807968208,0.6970011132726299,-0.2841698286653112
['Kiss'],[84209],-1.300984092538208,0.1598044618488933,0.6407082368753747,0.1504886126503999,-0.5471673332237509,0.6180746907538766,-0.40305866848268024
['Kiss'],[84209],-0.9776029890976864,0.4672857357809469,0.4749702138622725,0.23907507674291587,0.10974707063189354,0.49481553657176686,-0.8331226611291425
['Kiss'],[84209],-1.1645851536254836,0.3158730094781189,0.5585555414165555,0.13014204222726813,0.13416108692029485,0.23486196184879649,-0.3189019934673534
['Kiss'],[84209],-1.0005021688374651,-0.38715124699643566,0.07907069388048332,0.20271534876848749,-0.5449963421113228,0.6708133910693123,-0.08302637283048371
['Kiss'],[84209],-1.3762209912154404,-0.16982933087854352,0.23947137448906314,0.2550377133395215,-0.5194132297618613,0.6623110839443963,-0.3162275436067293
['Kiss'],[84209],-1.1712538222014248,-0.3545831679283599,0.1260219882964706,0.1420659767530928,0.09515326557161025,0.6007574733919414,-0.19352123783758196
['Kiss'],[84209],-1.1230195180627365,0.3612514502930709,0.5752674119325307,0.06307847849868607,0.07120879058363791,0.49194718324301995,-0.45648764312316564
['Kiss'],[84209],-1.162276407557213,-0.32634615963962255,0.04687436906263898,0.20074857007348884,-0.17610341189402587,0.5878548730300254,-0.15165950031040348
['Kiss'],[84209],-1.2592052304935728,-0.17471465931347313,0.01706314414469774,0.24767612232726366,-0.17676917905417613,0.5098305685180853,-0.11769947655003457
['Kiss'],[84209],-1.245868738326613,-0.293972890672682,0.030904250247548674,0.24759972673936878,-0.17155511638867482,0.5460581071627817,-0.19275245645294997
['Kiss'],[84209],-1.292598722735732,0.10225478331243913,0.12277001044095927,0.05495334827371819,0.08156630248015118,0.5828431265430482,-0.1279248792630954
['Kiss'],[84209],-1.2603383876919438,0.11985163782805845,0.16084866255899596,0.3093243289534345,-0.6192304302626429,0.5880416008621939,-0.21793185666501128
['Kiss'],[84209],-1.1733741902313135,-0.606084591454949,0.06516152175449408,0.32146629822048245,-0.14355036948171246,0.7127103359828564,-0.1732949518673291
['Kiss'],[84209],-1.3114627620030397,-0.45893419805061453,-0.0023488329949057554,0.3077333636552355,-0.3281220798009187,0.6677819341262536,-0.18769202258110074
['Kiss'],[84209],-0.004435457411195909,0.4264932648447895,0.5280622909775359,-0.017653901635791298,-0.12833816718868246,0.7029295905845252,-0.8370058231634037
['Kiss'],[84209],-1.116882961991933,0.5727988541245638,0.5219846872341567,0.1763973043912113,-0.09383123464223403,0.4703861078128812,-0.5725045238700741
['Kiss'],[84209],-1.0109234926160864,0.4362705992265829,0.23623590734862637,0.2586846577248505,-0.32752583500455,0.6880979791564381,-0.5911348712380685
['Kiss'],[84209],-1.3111479053765034,0.4261351496923032,0.4706279708432493,0.07948610151333779,-0.637739199501235,0.6951375856279287,-0.430633622427912
['Kiss'],[84209],-1.2603781118044108,-0.44323399689934406,0.24323677627082618,0.3435802256899308,-0.6824770962910747,0.7793300121519322,-0.31406999921917583
['Kiss'],[84209],-1.2785810768840002,-0.4123645653807555,0.05866552949288751,0.20945870565601613,-0.15317652588973327,0.7145222481634883,-0.17477409141565578
['Kiss'],[84209],-1.2443235774890389,0.03153494908587769,0.17824204620751966,0.05907524382798408,-0.011459436193913741,0.5983213055262315,-0.14773409726487186
['Kiss'],[84209],-1.2908014185369867,0.026510190143002724,0.15334573809728888,0.3206050677149553,-0.6302456307864068,0.4752629885542926,-0.18259356041885294
['Kiss'],[84209],-1.3079986997610915,-0.40481702659491525,0.049242659088700756,0.21108023630513456,0.11641306734762043,0.6702062625895191,-0.16323206426978085
['Kiss'],[84209],-1.1439267319414426,0.03670510954085831,0.24914071935049176,0.29790833675627765,-0.8095323443351972,0.5528515962427375,-0.41177692282119255
['Kiss'],[84209],-1.0495972625716516,0.4060376789785705,0.5367821834376739,0.000486922894457241,0.08102547710258447,0.614130611747435,-0.5424004442399593
['Kiss'],[84209],-1.1575484210701827,-0.17492189495775484,0.11621403411774398,0.10253885271047455,0.07770080285881732,0.5346255815411008,-0.11721617449331796
['Kiss'],[84209],-1.0224501278121043,0.5948223664250051,0.5893406482033411,0.02701803227519118,-0.5390941233491807,0.8205665178469519,-0.5063780747560765
['Kiss'],[84209],-1.2117325251120352,-0.0024037097557566287,0.5947588500305604,0.16145289735626264,-0.8149603482528517,0.6813721113230405,-0.45439442681296366
['Kiss'],[84209],-1.212678517518861,-0.004041700314304268,0.14824731795779464,0.09200976126029077,0.07080235592239409,0.48320588930103664,-0.14627033741661058
['Kiss'],[84209],-1.298438804156725,-0.039385693831634316,0.12329753892733751,0.3119755645669329,-0.6264957422089615,0.5279507493625711,-0.18982080500957388
['Kiss'],[84209],-1.1502339546358873,0.37097874919276896,0.46727321105933795,0.23963526334683713,-0.5168222000515516,0.6694714772929832,-0.6482777719093616
['Kiss'],[84209],-1.0899136401277116,-0.21467184288800412,0.2601924903450585,0.1640415459741235,0.06788021109509729,0.39249447523554215,-0.2817662865121805
['Kiss'],[84209],-1.3372372331119535,-0.4181297622548369,-0.020543145746811844,0.24881308034526814,0.11570497148233047,0.58010206499063,-0.19924561499435078
['Kiss'],[84209],-1.271562540516894,0.33311288557488783,0.6419852551374681,0.05076721120899343,0.058393510579309894,0.4362823964568809,-0.3165517234367926
['Kiss'],[84209],-1.1762411602900846,0.0401570449189066,0.16426490347344602,0.17200989660307336,-0.033590046370200626,0.2816955750314468,-0.19975290716331667
['Kiss'],[84209],-1.2680218259495926,-0.009267144381355957,0.04055853531359334,0.3281205998341638,-0.6344588564721398,0.47146839411636815,-0.0940762708329119
['Kiss'],[84209],-1.1105330295989715,-0.03140635210669816,0.04510865478431582,0.39498865479644535,-0.60230012175129,0.5764648312218299,-0.38131922883990477
['Kiss'],[84209],-1.2844068118079754,0.1858733440840473,0.05000679115019689,0.1519902281613318,-0.6434396558582902,0.6116155767269122,-0.0751625345606702
['Kiss'],[84209],-1.0950343908489057,-0.24995387153730075,0.22722769523683556,0.1682197867320952,-0.5435518313364016,0.6529127935595213,-0.20625528817043168
['Kiss'],[84209],-1.0384436160812964,-0.39085331251336053,0.196593618221396,0.21766555424930428,-0.0031248370863106987,0.5612967030313981,-0.16549965532742478
['Kiss'],[84209],-0.6200104203327219,-0.18762674187772127,0.17081274484169343,-0.06261617382314175,0.0965073919606822,0.39719991303288393,-0.0017301267559869393
['Kiss'],[84209],-0.7125213904897589,0.06188619738383359,0.7289091893197723,-0.22613396732600455,0.09577837481455358,0.49316286250437924,-0.3366079857496199
['Kiss'],[84209],-1.236568982255364,-0.134050976285166,0.005933956008083765,0.16585839787650297,0.08342666934680257,0.4963625699416064,-0.0962638445565366
['Kiss'],[84209],-0.9683441365164004,-0.3238936024806727,0.12329977439011586,0.06873727725062419,-0.5549095160111577,0.7364676843283644,-0.09650384820130374
['Kiss'],[84209],-1.3387218358923076,-0.31123356423098586,0.04730839814262385,0.2846939549650602,-0.33443020101655513,0.6413554983652279,-0.23133720053674647
['Kiss'],[84209],-0.6619905206409085,-0.3760075275943714,0.14673652137805462,0.07417391415974318,-0.2376677435422506,0.4840009917004987,0.0018998974404181386
['Kiss'],[84209],-1.2088550601459607,0.3740875020410339,0.14975374056447524,0.06856135759845296,-0.2298008772153453,0.35898470720384723,-0.0726400314465126
['Kiss'],[84209],-1.1919032098093951,0.2790365894684255,0.32408698482838044,0.23605692400596567,-0.19383319548741101,0.382776112902012,-0.29412254538283344
['Kiss'],[84209],-1.3473481568080856,-0.32125501895022807,-0.030352153341878275,0.19196899289528965,0.1144448164082779,0.6482908517885183,-0.1520024080986599
['Kiss'],[84209],-1.3676219794973146,-0.35238325802782905,0.05855208840396661,0.364119816144218,-0.5934829162455509,0.6896866159334482,-0.24295152468086129
['Kiss'],[84209],-1.2515741190334333,-0.23589407951907768,-0.023837056203610662,0.21508405797346777,0.09022592263930186,0.4631355719204496,-0.13212647508452302
['Kiss'],[84209],-1.3314681755122382,-0.25738810474911394,0.21032562215301367,0.17575107617464705,0.19847863892674217,0.581601932202529,-0.262314882111868
['Kiss'],[84209],-1.2293785567596713,-0.24158729353956918,0.058509097455300224,0.306978416569867,-0.5300204025815036,0.5890883452250094,-0.13377715486318256
['Kiss'],[84209],-1.2188900597836374,-0.42352169607861917,0.047955867076824844,0.30683354673456864,-0.6026899553863313,0.7068874151328397,-0.18332107980694812
['Kiss'],[84209],-1.3746228618766763,-0.2502537757553938,0.12789862678856231,0.3054680805170549,-0.6001150089532645,0.6945690112899114,-0.2844257750928673
['Kiss'],[84209],-1.3629822254721575,-0.33695348570657485,0.05466162637183767,0.39087083344025353,-0.5962801522930309,0.6283984063236523,-0.27131118808643645
['Kiss'],[84209],-1.207512067854232,-0.042233999097226735,0.029599895060342173,0.34258898390078335,-0.8153805278080607,0.49341575367225743,-0.06926087864964665
['Kiss'],[84209],-1.3093169377884497,0.05935100286934878,-0.06297489420340248,0.20474595463042078,-0.6330095739360325,0.6230914453617941,-0.015342321064907993
['Kiss'],[84209],-1.2508254018414187,-0.20711767072438958,-0.01702799113765992,0.3517499915256892,-0.6187721190182296,0.5535593002267468,-0.17706267262569764
['Kiss'],[84209],-1.242362121482671,-0.038631247326550974,0.27090802136639597,0.20213842057500686,-0.016322683337115076,0.3690014097028925,-0.28974383092244055
['Kiss'],[84209],-1.2581337536898152,-0.1873996890205344,0.09864831096958605,0.3553768245610124,-0.6211913000691792,0.5163967428717612,-0.21419210439016897
['Kiss'],[84209],-1.2266243122382958,0.13657490525869534,0.05960387451678938,0.2528164025506098,-0.6486448421207507,0.467456198645524,-0.0640414362593762
['Kiss'],[84209],-1.334344003393401,-0.029243998803227034,0.04008400799551254,0.015557552264450622,0.09053810627942203,0.6960967035112451,-0.15480394481924808
['Kiss'],[84209],-1.3861084216325896,0.12874746323746286,0.4262814603957022,-0.041671833467421066,0.08866688851424541,0.7241413395920194,-0.349400068621165
['Kiss'],[84209],-1.0333519485746039,0.14779829647870094,0.7641139329310503,0.07480327481546423,-0.8344345880805956,0.6925706342824736,-0.35904569849360096
['Kiss'],[84209],-1.0176968031632712,0.10372649707791538,0.05074092406930931,0.2938853094108268,-0.010047355694338527,0.8812673724156601,-0.7412450409281316
['Kiss'],[84209],-1.354024620056508,-0.44459049571019676,-0.01418201452547977,0.23660527367789233,0.12438770054013376,0.6569800047007016,-0.2053736109638969
['Kiss'],[84209],-1.1722715191145883,-0.11673692421769256,0.09602274762260997,0.3263183291990392,-0.8065128663865474,0.6153547661862447,-0.05727731700455213
['Kiss'],[84209],-1.2724062055344525,-0.2483182733274322,0.24606580022982583,0.2667660194600076,0.007082399798583919,0.452288950271831,-0.34974558466346867
['Kiss'],[84209],-1.4054226784678092,0.0357967088292517,0.5715283407420154,0.23562242174717665,-0.5220553119254786,0.6390264964380719,-0.45029686877178426
['Kiss'],[84209],-1.1495179849036834,-0.2536328737782197,0.3077160022869171,0.08945220284845899,0.1781899502408727,0.5665750752418344,-0.22832558686911952
['Kiss'],[84209],-1.3413251537782365,-0.28116510209681966,0.17067193804841566,0.33285356423284784,-0.600622262412556,0.664940372319509,-0.2712710803431795
['Kiss'],[84209],-0.9997208456635681,-0.021596785872682808,0.13529118577598254,0.09778740886962502,-0.578183942326626,0.5116876566395323,-0.06689612978867418
['Kiss'],[84209],-1.162437076952542,-0.5071935821356685,0.13652628702074074,0.3332223764207024,-0.7812921110911674,0.7625560206079163,-0.2349447827431747
['Kiss'],[84209],-1.3491082279171114,-0.45063993845765304,0.017262024985625735,0.23482421192205438,0.12581243658703284,0.6875792770060746,-0.19558592050469445
['Kiss'],[84209],-1.1300582533773278,0.008030915109745271,0.1408024900743202,0.28753453172207305,-0.8356085498286182,0.4471511178314526,-0.22927608166692154
['Kiss'],[84209],-1.2279093932244216,0.02650265325889876,0.11226806831796224,0.18671659323755677,-0.020809809365790372,0.3707680627924919,-0.11116937494204963
['Kiss'],[84209],-1.2401465659949233,-0.41432829243113456,0.19769099671340068,0.2267228181995146,0.20003477052927798,0.6039364432434076,-0.25568729860836165
['Kiss'],[84209],-1.1627164869111006,-0.2586844163225622,0.15122031347699855,0.2875436162574891,-0.35838503565020124,0.5302759479420317,-0.19566788060939083
['Kiss'],[84209],-1.133483947983248,-0.03280967210833511,-0.008459961777977596,0.24573971031295758,-0.2921215092265532,0.4031471988930779,-0.05956318928054279
['Kiss'],[84209],-1.3222417258488095,-0.29941476882428497,0.00477073655319818,0.22103074152382401,0.11476766795309583,0.601421137913104,-0.23817018828687453
['Kiss'],[84209],-1.3903385512666426,-0.4384435595882087,0.030866479441514508,0.2522168406719324,0.12925512002283354,0.669184013618138,-0.17934942690519745
['Kiss'],[84209],-0.34453810861664064,-0.2737573897099824,0.24371333900386716,-0.16518296367387292,0.07226546429416468,0.42888079558502684,0.06509766364130096
['Kiss'],[84209],-1.2141475824356938,-0.11021209494785268,0.15445122321850566,0.2899321236368547,-0.2821410147462991,0.37042056796950606,-0.23557147958761093
['Kiss'],[84209],-1.2700960488578386,-0.5447289669181373,0.0469800203970682,0.328640715066222,-0.13965253436317007,0.6644809640853518,-0.18293805012578515
['Kiss'],[84209],-1.1534481413914328,-0.2776051926135345,0.19481085004271018,0.21564625087696415,-0.0016159727957722973,0.49514195578439707,-0.1811226940726275
['Kiss'],[84209],-1.3430812833568648,-0.34770052968223936,0.1732475776103919,0.2419886256382732,0.20449383292275428,0.5570912776178756,-0.26261399455442175
['Kiss'],[84209],-1.0853093927118198,0.09232193841259993,-0.01722691647461147,0.4164546844060921,-0.28031085380374343,0.8041131731909312,-0.6939482163968664
['Kiss'],[84209],-0.9670259069783667,-0.18839899651036562,0.3618555799504969,0.14508292342862408,-0.5603958507995496,0.6170162480224953,-0.16310144251310066
['Kiss'],[84209],-1.2839461495580262,-0.12380968693301157,0.07842556214678385,0.14279564210920018,-0.08375916462719082,0.6206301913825414,-0.23599507986795837
['Kiss'],[84209],-1.2242345355047568,0.08773205737648196,-0.07422013284986372,0.13557831686997246,-0.2886617299482111,0.522172991658524,-0.004533473301537535
['Kiss'],[84209],-1.1837492805110759,-0.24125811422520696,0.48840210630077113,0.18623192136894778,-0.4412720353508262,0.6781531704405188,-0.3878015719192484
['Kiss'],[84209],-1.0383761659026345,-0.20527079361676479,-0.03139558330694115,0.0923304491301118,-0.37296688886367,0.7175366177250457,-0.007420750633284231
['Kiss'],[84209],-0.9553080187901477,0.061453472299519855,-0.032317302985806984,0.17706236240148301,-0.5877878669098167,0.43555335575699067,0.01468749263202656
['Kiss'],[84209],-1.155463767679241,-0.2574703287523432,0.052876364163748316,0.226569653467254,0.09239103123125737,0.5141128559373213,-0.15595173910880408
['Kiss'],[84209],-1.0995131791658248,-0.5871178488671568,0.21213562928100033,0.28415570218131564,-0.7796433218867197,0.8232204665380731,-0.2613737004502782
['Kiss'],[84209],-1.3220389544031852,-0.20967205712207315,0.1833856539574284,0.189478533313601,-0.07761251041644016,0.5842562667058491,-0.2574773026367637
['Kiss'],[84209],-1.1317211950932742,0.18144495295513152,0.4676925200705128,0.14010950522185023,0.13787538864561646,0.2577483900916865,-0.2722426808744208
['Kiss'],[84209],-1.116445999421556,-0.01828503198072997,0.24966269624674045,0.24574955654661224,-0.8328498321215159,0.4852896888210815,-0.27698442045744426
['Kiss'],[84209],-1.1878938092446545,-0.01975618063449558,0.018305366617731914,0.19480209093725867,0.06771911046601603,0.34862172347723247,-0.0651575434215377
['Kiss'],[84209],-1.0923048325682332,-0.05173282723103192,0.08029927892335843,0.20032840860614876,0.1441079626550329,0.2650808952853074,-0.12225747240776264
['Kiss'],[84209],-1.1213907662936453,-0.16542454187452918,0.04154157086712148,0.08806525514269832,0.07026060251625069,0.5358144038455096,-0.13193929201580604
['Kiss'],[84209],-1.2852867102053913,-0.4681880913742923,0.0031559254386099227,0.2760439578835044,0.11880289418039804,0.6046864393742921,-0.16307406906218272
['Kiss'],[84209],-1.1741054138774913,-0.5787242744339842,0.10252166220256112,0.28926483209065046,-0.15273361330718865,0.6539812284608513,-0.21354607348032112
['Kiss'],[84209],-1.3327483333928007,-0.21178400086024377,0.011625620510347188,0.3562403693495118,-0.5219458542945112,0.5381359356620534,-0.20314429939530323
['Kiss'],[84209],-1.0985779221061251,0.0876419173771336,0.3329647620358782,0.08752170367112884,-0.20848055385681355,0.5298612309729891,-0.20682510557910888
['Kiss'],[84209],-1.125302332884878,-0.464212751492206,0.09110163303535589,0.22731424990823157,0.10058874708805622,0.5768205950356716,-0.18703096769664634
['Kiss'],[84209],-1.201558814961831,-0.13514968411510636,-0.01583365652406773,0.4159620950720214,-0.6792606525794774,0.6650438794005376,-0.4377584410146138
['Kiss'],[84209],-1.083433010076084,-0.29680721798620496,0.03679917261313129,0.17495909971061616,0.07172796364679361,0.4731681865537108,-0.1462544037078183
['Kiss'],[84209],-1.273322964366572,-0.4681470886949709,0.08529882722230091,0.22256177409820013,0.20542876868729268,0.6004093572990402,-0.20484635271418583
['Kiss'],[84209],-1.2146247433705268,-0.08268618856567071,0.002896563722146343,0.1898896889524698,-0.10458275002875192,0.440253644802868,-0.10334904454210016
['Kiss'],[84209],-1.2541419094724588,0.20036535435210445,0.12882789016876178,0.2393437082684804,-0.8336519306499514,0.4685431443208398,-0.1408831140682797
['Kiss'],[84209],-1.3865812484737967,0.2812771759720051,0.5212836323480983,-0.010710462553378406,-0.276415836088407,0.7387408195640964,-0.33201764380055465
['Kiss'],[84209],-1.2047428041303923,0.10325148148597062,0.011431555388612472,0.28931097441925124,-0.4730173071546779,0.3378491618500125,-0.06643144701928137
['Kiss'],[84209],-0.9623038519367639,0.10843957468894928,-0.12645069610835008,0.49389161680859583,-0.7296044119651619,0.8582333210804167,-0.6992775658440218
['Kiss'],[84209],-1.219703468258312,-0.4092804790071174,0.06405035294780659,0.18255740863216657,0.10470880545362256,0.6149772317981157,-0.17680452574053118
['Kiss'],[84209],-1.253766492637709,-0.45718667590548584,0.034408458020405264,0.243600017795157,0.11353318742392793,0.6136261919296536,-0.187597259732506
['Kiss'],[84209],-1.0277819114878741,0.24920406511211599,0.8754251412776932,-0.03597092805459115,-0.13698686569554894,0.5385468241103618,-0.22831536376965927
['Kiss'],[84209],-1.3206675017791587,-0.27378029712774654,0.12377987815519265,0.3322869773598449,-0.5127491560466222,0.658532442405422,-0.20181779269594174
['Kiss'],[84209],-1.0195874712045128,0.2436837810006387,0.2676593506690175,0.07597230264234235,-0.23319105511365057,0.3949959395965421,-0.1111873552743054
['Kiss'],[84209],-1.2086176532576978,-0.15962675311400992,0.08248290379737984,0.22264363166802548,0.08250997939866846,0.3992769872501074,-0.17815756418144307
['Kiss'],[84209],-1.1426625179819976,0.06630275880264999,0.3269698330668569,0.10806610921339622,0.056208571143323165,0.36887580251317775,-0.1944665741566628
['Kiss'],[84209],-1.1864704572231453,0.25400837081086614,0.6126564630110742,-0.006201662054895437,0.051833279702156496,0.4439768248985931,-0.39350803917592536
['Kiss'],[84209],-1.2329167062229456,-0.2877139827392384,-0.004778353104084798,0.2673459538482718,-0.3506703931556913,0.5853287418860617,-0.1438022838130176
['Kiss'],[84209],-1.1572772281297419,-0.24352932041168465,0.6060667437005623,0.1748525657425915,-0.7971402990816859,0.799834315848032,-0.43016338451440667
['Kiss'],[84209],-1.2204191898200603,-0.13141173062180692,-0.0802379501719988,0.20979765317742996,-0.06320456782863382,0.6774670575107513,-0.28589067597564305
['Kiss'],[84209],-1.2144074297300067,-0.13145578898023458,0.03806399200410712,0.15608603905903065,0.0811058396198973,0.48601218690536335,-0.09198869163220473
['Kiss'],[84209],-1.327650881672681,-0.27964832139781787,0.15086811709850284,0.2875640437853614,-0.5098902119846214,0.7007966507680689,-0.2764491670275109
['Kiss'],[84209],-1.2139493808908717,-0.4188258653397793,-0.00462465228584326,0.2827268634066208,-0.168393971106751,0.545435043222328,-0.20684625457743516
['Kiss'],[84209],-1.182613023521846,0.22796499372237006,0.3753893532992745,0.21417806189817484,-0.21482444555798924,0.289614191634352,-0.20466552215557954
['Kiss'],[84209],-0.832367445921242,-0.30907516044614064,0.10993488037617506,0.14904650864877392,-0.31192038365090674,0.4318842148642189,-0.09312542052080884
['Kiss'],[84209],-0.7858974410876723,-0.18238913206257287,-0.008538591412939035,0.16101349252008174,-0.5876531667541041,0.5344606707292762,0.08659294939276597
['Kiss'],[84209],-1.159690411956519,-0.2127868447856911,0.0663987369639316,0.22994131951607638,-0.00456142070557785,0.49401232768245584,-0.0538120115644119
['Kiss'],[84209],-1.190544967027387,-0.3648001180979308,0.10045097852106732,0.21419495553502602,-0.5287489208603883,0.7136463073903501,-0.227381302648905
['Kiss'],[84209],-1.0869974841419423,-0.17453220946518108,-0.10513720412549532,0.25022257547533133,0.15547463515162616,0.8579692131733045,-0.5225377288806123
['Kiss'],[84209],-1.097048705871254,-0.1569210257442513,0.08058238194305545,0.23814262984400345,-0.37132069299403037,0.5064052731011031,-0.2184452390317983
['Kiss'],[84209],-1.0400369775238996,-0.49803789056244874,0.09002276461566158,0.18669442625981672,0.08272027529404523,0.5087670607518857,-0.21932891720084802
['Kiss'],[84209],-1.1119995185791727,0.5043107083622749,0.42548650208479394,0.2296200055121655,-0.33353941794003367,0.6474386640303432,-0.7195882800238809
['Kiss'],[84209],-1.128245093000072,0.2385157415678493,0.5074526940987765,0.10004411807303219,-0.5735048796583924,0.5285808846557066,-0.23296016419944685
['Kiss'],[84209],-0.8978279691629287,0.06826123064555038,0.4210130075821361,0.021111369155367408,-0.4047474588863483,0.546225639888619,-0.18184188462744877
['Kiss'],[84209],-1.3170805369259098,-0.1028764851216558,0.06167076198925741,0.27647887536121757,-0.7078258733142933,0.6512205324850897,-0.19002328731171045
['Kiss'],[84209],-1.2775842174889844,-0.2361250822899568,0.24347089431163607,0.24006796205578398,0.1859816474238847,0.4282444317997658,-0.33006891666992577
['Kiss'],[84209],-1.1636063229088236,-0.09884340980215375,0.2767866242864345,0.17668415292973744,-0.10436979473897885,0.46597384233228173,-0.2383893019976952
['Kiss'],[84209],-0.86946360713056,-0.10222287295801226,0.009917377480680315,0.5860032911352848,-0.4439839258380333,0.8052282822422119,-0.8863279063561014
['Kiss'],[84209],-1.159180055201229,-0.09093600403451604,-0.033942528757840804,0.4737818229511241,-0.7601226661703101,0.6708942310154676,-0.4935928683097889
['Kiss'],[84209],-1.3168786489432733,-0.3671749429585611,0.03135572667979073,0.2961786594690816,-0.33309565943081515,0.662492011234553,-0.22833460131072336
['Kiss'],[84209],-1.299186434289837,0.1078111658655497,0.4961236301269547,0.2831481878075645,-0.6681592379650124,0.8425214187998943,-0.7385378936022214
['Kiss'],[84209],-1.055242489624118,-0.41506018397063943,0.4518157884464711,0.15589264233867883,-0.16510019202602394,0.7233296597182982,-0.2725688961798028
['Kiss'],[84209],-0.9580160581463896,-0.22545468167853866,0.11094299181752496,0.13038106154128443,-0.12665252980860786,0.40924309413590243,-0.09239590560450833
['Kiss'],[84209],-1.3500128668513731,-0.4769453348848463,0.040278675116073775,0.36859826097754544,-0.49603534985189207,0.7125649242401926,-0.24589995289759012
['Kiss'],[84209],-1.0295425803657128,0.3979676589434085,0.6563477656037209,0.18707401044936584,-0.7454500637199335,0.5122298985419985,-0.5056992454405268
['Kiss'],[84209],-1.2842705487575774,-0.1802322678470716,0.06785081988690558,0.34193876010477153,-0.61940066509967,0.5481910640408674,-0.19700619050890764
['Kiss'],[84209],-1.1122331951775044,-0.34923884781600445,0.09321860032300557,0.3566875946848902,-0.6138991272405175,0.625807385756595,-0.3183935546910428
['Kiss'],[84209],-1.0419371815332825,-0.49141072232134736,0.09447524192152353,0.19882649683790232,-0.5286604411758032,0.7591154138179976,-0.1720790200631192
['Kiss'],[84209],-1.1078368083971517,0.3895829768516549,0.5129381718555434,0.03241479347435415,0.05929093237255519,0.4505089327120691,-0.39610520631647
['Kiss'],[84209],-1.1051478004035804,0.4357601860772112,0.057613690737216755,0.06421548356503723,0.19014878590816572,0.6467359918446443,-0.3338240410176341
['Kiss'],[84209],-1.1898411175310764,-0.3968488508003042,0.07689848054642137,0.25093565182787025,-0.07725841096286633,0.5555332513888174,-0.1974264454734408
['Kiss'],[84209],-1.2755794115203354,-0.41713513846494765,0.20083142951460972,0.246112141007203,-0.05724699350868124,0.6629023446144946,-0.2848834502146954
['Kiss'],[84209],-1.1806483364185052,-0.23250321305184557,-0.03502441001642305,0.1886665035740766,0.17445841295458417,0.4647264167835817,-0.05243451848749122
['Kiss'],[84209],-1.1964450908649604,-0.5340082425285677,0.14124638321605704,0.2775311947576241,0.20378348215170775,0.5689684861860989,-0.23233264157043318
['Kiss'],[84209],-1.1220719341101013,-0.2757162651618501,0.10448763732655439,0.31630394569757875,-0.8033725719426973,0.6396608437697352,-0.16608237847316648
['Kiss'],[84209],-1.0125745276280778,-0.06265556387807913,0.19904160669389906,0.07226776807389777,0.14599657318587353,0.42252944277197535,-0.1138950371773356
['Kiss'],[84209],-1.1613263714162936,0.02176766852508492,0.0162035134697507,0.3291336362185131,0.13016401339671338,0.5448017513520156,-0.4113806929234188
['Kraftwerk'],[104714],-0.16673631569196104,0.061121659060462,-0.03500062044288864,0.2526279804684009,-0.544979740233968,0.737593758175445,-0.41114211014331276
['Kraftwerk'],[104714],-1.1880307935266188,-0.5223373655602856,0.020416958811589198,0.47825905067013297,0.29045904888992985,0.8175858307961242,-0.49863589300047007
['Kraftwerk'],[104714],-0.9244060855601653,0.04146538307419085,-0.1513866877545174,0.5221415787140472,0.16863860748851395,0.5720228071727448,-0.5933452659608215
['Kraftwerk'],[104714],-0.24301770977353077,-0.30440066692083007,0.2672665474506214,0.011116381461320891,-0.27936627881586595,0.43056580648635795,-0.0038485408976148302
['Kraftwerk'],[104714],-0.4613857809467413,0.08410030121883594,0.07511470281701543,0.15189394577605558,-0.0565531739341743,0.32942822595059285,-0.23959792199139202
['Kraftwerk'],[104714],-0.9064115665604773,0.21352466236471807,-0.04742401706928966,0.5279549753430948,-0.4545278963563181,0.7857666310614015,-0.8636541720267926
['Kraftwerk'],[104714],-0.9508266661392755,-0.18229374644812887,-0.12467218894744576,0.7201626979602948,-0.5891967545954909,0.910461919329846,-0.7887112490009243
['Kraftwerk'],[104714],-1.235711638805889,-0.1759007096999249,0.00866854190603033,0.4730419541226093,0.0036902694612019715,0.7374790695522634,-0.5807902898059786
['Kraftwerk'],[104714],-1.027043982506285,-0.02222010690865849,-0.02018226822299338,0.46442640235621097,0.3006857690653324,0.873229512511095,-0.8037815809954827
['Kraftwerk'],[104714],-0.3651711516793824,0.020546764248743105,0.20000525994719484,0.02744233661881768,-0.0785939923954749,0.4276139477775568,-0.1383678908331438
['Kraftwerk'],[104714],-0.6805688562760533,0.09803039568291465,-0.08691284472755477,0.20580948044770586,-0.7214518412260158,0.889464618700075,-0.0671320236624937
['Kraftwerk'],[104714],-0.8628358245226824,-0.18913210815411727,0.028482635893923733,0.33180854541284616,-0.4102421439830622,0.7978388668485903,-0.36637319527628487
['Kraftwerk'],[104714],-1.0391077586621034,-0.10786972352338503,0.05877215354707931,0.5548175874397302,0.20019101046544557,0.7373204065572138,-0.7042690458405879
['Kraftwerk'],[104714],-0.34431479437891427,-0.6235799769588737,0.17397016704417773,0.2630911285134458,-0.4326421905569421,0.890505138085397,-0.33783664246722067
['Kraftwerk'],[104714],-1.1427036365489083,-0.10681560593482045,0.030590039644375393,0.6311763875629745,-0.7348276782530087,0.6756974590006788,-0.43177677631686273
['Kraftwerk'],[104714],-0.18294728684754663,-0.11500700362559217,0.23922133653323693,-0.15701976574204207,-0.035958417004855435,0.3164077077074494,-0.0020134548922970765
['Kraftwerk'],[104714],-0.4674693925083783,-0.19151277782369908,0.24813029355662272,0.3658578264422309,0.14770097920157982,0.8936030273835259,-0.6031980313847121
['Kraftwerk'],[104714],0.0846299000953535,0.09027202956915589,0.247469348562533,0.04812938548263492,-0.3502510790708829,0.4885740194407788,-0.3970246344658045
['Kraftwerk'],[104714],-0.601784471014404,-0.22442329491334873,0.5329735107119203,0.27520711687220945,-0.7890803584297827,0.37793977990459615,-0.03538890545812973
['Kraftwerk'],[104714],-0.07419021296503954,0.040230197287377416,0.16915883339337692,0.10713558797550352,0.08242001022311819,0.6967883255482484,-0.5682464429402196
['Kraftwerk'],[104714],-0.7924126988852804,0.05939843618308183,0.17322894224394206,0.1026999643881407,-0.43365492489306284,0.39243830931133766,-0.04615933844372187
['Kraftwerk'],[104714],-1.3391876746545575,-0.4693980876121795,0.1721963614210252,0.4102129964999235,-0.12498586174645132,0.6645467275275446,-0.23015989621240102
['Kraftwerk'],[104714],-0.46268066914225053,0.3504589628045982,-0.14442699897541916,0.5683994413981872,0.057145776425282964,0.5543978439204325,-0.47651199990507964
['Kraftwerk'],[104714],-0.9771872519189361,-0.11296964170300515,-0.10974637398734183,0.47008115213690044,-0.1065726628330015,0.7080751988652664,-0.5256882889798036
['Kraftwerk'],[104714],-0.4924228476865943,-0.2602210903253929,-0.0036095788948166826,0.40641524122238115,-0.19039160451948026,0.9219645094752785,-0.572935596072903
['Kraftwerk'],[104714],-0.9728739932242972,-0.0972353465186425,-0.055738637700915805,0.5089236352631091,0.07506085548914633,0.6299215866504374,-0.48931865916344786
['Kraftwerk'],[104714],-0.6774079320758649,-0.6223710416116155,0.03736759846597895,0.49740805145796296,-0.4272272655245806,1.1340681852483006,-0.5885229743167795
['Kraftwerk'],[104714],-0.709761570460192,0.2779557329595482,-0.10000809672340674,0.5631525412770655,-0.5462504919756175,0.7796249304037827,-0.7164566470684708
['Kraftwerk'],[104714],-0.885833531006524,-0.3487429776223311,-0.06981915200060151,0.6299937700208373,0.21579731464914811,0.8487983086872912,-0.6508823147848563
['Kraftwerk'],[104714],-0.8735292450069189,-0.261438483241262,0.22379395399417398,0.3013884670889153,-0.4438046672690812,0.6385378216936808,-0.2268485108095057
['Kraftwerk'],[104714],-0.8796026311079904,0.3738104037810604,0.15257177637599081,0.4414459903705785,-0.47943116850481216,0.7091938699203936,-0.7396356814011574
['Kraftwerk'],[104714],-1.0582732524855551,-0.046132583005434255,-0.044412715826753296,0.6528002119819201,-0.04072070267402351,0.8425535293974502,-0.8448373218790218
['Kraftwerk'],[104714],-0.8253148372188791,-0.14246959469973108,-0.03295626231193307,0.6567839987608622,-0.7256710541686613,0.7867920494746135,-0.4904076566846238
['Kraftwerk'],[104714],-0.9654341906109638,0.03703131615999039,-0.1477505560699835,0.5076509756691917,-0.17922471094407688,0.7746536135459239,-0.6419932711293176
['Kraftwerk'],[104714],-0.9293811428968365,-0.36685227151579103,0.31697789557993933,0.0918145855360549,-0.18399293411876144,0.7223351741616608,-0.2446912749698914
['Kraftwerk'],[104714],-0.45287904884251307,-0.6221628313648891,0.10349635046112811,0.4121242299613401,0.10166789464806873,1.0637663301581353,-0.6089420884523318
['Kraftwerk'],[104714],-0.887301487098062,-0.004263923312839481,-0.03160080169734063,0.10651766736451009,0.14160449412753162,0.43663171070768925,-0.054183667932201376
['Kraftwerk'],[104714],-0.968631810343596,-0.1430782378231889,-0.03853887738014416,0.45788915646741396,0.17476271383679556,0.7304888963550631,-0.7116716387987029
['Kraftwerk'],[104714],-0.788918584013654,-0.521421552299217,0.0009266802633113415,0.5385161439909969,-0.4202775775331376,1.0672821041318992,-0.6682083585251215
['Kraftwerk'],[104714],-0.6681956069708883,0.10394518497285558,-0.06940671392305403,0.39380586980110793,0.155081612894973,0.7241006189373727,-0.6192931789721932
['Kraftwerk'],[104714],-0.22999485464197808,0.2561936289802723,-0.14387742055792838,0.2833954453761866,0.16175591974292736,0.4363362414843313,-0.4789048483627745
['Kraftwerk'],[104714],-0.8350295985624728,-0.05573693013770216,0.10665733501725046,0.1893486160863612,-0.12521701108868882,0.9811253967628351,-0.3694500525939219
['Kraftwerk'],[104714],-0.8365460150457666,-0.12496687432049099,0.30541216343299193,0.44965891779289713,0.18544922521646637,0.8210374076284876,-0.8512560647538632
['Kraftwerk'],[104714],-0.21714461983148484,-0.3533345088125308,0.0688792750048448,0.23035754093138794,0.040811047274372174,0.9185979378778214,-0.5697146739901225
"['Kygo', 'Marvin Gaye']","[3314964, 316834]",-0.9000611821363251,-0.3603570437315134,0.1530575026964591,0.13473863341908868,0.15646595334071545,0.42979301736260506,-0.15083430253394745
"['Lata Mangeshkar', 'Asha Bhosle']","[132940, 615026]",-0.24761611237200104,-0.33665803318435433,0.24578237693185495,0.17583084497041873,-0.1046236692080275,0.6950565061079848,-0.2996861228322055
"['Lata Mangeshkar', 'Asha Bhosle']","[132940, 615026]",-0.9167772701148651,-0.4376202559086466,0.6265334622806964,0.09026853119512918,-0.10703524537043592,0.5943187922496733,-0.43476722968462106
"['Lata Mangeshkar', 'Asha Bhosle']","[132940, 615026]",-0.6830633901418932,-0.4755864782611299,0.38601538136382213,0.060043655283062713,0.0760488548178095,0.6773805209715369,-0.28320483725673334
['Lata Mangeshkar'],[132940],-0.20594433637619167,-0.4830937694829692,0.11887409793740246,0.10827072041908874,0.023335231442333255,1.0038819005633817,-0.4286176883553463
['Lata Mangeshkar'],[132940],-0.6130423122183181,-0.2490989838080174,0.22876967367230044,-0.054147429835950035,0.011541624978208587,0.40930859104026535,-0.06815884025482206
['Lata Mangeshkar'],[132940],-0.25210586468842094,-0.3673095325337351,0.10554494868998564,0.08932421649184454,0.24232242785395883,1.1925378654528538,-0.597331991352667
['Lata Mangeshkar'],[132940],-0.2257378844621721,-0.4632840869677195,0.23090313409668856,0.0956181096563872,-0.6098688564872267,0.562644577594427,-0.1317757231063275
['Lata Mangeshkar'],[132940],-0.4945425857660836,-0.6338921048901945,0.16067530810537953,0.20369936281936776,-0.39432648152675814,1.1639361328691404,-0.3640495240399497
['Lata Mangeshkar'],[132940],-0.529728255065657,-0.3363248405463955,0.2585269437478205,-0.04417281589709767,-0.2557410664514239,0.49170458313589815,-0.06272511686658798
['Lata Mangeshkar'],[132940],-0.5421668581556118,-0.3530105514892798,0.3725979862239599,-0.18184502598701913,-0.043551573851958784,0.8651080307608097,-0.08363077928855098
['Lata Mangeshkar'],[132940],-0.7334746833059135,-0.6900349983200593,0.25819160419346193,0.17835900188373424,-0.5551843364265995,0.6873595483033947,-0.1573597919655574
['Lata Mangeshkar'],[132940],-0.6312374588942371,-0.7782324242434423,0.23201767718820232,0.08326310030873593,-0.643416873413751,0.9107789266282691,-0.03620288064157911
['Lata Mangeshkar'],[132940],-0.5219739568130733,-0.5020538600520713,0.26514169749934974,0.03898554421560718,-0.8147758562490861,1.1093610287533264,-0.05780710715853572
['Lata Mangeshkar'],[132940],-0.024433552827124855,-0.3296886542254977,0.14088475885526122,0.33791103676968304,-0.4296245627622102,0.8170754495892492,-0.6197972323926297
['Lata Mangeshkar'],[132940],-0.1965799110169999,-0.29590237649125684,0.035055282576921115,0.0747020254072852,-0.04957223611833354,1.1605173218362677,-0.47300491313960386
['Lata Mangeshkar'],[132940],-0.3568503748030792,-0.5251956189345978,0.26916256820362683,-0.13546350599287463,0.09897704654197484,0.5960973882359215,0.10918050175657391
['Lata Mangeshkar'],[132940],-0.42133369346414007,-0.2138063758063033,0.17351263106456083,0.1934178244474524,-0.6615893085066505,1.1798073623896237,-0.6855608579389036
['Lata Mangeshkar'],[132940],-0.6640108006346706,-0.43053067561816316,0.34618585396529516,0.055024030194726396,-0.3089215711862756,0.6412702923702662,-0.18486578503393575
['Lata Mangeshkar'],[132940],-0.5975664798019111,-0.4117944192636233,0.37678041408136304,0.044080275503091265,-0.4160242081565997,0.5604689458989794,-0.1987632551476795
['Lata Mangeshkar'],[132940],-0.7318173550294658,-0.2315917933007033,0.3504572492846691,-0.04773039660037879,-0.6755059334267434,0.7679870224184476,-0.15270289954086794
['Lata Mangeshkar'],[132940],-0.3022778443998255,0.11061566725654934,0.142846785826138,-0.1147608373978019,-0.3809785988910926,1.0051172488795337,-0.25006135251064726
['Lata Mangeshkar'],[132940],-0.5184883524380106,-0.29089172582123407,0.3380405634047642,-0.08194649916415754,0.13503341548148454,0.6442530593436107,-0.21768804662777327
['Lata Mangeshkar'],[132940],-0.08022356964693024,-0.22075666666855942,0.2201936043220923,0.24811666224357465,-0.2409654799058815,0.9710101227372028,-0.43176779165648216
['Lata Mangeshkar'],[132940],-0.20007873267281676,-0.4461013727235824,0.22216067311517412,0.19476468809881958,0.14654526090420533,1.0833689462087612,-0.6209162049579384
['Lata Mangeshkar'],[132940],-0.3978346037440817,-0.6428842249317867,0.41815538282795217,0.39258276550794635,-0.6598852755793179,1.1065930007601645,-0.3846393656317198
['Lata Mangeshkar'],[132940],-0.8437322706919854,-0.7687463799964581,0.2457617604453343,0.18790550342619622,-0.093119599027396,0.6304337568088658,-0.16492095906843499
['Lata Mangeshkar'],[132940],-0.17675288905732311,-0.3914078622110978,0.2502763252036634,-0.07841374886674653,0.09372190483439853,0.5074765554333169,-0.0757231213701293
['Lata Mangeshkar'],[132940],-0.6230009178095557,-0.7159156161408672,0.2559194037061769,0.10924279599978283,-0.8293946957393478,0.8814555745787486,-0.05608416559188696
['Lata Mangeshkar'],[132940],-0.2602747009688265,-0.5077310449347733,0.2690840030051067,0.18455753693340265,0.023483596304356927,0.8666164263658661,-0.5991371034827545
['Lata Mangeshkar'],[132940],-0.5519277828096848,-0.6770956762303608,0.27338130171167724,0.0675996457493565,-0.7454534647386567,0.9221524536871495,0.02485767769160745
['Lata Mangeshkar'],[132940],-0.3228924678438062,-0.5238343242947627,0.2586849062098061,-0.06549035963154125,0.08464333624488746,0.39383387564694033,0.012891736331128851
['Lata Mangeshkar'],[132940],-0.15794141241036708,-0.30671574841097343,0.18760924901011988,0.17149550696992347,-0.48047668002230987,0.6598793245211063,-0.37181080573617964
['Lata Mangeshkar'],[132940],-0.5045589475050672,-0.38393206276012454,0.363482796782459,-0.03352431694851579,-0.5194635174924467,0.6284615116160781,-0.08156398893282223
['Lata Mangeshkar'],[132940],-0.39301816175429144,-0.41891883662377205,0.28159015924077313,-0.13367804990467216,-0.08635064813536872,0.5615194886707566,0.0583942642483162
['Lata Mangeshkar'],[132940],-0.6266724367321654,-0.7207024902662876,0.20345888007090862,-0.06717698775726105,0.1514647046185239,0.7933077381949682,-0.007235598668720371
['Lata Mangeshkar'],[132940],0.028136993981708533,-0.35643229615363187,0.11636017563612806,0.2376598782038877,-0.0698270848357438,0.8647197039159021,-0.6314007552085706
['Lata Mangeshkar'],[132940],-0.6337291688430418,-0.7414036591145559,0.17938965671642707,0.02959277743731931,0.06333636404286883,0.7127254731376885,-0.07900249687717681
['Lata Mangeshkar'],[132940],0.06849945965862708,-0.25591077439958004,0.08540562981781269,0.35057135110228593,-0.7043094283948877,0.8628319498707366,-0.6116304697806155
['Lata Mangeshkar'],[132940],-0.46509401754600427,-0.6267922262617026,0.2524191713328191,0.2724466481625464,-0.02743476954969749,1.0156358901989961,-0.5386993501978463
['Lata Mangeshkar'],[132940],-0.8831645726426671,-0.47479513819396996,0.34360367686015375,0.10476474272374889,-0.5341639347899254,0.9559552017893632,-0.07673612210525259
['Lata Mangeshkar'],[132940],0.023491318812524954,-0.16087954401153234,0.019130613388769237,0.2155180411041789,-0.700678960315972,1.0476567427655334,-0.49331370333088637
['Lata Mangeshkar'],[132940],-0.035433208415633376,-0.21260308987295604,0.051003583080563984,0.05759671146225548,0.1901970608111402,0.935931677421366,-0.4859272965157128
['Lata Mangeshkar'],[132940],-0.15752331270414732,-0.4925926084412127,0.3404691100893801,-0.017080374305042757,-0.004547201706685418,0.44570221620417316,0.01394924214242122
['Lata Mangeshkar'],[132940],-0.4700948557170436,-0.5321610260799011,0.16930550322876245,0.27726236364281653,0.16640113551905858,0.9967530522127096,-0.7141330581654268
['Lata Mangeshkar'],[132940],-0.3832276231811258,-0.4029206710244323,0.42904647371404897,-0.1044697603389113,0.09414579640295209,0.47622195361847297,-0.1575512138889234
['Lata Mangeshkar'],[132940],-0.1960153773874232,-0.40579373627615095,0.3617841374479003,0.34996403086253675,-0.7882076135573174,0.8781966589056238,-0.6545455129616161
['Lata Mangeshkar'],[132940],-0.535382923231645,-0.5181776989454846,0.2403176806449563,0.11184597894662394,-0.38033755412600473,0.7397069441576455,-0.19259381653499652
['Lata Mangeshkar'],[132940],-0.39262249564146423,-0.2541976553237487,0.16867644225619094,-0.21184290569266692,-0.08587830025551439,0.6587450125171698,0.10364502094183217
['Lata Mangeshkar'],[132940],-0.629221142519668,-0.6662172380954624,0.3514295317555126,0.009117267759126043,-0.29125393295191665,0.863238997056828,-0.11570860711962845
['Lata Mangeshkar'],[132940],-0.38068979640190187,-0.391199384742144,0.25401020530459884,-0.10743545855674624,-0.002148078346525063,0.46279825542823727,0.03023226979423697
['Lata Mangeshkar'],[132940],-0.5805624902743268,-0.11846526753065557,0.4410366406780868,-0.2870637265101351,0.10300039921958747,0.7020960795256613,-0.07387097126983379
['Lata Mangeshkar'],[132940],-0.721016243015115,-0.306839581159896,0.2330090904311994,0.010767807145174974,-0.2248339976902351,0.5960207539424603,-0.027851629185102176
['Lata Mangeshkar'],[132940],-0.421077836794034,-0.3695774284539455,0.19888034259333096,0.022540117946809414,-0.6158236119922333,0.5680811136514557,-0.014803607725542303
['Lata Mangeshkar'],[132940],-1.0480056253114052,-0.2231731762875394,0.31280076223665215,0.2361080179590284,-0.7255085491251145,0.6536130954669119,-0.23379157682961285
['Lata Mangeshkar'],[132940],-0.42392428062978965,-0.5237663126728367,0.13969467602703728,0.49725794630335063,-0.6326130681488936,0.9963969655047146,-0.7812892970535084
['Lata Mangeshkar'],[132940],-0.49462912712203844,-0.5264154487975019,0.23821765939155312,-0.06845819065624674,-0.4981894137731924,0.863417159577723,0.10984403796677247
['Lata Mangeshkar'],[132940],-0.5326519901498517,-0.5498524102592799,0.21175347401598588,-0.006175374298395396,-0.14682158645237406,0.5804068162972368,-0.003438668572063102
['Lata Mangeshkar'],[132940],-0.2533012933821034,0.05764350249957508,0.35498392749252855,0.11948654661081166,-0.6134353822026947,0.986824912771343,-0.7763873548072767
['Lata Mangeshkar'],[132940],-0.7735552526970668,-0.25066321875498726,0.47089525150230466,0.06057343112174,-0.5835771943170062,0.6092462538042382,-0.27414576936890456
['Lata Mangeshkar'],[132940],-0.4218329042159869,-0.657977826802719,0.2748035468173343,0.028276688365182125,0.11084038666637158,0.4326481597615164,-0.021051339501007467
['Lata Mangeshkar'],[132940],-0.4042838738612819,-0.3360923168901747,0.15222782049746048,-0.04848182389235788,-0.8765252515769109,0.7952862612188908,0.08643648804246391
['Lata Mangeshkar'],[132940],-0.24912981975395274,-0.3243446207429839,0.06173229423795251,0.16791561073031858,0.1345107930683252,0.9654329506688808,-0.5868320245449337
['Lata Mangeshkar'],[132940],-0.48790208018323383,-0.8684339508873278,0.7144291307186338,0.18587237295886597,-0.20788077071851385,0.7051743247391153,-0.11143199878989336
['Lata Mangeshkar'],[132940],-0.41062770456625886,-0.5711848517293957,0.11926214867137663,0.3516573120051627,-0.45604523579046224,1.138213247153102,-0.6508060390876625
['Lata Mangeshkar'],[132940],-0.5361658845206196,-0.4139641012673273,0.17333571108859655,-0.19718231549456114,-0.15231431837686993,0.7921676218559128,0.061001211458234915
['Lata Mangeshkar'],[132940],-0.6287914149621584,-0.5982546956654066,0.27288170731261635,-0.012240128576996818,0.13120138772476778,0.5645577982415492,-0.0953249810852074
['Lata Mangeshkar'],[132940],-0.4101476231559619,-0.496874948956713,0.3860805524151356,0.021689563665536458,-0.3313347294522838,0.6189090182153197,0.0163781611608863
['Lata Mangeshkar'],[132940],-0.48561515303479785,-0.8782889281805305,0.5677980548448401,0.26075977365791314,-0.8176382266887345,0.9627360841000395,0.04839302061533109
['Lata Mangeshkar'],[132940],-0.3874005631443379,-0.4884031983884281,0.3793490315429837,-0.07370570577789624,0.09315880296594224,0.4405819394171511,-0.10585054414778705
['Lata Mangeshkar'],[132940],-0.30624277270736483,-0.5456413174405335,0.28839566736653566,-0.029623344096574706,-0.1788837398681511,0.48981760153586185,0.004851426490201994
['Lata Mangeshkar'],[132940],-0.6496881071733135,-0.5636594871534364,0.4024395935619087,-0.004867230305623301,-0.2123231703214934,0.7423172284948428,-0.1879854980871005
['Lata Mangeshkar'],[132940],-0.46216306154606424,-0.6442486477977782,0.27066569342928204,0.03576034392801846,-0.15164141155649521,0.5355561106920989,-0.05849718711693924
['Lata Mangeshkar'],[132940],-0.408235743014092,-0.5157464121437916,0.26924414269813524,0.07946239050803774,-0.33012964285435775,0.5203208966217255,-0.11069908719832484
['Lata Mangeshkar'],[132940],-0.801794928165265,-0.6512269108099187,0.28528610917925407,0.10198272787151079,-0.18583223468416257,0.7504025745660089,-0.13801956740575583
['Lata Mangeshkar'],[132940],-0.7160705649747695,-0.4649314610643319,0.5476798510468758,-0.15177400285776418,-0.028558352530513854,0.9042313556916742,-0.221966033128976
['Lata Mangeshkar'],[132940],-0.7803524588383054,-0.2538128576287022,0.35622052747473365,-0.011294485620698189,-0.0276972319923857,0.6394608984449146,-0.23146541312650334
['Lata Mangeshkar'],[132940],-0.5442961802948376,-0.3589178523399624,0.20959758918791813,0.04605397089555589,-0.2108285375952591,0.6984564335760766,-0.0858983893624021
['Lata Mangeshkar'],[132940],-0.4917446913390302,-0.3499300692433889,0.19970340575548587,0.07197659849531293,-0.7926559303674623,0.5483934534660804,-0.07901619056557056
['Lata Mangeshkar'],[132940],-0.8953053859467252,-0.5470616635769772,0.1632758960416878,0.23127768668060975,-0.8110079621714206,0.7422837157485627,-0.12859646150002008
['Lata Mangeshkar'],[132940],-0.6107194513900169,-0.557115213555856,0.3824113378182308,0.09386671163494678,-0.487202971640607,0.7103033107546749,-0.10639903774442988
['Lata Mangeshkar'],[132940],-0.2995396666890922,-0.22092148699051803,0.4061358880029821,-0.010691597961864483,-0.919481353751521,0.46659219018985626,-0.07669503039545951
['Lata Mangeshkar'],[132940],-0.6556823173499002,-0.7678362137762034,0.6256629063548328,0.2707587969852316,-0.7295922141300126,0.7668176959941181,-0.16708918980365967
['Lata Mangeshkar'],[132940],-0.4542608588864237,-0.5448358605531365,0.4036572641417597,-0.04371934312330764,-0.3290347353857958,0.7132862238049483,-0.08841661668090474
['Lata Mangeshkar'],[132940],-0.4742384360953467,-0.4463338702105409,0.5006440591824637,-0.11830151016077348,0.022370911245275488,0.6397687643892624,-0.06929271347394836
['Lata Mangeshkar'],[132940],-0.2859278796242329,-0.44653553720073613,0.3241487191439686,-0.01587709991354742,-0.275141414305845,0.4307874335734156,-0.04393273425560379
['Lata Mangeshkar'],[132940],-0.22468747041990594,-0.5782605004182395,0.09654489642685989,0.3403071863042943,-0.5511234707914336,1.2268741592244807,-0.6151785802564076
['Lata Mangeshkar'],[132940],-0.48510272536886523,-0.709954146455564,0.28873687151194266,-0.05432611793106947,0.03904374602552071,0.6848521286561884,-0.015432179849571381
['Lata Mangeshkar'],[132940],-0.3949446828321328,-0.4614858541263229,0.1415533825706635,0.32553689584389833,-0.27633745500360174,1.1060605970614108,-0.7372034577812534
['Lata Mangeshkar'],[132940],-0.6015524501802643,-0.4498036114856912,0.17003913343299468,-0.14812830399623142,-0.32062725186303087,0.8299342812184386,0.03315289021363258
['Lata Mangeshkar'],[132940],-0.3556952117247418,-0.30762241775480204,0.1829909464236517,0.21153018474102558,-0.6014828846690286,1.0216145978881348,-0.4351270297025926
['Lata Mangeshkar'],[132940],-0.16558892119606466,-0.3879415001481902,0.15851032260030723,0.1289398023586826,-0.46635814591669816,0.8506102074105024,-0.3296869280667708
['Lata Mangeshkar'],[132940],-0.10465410532800826,-0.35478826786928114,0.143713388758885,0.254347310124966,-0.05674777107917414,0.8871355640556429,-0.6697611564286572
['Lata Mangeshkar'],[132940],-0.22533277512425195,-0.5361565642055526,0.6347615789133325,0.4665681114351524,0.06948195175226869,0.9944477453096588,-0.5258853676118997
['Lata Mangeshkar'],[132940],-0.3722763194465665,-0.4304132954935321,0.40958798444083117,0.15383153360338328,0.15531430871280913,1.2343169267891005,-0.42675431184663
['Lata Mangeshkar'],[132940],-0.3647605568367079,-0.5406245144200773,0.31770425713509903,-0.09488092978246225,0.09527007129263756,0.49675221044379786,0.010286990417851718
['Lata Mangeshkar'],[132940],-0.6151168578163994,-0.20889339022472903,0.5988513987431966,-0.21056615432136166,-0.13791403104635935,0.8970515618026969,-0.11467012790479175
['Lata Mangeshkar'],[132940],-0.3895750239937733,-0.4012741137362024,0.21427765018837538,-0.07663772187735517,0.00036527293575791634,0.44712184401993327,0.06284739130808434
['Lata Mangeshkar'],[132940],-0.8773142211038127,-0.5847848379277544,0.2734271329769261,0.1321201338931925,-0.450988827417781,0.8248657149391593,-0.17660172636151333
['Lata Mangeshkar'],[132940],-0.17088488796526666,-0.38642551916443263,0.12733065725344028,0.10539330171139928,-0.20062698364491827,0.7666823645811843,-0.2939154889274963
['Lata Mangeshkar'],[132940],-0.39644326359086784,-0.461329630812903,0.17492018095698258,0.1275984896669264,-0.8175189755244623,0.9489854750072244,-0.2643272806116688
['Lata Mangeshkar'],[132940],-1.0200674806269512,-0.383311712020126,0.22394497592797388,0.12053905366177958,-0.5341874178804225,0.8441250914082904,-0.1406046253312941
['Lata Mangeshkar'],[132940],-0.5489884426959085,-0.40667312033248587,0.2641328537470632,0.04803800640435117,-0.14840510964341977,0.48316871707184555,-0.09072550389583374
['Lata Mangeshkar'],[132940],-0.5738631594319441,-0.36014461322847713,0.34517068152049657,0.036871705563441985,-0.5899396656535397,0.688255699756867,-0.07161259523345208
['Lata Mangeshkar'],[132940],-0.42923625357302214,-0.39751317225671423,0.20642320030121225,-0.03857027302302556,-0.34893588782652835,0.5460583683152833,0.021549965856735586
['Lata Mangeshkar'],[132940],-0.5366730349391473,-0.43321744006114626,0.1782854089214345,0.1282759001745153,-0.5985612838873102,0.5325549698967162,-0.06308264704575417
['Lata Mangeshkar'],[132940],-0.1090055460865346,-0.4994707310678016,0.24749220094634158,0.21285871174700666,-0.18243656560060886,0.7771735114417331,-0.47239100028120984
['Lata Mangeshkar'],[132940],-0.4800789714380217,-0.37040501216040644,0.286242307682718,-0.0243209016622006,-0.8799274886665092,0.7082478303827731,-0.019080057501805914
['Lata Mangeshkar'],[132940],0.10888806401336708,-0.05038705196415062,0.10011340428005228,0.24796459349644182,-0.638843086812018,0.8017280763885055,-0.6051639353361182
['Lata Mangeshkar'],[132940],-0.16248628702428553,-0.30853596063256267,0.07775826979771235,0.23001700156624355,-0.5149118088011585,0.9847049820356901,-0.4325348698506583
['Lata Mangeshkar'],[132940],-0.17393353825012395,-0.516800541140855,0.12710003538109782,0.1302469950453709,0.1430696791718701,1.180565742064588,-0.5108129816375143
['Lata Mangeshkar'],[132940],-0.2231978996988827,-0.36480222758668157,0.09740322531248782,0.2367325437644863,-0.5138983742971222,0.9593930385734408,-0.4913728251484399
['Lata Mangeshkar'],[132940],-0.40592542214252486,-0.588294036193564,0.1629776267590527,0.2139833951847429,-0.5205507638736108,0.942759925989241,-0.28980831796367673
['Lata Mangeshkar'],[132940],0.09787640716312954,-0.033343749159970765,0.05899094165304909,0.027385153669880574,0.07839604670557515,0.8740645523594777,-0.4600848591893702
['Lata Mangeshkar'],[132940],-0.8053909796778349,-0.7397647500642969,0.4212128903693977,0.1700297450838417,0.00364016921532208,0.8105491077599954,-0.003695826944815674
['Lata Mangeshkar'],[132940],-0.6227580891077321,-0.4618623879121125,0.5008950113406347,-0.12966467800993647,-0.03874649986862119,0.8437517486805424,-0.13342513913285642
['Lata Mangeshkar'],[132940],-0.4250589578257213,-0.39853264118847115,0.2967259104105131,-0.09079375033757134,-0.15990823638357846,0.6323513072110235,-0.12426648434910523
['Lata Mangeshkar'],[132940],-0.46481433311148085,-0.4276224885544068,0.47901074093311563,-0.10284796339680163,0.09644418851376,0.4534520393167733,-0.18207029211644368
['Lata Mangeshkar'],[132940],0.02411769346588641,-0.25006558651797445,0.08051719062899777,0.1675551747100228,0.09410418746762111,0.7829955730651087,-0.5932652292158482
['Lata Mangeshkar'],[132940],-0.18137815507409077,-0.4565097132587091,0.20294619717524479,0.3432844352733702,-0.2161590170975501,0.9416831360836675,-0.7573637620652568
['Lata Mangeshkar'],[132940],-0.3114976845241505,-0.3911507867646836,0.41751609766890246,-0.10727201072471794,0.0781394307047933,0.3952137690548351,-0.009853291466812533
['Lata Mangeshkar'],[132940],-0.42091409775884814,-0.5604995355780958,0.30589700422874166,0.04387440713541914,-0.06898994090370805,0.48323776984836336,0.005371566436944789
['Lata Mangeshkar'],[132940],-0.48438042089528704,-0.38832652860278327,0.38184759044750055,0.1721573273631539,-0.3923976867152752,1.2424436945533592,-0.4112765587825325
['Lata Mangeshkar'],[132940],-0.7393134076358059,-0.5631484714818974,0.41412275601836146,0.07354590592342486,-0.3622226889453703,0.8416485757427512,-0.297503918770671
['Lata Mangeshkar'],[132940],-0.6262275661501908,-0.5609920108548786,0.19063674838386116,0.05152944252144563,-0.8417638499501795,0.8432062824600087,-0.034719850924096914
['Lata Mangeshkar'],[132940],-0.3430975931851577,-0.33214580029748,0.24557253956860087,-0.06775533021651825,0.08161818587946108,0.3501870771704328,0.028142296755060726
['Lata Mangeshkar'],[132940],-0.46311258971913843,-0.45570767499702597,0.19324413726759715,-0.17777115044018746,-0.15479293126385033,0.8097082781036303,0.07402370677169522
['Lata Mangeshkar'],[132940],-0.8107065449949201,-0.4933867825343245,0.20990124218585238,0.2139706863352751,-0.741770260734791,0.6174097886920131,-0.19913397407998734
['Lata Mangeshkar'],[132940],-0.5049953979715087,-0.4308215827458513,0.2553876050888547,-0.021019541157549792,0.020725881844981264,0.4743039097032141,-0.008165149668747292
['Lata Mangeshkar'],[132940],-0.07744878484375316,-0.20877131812570449,0.24356711185686963,0.09877438157988201,0.09242447378351057,0.8282839181369366,-0.6198318586702509
['Lata Mangeshkar'],[132940],-0.35001625674970455,-0.3647781839144367,0.13098548395446938,0.02054580118676477,-0.6565658058262523,0.9123516914171405,-0.21173542883268626
['Lata Mangeshkar'],[132940],-0.2500167329391038,-0.4580057054972899,0.1485671186857277,0.11408060751028427,0.19898650412774865,0.9006276175920226,-0.3953064730426449
['Lata Mangeshkar'],[132940],-0.37711881579099,-0.4328998820263247,0.3312834193026885,-0.0035872188086367887,-0.6161826789665539,0.6215341862297796,0.05008902057775368
['Lata Mangeshkar'],[132940],-0.11146101967544352,-0.5209206236254271,0.1605535792273963,0.2514584757283669,0.10715419556325621,0.7599064950392723,-0.5181152370954203
['Lata Mangeshkar'],[132940],-0.4238177361896056,-0.4981596512664175,0.41273831749989726,-0.018600593561188577,-0.2558542644310434,0.5395139002124499,-0.117033915245029
['Lata Mangeshkar'],[132940],-0.4683421110094448,-0.5400951255775324,0.49598388163198265,-0.06365721930005154,-0.05861528013778087,0.6870219047869308,-0.03385958331346685
['Lata Mangeshkar'],[132940],-0.4427283891999526,-0.7359593345642229,0.27616575538367905,0.19633960226760586,-0.5684550695410401,0.6762759395226802,-0.254940187669191
['Lata Mangeshkar'],[132940],-0.7870803953154785,-0.5371028919050672,0.3506656666553011,0.057899957149366986,-0.19173357158872648,0.7959893529607265,-0.11015574464442117
['Lata Mangeshkar'],[132940],-0.5487998054505291,-0.5738042974217624,0.29097838697011696,0.07758422485132421,-0.4957377913229847,0.6602831066429175,-0.044998639129820224
['Lata Mangeshkar'],[132940],-0.4036470240812832,-0.3483362148515892,0.14664319829021508,0.011896281460568864,-0.46325673340950985,0.9683312170013673,-0.15419817309052206
['Lata Mangeshkar'],[132940],-0.2146448973342468,-0.6751423530242511,0.2461000385986474,0.043495830348550917,-0.34636279638816225,0.5801965036899104,-0.020098281272905028
['Lata Mangeshkar'],[132940],-0.4750830411461113,-0.7213152076505485,0.22534876664022804,-0.030037425452171754,0.04695333422916233,0.736880436539526,0.04079226505652968
['Lata Mangeshkar'],[132940],-0.12342670438270086,-0.46737887690058616,0.26203744344385954,-0.002419261719551954,-0.17831593300831622,0.5058895186060401,-0.07590939382426923
['Lata Mangeshkar'],[132940],-0.41003798181162754,-0.435869315476015,0.1473905392200647,0.1776544661480954,-0.42360556061084126,0.98601218776503,-0.3791678615588333
['Lata Mangeshkar'],[132940],-0.3386339874108112,-0.4559323908208198,0.21123030619151983,0.0537618261981198,-0.6294013792141198,0.45874169915418767,0.02683809708629887
['Lata Mangeshkar'],[132940],-0.04010815722641044,-0.24014972552082087,0.23798148119210064,0.16863266768288035,0.1857831888273243,0.7667300700928145,-0.6349655315337542
['Lata Mangeshkar'],[132940],0.04496134976267366,0.030154925749555323,0.1919891660621442,-0.07379507011261766,-0.34366846584358585,0.05764203875486723,-0.14687884407046872
['Lata Mangeshkar'],[132940],-0.39950726660751656,-0.5544971799921631,0.3987670343033927,-0.028103575114846017,-0.24472484218666934,0.6654230321979124,-0.14122201845528126
['Lata Mangeshkar'],[132940],-0.6250179286695199,-0.6716533109439251,0.6054770567394278,0.12678833073877985,-0.11707632259829569,0.6380326107217947,-0.2367715512308373
['Lata Mangeshkar'],[132940],-0.40659810146605724,-0.46777826551568324,0.4683153555739973,-0.015256764200623142,0.0504669271481044,0.6778741289037753,-0.3091381600143781
['Lata Mangeshkar'],[132940],-0.14901954385676314,-0.47436590187083727,0.05973706539703695,0.19828751065698308,-0.028530083428243775,1.164134517654624,-0.6094128086482639
['Lata Mangeshkar'],[132940],-0.4341861563939198,-0.45358049501520664,0.2559376068540753,0.13176807084620948,0.24146005024527076,1.076656513164667,-0.6472252013940742
['Lata Mangeshkar'],[132940],-0.01610665143021965,-0.3371300263345898,0.07361505436179208,0.3208770133373209,-0.4260038206021808,0.8487478192610338,-0.6301863217719349
['Lata Mangeshkar'],[132940],-0.55641299169375,-0.6105585714857004,0.320969059307947,0.04066710016074348,-0.570858214278837,0.9010677503309941,0.06912909945086251
['Lata Mangeshkar'],[132940],-0.4239155069651687,-0.3358605801184504,0.3401152072298947,0.16517413605025244,-0.1834684697515708,0.6827470610979797,-0.513503017486479
['Lata Mangeshkar'],[132940],-0.8451371312117935,-0.6180729202910645,0.27678498074944813,0.10953477263688721,-0.18408132373182065,0.7283511162393872,-0.14378949955999457
['Lata Mangeshkar'],[132940],-0.5818703508379391,-0.274856954688938,0.1922534800812164,-0.12493506040113427,-0.3322975152065615,0.7384710797590842,0.00043499473847163434
['Lata Mangeshkar'],[132940],-0.716965467034357,-0.2102358563063698,0.4421946136756637,0.0535906808681104,-0.48043181382515204,0.6529484557222116,-0.3989965668000068
['Lata Mangeshkar'],[132940],-0.4919621196362272,-0.7193296190489462,0.3543940476736996,0.183445330638319,-0.7619447241293577,0.642595440927838,-0.11144756176719878
['Lata Mangeshkar'],[132940],-0.3376037593481567,-0.3147943619207886,0.20994830193689704,-0.19295853254395434,-0.10066207015371695,0.5570115603312692,0.12164796756518073
['Lata Mangeshkar'],[132940],-0.4258655926458601,-0.6101046541638345,0.22487727847650674,-0.017284439187205458,-0.23127366225095947,0.7151512424633024,0.020576917295142837
['Lata Mangeshkar'],[132940],-0.5063804156603013,-0.5851789597895191,0.2565999216276495,0.0915299368269487,-0.767611171543072,0.7134664057485662,0.0006520235201130959
['Lata Mangeshkar'],[132940],-0.528258490797277,-0.7124423016106188,0.2739906795673002,-0.0035549340322709967,0.04861193499353052,0.665647854771976,-0.01436264208756978
['Lata Mangeshkar'],[132940],0.10498171375171507,-0.2300149864118721,0.07671937093364095,0.2797636173684046,-0.539237268316646,0.8162920373379203,-0.5787031532354602
['Lata Mangeshkar'],[132940],-0.35993870711190157,-0.5764560328545724,0.26966573075505873,0.056987286136562246,-0.43806842537527035,0.5012316559440482,-0.02651999768498189
['Lata Mangeshkar'],[132940],-0.34163949937901394,-0.6792216870753008,0.24278746202219112,0.04972745377918017,-0.3974453630812477,0.8063129716572627,-0.07987131234034527
['Lata Mangeshkar'],[132940],-0.6244127874866515,-0.37059404265771656,0.345146635967709,0.01395241006242347,-0.6845948058628598,0.6659674222135035,-0.15350826989635216
['Lata Mangeshkar'],[132940],-0.3767592775942228,-0.3724378024132652,0.26202444109196815,-0.16156041572098617,-0.17501577509033836,0.645416980524781,0.07352882072313777
['Lata Mangeshkar'],[132940],-0.426688707296206,-0.24666129959770888,0.16131156595995674,-0.07554995107928425,-0.41920414519401933,0.7233824685830096,-0.11127724550810984
['Lata Mangeshkar'],[132940],-0.49239554917375383,-0.6389334873999248,0.33280666550887555,-0.02115342289688215,0.14627634650495466,0.7346884028387437,-0.10776279973969322
['Lata Mangeshkar'],[132940],-0.3149493859711806,-0.3832528277752996,0.12342763292268918,0.23504470814353098,-0.7213714915729461,0.8092467878987907,-0.3444994868335456
['Lata Mangeshkar'],[132940],-0.7644398693297985,-0.6628205778795837,0.18853175068231007,0.18178243486952547,-0.7206502733600335,0.8701187498704646,-0.06048429262430696
['Lata Mangeshkar'],[132940],-0.13485419238112378,-0.17792270610086805,0.11004825561754378,0.15948756100151915,-0.8262083694296719,0.8909103311392751,-0.26271361571827845
['Lata Mangeshkar'],[132940],-0.6293634214567039,-0.7102696739836679,0.20574292736710267,0.02073980426339334,-0.03085170512049747,0.7069405950008407,-0.07510596019267873
['Lata Mangeshkar'],[132940],-0.13119701775015014,-0.4171993749360258,0.27266282722684676,0.16403807306242865,-0.39213117257071306,0.6951263022647071,-0.3835482560174368
['Lata Mangeshkar'],[132940],-0.4006002887404287,-0.5239622998170079,0.26297855632350237,0.11514183929432087,-0.5453057046311506,0.9645663602412929,-0.15115754776008578
['Lata Mangeshkar'],[132940],-0.08789354517128395,-0.3339597605666897,0.1128181415952362,0.16762273879660222,0.006998285712258921,0.8234799430739579,-0.5006636993924564
['Lata Mangeshkar'],[132940],-0.8585051589340642,-0.34868745017320174,0.4046152918146874,-0.1267360739894342,-0.020684565249125132,0.8672877782163804,-0.17924231212465616
['Lata Mangeshkar'],[132940],-0.7866072454921346,-0.6817776440024365,0.23922525666854502,0.1901421339027611,-0.5415202007193888,0.7756337832910345,-0.11187891996126624
['Lata Mangeshkar'],[132940],-0.5177639414960983,-0.2661894957829027,0.404235722069713,-0.05644240960345313,-0.07731776292916402,0.47917736554046186,-0.1182896166240542
['Lata Mangeshkar'],[132940],-0.16730939648077603,-0.30027639083919033,0.12602912205404096,0.18300222260968008,-0.09544628768639388,0.6867922151369446,-0.5024844983424396
['Lata Mangeshkar'],[132940],-0.458363606862663,-0.6213228188015801,0.35659304835951616,-0.08821206227486733,0.0342601879939281,0.6981107855392532,0.0038709943948831344
['Lata Mangeshkar'],[132940],0.035424065569864494,-0.23536860015072283,0.05503330301005519,0.12425427310699698,-0.07360501908845674,0.994338383263454,-0.5009242299225526
['Lata Mangeshkar'],[132940],-0.3930144813350128,-0.48121305487231625,0.33834609245409136,0.04180196980034786,-0.8736173070553325,0.727591414459123,0.003987028253663476
['Lata Mangeshkar'],[132940],-0.3264918241246556,-0.38289235260756216,0.3039641081282216,-0.0019273857311618763,-0.5483774680021298,0.44551495201675884,-0.05953785347757352
['Lata Mangeshkar'],[132940],-0.5026644510138861,-0.7550090716596037,0.303082486323445,0.08644869473413307,0.04962854775117485,0.5802630751936421,-0.11740978655262982
['Lata Mangeshkar'],[132940],-0.6596175747776758,-0.5837496814749051,0.3919516284895674,0.05757212191720642,0.15640124958282875,0.7092848577778833,0.031416819149962076
['Lata Mangeshkar'],[132940],-0.5651438215618461,-0.729970234535128,0.305045660136153,0.1007350152560937,-0.2608374174540467,0.9482469137068378,-0.21613062928864224
['Lata Mangeshkar'],[132940],-0.553698827328063,-0.6127697261575521,0.212854340467544,0.17426997006727196,-0.8568416596145393,0.6257044502661716,-0.14249142499816703
['Lata Mangeshkar'],[132940],-0.6266270678748854,-0.6770337044326057,0.21293265077630186,0.09860583314208661,-0.6565294208531399,0.7916276319755376,-0.01974189800242372
['Lata Mangeshkar'],[132940],-0.422277036082814,-0.6946545361104929,0.2685704312128938,0.0497151226198379,-0.05973795727171038,0.5462122352244649,-0.05941039343261497
['Lata Mangeshkar'],[132940],-0.47640635578828905,-0.48337571795317424,0.16843135690597275,0.06538068232525288,-0.08904619535295172,0.8583181592326715,-0.24363593425293628
['Lata Mangeshkar'],[132940],-0.4588721789492795,-0.6477146526678057,0.3110864369413181,0.10696668357878687,-0.41308662155842585,0.6127067533008195,-0.06554079644089636
['Lata Mangeshkar'],[132940],-0.6508774723428506,-0.7367776692787654,0.3000539547874,0.04193652663133882,0.152289331376931,0.6502221642188084,-0.0751416451127204
['Lata Mangeshkar'],[132940],-0.3609529322711031,-0.3457245306712891,0.284754013070572,0.11430372398508286,0.04109612532961025,1.0255753014166966,-0.573186602677183
['Lata Mangeshkar'],[132940],-0.6016969590973504,-0.43752137797734636,0.21790445050924345,-0.15108493970837705,0.12932666531660625,0.7268005803052957,0.06104300314266247
['Lata Mangeshkar'],[132940],-0.06939886548907383,-0.14206839139292793,0.006988842611694646,0.27134153253620075,-0.783396144532075,1.0002398689379681,-0.5584893239736264
['Lata Mangeshkar'],[132940],0.01562909407879597,-0.2586942650545477,0.27877211144126907,0.35059312439278784,-0.7845223589010573,0.9441181694085514,-0.7388530074463396
['Lata Mangeshkar'],[132940],-0.14398143557502477,-0.3906855957719865,0.20813669377381608,0.36296527632869785,-0.8032104058216417,0.7813932629053395,-0.48103959433713683
['Lata Mangeshkar'],[132940],-0.24780796165101884,-0.6175985187953813,0.15635291763282574,0.30939193228221423,0.17274918019844027,1.0859979412224998,-0.7030337213229264
['Lata Mangeshkar'],[132940],-0.579748521135661,-0.40059857535756616,0.3228514083370849,-0.12625308323296222,-0.31970898363727684,0.8326569506264578,-0.005215260656555066
['Lata Mangeshkar'],[132940],-0.23184282120481792,-0.5304249558704306,0.33460826759830875,-0.028424398633875962,-0.08623986151731036,0.5202641357553321,-0.027508542330560215
['Lata Mangeshkar'],[132940],-0.40759441636567606,-0.2577876444535338,0.29047620994037077,0.14558334931111042,-0.10175315369220446,1.3258426070257878,-0.5685305539728164
['Lata Mangeshkar'],[132940],-0.633265286816585,-0.6755040227335748,0.623093408475056,0.0773672920384119,-0.2980200626913079,0.7143935238296961,-0.2904098660999224
['Lata Mangeshkar'],[132940],-0.830507824037912,-0.5825795473470395,0.29137821222470667,0.20942909075581662,-0.4572231957686912,0.6845125887678288,-0.12966039691491232
['Lata Mangeshkar'],[132940],-0.8331029637567448,-0.5167407793435635,0.14877324595598518,0.036476897891563956,-0.4613542483946965,0.9101125356668097,-0.011412212324975074
['Lata Mangeshkar'],[132940],-0.2343241968681438,-0.2738504104949332,0.12016485303516848,0.21873322782401353,-0.4520936862119053,0.758749468210367,-0.43477475990332104
['Lata Mangeshkar'],[132940],-0.6389516564415482,-0.4142427580304379,0.2729814846661289,0.11584955836407679,-0.6791371121838691,0.5598259573327459,-0.19253458899051348
['Lata Mangeshkar'],[132940],-0.7207853932773379,-0.6495362680865776,0.40746337741375493,-0.010481493460345593,0.1640309133023335,0.7642361484379191,-0.1818093556641204
['Lata Mangeshkar'],[132940],-0.6711363342961107,-0.4367732424576931,0.2646569461538676,0.13274781265953836,-0.40164086739187627,0.5625488601910436,-0.0986610543619501
['Lata Mangeshkar'],[132940],-0.8437166265938315,-0.32793289592175046,0.3052535041592881,0.07084275063126294,-0.3865748780597296,0.6708274000162189,-0.15012107483578302
['Lata Mangeshkar'],[132940],-0.8846213219906768,-0.4392805112524037,0.15485560898369827,0.057805903685825256,-0.27472476460625594,0.8374676400894158,-0.05842073236675306
['Lata Mangeshkar'],[132940],-0.71074026310533,-0.6497094702171321,0.7268798740000775,0.03589639068119876,0.06526542257872864,0.6447554934651235,-0.35804262246738316
['Lata Mangeshkar'],[132940],-0.16357818838253066,-0.3988181533887028,0.1201094989730068,0.2905618821273758,-0.13695357742255518,0.9008518395764161,-0.6563071211022136
['Lata Mangeshkar'],[132940],-0.20124566041780248,-0.2966836736661564,0.13571722114914408,0.21327945660901312,-0.32262360225862474,1.013050232666029,-0.5885262171697092
['Lata Mangeshkar'],[132940],-0.29334946829352604,-0.5381305653947419,0.2540019379091492,0.02363665523701218,0.017656779032268553,0.45566734068894243,-0.10085022111442586
['Lata Mangeshkar'],[132940],-0.1882291056790518,-0.47983294216488387,0.13996197794871137,0.3359610373620694,-0.4646065475761237,1.1881199278149515,-0.6420425719486547
['Lata Mangeshkar'],[132940],-0.6030757736745542,-0.29765556028752466,0.173927727574973,-0.059475284489167835,-0.05822504341828336,0.5919490923135947,-0.046878227082730387
['Lata Mangeshkar'],[132940],-0.4972082923771126,-0.692468446054906,0.31871716353943436,0.0761698549748687,-0.6690873475931658,0.784844656597633,-0.13534642620007514
['Lata Mangeshkar'],[132940],-0.68805830530985,-0.649563113100177,0.21143866083320279,-0.06299250431323195,0.15341134633735523,0.7672242023813572,-0.04147224232339009
['Lata Mangeshkar'],[132940],-0.6270796775895281,-0.6591197847794827,0.350555014798086,0.1048987554317621,-0.3068216769095865,0.6110166931569421,-0.16192589826692802
['Lata Mangeshkar'],[132940],-0.6909217448900659,-0.6694244152469728,0.34116199535147584,0.05292044498221059,-0.11057134977290048,0.7246130025286112,-0.1475385254362965
['Lata Mangeshkar'],[132940],-0.38912732316242404,-0.5029240727158352,0.2159177184785379,-0.0771007975461349,-0.1679233127808007,0.5933903294547048,0.053322456877391844
['Lata Mangeshkar'],[132940],-0.3386339874108112,-0.4559323908208198,0.21123030619151983,0.0537618261981198,-0.6294013792141198,0.45874169915418767,0.02683809708629887
['Lata Mangeshkar'],[132940],-0.13097450682308742,-0.16520440545109324,0.06312844966205487,-0.02965880028451607,-0.47861889758753845,0.967105471132404,-0.18278772728051834
['Lata Mangeshkar'],[132940],-0.4343979913778989,-0.43098296297453675,0.3766071949925612,0.10103402559785689,-0.7739196024319572,0.6732612355366173,-0.045055143551110545
['Lata Mangeshkar'],[132940],-0.5647669506949811,-0.7666103056606438,0.24989169572794584,0.16228614774104785,-0.5500747428633439,0.812262456309977,-0.11709751960148818
['Lata Mangeshkar'],[132940],-0.3198112611104156,-0.4891477817303628,0.271312394037304,0.006145513704311406,-0.36192479998122207,0.4450278574178132,0.018159999420716222
['Lata Mangeshkar'],[132940],-0.39697117936892007,-0.4193381828595291,0.21949526283824497,-0.1508997030189186,0.09749944526264012,0.5987879498028885,0.1168803556355331
['Lata Mangeshkar'],[132940],-0.31252344061686294,-0.5418102991024737,0.09512613651744585,0.1580783098394482,0.13847928843290583,1.0302973406079816,-0.5428174712209987
['Lata Mangeshkar'],[132940],-0.597344023802216,-0.5612494701667944,0.3200039351971656,-0.052377258442281076,-0.5711033904422047,0.9494888917328591,0.011076294299915372
['Lata Mangeshkar'],[132940],-0.05112706858266535,-0.3462166183635388,0.17356937359129349,0.11886691356113324,0.08611099135984633,0.8284294080028116,-0.39425156614371176
['Lata Mangeshkar'],[132940],-0.6631210724723756,-0.814100544526279,0.21916418941358504,0.31329143769576995,-0.5016237869699985,0.8944854499272329,-0.3113692328681825
['Lata Mangeshkar'],[132940],-0.46739233651972484,-0.36798043524166574,0.18545896586862434,-0.15105854758027318,-0.13301913312347896,0.8833913368611768,0.017699663311554772
['Lata Mangeshkar'],[132940],-0.36424846430336544,-0.32962777102624113,0.30046786635497463,0.2846052769923995,-0.2714957626014443,1.2506338921916293,-0.7242147420405345
['Lata Mangeshkar'],[132940],-0.34527448897423396,-0.4869233871913863,0.18018990982723052,0.3990535869357207,-0.6338644485972513,1.208345777813284,-0.571169876730798
['Lata Mangeshkar'],[132940],0.16374309720761687,-0.11829309649780076,0.07201811420689587,0.15766148972346494,-0.20284098430841327,0.7212997415938005,-0.5613050036234293
['Lata Mangeshkar'],[132940],-0.4626493659230729,-0.42818111244572715,0.24914504120065997,-0.1478985233009149,0.10578433869726417,0.617785667667052,0.05312275540482812
['Lata Mangeshkar'],[132940],-0.5485065271184427,-0.8589390068872554,0.4289307809782028,0.08219665463314325,0.06653682680034986,0.7131624869909683,-0.068771502884592
['Lata Mangeshkar'],[132940],-0.38761095151151226,-0.40142587663049745,0.7815347834011246,-0.027403698862782315,-0.343598712490108,0.6426452890902491,-0.1741649214663956
['Lata Mangeshkar'],[132940],-0.6608402712154092,-0.4511760104712079,0.33895330090545356,-0.12226635403726907,-0.13270416648024078,0.7770073858945313,-0.07727091022660026
['Lata Mangeshkar'],[132940],-0.5086735365276948,-0.3969335728869883,0.23519674697348628,-0.12025247797101135,-0.4227700436808527,0.7817739103387125,-0.028300865720967704
['Lata Mangeshkar'],[132940],-0.396784613751713,-0.29597657887301043,0.16460735346539127,-0.1431955088473871,-0.14697578375533535,0.7751306850336092,-0.060947941571783175
['Lata Mangeshkar'],[132940],-0.8836866655762938,-0.33040783735843904,0.4773674493282501,0.21475017063293744,-0.8244816063321813,0.6849146097637313,-0.2217790334081536
['Lata Mangeshkar'],[132940],-0.6779580800563552,-0.322646016312539,0.27895611749249005,0.09759758194958572,-0.5852585189055387,0.6132525814599158,-0.108112740103959
['Lata Mangeshkar'],[132940],-0.9326093453266403,-0.29879657022920186,0.18093143273818157,0.1364031597570367,0.0683030177707252,0.48850735128825856,-0.10852125803237647
['Lata Mangeshkar'],[132940],-0.4610203664186166,-0.6827377495075654,0.27942765256011587,0.0596647001770721,0.028259491407781175,0.455266737421577,-0.0333676712490592
['Lata Mangeshkar'],[132940],-0.600691491519116,-0.7678715280453964,0.29309540314773636,0.013252991864019147,-0.026166956357920424,0.770851122647152,-0.020482032392479456
['Lata Mangeshkar'],[132940],-0.714735594993307,-0.5802946318995467,0.5872793782914917,0.16170948445590666,-0.8314268170356752,0.7268434359764009,-0.3523348445057394
['Lata Mangeshkar'],[132940],-0.3624902410359806,-0.5631642876248117,0.4093866770327621,0.011640414712008232,-0.07296785995150533,0.49951698634617064,-0.0747683517144651
['Lata Mangeshkar'],[132940],-0.4337544978739611,-0.49947164706036695,0.2766553430953228,0.07190010332890875,-0.6136942328552084,0.5048227744648782,-0.038577266812885445
['Lata Mangeshkar'],[132940],-0.34300845585264167,-0.4390943556998897,0.2743943277156095,-0.13255866098550237,9.938565344570038e-05,0.5512954667850927,0.07506180265660307
['Lata Mangeshkar'],[132940],-0.5704663771799304,-0.7947526527846293,0.26036033396592423,0.05834980778029294,-0.2920257049765082,0.815396961780258,-0.07190182462789459
['Lata Mangeshkar'],[132940],-0.47570621485304626,-0.46977395683782275,0.19807241402064543,-0.11477141253845168,-0.16026196446796628,0.6529409260009758,0.0423762757272848
['Lata Mangeshkar'],[132940],-0.320298378916089,-0.44083442341146634,0.10482878983871927,0.3473051405871957,-0.3822821319762892,1.0146553606415132,-0.7554352820142941
['Lata Mangeshkar'],[132940],-0.7826393424757586,-0.5075833118710698,0.3400978023813844,0.10759256545965647,-0.46638756004214504,0.7756803483515506,-0.08531972180680257
['Lata Mangeshkar'],[132940],-0.15029214065427385,-0.18284349329929783,0.034467215470768094,0.05125222630570663,-0.43571749472463656,1.122934073452574,-0.3890969868575409
['Lata Mangeshkar'],[132940],-0.12730773178847854,-0.39297342680562003,0.14557277817148817,0.24035277228377522,-0.27234761163598853,0.7220722462247642,-0.48956620501109405
['Lata Mangeshkar'],[132940],-0.33323096722883594,-0.696850396661027,0.255544975912715,0.11721085451111585,-0.6007648921697051,0.6161864868812681,0.012336618561528465
['Lata Mangeshkar'],[132940],-0.2112646647627819,-0.5281358538893757,0.370989380760962,-0.02682680395257638,-0.09895145976917429,0.4532453840414309,0.03361931416175535
['Lata Mangeshkar'],[132940],-0.18626151631048812,-0.49615373751991787,0.3967971382743096,0.30918385964282613,-0.6342186237333547,0.8033153906561936,-0.3552313160826393
['Lata Mangeshkar'],[132940],-0.03872352960181242,-0.3008933355187543,0.16143151539946057,0.04657471009023711,-0.05962241590710644,0.5667881152546033,-0.24665231237031943
['Lata Mangeshkar'],[132940],-0.47854206707874153,-0.8072035751281484,0.36532713390746124,0.11636675265999884,-0.3075075099847607,0.6701612417183884,-0.14750251183123536
['Lata Mangeshkar'],[132940],0.027841670016836954,-0.1824510389502042,0.12298086022187604,0.37583433877319444,-0.7008188797820942,0.8363119409148898,-0.5923019654477588
['Lata Mangeshkar'],[132940],-0.23919125115637604,-0.28156201214309134,0.1995937627398294,-0.033132374807266385,-0.301665081997114,0.9089574767992936,-0.1256887199132325
['Lata Mangeshkar'],[132940],-0.3202918846808689,-0.3035687769355599,0.27883069701442625,0.21332633715001123,-0.36837480680536794,1.4078241144731973,-0.4486268341878623
['Lata Mangeshkar'],[132940],-0.35208941063135907,-0.21097843932768431,0.2468928601854487,-0.12966532035764222,-0.3749127200017845,0.49244768240317033,0.08414691820527699
['Lata Mangeshkar'],[132940],-0.3471670252913249,-0.26308302392644967,0.10867025494856053,-0.004514098285177486,-0.08345681395880025,0.9925150272439598,-0.3432737612583191
['Lata Mangeshkar'],[132940],-0.3910375066438987,-0.3951874179422343,0.44455591289416313,0.06998447401165923,-0.8879265423024829,0.5780501102195146,-0.1198070827851832
['Lata Mangeshkar'],[132940],-0.5845973475014548,-0.6620503099830916,0.2459602243892512,-0.012093110053264347,-0.29822044546514115,0.8513555314936149,-0.02182331209556572
['Lata Mangeshkar'],[132940],-0.7483179827379343,-0.23673868933888062,0.6061647769254228,0.006875597900525542,-0.40843836280136575,0.5893860757916587,-0.3437179340744573
['Lata Mangeshkar'],[132940],-0.48073623162646184,-0.43128702415900444,0.31825594576582567,-0.015200426837064355,0.018236551594134138,0.46845177555014583,-0.07023097302585785
['Lata Mangeshkar'],[132940],-0.4670503267123144,-0.3427220631881484,0.20756806222107646,-0.024175528035013945,-0.16948243958541984,0.45508785913787836,-0.0015486586565493755
['Lata Mangeshkar'],[132940],-0.6828273584285811,-0.4631560904223699,0.18447889748653531,0.2030051120199786,-0.5749256095516366,0.5264641244802175,-0.1754058029215402
['Lata Mangeshkar'],[132940],-0.49134540909448216,-0.5418977774066025,0.20033919181432971,0.047806999104007854,-0.5936182695202922,0.6856562823039577,-0.019841990666096678
['Lata Mangeshkar'],[132940],-0.5236228326513848,-0.2550980696474401,0.1998265354911392,-0.08865576689610061,-0.07983960134459064,0.506084081835152,0.0210949132761147
['Lata Mangeshkar'],[132940],-0.5422354906741088,-0.3663408282163243,0.3692979488566207,-0.03189564874522651,-0.23495630612301738,0.6221876267325125,-0.08572904325927262
['Lata Mangeshkar'],[132940],-0.37361964408137793,-0.5102219888554433,0.31383413500795615,0.03637429956850793,-0.05452087124502752,0.5641357603937993,-0.19611984781216021
['Lata Mangeshkar'],[132940],-0.6044268634173023,-0.4108822265455956,0.1854524098042879,0.11203156788416467,-0.6766643160557198,0.6226230487481877,-0.03450623440758754
['Lata Mangeshkar'],[132940],-0.47648109438967035,-0.7465982295533083,0.26354766369066024,0.15605620820587246,-0.09559454200344877,0.7441794604187694,-0.22461587460304505
['Lata Mangeshkar'],[132940],-0.744468100730151,-0.595902183012289,0.23512204657039742,0.14315725749911257,-0.46231417301485017,0.7389016968258791,-0.10155121067671206
['Lata Mangeshkar'],[132940],-0.5058138595101289,-0.3387665584106683,0.326067097070675,0.03425076744558858,-0.699631401330094,0.5907920394048216,-0.08207490394383309
['Lata Mangeshkar'],[132940],-0.3390991930732759,-0.32362086540706353,0.19481717575862095,0.31940683515463486,-0.6619706981402012,1.0516439760771943,-0.7409218919671181
['Lata Mangeshkar'],[132940],-0.34451140996673735,-0.12512506379095836,0.30450599491148017,0.029674041842195808,-0.5090808348373352,0.5954471673854782,-0.25292020647857266
['Lata Mangeshkar'],[132940],-0.45115854906453884,-0.5820316492942136,0.26223422484042164,-0.03927805478465958,0.11285570146216782,0.5183910963853917,-0.01943260880575874
['Lata Mangeshkar'],[132940],-0.407922638710629,-0.30899272704194974,0.2116149338678442,-0.17435352821590636,0.009047071212778115,0.6113487953142368,0.024077322285200823
['Lata Mangeshkar'],[132940],-0.4817585556463333,-0.44884976743934596,0.21662767185015597,-0.15608311545585615,0.02380767222798808,0.7011370950221812,0.010600512635443479
['Lata Mangeshkar'],[132940],-0.4831933779802302,0.09166447366307413,0.41008384604582665,0.12131801477208615,0.21214250506675164,0.7753416806822425,-0.9079804482445628
['Lata Mangeshkar'],[132940],-0.20739985626635016,-0.5946381648389313,0.09189962927831483,0.33778136632664524,-0.2828055527179063,1.1461150512166676,-0.6370205325380042
['Lata Mangeshkar'],[132940],-0.7086606995263881,-0.35133509157683646,0.19857449358334858,0.10686158172794617,-0.4087406680456164,0.4933204781039739,-0.07793644952459615
['Lata Mangeshkar'],[132940],-0.6936451525823067,-0.17439260034580054,0.22233494221559608,-0.06102780484264021,0.10250076029775612,0.3308254866727817,-0.08451572704561847
['Lata Mangeshkar'],[132940],0.12686634791545762,-0.04400858266871832,0.03922256320991077,0.26801921987866933,-0.8269810306753468,0.7603624661119784,-0.5653208404573192
['Lata Mangeshkar'],[132940],-0.39029290849155,-0.4574807302262544,0.28474926445199356,-0.0878783945586312,0.12340063548496873,0.6608067861314834,-0.07785306148244085
['Lata Mangeshkar'],[132940],-0.7527984585728941,-0.26391352747589053,0.18871269834846602,0.12113826268999758,-0.673703960102558,0.5571367783628804,-0.13945412346655325
['Lata Mangeshkar'],[132940],-0.7727203490592599,-0.4400635045921692,0.21885108371443243,0.14847467595011898,-0.6549419529133857,0.6589769059654795,-0.15393428629346764
['Lata Mangeshkar'],[132940],-0.8447902645838856,-0.34492754824222266,0.1361160822278353,-0.013199537325802202,-0.645559347505599,0.9194314910830944,-0.04630651828325278
['Lata Mangeshkar'],[132940],-0.8243244727632628,-0.48840518472937927,1.0164062283639896,0.11502218800744582,-0.002765725425092217,0.8353758919191179,-0.22158064556317547
['Lata Mangeshkar'],[132940],-0.7475895283856103,-0.617824287577655,0.27228629660935466,0.0830998348212379,-0.467190240001359,0.7701845609162193,-0.13459295774968458
['Lata Mangeshkar'],[132940],-0.5818139560397478,-0.5153451428107862,0.537444173871384,0.014149903140397779,-0.489736741844678,0.7532736333316171,-0.21728893822825807
['Lata Mangeshkar'],[132940],-0.7989896717938223,-0.716048163100764,0.42453657849847204,0.10371996639572217,-0.09423649570975656,0.7225445027212161,-0.25817075260166683
['Lata Mangeshkar'],[132940],-0.820193923655481,-0.6934084245225213,0.22560720604991927,0.19957146901365896,-0.000921239341100294,0.6540980329655511,-0.11466511897466099
['Lata Mangeshkar'],[132940],-0.17627547497904505,-0.5421243051914919,0.09395499349928459,0.22016344723755185,-0.3316410967023748,1.0186152762791196,-0.3943154867593072
['Lata Mangeshkar'],[132940],-0.6648515834716403,-0.58444171897364,0.2117036939498432,0.06323470594976473,-0.5624507020579842,0.823999792123789,-0.03762604192550618
['Lata Mangeshkar'],[132940],-0.5938940408398337,-0.7048884271288574,0.25072836059103437,0.06251195150899162,-0.29819095999523354,0.7416935927985115,-0.037254622999433946
['Lata Mangeshkar'],[132940],-0.53743606654004,-0.5908170780638153,0.23359326421853777,0.05478909672544497,-0.13596612034983943,0.5764631629657545,-0.14267867460323538
['Lata Mangeshkar'],[132940],-0.5522339926255488,-0.6089884590713642,0.2687270251246477,0.06817642216309282,-0.58427206832987,0.6897268483452611,-0.12697048390342872
['Lata Mangeshkar'],[132940],-0.11837694360939555,0.070199745637602,0.16929933489546062,0.15325003229279557,-0.6254815857420896,0.9287007617642359,-0.5384477289578621
['Lata Mangeshkar'],[132940],0.004430513297653831,-0.12609435544503633,0.03586033995065372,0.10653166383825272,0.09199568973361509,0.838026448952614,-0.44773839953855715
['Lata Mangeshkar'],[132940],-0.20818977179607642,-0.40546334349595997,0.43568832962544946,0.2695256671545752,-0.5457020124183481,0.7651978374541402,-0.44347691443479403
['Lata Mangeshkar'],[132940],-0.8824334089337577,-0.3142813748664112,0.2775560387853864,0.23442883669013045,-0.8240831087730318,0.634948994329497,-0.173187346734029
['Lata Mangeshkar'],[132940],-0.2360614053749541,-0.4484644938621058,0.5552296905883317,0.37904849227905496,-0.4306651329956092,0.8675817542007671,-0.30793169688632377
['Lata Mangeshkar'],[132940],-0.5220068828101521,0.012903815811490143,-0.0021650300582879227,0.19841709398405827,-0.4730414318625762,0.6112474853034485,-0.24807582929450978
['Lata Mangeshkar'],[132940],-0.5932906158144066,-0.44761804133452426,0.19370629659566893,-0.10125825255405743,-0.11639688879275789,0.8949574996133325,-0.04376496355059649
['Lata Mangeshkar'],[132940],-0.554994906527427,-0.7809153464285031,0.3105310533912399,0.08123987959998069,-0.47194755936179805,0.8596588837643061,-0.09135207635729498
['Lata Mangeshkar'],[132940],-0.6867906735631741,-0.43970510987985406,0.1978977656211745,-0.004316458399217251,-0.042207942201838426,0.5882621225139645,-0.011802104791085906
['Lata Mangeshkar'],[132940],-0.5657583487178384,-0.2946215239313673,0.16866974027517842,-0.027506894631875868,-0.42205676636372264,0.6349372422003852,0.07660472230748748
['Lata Mangeshkar'],[132940],-0.43252584830187796,-0.5410999746616073,0.34422330744610674,-0.0882967862374731,-0.23063669383578497,0.8268661664114408,-0.03948030069733823
['Lata Mangeshkar'],[132940],-0.43303481976933145,-0.500706126201212,0.22729667356911382,-0.056665420080729466,0.010509624508262237,0.4691381120458034,0.023222328035311914
['Lata Mangeshkar'],[132940],-0.7009799078639134,-0.6456216759920859,0.18556398348294054,-0.033502846538762385,-0.28024971217463984,0.9697455835925591,0.013618775663037973
['Lata Mangeshkar'],[132940],-0.6810638586460922,-0.4190240528948049,0.22001590714551336,0.08590462806563004,-0.40799937788441265,0.5519843891307513,-0.07438409326151449
['Lata Mangeshkar'],[132940],-0.4780462970982422,-0.2720346253368565,0.19068459944885574,-0.08630621323699851,-0.6999480348315368,0.7402865914721943,0.013711290767706056
['Lata Mangeshkar'],[132940],-0.5849550984285791,-0.6762080149555653,0.563586532435146,0.13799369126714411,-0.4553300628049371,0.877248029790865,-0.2441672197015235
['Lata Mangeshkar'],[132940],-0.5458398973592476,-0.4614305309688425,0.28053466536902594,-0.04199998458157664,-0.7668265341560772,0.8814471248483969,0.013216477760824815
['Lata Mangeshkar'],[132940],-0.4379628349787762,-0.4316115205331459,0.24818561113077997,-0.046713591176176475,-0.0811022220678591,0.47547534500277344,-0.00699492529608121
['Lata Mangeshkar'],[132940],-0.8730640343882166,-0.6014772231942046,0.33984229942027694,0.21077174149309055,-0.7192960505690316,0.775714707734495,-0.20627722281054506
['Lata Mangeshkar'],[132940],-0.334869767273896,-0.3384850649590217,0.3811703010244633,-0.12519296724543347,-0.017695535535027482,0.3860936145123558,-0.1043772223205642
['Lata Mangeshkar'],[132940],-0.4612820409406926,-0.3688085458776234,0.24407489032340918,-0.17093768418877978,0.018928659550291566,0.6534432802511998,-0.033766397231500954
['Lata Mangeshkar'],[132940],-0.5813280117777342,-0.4114627248371741,0.32346624736916,-0.10914661379224394,-0.32030198739902116,0.7880091843898135,-0.0740751934412866
['Lata Mangeshkar'],[132940],-0.015743086818277796,-0.31096315186840306,0.3255077206966101,0.22902635869112503,0.1088384888088152,0.8242344307059507,-0.6780091596731322
['Lata Mangeshkar'],[132940],-0.1587426435639995,-0.33332791898451203,0.11491795391888164,0.2653536228078116,-0.3153955087413597,1.0172826770764352,-0.5287852811669417
['Lata Mangeshkar'],[132940],-0.2061349271000698,-0.5026985777243648,0.2922977587670267,0.36759492737618316,-0.8023488871738768,0.7985671024347487,-0.4158522904944757
['Lata Mangeshkar'],[132940],-0.4124378089716654,-0.5560081322262601,0.4116548083374122,-0.10269557840276718,0.10581727219414815,0.5786764899489225,-0.09326724896137897
['Lata Mangeshkar'],[132940],-0.6617157095150817,-0.4843665831959784,0.2856355618307354,-0.1844769005969405,0.05413590706908335,0.8915080133402234,-0.012042894628638376
['Lata Mangeshkar'],[132940],-0.5747479835978606,-0.47762929622862305,0.4054696596168624,-0.11755020657517752,0.128486574922999,0.7068742932164495,-0.08900305649838129
['Lata Mangeshkar'],[132940],-0.5122026805192811,-0.7661936505927094,0.424290522210441,-0.029833621293416168,0.16553590613717561,0.9405332980559331,-0.006373736788550792
['Lata Mangeshkar'],[132940],-0.5377003340701106,-0.377951270691078,0.36351217824581655,-0.11349816445508096,-0.33669291172116345,0.693737508322272,-0.08941446180301124
['Lata Mangeshkar'],[132940],-0.7186710628250994,-0.6319333304873198,0.19995136243168665,0.06295161750494539,-0.113632280796352,0.704996001483739,-0.12159537025668249
['Lata Mangeshkar'],[132940],-0.5111062818058273,-0.6113439546259654,0.2484619687108809,0.015732006012927777,-0.15033955807757976,0.5526953945921798,-0.09564612367832935
['Lata Mangeshkar'],[132940],-0.3720795706235749,-0.28026902776139007,0.05423034599285025,0.061913776742301994,-0.2391564323899121,1.089417503897808,-0.4545092166518253
['Lata Mangeshkar'],[132940],-0.31075840223797463,-0.35279156044470567,0.2397646723563835,-0.11771318166844251,-0.10692041378728011,0.4192966314935687,0.01930226516763403
['Lata Mangeshkar'],[132940],-0.3522596913177746,-0.4083948486166337,0.2683005717528648,0.03136016479612369,-0.6276524436238913,0.49798053092422795,-0.02438226082925044
['Lata Mangeshkar'],[132940],-0.35891849361741657,-0.3643781879236322,0.34439784411592794,-0.009653058087829252,-0.5406838547949201,0.5117395003548665,-0.07848434822375178
['Lata Mangeshkar'],[132940],-0.6955743258720233,-0.44560997749409736,0.09547336618935028,0.17027127169339076,-0.49514871652894904,0.5284522495328846,-0.028318840732781594
['Lata Mangeshkar'],[132940],-0.5372297857005389,-0.26371410658563593,0.2718260098590435,-0.25129530460059896,0.10522887496010407,0.6934077536450654,0.0017395021795481938
['Lata Mangeshkar'],[132940],-0.6311639374905955,-0.7004264153272293,0.20315947231904,0.13208544666711589,-0.5656347244539791,0.7269106011237402,-0.06424001263068396
['Lata Mangeshkar'],[132940],-0.4005558824420876,-0.4851027512346326,0.08836215113944554,0.297346200178739,-0.39316081372752676,1.0057662521592377,-0.559046974771453
['Lata Mangeshkar'],[132940],-0.6530128338586886,-0.5670819026626005,0.3600986329397538,0.025561806459128384,-0.3929267567424631,0.7478990029115979,-0.1209379205812555
['Lata Mangeshkar'],[132940],-0.34556866815656173,-0.3080971264399737,0.032340531375093705,0.3473540314966633,-0.5664052625446553,1.0033599791391037,-0.7190961942492154
['Lata Mangeshkar'],[132940],-0.4870628899045463,-0.29174574709409623,0.19066247390839455,-0.09338897492656276,-0.878015834603153,0.8284305484625066,0.09654646917400196
['Lata Mangeshkar'],[132940],-0.0968976479785616,-0.11828969623303169,0.06357064185520717,0.17152895374787555,-0.24891938014349602,0.951000204034969,-0.47713795272350107
['Lata Mangeshkar'],[132940],-0.1549433811591552,-0.5120693304407117,0.1876102371883087,0.43685324302866163,-0.7533096319722558,1.0198287815982727,-0.6806260417835988
['Lata Mangeshkar'],[132940],-0.3238391515949208,-0.40824502090979986,0.355737967090928,-0.1031266411748166,-0.22320303543403194,0.905720717365342,-0.09334819815818671
['Lata Mangeshkar'],[132940],-0.0471129531569628,-0.447807181654738,0.107685273701893,0.3179718452679883,-0.43151935960507837,0.8350408445069999,-0.5910218802401147
['Lata Mangeshkar'],[132940],-0.4094457150470569,-0.452141729927351,0.4254135715885368,-0.08159627678432028,0.13671872725423248,0.8271827660367271,0.13364499521655912
['Lata Mangeshkar'],[132940],-0.4737324639684406,-0.5886919192709664,0.5275478350180804,-0.06020666474324009,0.1263533777301793,0.6725460061951376,-0.05831158609462825
['Lata Mangeshkar'],[132940],-0.28529164649803773,-0.4701723862285419,0.19175330912101585,0.05545151359774076,-0.20678929063693505,0.7779375026707022,-0.258005526159409
['Lata Mangeshkar'],[132940],-0.49530973863142636,-0.4323779955869517,0.2958129193818791,0.01619810906253852,-0.6095611891926602,0.5881525167732252,-0.11226985223539661
['Lata Mangeshkar'],[132940],-0.6396487678699462,-0.6354064432270962,0.4644084448086163,0.33399565358633193,-0.6690967471178195,1.1380768843332718,-0.1724423280054932
['Lata Mangeshkar'],[132940],-0.1679840363421405,-0.3204423024514535,0.17369414118492377,0.18527198335097042,-0.5631656905889844,0.722432430741426,-0.4234015293671135
['Lata Mangeshkar'],[132940],-0.047450119747828895,-0.37071220506348845,0.07349245863324624,0.26757274733896147,-0.5896422847123527,1.1239037498756608,-0.5432878320238342
['Lata Mangeshkar'],[132940],0.0629479517521901,-0.19645937311745978,0.128403696160045,0.3203785902137201,-0.6321067993126777,0.7560022263820823,-0.6031744634109533
['Lata Mangeshkar'],[132940],-0.7255444582648222,-0.5150060668261505,0.17030450069217393,-0.10363228513956653,0.06417591646267795,0.8493419673486113,-0.01229877957250488
['Lata Mangeshkar'],[132940],-0.7774353944977304,-0.6816229632399539,0.18141869034868421,0.17008373941882513,-0.549313447005148,0.715621765980557,-0.10380112509777349
['Lata Mangeshkar'],[132940],-0.5456380696842531,-0.22690888732533668,0.4004333247013747,-0.13801794242469936,-0.4356046996807557,0.6645373058292213,-0.09577565154085295
['Lata Mangeshkar'],[132940],-0.44837130430900923,-0.36238487766319544,0.5566985698417672,-0.05697968211911567,-0.16643099692795302,0.5203468385174418,-0.18581523540442624
['Lata Mangeshkar'],[132940],0.01105978279471717,-0.15237655454716204,0.2952483516839272,0.20962702222973648,-0.44842313903324477,0.8509419990391603,-0.6585170799915278
['Lata Mangeshkar'],[132940],-0.3936309608428386,-0.15024362114340523,0.4299504623335035,0.0026482629545339963,-0.44648987104099025,0.4455710491133758,-0.189682707239123
['Lata Mangeshkar'],[132940],-0.361894508341195,-0.6843617790677351,0.2635263295685081,0.004854728778900141,-0.15243105632809664,0.6214412890371632,-0.02839815575215209
['Lata Mangeshkar'],[132940],-0.6525950938516468,-0.6861595133390336,0.17869791594435203,0.0458746323030149,-0.731586658219944,0.9914677681782601,-0.038453195774464065
['Lata Mangeshkar'],[132940],-0.7190483896871256,-0.681394761066876,0.22087923887814412,0.12700774858658231,-0.727232703929931,0.8838828278938485,-0.06070522572834826
['Lata Mangeshkar'],[132940],-0.14223799818996036,-0.3902719283139731,0.24463877625738994,0.09823463478637294,-0.3222527719018713,0.6178805082152717,-0.2696887226675852
['Lata Mangeshkar'],[132940],-0.7501164420037936,-0.5215199514002256,0.49810137267062965,-0.016533392136141183,-0.37358644629095294,0.9300630465639744,-0.16438759217527635
['Lata Mangeshkar'],[132940],-0.36090559089928853,-0.27643389787039,0.34592549328403366,-0.1361311661410843,-0.0167396880667847,0.38665018728412476,-0.01988133806452766
['Lata Mangeshkar'],[132940],-0.4706650948621708,-0.6388374370553359,0.26221587626690274,-0.009327614570952611,0.12485564701898873,0.5672219787418971,-0.002312208530593127
['Lata Mangeshkar'],[132940],-0.5304177831783103,-0.2607570963126107,0.25162991651704075,-0.037222348813769665,-0.342793768760649,0.5576749668889529,-0.01455948901828789
['Lata Mangeshkar'],[132940],-0.3999399070334148,-0.462893832781605,0.18039380358480772,0.06946500961377433,-0.27773748284071925,0.8748297602927647,-0.3096759511651922
['Lata Mangeshkar'],[132940],-0.17141555103653636,-0.2649232534367999,0.2173226114302587,0.14559215997155123,-0.8746161957319213,0.598157857838279,-0.17375273389647986
['Lata Mangeshkar'],[132940],-0.0024174818390504324,-0.07966353476323089,0.02035876137852976,0.17363611760545808,-0.4440008115497904,0.9089287995605938,-0.47540244206762605
['Lata Mangeshkar'],[132940],-0.4555780226933963,-0.4645597892237101,0.4726907244753689,0.09557409736804635,-0.7927110630034409,0.5292218024481005,-0.18479559109136084
['Lata Mangeshkar'],[132940],-0.19197955424389393,-0.48185919338960387,0.07343706943505991,0.2919645642544376,-0.5546912108187702,1.2697562922251642,-0.6247048499656485
['Lata Mangeshkar'],[132940],-0.3863468798333367,-0.46533986581697656,0.2680018121364442,-0.08308010767597489,0.09115448140545551,0.43527543801330143,-0.025928691356944852
['Lata Mangeshkar'],[132940],-0.3414481338738514,-0.6010212803827417,0.28453636815355,0.04660759026782521,-0.3439056095462208,0.5170555005643069,-0.10961200802750182
['Lata Mangeshkar'],[132940],-0.32940213155055814,-0.30085450566870303,0.547121350586011,-0.14777469860247322,-0.1005958860816683,0.5043351108990699,-0.07637577276593925
['Lata Mangeshkar'],[132940],-0.16035736282255386,-0.34133705281992993,0.2493548933646346,0.2535331248022446,-0.33014131650105233,0.9449129832253703,-0.6165295381105709
['Lata Mangeshkar'],[132940],-0.355740266357144,-0.4438645617532327,0.24921086483100857,-0.13201499639977504,-0.16615954125040583,0.7151683071514002,0.114114331911712
['Lata Mangeshkar'],[132940],-0.40762728429596745,-0.608658886433905,0.5709273197831364,0.023320102232584045,-0.14397177812678505,0.7340353329932974,0.11327454115855674
['Lata Mangeshkar'],[132940],-0.10290788397533658,-0.033635082401963654,0.11573660008468703,0.13094437293139194,-0.7844144383013906,1.171609082993041,-0.5295752784782991
['Lata Mangeshkar'],[132940],-0.6286975839050535,-0.7060977652611364,0.4599160558689008,0.023610460146190677,0.14749479077940028,0.6208166512534492,-0.23436437999598753
['Lata Mangeshkar'],[132940],-0.531711530801198,-0.4320183174796247,0.2445721374036334,0.03160642054138806,-0.4297153731979639,0.49883199860291116,-0.10333191120926921
['Lata Mangeshkar'],[132940],-0.20010098202717433,-0.38002470674346966,0.11097704405685735,0.22114667423267853,-0.6545132392316046,1.3157922217517757,-0.5802428805375568
['Lata Mangeshkar'],[132940],-0.6175563164557467,-0.75969606566951,0.34359849534286285,0.16707659074748804,-0.6396833359233893,0.8586681873294726,-0.09185247777029763
['Lata Mangeshkar'],[132940],-0.3536597897328912,-0.504368951201414,0.24783276865449186,0.11634686954695068,-0.8039537337326919,0.4555583587185544,0.006299681732896577
['Lata Mangeshkar'],[132940],-0.4660866938282935,-0.19016822738499822,0.1905313804616839,-0.18747201510596112,-0.09575378167826139,0.5149040021866909,0.09709766843096057
['Lata Mangeshkar'],[132940],-0.5054821155073743,-0.6772447424597151,0.23669007294380723,0.004347259983444014,0.03928193115595365,0.5942100920944791,-0.0006898144567965741
['Lata Mangeshkar'],[132940],-0.1392073799211747,-0.12904711196577212,0.1287510886943603,0.22416973198043783,-0.42831756786789243,0.8854909468240129,-0.6887756492213729
['Lata Mangeshkar'],[132940],-0.5752024358630744,-0.7268701570169472,0.30748972963753984,-0.01807520134310628,-0.2974487643354651,0.8735792007109373,-0.03417612487119843
['Lata Mangeshkar'],[132940],-0.019911275454107546,-0.3248280678261751,0.19414150578101785,0.011626391680205059,-0.0755001599106602,0.5346122674158345,-0.1715421815724947
['Lata Mangeshkar'],[132940],-0.29944465844159923,-0.40514682158930243,0.1588299899449134,0.10926373595672954,0.021425578144791048,0.9462016426727929,-0.5062068865275877
['Lata Mangeshkar'],[132940],-0.5011905018256699,-0.6704621748486082,0.332852588669161,0.16491449253848975,-0.7612767337099944,0.6896032669953038,-0.10934590228566855
['Lata Mangeshkar'],[132940],-0.3163813836579349,-0.3487942784775791,0.253069045558391,-0.11518128966604764,0.0026471753192304865,0.5262138935530132,-0.027660239926990928
['Lata Mangeshkar'],[132940],-0.023600073909490916,-0.261619069666215,0.06769531002920406,0.3540845869160029,-0.7854394074592161,0.9020243618948326,-0.6388232280196162
['Lata Mangeshkar'],[132940],-0.537468292880923,-0.6182831017741812,0.3763868499843235,0.10551621291051709,-0.6622793282481122,0.7989711142789885,-0.1363057239335135
['Lata Mangeshkar'],[132940],-0.4948152341220712,-0.24865514321086535,0.5018901253632357,0.005772877169954576,-0.7809813474250369,0.6772557643807791,-0.2337981300112358
['Lata Mangeshkar'],[132940],-0.3589737301865382,-0.3326714083550331,0.15209487863319943,-0.18113553478422997,-0.3283427505370295,0.9022542227990901,0.008703320089113318
['Lata Mangeshkar'],[132940],-0.5128450100704526,-0.5936129942318548,0.23780691725703457,0.08178564926019237,-0.6471465165702635,0.9075991636085506,-0.13515120171760342
['Lata Mangeshkar'],[132940],-0.45389110731716065,-0.28491286331024174,0.5377242188750693,-0.07575473879919656,-0.2591393682805611,0.5450799253136689,-0.12614288251781536
['Lata Mangeshkar'],[132940],0.04542138942941579,-0.15391350954704042,0.07206397096438749,0.2087582771254549,-0.3775063689758468,0.7033152964975635,-0.5395278288325954
['Lata Mangeshkar'],[132940],-0.43749325746350687,-0.6073926433968366,0.40017729088640963,-0.01733260792080464,0.11869571954553296,0.529506074713586,-0.13248096366152165
['Lata Mangeshkar'],[132940],-0.5735404776893094,-0.4380934524446001,0.24125935566961001,-0.04867151363815125,-0.05411564230574092,0.623108966795014,-0.031238999908631302
['Lata Mangeshkar'],[132940],-0.7675989655277133,-0.43921558309776626,0.9171734786780199,-0.08236087855345947,-0.009417280218427,1.0536543493946737,-0.015450853878536336
['Lata Mangeshkar'],[132940],-0.5260846130711225,-0.6793166928673907,0.33876045036190805,0.08692544753568629,-0.5742957822219864,0.769210376359572,-0.060744473021495896
['Lata Mangeshkar'],[132940],-0.40818004453007123,-0.7412435698874797,0.3116300648308515,0.03018903054172675,0.039656601004479805,0.6117759690016239,-0.0030453331628292274
['Lata Mangeshkar'],[132940],-0.4182761556628289,-0.41239620325864157,0.2346406625283203,-0.005204049775321,-0.14549356768795288,0.6447173422807942,0.01331473243868651
['Lata Mangeshkar'],[132940],-0.3231987350817821,-0.355390419943311,0.20111361602783662,-0.23810240508970332,-0.007026298242371426,0.6400391122868052,0.14017281691718417
['Lata Mangeshkar'],[132940],-0.2372236473293075,-0.35096667484389554,0.2657133568949623,-0.1196217398736448,-0.029498218738933206,0.33998653318862865,0.06201785217187898
['Lata Mangeshkar'],[132940],-0.2863729603578639,-0.6718559578955348,0.37395243133234835,0.05860429760356713,-0.5250404097572159,0.5959204794062057,-0.1195926108660795
['Lata Mangeshkar'],[132940],-0.4280157636382575,-0.7287454444198301,0.3507905444860084,0.32874223414185266,-0.14369101990670108,0.8505601482066256,-0.38854138875593375
['Lata Mangeshkar'],[132940],-0.6958241408316881,-0.5465792852631803,0.23185277054458242,-0.01064022678199293,-0.6512986719051467,0.945671816190243,-0.00904045916139661
['Lata Mangeshkar'],[132940],-0.12145919669039745,-0.25341903121262854,0.032670349079673464,0.190559045722421,-0.05510415511020747,0.9556696891801965,-0.6008056524695247
['Lata Mangeshkar'],[132940],-0.7257991508817033,-0.5109798533768038,0.5192059996472749,-0.03801905584875053,-0.2927438156500232,0.8531840968455391,-0.22533868983875285
['Lata Mangeshkar'],[132940],-0.5876534555379713,-0.6416757980944043,0.23065720186844277,0.10397693222779747,-0.5521777248465702,0.8601915826844575,-0.1654210329753762
['Lata Mangeshkar'],[132940],-0.3226735287986476,-0.43899601525703075,0.4384690125267187,-0.036282620207758194,-0.012014999811628232,0.3170030136084429,-0.07918590235538939
['Lata Mangeshkar'],[132940],-0.09552868180528046,-0.4122857971534162,0.18793447648068107,0.3187110662561851,-0.05964735510425537,0.7916748565483525,-0.6251278898954912
['Lata Mangeshkar'],[132940],-0.6121094547215281,-0.618563430436561,0.2715550929835807,-0.064453328499447,-0.12478710423542864,0.8201660354179374,0.011244339634420532
['Lata Mangeshkar'],[132940],-0.28921711155680085,-0.6092585613202413,0.30701133953013743,0.005337357422769343,0.11601689953441328,0.554702949337027,-0.03192156696810537
['Lata Mangeshkar'],[132940],-0.6916408591755826,-0.6881142960293228,0.264781626301911,0.07546723650480769,-0.549451161024562,0.9162086239232342,-0.07692897322155194
['Lata Mangeshkar'],[132940],-0.6213366771800416,-0.461965983899341,0.19814796484671796,-0.04686138175223181,0.033252649167257245,0.5651168140364864,-0.08157412018902614
['Lata Mangeshkar'],[132940],-0.7306116376945544,-0.43283386904075694,0.21014473483303486,0.1414552559584537,-0.4801869764667029,0.5994089137783623,-0.12293761963081866
['Lata Mangeshkar'],[132940],-0.11936772292743242,-0.29523931775936424,0.0909081219237774,0.11690611691918887,-0.18066293618240847,0.884223045156878,-0.3732412228708751
['Lata Mangeshkar'],[132940],-0.5009681877422391,-0.31237178481835093,0.2426533112424307,-0.08335983347243348,-0.2511568412002116,0.6031198391627035,0.0005283126456125366
['Lata Mangeshkar'],[132940],0.09279016434004425,-0.008319575654639203,0.03884810205792535,0.19454495378765083,-0.4761380313011837,0.6696247159862468,-0.5588001708066593
['Lata Mangeshkar'],[132940],-0.5147089569491756,-0.6434667613223874,0.6231560355910585,-0.002355781760165059,0.1391416680873094,0.740843510764983,0.046624861238854814
['Lata Mangeshkar'],[132940],-0.44374922175311277,-0.695866516259305,0.4008481547232692,0.04712601185399748,0.054030607911820475,0.6628834588476118,-0.1768571308546566
['Lata Mangeshkar'],[132940],-0.4739913757390831,-0.5706642236652598,0.29743593318915457,0.10205752233607203,-0.7811032145954396,0.6226722484783291,-0.10707678584771564
['Lata Mangeshkar'],[132940],-0.6459582452083058,-0.7642090328122906,0.24580409253902272,-0.01917147006577583,0.07096394837835024,0.8181409192489693,-0.01204944342973745
['Lata Mangeshkar'],[132940],-0.5357527791614837,-0.8116395212674818,0.2696069068760914,0.14702789556413554,-0.10580282458080861,0.7224996007810787,-0.1013034112588468
['Lata Mangeshkar'],[132940],-1.013501856194532,-0.4216804705530547,0.32100083295904847,0.13226015008465428,0.0827509843161405,0.6203428669501951,-0.1214629875067114
['Lata Mangeshkar'],[132940],-0.04058121994866813,-0.30047685837619414,0.1065622345381626,0.16137493759580768,0.19376453784499723,0.8115765229292512,-0.6653527885419586
['Lata Mangeshkar'],[132940],-0.590302519727986,-0.7588842867089307,0.3616486868645765,0.09745003729714123,-0.20244259560719224,0.7392620955153069,-0.12669366021817707
['Lata Mangeshkar'],[132940],-0.26316768703742244,-0.5912262575965546,0.26673365540848565,-0.01789688232318495,-0.16484000123293135,0.584702496536363,-0.03372967474585065
['Lata Mangeshkar'],[132940],-0.3946651821303132,-0.46562820639447766,0.23748492715761585,-0.16537613334699114,0.013073532483602445,0.6693298077507569,0.09867946801433
['Lata Mangeshkar'],[132940],-0.3544877620734252,-0.35449251955972133,0.11156370074112279,0.33650305751365317,-0.4755250103437052,0.9973840523611346,-0.7208005211511698
['Lata Mangeshkar'],[132940],0.012187110473626776,-0.16873872359020856,0.11037827240298868,0.28758304564795667,-0.7088468552260175,0.882240589103292,-0.672776942241337
['Lata Mangeshkar'],[132940],-0.439890689814298,-0.7520574712647742,0.4970686227497141,0.05201087812188267,0.12364947393110587,0.5415825060896505,-0.056138400919700016
['Lata Mangeshkar'],[132940],-0.42800729262146536,-0.452268227643984,0.1960066673833158,-0.05012039984953226,-0.8677543155965443,0.8852607735178296,0.11884668682028202
['Lata Mangeshkar'],[132940],-0.43975446309231475,-0.44034717996269157,0.20160323547676945,0.016048927065770994,-0.1475651394378241,0.5410231878299089,-0.13496622120558188
['Lata Mangeshkar'],[132940],-0.38291603169197935,-0.5387868645055683,0.31300958251714933,0.2583741356889662,-0.12611420706298013,1.064228777384176,-0.44011577691622483
['Lata Mangeshkar'],[132940],0.09575763837464565,-0.33731318747510347,0.09360982092029377,0.2347602391539418,-0.07443195898807507,0.86752641625027,-0.6253520170067375
['Lata Mangeshkar'],[132940],-0.1928211798736476,-0.3335057334695325,0.15228386963496834,0.0925554103349432,-0.21693060206260226,0.6600301154885737,-0.3201034039504006
['Lata Mangeshkar'],[132940],-0.026925155032064295,-0.16486034261773258,0.02900012139676407,0.04403926335547167,-0.07552199260878344,1.0648543521981104,-0.4297551772233572
['Lata Mangeshkar'],[132940],-0.3931266923266547,-0.3094408657455555,0.1846061904791232,-0.1769283314072843,-0.522379946734948,0.84415601357569,0.0827374244552127
['Lata Mangeshkar'],[132940],-0.7975067021300838,-0.4855159730912492,0.1444939362404032,0.27113200292144524,-0.6544592262894425,0.5833889705254438,-0.11864508840357295
['Lata Mangeshkar'],[132940],-0.5291266503010814,-0.1366025976198074,0.5457926213894593,-0.04158872032542257,-0.6967743368529475,0.7233459791575523,-0.03465319077434303
['Lata Mangeshkar'],[132940],-0.5757039329012582,-0.6420225983401354,0.34660772874702606,0.01281091017114044,0.07815619467195078,0.7931063188068762,-0.21976787955965565
['Lata Mangeshkar'],[132940],-0.4510262630451854,-0.5370636269956691,0.5434926081524111,0.03640072691519415,0.022327354227451027,0.4762836925077676,-0.1455152671057553
['Lata Mangeshkar'],[132940],-0.6086887184365342,-0.7325134259851582,0.3243727162902587,-0.08125357490060027,-0.020376176453000192,0.9499753377057629,-0.0006001930621838368
['Lata Mangeshkar'],[132940],-0.718133970411377,-0.7603967078989541,0.29856864859427484,0.09777271338304527,-0.18988137833277535,0.7881459823300455,-0.0846422111525454
['Lata Mangeshkar'],[132940],-0.6416648572783644,-0.08380185123147063,0.5968870152726057,0.227301566273411,-0.4477647614512366,1.2495256883912773,-0.9131750493478704
['Lata Mangeshkar'],[132940],-0.15409156047297914,-0.5282251073936174,0.2952119373986239,0.24201890649617044,-0.4801414933196594,0.6678599603489305,-0.22300877623580326
['Lata Mangeshkar'],[132940],-0.4181122971596013,-0.6657403059277512,0.1960476689187657,0.033314845794255324,-0.08561835935432925,0.9900986494484707,-0.21686376895756337
['Lata Mangeshkar'],[132940],-0.4328421678327239,-0.551614231757443,0.2259924945979255,0.22456536533163066,-0.21365909026668223,1.0816195819404144,-0.5290402132273915
['Lata Mangeshkar'],[132940],-0.2505925352863072,-0.3271925513462693,0.20392698314013358,0.04011684765718703,0.19843831786281013,0.9626669328166253,-0.4675457666968779
['Lata Mangeshkar'],[132940],-0.6618076993275988,-0.34059292286411896,0.2471191916441259,0.11691463953406829,-0.5824832807353513,0.5901815593505794,-0.10302948876006048
['Lata Mangeshkar'],[132940],-0.36980481131677206,-0.4494951013499668,0.2723147898479788,-0.01816723913047461,-0.4513199674257463,0.47570158353797054,-0.036668093963134495
['Lata Mangeshkar'],[132940],-0.04473897580928758,-0.32116894583795813,0.11165450026258515,0.07022262466237202,0.11417527015416354,1.1025882555694118,-0.38792006208100444
['Lata Mangeshkar'],[132940],-0.4228872530833396,-0.30899991691240275,0.18869973034162954,-0.12066119567729756,-0.1738220366838358,0.5666234085019214,0.1122737427505905
['Lata Mangeshkar'],[132940],-0.7142367796920505,-0.6602553081989903,0.3148062523763407,0.18011881056369758,-0.4703221727697388,0.657582180236528,-0.21382846278709464
['Lata Mangeshkar'],[132940],-0.47752281779237454,-0.615094465930224,0.41755621440251117,0.07586926822873792,-0.32040128022290826,0.622169563152573,-0.16429487011855554
['Lata Mangeshkar'],[132940],-0.5805529772078672,-0.5464874769039579,0.2702310564229915,0.08674758490940014,-0.3110573464282925,0.6189725057341717,-0.08726010147408084
['Lata Mangeshkar'],[132940],-0.35117937292015844,-0.19231840762901772,0.11710128766544625,0.16478788481633988,-0.4993824841464999,1.0820363234632784,-0.5404658888059543
['Lata Mangeshkar'],[132940],-0.6768177643081491,-0.3642503060302616,0.3042073356961715,0.055807154616475514,-0.49955270478142183,0.5658160067600129,-0.16679624839529159
['Lata Mangeshkar'],[132940],-0.5177728428911746,-0.5058923280379045,0.11049165985044865,0.314227286572354,-0.3820194874191632,1.0442567528809903,-0.5664324520742678
['Lata Mangeshkar'],[132940],0.07420054735443886,-0.13832533236547745,0.07774216079889912,0.24412975083949354,-0.1887540342256358,0.6615772046120448,-0.5682124119406773
['Lata Mangeshkar'],[132940],-0.3894848353657818,-0.3049606703580247,0.26338095117810534,0.08992396468155889,-0.5708166349204501,0.7440680001102387,-0.224185960196314
['Lata Mangeshkar'],[132940],-0.3939816523264908,-0.5127650187044291,0.31836150995145773,-0.033872705762276294,0.006339314963909512,1.1197103049173949,-0.10934006548247714
['Lata Mangeshkar'],[132940],-0.349633887715405,-0.5342085527345192,0.8679135482291065,0.20602032751150248,-0.3118340634192129,0.6398455485857057,-0.13393421266702685
['Lata Mangeshkar'],[132940],-0.3863864767858534,-0.37229009949848935,0.20395625124777056,0.03195586557648323,-0.8057640179297723,0.5319078035089638,-0.0030807766441927832
['Lata Mangeshkar'],[132940],-0.22858594241765157,-0.5972940485696427,0.28327548340683373,0.20944998343704424,0.1397673133711744,1.0465734980567447,-0.49364343177787146
['Lata Mangeshkar'],[132940],-0.19184434886616547,-0.301107344064326,0.09125649277852772,0.16565948906531094,-0.4375885414251937,0.9520182951352215,-0.40128811994644564
['Lata Mangeshkar'],[132940],-0.43899227232562243,-0.21911853892951422,0.48941552369188174,-0.12480541214039251,-0.626423625274124,0.6666996801454339,-0.06012982839310042
['Lata Mangeshkar'],[132940],-0.30791155742139953,-0.6117890405982704,0.30238815367885186,0.0151739703256005,-0.3470121414705848,0.5710558639373654,-0.08087183492282744
['Lata Mangeshkar'],[132940],-0.17754733680288906,-0.429248860171161,0.21630627263926824,0.05972563079574911,-0.6294210262068046,0.50533923499534,-0.06865467323929675
['Lata Mangeshkar'],[132940],-0.7282836238196515,-0.517776339070565,0.8315286228081078,0.22451194299328592,-0.7312453191190859,0.7538050642841879,-0.37983825876532823
['Lata Mangeshkar'],[132940],-0.7652542063537681,-0.5076816235120835,0.2914658665939933,-0.08664337796189235,0.06808151614254052,0.8635041847417582,0.03876857974503205
['Lata Mangeshkar'],[132940],-0.54304595066468,-0.739375745689503,0.3637198087315916,0.26065402307676055,-0.645413241047788,0.7164377134988827,-0.14032298069248386
['Lata Mangeshkar'],[132940],-0.24588524352298027,-0.5944258624096069,0.1767171612927553,0.28451547720043907,-0.3422356945505858,0.8234532515738138,-0.5031510841145336
['Lata Mangeshkar'],[132940],-0.10527687307087971,-0.26454368027391645,0.14448999792616715,0.21877756242538113,0.02277363000434412,0.8228423370169939,-0.6995655408443965
['Lata Mangeshkar'],[132940],-0.7174909425834414,-0.5592130045090804,0.44920896692635115,0.09318364076217012,-0.19675094046674763,0.753030931186885,-0.1126783490761773
['Lata Mangeshkar'],[132940],-0.8787230618218945,-0.5735103633518758,0.34184333668814854,0.14603061839124476,-0.5397330840256739,0.796185644929144,-0.21079801117930327
['Lata Mangeshkar'],[132940],-0.20042352410929265,-0.558719566428728,0.22129273350714188,0.1858377724091485,0.0934197294341489,0.7529790986091095,-0.49214518674563595
['Lata Mangeshkar'],[132940],-0.16311932588700154,-0.28604382477253504,0.13579298347356988,0.06708040515705684,-0.0387338174453362,0.6331289059867268,-0.25664614413803205
['Lata Mangeshkar'],[132940],-0.49832285577407714,-0.7724109226929695,0.19858372782717737,0.09021495916392734,0.1832832264295499,0.8057180178271413,-0.19989772082135956
['Lata Mangeshkar'],[132940],-0.8257933559020225,-0.485205454914209,0.25994100001207365,0.013022537759959579,-0.8146257057044144,1.037434362637197,-0.05149503133975775
['Lata Mangeshkar'],[132940],-0.14018538960081056,-0.3132802024466412,0.07566738244233889,0.09783408958509869,0.22258070495934848,1.0789714176684402,-0.613477690742153
['Lata Mangeshkar'],[132940],-0.26479754339872347,-0.3468837135981854,0.2559000098460274,0.27903871394161495,-0.38478483937824526,1.1263787426467182,-0.7006095759579357
['Lata Mangeshkar'],[132940],-0.007315428568929804,-0.2992226709794883,0.12060707555363483,0.27437754848179013,-0.250106708273858,0.8478769585756433,-0.6500538406770016
['Lata Mangeshkar'],[132940],-0.6949736979628084,-0.5777022630365775,0.5980849274168839,0.19323669134393018,-0.5547321494458446,0.6722098021173283,-0.40643064860492145
['Lata Mangeshkar'],[132940],-0.30261237093750004,-0.4559640265241241,0.15269091691736708,0.2655145228180741,-0.03968983420339257,0.9383773001215551,-0.6653368741960068
['Lata Mangeshkar'],[132940],-0.3308302915297206,-0.2921620150887644,0.16832867589066616,-0.2653247183001232,-0.007947661841074316,0.6581675433859577,0.17621173348077038
['Lata Mangeshkar'],[132940],-0.8364758789946433,-0.5825518788018543,0.16612017498047493,0.13152704762364165,-0.6341167356646574,0.8410106001061941,-0.10094064380389417
['Lata Mangeshkar'],[132940],-0.5717249046538045,-0.44903289738961577,0.45688158739966894,-0.13881042349000733,-0.04921532508782706,0.7798909629039419,-0.11686515334599674
['Lata Mangeshkar'],[132940],-0.4062265565939663,-0.24132107793293908,0.2250316973671723,0.042642257549094655,-0.5325015876007522,0.48736513481271493,0.0347746834108593
['Led Zeppelin'],[139026],-0.8167833977894979,0.486681269529908,0.07833959138069359,0.29655467269539465,0.02504265519799431,0.5470374887285652,-0.5709823469064829
['Led Zeppelin'],[139026],-0.6945592483910579,-0.09827482278840204,0.10989346545916287,0.0944063657776317,-0.32792451697346275,0.46926381649202903,-0.06398576263685807
['Led Zeppelin'],[139026],-0.4630956993182704,-0.546089628270445,0.23063161323366282,0.06462618588486625,0.15272741652281469,0.6749215618436188,-0.13398811786281825
['Led Zeppelin'],[139026],-0.5470842472903861,-0.07145032684768636,0.06923028830621886,0.09267083009808513,0.09301081580497582,0.21962731647909461,0.022132804918487965
['Led Zeppelin'],[139026],-0.5603309572471871,-0.11831153357069356,-0.05065199189628242,0.33977632388348283,0.044903527784061904,0.7409405727145384,-0.5996356952187861
['Led Zeppelin'],[139026],-0.8448159832173703,-0.33571355069161257,0.15293779725752202,0.20339112301995493,-0.027831265241271566,0.4311117114964063,-0.12147707301202114
['Led Zeppelin'],[139026],-0.9757295115711421,0.14041791391467728,-0.030674761830027233,0.007356898969624944,0.12106106199576226,0.3776597206972066,0.04649536386447939
['Led Zeppelin'],[139026],-0.9949606799401676,0.08800960526909149,-0.15064445051006686,0.4472418999360627,0.07707237649412355,0.6916617994513338,-0.5721111384576643
['Led Zeppelin'],[139026],-1.2684478581748104,0.050260304398511604,0.03834980639732871,0.05690132212895419,-0.27571000353872516,0.6879882580583222,-0.09256632463948193
['Led Zeppelin'],[139026],-1.3410388727528608,-0.2511315409069427,0.1723851468460435,0.30728387905387744,-0.4274454077353943,0.5984329105985936,-0.3123988440799354
['Led Zeppelin'],[139026],-1.1305940192817057,-0.28515063254246137,0.02863519369560748,0.23236846720784862,0.0797615138216443,0.4263003633729104,-0.14636336368929692
['Led Zeppelin'],[139026],-0.8532089731318137,0.5221258103054733,-0.07871310380325106,0.26386265279976356,-0.2964006462609757,0.8817014829283248,-0.6560053330296942
['Led Zeppelin'],[139026],-1.117811977024593,0.18940821031638222,-0.07295716570512276,0.25434332440924584,-0.6690389010004727,0.34071546075606707,-0.06873068001545608
['Led Zeppelin'],[139026],-0.8543455318724089,0.0008452986180643184,-0.10536813284546682,0.24406200820441018,0.14963514683009432,0.869240397353669,-0.554289949034914
['Led Zeppelin'],[139026],-1.117811977024593,0.18940821031638222,-0.07295716570512276,0.25434332440924584,-0.6690389010004727,0.34071546075606707,-0.06873068001545608
['Led Zeppelin'],[139026],-1.3639353316062957,-0.376497725049794,0.09528386360517592,0.21428814442897512,0.03356900355282879,0.6966236967529499,-0.26685481950112017
['Led Zeppelin'],[139026],-0.7198706481660575,-0.014671773550903025,0.111168890725276,0.04592924905278724,-0.24741415046495793,0.43574156796633445,0.05304582938037462
['Led Zeppelin'],[139026],-1.210443325352001,-0.19901608324462347,0.013556540696457274,0.23300936721940668,-0.6168646135588518,0.7219766587389551,-0.08016220666391355
['Led Zeppelin'],[139026],-1.0360046262812441,-0.2489828657246701,0.23932936254672374,0.20890128365267915,-0.19227939733476201,0.4893976910840334,-0.2867505718469879
['Led Zeppelin'],[139026],-1.2556614886201942,0.12094482776952738,0.3706261456782202,-0.007188147321510908,-0.017184891134772028,0.6335309201206039,-0.21390806701066728
['Led Zeppelin'],[139026],-1.3544365345078628,-0.16955793558573404,-0.05917515431038614,0.2011269649229932,-0.6083540302136716,0.7938568307345635,-0.17092502276152485
['Led Zeppelin'],[139026],-0.9563859733441541,0.23153800218018944,0.3114730907737442,0.1448282695981744,-0.037665138613768086,0.3864407018788215,-0.28841788221883297
['Led Zeppelin'],[139026],-1.0440998542867177,0.29205151633696774,0.40854917464085594,0.23515472469078952,-0.8235994613433953,0.6288892002488528,-0.31122827364046785
['Led Zeppelin'],[139026],-0.357549689230804,-0.1575684900031445,0.21809954663621506,-0.01384510534252896,-0.5538470217934633,0.4119557968132931,0.08291285822869013
['Led Zeppelin'],[139026],-1.0137227906464157,0.047928897841997296,-0.12476709960479618,0.6003955244152847,-0.5193903116465438,0.8431464078429612,-0.8650104418034433
['Led Zeppelin'],[139026],-0.2918283092767568,-0.02284071793878581,-0.013054689952383404,0.3121474986061099,-0.41759828908366575,0.7869512680994905,-0.6847159713497432
['Led Zeppelin'],[139026],-1.045854767593178,-0.17823421977197465,0.19615770124451584,0.20229985665964526,-0.012151895813171023,0.47344998411392064,-0.2388876051652203
['Led Zeppelin'],[139026],-0.8855346752221326,0.11101882875832027,-0.20693022716374085,0.34620489926438675,0.0828580185100537,0.8752389342426721,-0.6570447063059799
['Led Zeppelin'],[139026],-1.1981526490589627,-0.28778705836893115,0.15702834614546263,0.26146035872027856,0.004438855625287158,0.4813372672329286,-0.26232012578505864
['Led Zeppelin'],[139026],-1.1070941697323773,-0.15629001362356257,0.022525649190680258,0.054367874163684965,0.1733456106563257,0.69837318998354,-0.00891494876931133
['Led Zeppelin'],[139026],-1.0981043378845394,-0.011566961658171837,-0.1102588199085283,0.3404279507336198,0.033975830965529405,0.5579413355550153,-0.3175831335588364
['Led Zeppelin'],[139026],-1.2697182143189782,0.09391256186035005,-0.00923237752172819,0.07443994117749675,-0.013754971503604869,0.5687727652934049,-0.03321497349330028
['Led Zeppelin'],[139026],-1.1121355403341777,-0.10920134265649349,-0.1907471302035812,0.624141742100242,-0.49450716042581183,0.9622215192801993,-0.8645289086020648
['Led Zeppelin'],[139026],-1.200814436668157,-0.3789322805424979,-0.0031012381131202355,0.3798170367785289,-0.601274920896744,0.681220353731779,-0.19801817538688488
['Led Zeppelin'],[139026],-1.0950250070957221,-0.3046398250199385,0.04441621399678097,0.2180642625968736,-0.016604765355748126,0.44034681879969584,-0.15980132488325402
['Led Zeppelin'],[139026],-1.2333024905169836,-0.08957272608581811,0.21822442972942122,0.13488083441086957,-0.008061415932138079,0.5194848921171389,-0.25546165429022333
['Led Zeppelin'],[139026],-0.5571010953574299,-0.11880523395626048,0.22928330282565992,-0.0004008457541891867,-0.25607229576780005,0.46837890793819,-0.04406233000482434
['Led Zeppelin'],[139026],-1.0125347236926991,-0.38403596220503905,0.12169720895860789,0.24769824971577084,-0.008486768792053153,0.47986771658683336,-0.2134034312586191
['Led Zeppelin'],[139026],-0.016561269400376104,0.10820510241106164,-0.0423624657912073,0.2263930568163837,-0.5315697851104021,0.8659151563032952,-0.41966118373215344
['Led Zeppelin'],[139026],-0.7567031714925475,-0.3485812387412723,0.1701279497160592,0.17423597036050925,-0.03764098226754975,0.4233278290603998,-0.09505411363645738
['Led Zeppelin'],[139026],-0.8568797717498208,-0.16706286103899629,0.09357701463607276,0.14935153055732062,-0.03335780573103979,0.44492179346386673,-0.053975323443397484
['Led Zeppelin'],[139026],-0.9286326506312523,-0.21223574700275438,-0.01718304582921934,0.351842466602868,-0.731837024999647,0.5482551480082294,0.007109941661031175
['Led Zeppelin'],[139026],-1.2914339556754464,-0.018488714456427198,0.2001116519765586,0.3246217275420037,-0.8101090012123314,0.5174966002485043,-0.3471128434289683
['Led Zeppelin'],[139026],-1.2697182143189782,0.09391256186035005,-0.00923237752172819,0.07443994117749675,-0.013754971503604869,0.5687727652934049,-0.03321497349330028
['Led Zeppelin'],[139026],-0.4918942914503435,-0.12891814581523944,0.14185528124498192,0.13999205931223144,-0.7144825313662168,0.37187693888122775,0.026790992681656352
['Led Zeppelin'],[139026],-1.1679630917430346,0.054559747419335496,0.4702395607380061,0.3844857508774572,-0.6367872661342062,0.4819696696166011,-0.2088010530476934
['Led Zeppelin'],[139026],-0.8413223729894834,-0.06228297837937458,-0.004279830152223101,0.20497454912896826,-0.30862463718919836,0.45414242349252487,-0.04311886126667708
['Led Zeppelin'],[139026],-0.933867044052989,-0.3091746485521116,0.10297632345214758,0.17675567223321303,-0.030635511200824063,0.4167335736309946,-0.17002815844509137
['Led Zeppelin'],[139026],-1.2185684583131846,-0.2703172612870305,0.07173480722782637,0.271813238825554,-0.2629427855339135,0.5269231050853501,-0.18487602842995515
['Led Zeppelin'],[139026],-1.160078912456756,-0.30523431178991073,0.031488252868048315,0.3732961712305904,-0.09534501867615522,0.861019493440842,-0.5603326159475678
['Led Zeppelin'],[139026],-0.880328249126556,-0.299544930811837,-0.027008314574538853,0.34739742804296775,-0.10817008755852027,0.8547612201612034,-0.6051289281535691
['Led Zeppelin'],[139026],-1.2894219689992277,-0.34320495988464395,0.03423805511984452,0.38025015510483223,-0.6077599480428844,0.5952727025267198,-0.21364127033366778
['Led Zeppelin'],[139026],-1.2281850440761641,-0.28694784670851914,0.10214356991588272,0.26292752685711046,0.006212431701043762,0.47686332583124647,-0.24710497958375569
['Led Zeppelin'],[139026],-1.2518148063528012,-0.358965094288546,0.06919543908032985,0.36384720555096906,-0.6105520277454102,0.6017601680203639,-0.205201251463169
['Led Zeppelin'],[139026],-1.0183965823590617,-0.08002460709267792,-0.12358523910090384,0.4533045816639931,-0.5951358925451842,0.6127555997834921,-0.3357683520647489
['Led Zeppelin'],[139026],-0.759549804406526,0.05102421393552174,-0.06639564976240239,0.23488636765448254,-0.6846079406431397,0.4170271645701521,0.08867672303733143
['Led Zeppelin'],[139026],-0.6334440493577649,-0.6090946473580457,0.23807108941941466,0.009647432133659003,-0.017323364069638556,0.8152848011107341,-0.09549181685548852
['Led Zeppelin'],[139026],-1.2339827554764597,-0.42677910577954503,0.2797073726826896,0.24288127380050437,0.020307015507707412,0.6222530231610051,-0.26785740626195653
['Led Zeppelin'],[139026],-0.146696328613226,-0.002361360913772483,0.035849419026275454,0.27781132039970424,-0.2815452294525726,0.5867989406675335,-0.40683525884889205
['Led Zeppelin'],[139026],-1.0881750410582443,0.2028354893770687,-0.0053564115672085156,0.3235971372527976,-0.8000797083932786,0.6416595009813365,-0.19999225614388982
['Led Zeppelin'],[139026],-0.8089572988109615,-0.41683960291850947,0.07853189919644596,0.18050829757464043,0.2170744542569884,0.8101140922057773,-0.34917264773841544
['Led Zeppelin'],[139026],-1.099802554214407,-0.05177423445829228,0.10646616180155144,0.20230441082992234,-0.014995893997634844,0.41376307719032734,-0.21267948138539647
['Led Zeppelin'],[139026],-1.3050859856228973,-0.25478913282473503,0.11844462799016264,0.2252925824215694,0.1936923173380869,0.5044017167382697,-0.26412867635205334
['Led Zeppelin'],[139026],-1.2985694172155258,-0.33698021133737105,0.021587493477154437,0.2471854032417936,0.19786755224194122,0.51584002962992,-0.21388065479341903
['Led Zeppelin'],[139026],-0.54459333599165,-0.33297070447749555,0.1975423394904231,0.13916867469046804,-0.51597633795935,0.42648480984994974,-0.0691261294651943
['Led Zeppelin'],[139026],-1.184256839212319,0.0551657917793508,-0.019216963801168618,0.31583623979195735,-0.6181329926989735,0.5933849348577769,-0.2928979732254315
['Led Zeppelin'],[139026],-1.2436809266941382,-0.42885893764003347,-0.010098631718682466,0.3748441366604472,-0.4193407621079524,0.6225485912057449,-0.29052816589327674
['Led Zeppelin'],[139026],-1.077843985783691,-0.33350602225335774,0.0014887251919202245,0.34157122582765054,0.05273419045794868,0.6899329767586985,-0.39815111144414195
['Led Zeppelin'],[139026],-0.597170568411498,-0.3766378445418336,0.050205194793487,0.4020857296156776,-0.5823304800445022,0.8323334796320828,-0.5025510151674946
['Led Zeppelin'],[139026],-1.1444283652538754,-0.20949323019270766,0.07821757972305887,0.27684403125375057,-0.2775240099029787,0.43098887336003844,-0.19778518013099095
['Led Zeppelin'],[139026],-0.8210391281612173,0.35766424027678423,-0.18121797771863649,0.2647922727506825,-0.293961466350866,0.9068109374989157,-0.5515401768008928
['Led Zeppelin'],[139026],-1.3129822885310223,-0.3500216231671433,0.31329629258667263,0.3385643330561219,-0.5834040251560165,0.7803295414808128,-0.4451334428386392
['Led Zeppelin'],[139026],-0.2902392264651758,-0.027299316577430174,-0.007804573149489775,-0.07007509212631688,0.14869547440591976,0.7864125863909847,-0.2097304345421336
['Led Zeppelin'],[139026],-0.5823231025564917,-0.3202359829178758,0.11094719076020969,0.1448611215564266,-0.06697044869793727,0.30812317805789946,0.024685078244745133
['Led Zeppelin'],[139026],-1.160472239011109,-0.14260168188630437,0.0668911346848999,0.3763939848568118,-0.6332327034732906,0.4411909050673054,-0.16890146179071278
['Led Zeppelin'],[139026],-1.0087778421110025,-0.060443941369239584,0.06759005609220378,0.20313758715638242,-0.021785597580834152,0.4055222421645725,-0.0875428593060095
['Led Zeppelin'],[139026],-0.35775715495071025,0.16035778756298574,-0.06114709226908936,0.09552049702539657,0.18445680519715574,0.7582044590290521,-0.4082485132508387
['Led Zeppelin'],[139026],-1.1385817306648438,0.12570102739058936,-0.24006033796533746,0.43068541008524763,-0.5072916619463133,1.114564358297757,-0.7543073315904807
['Led Zeppelin'],[139026],-1.1300107318225854,0.12065913730020368,-0.022810184268093458,0.15972671647806921,-0.019226368530407576,0.4521385173035577,-0.020317962160726732
['Led Zeppelin'],[139026],-1.0284333030880715,0.067674563082287,0.053472580338718066,0.31290515713936373,-0.64149490066678,0.48146796060483493,-0.28002246502994904
['Led Zeppelin'],[139026],-1.0539572080711401,-0.34788539635826937,0.015115284613555748,0.11506326795469807,-0.6223449825352981,0.873548496971182,-0.05564863925153903
['Led Zeppelin'],[139026],-1.3126154943409094,-0.3551935903088719,0.32713298809403607,0.32695005242932884,-0.5871086601123391,0.7712067609975712,-0.4296777871682566
['Led Zeppelin'],[139026],-0.8317569140485197,-0.3530130064869185,0.09776942888077643,0.20708243109416233,-0.0298074140236336,0.4073342138655473,-0.07791612395562231
['Led Zeppelin'],[139026],-0.7300103754842752,0.055920457951215814,-0.03998034848628048,0.07027661797306974,-0.07480942382341582,0.33014430680449125,0.13246645452626937
['Led Zeppelin'],[139026],-1.059617616692599,-0.31054349292773387,-0.01645433087857925,0.3627722781274417,0.06283415871649417,0.7226939397846986,-0.45873222390217294
['Led Zeppelin'],[139026],-1.0569489036232498,-0.015452403349983554,-0.009018776312463329,0.253660308825511,-0.0058239293074269505,0.4508286322336821,-0.14151082312432567
['Led Zeppelin'],[139026],-1.1520899039678452,0.08638222429820183,0.4241232904538761,0.40153356188205774,-0.6251972747031324,0.5261155107164651,-0.27995504606910915
['Led Zeppelin'],[139026],-1.1231155268330366,-0.3860667195364086,0.1087690416728069,0.32266653948147295,-0.622421335922719,0.6345123317416084,-0.261477713109047
['Led Zeppelin'],[139026],-1.1734752317188686,-0.3270164795661598,0.04828700366361995,0.34738931309530163,-0.6279722958630231,0.54859720807679,-0.20652883047669093
['Led Zeppelin'],[139026],-0.9165961645980575,-0.060313495133080514,0.015447787220437862,0.15524034261058564,-0.05289505368891464,0.311045603828899,-0.08570409426883155
['Led Zeppelin'],[139026],-0.9788147802966989,-0.08363811731292607,-0.03025878788664903,0.4432243185286315,-0.5829682431902168,0.7039692992814334,-0.5128671826262302
['Led Zeppelin'],[139026],-0.7542293710691872,-0.013480682803325005,0.04972599419154255,0.07403144695316254,-0.24446574798464052,0.42501508524528137,0.06977767124609584
['Led Zeppelin'],[139026],-0.8017452083466714,-0.24243914929444949,0.06335210932121468,0.23383929543595203,-0.6781258068386677,0.4443922586990716,-0.10756567329259811
['Led Zeppelin'],[139026],-0.615785407066702,0.0003391699195036108,0.09096049602030859,0.15084708236387898,-0.5437682994457507,0.25537474544804145,0.011829020600666455
['Led Zeppelin'],[139026],-0.6313434031723302,-0.07066969347304072,0.09307956066167908,0.13023777807143685,-0.7084630049293966,0.3858740439398735,0.0069819928691983195
['Led Zeppelin'],[139026],-0.6683231466732242,-0.3447410827709604,0.2968440114861318,0.12092100635503225,-0.05566549455902355,0.41997341660742527,-0.08621336075669385
['Led Zeppelin'],[139026],-0.9654456838100721,-0.2984739074266075,0.07075676405012042,0.3545835731634712,-0.6323580930555762,0.5890145543250229,-0.1835594728903576
['Led Zeppelin'],[139026],-1.068550188788484,0.027912278330341947,0.19629779171360226,0.19767979731673715,-0.6412898120839597,0.6530254300679479,-0.17657195376632523
['Led Zeppelin'],[139026],-1.2705299795442813,-0.12937408943146322,0.12438800537226692,0.40743782576351645,-0.7751919281975822,0.6525867544376744,-0.41406404187594964
['Led Zeppelin'],[139026],-0.7325711553797624,0.02765930026798044,-0.004242786893781743,0.13976972297858326,-0.448907884825489,0.23303337198073687,0.01086155844768727
['Led Zeppelin'],[139026],-0.8413022953918519,-0.053067336942694575,-0.016486189612340368,0.2047484046183158,-0.3106585785193474,0.4392819154994888,-0.026706967419742423
['Led Zeppelin'],[139026],-0.42116010134062726,-0.04248741757393794,0.14642200318784984,-0.0049280423208901344,-0.4723847838830814,0.30042628460617554,0.05958313928433747
['Led Zeppelin'],[139026],-0.5083279731569582,-0.12412389333689658,0.11771791671721583,0.14791244890470212,-0.7136149138298223,0.364343802450296,0.03488739546147091
['Led Zeppelin'],[139026],-1.0507961476147087,-0.2910364352351327,0.21964015541322268,0.22185457175726506,-0.18859430640782418,0.49631504530972903,-0.27790781158158
['Led Zeppelin'],[139026],-0.34100773384547467,-0.526369672821176,0.22392862460214166,0.01324922793059619,-0.07699807844030769,0.46725515273269574,-0.03926601069437473
['Led Zeppelin'],[139026],-0.5081930840415162,-0.12051646423950378,0.16484873271030134,0.11158343477867912,-0.5343822812268048,0.35949763855248884,0.012281342698851574
['Led Zeppelin'],[139026],-1.3652141912270503,-0.18109909144436462,-0.0663011254013156,0.20445431102562045,-0.6060730332764124,0.8010397867818582,-0.17649934540011739
['Led Zeppelin'],[139026],-1.0740911219816542,-0.020474927726245512,-0.16096866119801656,0.3318084938754358,-0.20522445359562871,0.8383344197283817,-0.47988463136882487
['Led Zeppelin'],[139026],-0.34973668739730346,-0.5418451109979301,0.224497341243928,0.010815589334284045,-0.08071019559324183,0.4607666203646867,-0.016956858003041884
['Led Zeppelin'],[139026],-0.34100773384547467,-0.526369672821176,0.22392862460214166,0.01324922793059619,-0.07699807844030769,0.46725515273269574,-0.03926601069437473
['Led Zeppelin'],[139026],-1.2055622019801386,-0.18733158046323872,0.014241588005342217,0.2310046364103723,-0.6186635861167038,0.7101472908619396,-0.07634963875860769
['Led Zeppelin'],[139026],-0.8747987390174726,-0.0706180182234427,-0.007203365630751232,0.2598598432283978,-0.48968442207579777,0.3993179985691625,-0.09351910553705453
['Led Zeppelin'],[139026],-0.5767911118112072,-0.09368755817550505,0.06681930205514115,0.08484444153730551,0.10102342115267138,0.2584777220126551,-0.018346887644952833
['Led Zeppelin'],[139026],-1.235045939534507,-0.2034663387213427,-0.018018029400237095,0.25821007125717527,-0.6134423790537111,0.7183420065408821,-0.08565548900421158
['Led Zeppelin'],[139026],-1.0531587885084963,-0.28765567737711295,0.1744834362093755,0.23782405832055492,-0.1930871613312203,0.49484235182781267,-0.2639309991307499
['Led Zeppelin'],[139026],-0.7567031714925475,-0.3485812387412723,0.1701279497160592,0.17423597036050925,-0.03764098226754975,0.4233278290603998,-0.09505411363645738
['Led Zeppelin'],[139026],-0.8317569140485197,-0.3530130064869185,0.09776942888077643,0.20708243109416233,-0.0298074140236336,0.4073342138655473,-0.07791612395562231
['Led Zeppelin'],[139026],-0.5710223632352189,-0.28321021665916557,0.11938355964345745,0.1521035058068308,-0.06564138616128794,0.3093078042588373,-0.0010929357472989152
['Led Zeppelin'],[139026],-1.1581737339018028,-0.3289072567572866,0.001989055477633608,0.382346193335086,-0.4086498373432351,0.6795210280119026,-0.3167208187964229
['Led Zeppelin'],[139026],-1.2357653645624442,-0.3075053000416456,0.024214240794083488,0.21293813284472327,0.19576577522712513,0.5651423627115919,-0.15344378451411508
['Led Zeppelin'],[139026],-1.1393094068753777,-0.3932876510581127,0.031418033659640514,0.37450837600804404,-0.4386598798554865,0.5197943985092185,-0.189728940781401
['Led Zeppelin'],[139026],-1.0699686030718247,-0.2128489713728171,0.054714802968885576,0.21621097776571563,0.06331657354526665,0.3186652181614447,-0.17208341282058004
['Led Zeppelin'],[139026],-0.6702984507022283,-0.16163539750642647,0.11732829960506838,0.08086634007095339,-0.855315343849427,0.7149599384850286,0.04045592262891713
['Led Zeppelin'],[139026],-0.9778448090547762,-0.42956377506055143,0.05725359205155087,0.22150597095201008,-0.19084729905692902,0.5664607691317063,-0.16692364944823057
['Led Zeppelin'],[139026],-1.2350386897101049,0.12304454491654725,0.2596761151094879,0.013516720130434163,-0.02141824658216363,0.5936454380784194,-0.12453349721459876
['Led Zeppelin'],[139026],-0.7146160990066236,-0.040447965885812794,0.06693894131895917,0.05294776851640669,-0.24651042760552638,0.4356983373856238,0.07796285124800881
['Led Zeppelin'],[139026],-0.973756423646975,0.0207442453490616,-0.04228919656532082,-0.011383050807738403,-0.039044615249472524,0.6134735645829164,0.06123608642603156
['Led Zeppelin'],[139026],-1.1031001475125006,-0.2588837645661959,0.04124377969897148,0.31244571724960235,-0.642706709933478,0.5027756023962081,-0.17259838474953126
['Led Zeppelin'],[139026],-1.0648897130447976,-0.13282810867398148,0.09764204761508663,0.19080407115034054,-0.022860523318533235,0.4196511769034081,-0.19257115928014396
['Led Zeppelin'],[139026],-1.1461885277452197,0.011946087084612407,0.3161003369107963,0.4012666594355014,-0.6376664853078879,0.47038037611791644,-0.12231722868385987
['Led Zeppelin'],[139026],-0.8677472919115463,-0.20061085595154715,0.047583474969828544,0.23399734485922055,-0.674164212941902,0.4274871691888179,-0.10658762518965362
['Led Zeppelin'],[139026],-1.3355616225473415,-0.31757222177712296,0.0023734814072600622,0.26951124837366425,-0.6007891623742639,0.7774491514687707,-0.21599619313622245
['Led Zeppelin'],[139026],-0.7219645912783462,-0.24299090151881272,-0.08395613947734117,0.42319626310435404,0.08583010960296164,0.8579566258690412,-0.7776968104532126
['Led Zeppelin'],[139026],-0.9920040447928584,-0.2704746842992894,0.10228579194350693,0.22132099161957802,-0.02147639667804723,0.45103533850838895,-0.1474356639748862
['Led Zeppelin'],[139026],-0.674572346468046,0.18071075930847744,0.14371978261251298,0.43714230500334356,-0.38882639774154487,0.8136080967607849,-0.7739381590991078
['Led Zeppelin'],[139026],-0.8729414621535591,0.14076514059793196,0.3901712890994414,-0.013673446356381678,-0.5098029999740044,0.5636283903392844,-0.1616805308771449
['Led Zeppelin'],[139026],-0.6417032681408422,-0.0005079250783106013,0.0732256626476941,0.14580361826095523,-0.541114491217632,0.2644416906575967,0.0028306189021219045
['Led Zeppelin'],[139026],-1.0662387990607147,0.06370828963131846,0.19405846599939258,0.1730233011308455,-0.6484739860844486,0.6180283457817018,-0.13566844799793237
['Led Zeppelin'],[139026],-0.7406396247665807,-0.11711972261762141,0.13884171216731245,0.08114956242929926,-0.8544275126115533,0.6868767964606812,0.02425534773005652
['Led Zeppelin'],[139026],-0.8362235737169471,-0.1866917694799906,0.06681887782216772,0.14020486718243133,0.04366824806851611,0.3818590031144455,-0.05253378645174022
['Led Zeppelin'],[139026],-1.1837464322155582,-0.03770267499989193,0.08520141959939995,0.4946560316955103,-0.7394029821173193,0.7663588059311626,-0.6305817453570188
['Led Zeppelin'],[139026],-1.0822878329419177,0.01860797691892211,0.15623102893202126,0.13521718478234887,-0.0368456596923233,0.3548410619052329,-0.1816804438281241
['Led Zeppelin'],[139026],-1.2124087716507923,-0.1411024597453406,0.050430519644502764,0.2501082386938523,-0.1895870158734188,0.41574904437811605,-0.2199175279059067
['Led Zeppelin'],[139026],-0.48627793209199116,-0.04803612639674663,0.2974364576567411,0.012922303413652506,-0.5369593331552398,0.42284625217623206,-0.17304429031446
['Led Zeppelin'],[139026],-1.374152480884899,-0.19299176467877432,-0.057989708271947216,0.21382117456992464,-0.6012930674165088,0.8177543642161141,-0.19938736512138333
['Led Zeppelin'],[139026],-1.1256787264936827,-0.04924765484532687,0.018323398124067792,0.31594528251805837,0.061589352672754935,0.7332407322073675,-0.5327599789094202
['Led Zeppelin'],[139026],-1.1263226778737117,-0.13957525300933485,0.536762251700931,0.05380631976040736,0.0017804114876016498,0.6886397241220438,-0.4514563336291935
['Led Zeppelin'],[139026],-1.0935981159652703,-0.2663016156620561,0.1869289341447986,0.24657165229091102,-0.18582487873932838,0.48214030076672826,-0.2816729836364712
['Led Zeppelin'],[139026],-1.0740911219816542,-0.020474927726245512,-0.16096866119801656,0.3318084938754358,-0.20522445359562871,0.8383344197283817,-0.47988463136882487
['Led Zeppelin'],[139026],-1.0507961476147087,-0.2910364352351327,0.21964015541322268,0.22185457175726506,-0.18859430640782418,0.49631504530972903,-0.27790781158158
['Led Zeppelin'],[139026],-0.3954007107353944,0.13255976448882967,0.1621521068675092,0.15040280473706757,-0.8383866917621847,0.7434809054213408,-0.2625720296464694
['Led Zeppelin'],[139026],-1.0648290069342352,-0.23778179756420562,0.20669200072613894,0.28488689975351766,-0.642924852930911,0.5452949487474423,-0.27770524937418656
['Led Zeppelin'],[139026],-0.9375655221004637,0.04573051406430808,-0.01322216534939236,0.27939344605231453,-0.4825248974091409,0.36956308048584485,-0.14093922436706058
['Led Zeppelin'],[139026],-1.1981046774154926,-0.2940929273173635,0.14995605732673165,0.1659136341482401,0.18158374098761113,0.5154634126078617,-0.23067124026834565
['Led Zeppelin'],[139026],-1.1394624423471813,0.004536335707629463,0.04567787898554224,0.20869570402178564,-0.43571116771395074,0.7154359723807038,-0.30820967407943295
['Led Zeppelin'],[139026],-1.2055622019801386,-0.18733158046323872,0.014241588005342217,0.2310046364103723,-0.6186635861167038,0.7101472908619396,-0.07634963875860769
['Led Zeppelin'],[139026],-0.2738371052912334,0.137148556666426,-0.02122690036347826,0.21308538031552662,-0.818863314739504,0.799038525513812,-0.3019669853310396
['Led Zeppelin'],[139026],-1.1852190546209196,0.03479996480699726,-0.11556473721758867,0.09055802481157621,-0.3678623777207787,0.709709879945623,0.04074534760880084
['Led Zeppelin'],[139026],-1.0964836003694263,-0.36089737921184617,-0.04870371377141073,0.198514623989168,-0.5996978272903717,0.9264643645841459,-0.13265430257531594
['Led Zeppelin'],[139026],-1.3045174247107918,-0.27202905289260415,0.3213767303320111,0.38958145914715603,-0.5593779996864129,0.8503333097893371,-0.6077302174676966
['Led Zeppelin'],[139026],-0.7181251790083797,0.0615685185588386,-0.05096221694776922,0.08069248435888685,-0.07593637356644543,0.32774918340766546,0.14008483379153006
['Led Zeppelin'],[139026],-1.0545121284930654,-0.011299356755498948,0.08745976218491175,0.2132876805649319,-0.020125072706667285,0.3995046630706952,-0.12385799308492938
['Led Zeppelin'],[139026],-0.5974095602857351,-0.21060953688957937,0.10110122177961381,0.09751080387268542,0.1480989055214407,0.4958723177001906,-0.25137244957983956
['Led Zeppelin'],[139026],-0.866845353929626,-0.30008643740121876,0.17278760966240153,0.4425523437280921,-0.5248759116713151,1.0716031618059407,-0.8092161793653961
['Led Zeppelin'],[139026],-0.23746114701195387,0.04900008076485469,-0.06648624293049722,0.02077895219791906,0.18359843397167205,0.8899644471872161,-0.40349707191674705
['Led Zeppelin'],[139026],-1.1466068529852287,-0.20609358057193827,-0.016392435909785164,0.32568673575099255,-0.44491198443412766,0.5315817580577611,-0.19597069759116745
['Led Zeppelin'],[139026],-1.1418582056798703,0.16329992318553366,-0.024593317441890142,0.18094589321293564,-0.6153108890920197,0.8038900277160643,-0.1762613960804527
['Led Zeppelin'],[139026],-0.9960659428118223,-0.013160263061369344,-0.09317433299502698,0.37688101706370414,0.04065639647933191,0.5639781312643545,-0.4400093098945171
['Led Zeppelin'],[139026],-0.591690021354766,0.15824991046144604,0.15131835415492215,0.4350724200515686,-0.39398271732958695,0.8004651541458788,-0.7967383997027979
['Led Zeppelin'],[139026],-0.7009242723097182,-0.3604881502691724,0.3499973738522091,0.13036986263847392,-0.05037688250699833,0.431287208769864,-0.1238120008009298
['Led Zeppelin'],[139026],-1.31573347608892,0.16859411269195335,0.43674923628462503,0.01009053205350961,-0.013149718406709124,0.6299297357352429,-0.2576268671608276
['Led Zeppelin'],[139026],-0.48841166393945434,-0.34698542132082266,0.003976563699865904,0.3876773225875157,-0.2818004212710253,0.9775916757429712,-0.684289280427647
['Led Zeppelin'],[139026],-1.1031001475125006,-0.2588837645661959,0.04124377969897148,0.31244571724960235,-0.642706709933478,0.5027756023962081,-0.17259838474953126
['Led Zeppelin'],[139026],-0.9778448090547762,-0.42956377506055143,0.05725359205155087,0.22150597095201008,-0.19084729905692902,0.5664607691317063,-0.16692364944823057
['Led Zeppelin'],[139026],-0.7146160990066236,-0.040447965885812794,0.06693894131895917,0.05294776851640669,-0.24651042760552638,0.4356983373856238,0.07796285124800881
['Led Zeppelin'],[139026],-1.3511185636758012,-0.34606233885854504,-0.05525787113350747,0.2835180327020272,-0.5976272564149444,0.7762496211071173,-0.19381145452459272
['Led Zeppelin'],[139026],-1.1461885277452197,0.011946087084612407,0.3161003369107963,0.4012666594355014,-0.6376664853078879,0.47038037611791644,-0.12231722868385987
['Led Zeppelin'],[139026],-0.973756423646975,0.0207442453490616,-0.04228919656532082,-0.011383050807738403,-0.039044615249472524,0.6134735645829164,0.06123608642603156
['Led Zeppelin'],[139026],-0.9282132391745584,0.17289536903749358,0.34336164819457,0.017043108055167087,-0.5065869819008346,0.5438242954913445,-0.1557288028922696
['Led Zeppelin'],[139026],-1.0648897130447976,-0.13282810867398148,0.09764204761508663,0.19080407115034054,-0.022860523318533235,0.4196511769034081,-0.19257115928014396
['Led Zeppelin'],[139026],-1.2034397323151282,-0.028286036895759058,0.1291472327967706,0.14738371629835847,-0.017685298446068202,0.4550085646966058,-0.17877578534359803
['Led Zeppelin'],[139026],-0.7657116957527124,-0.17919602042653246,0.09044234003352816,0.010256512886388812,-0.2274521735951445,0.5725561515730572,0.031686283018631335
['Led Zeppelin'],[139026],-1.3652141912270503,-0.18109909144436462,-0.0663011254013156,0.20445431102562045,-0.6060730332764124,0.8010397867818582,-0.17649934540011739
['Led Zeppelin'],[139026],-1.1263226778737117,-0.13957525300933485,0.536762251700931,0.05380631976040736,0.0017804114876016498,0.6886397241220438,-0.4514563336291935
['Led Zeppelin'],[139026],-0.5083279731569582,-0.12412389333689658,0.11771791671721583,0.14791244890470212,-0.7136149138298223,0.364343802450296,0.03488739546147091
['Led Zeppelin'],[139026],-0.9912394497439513,0.0292189100067855,-0.17908399257087146,0.3867212589021307,-0.1824746698906703,0.9214917214247993,-0.6239663381712963
['Led Zeppelin'],[139026],-0.7657116957527124,-0.17919602042653246,0.09044234003352816,0.010256512886388812,-0.2274521735951445,0.5725561515730572,0.031686283018631335
['Led Zeppelin'],[139026],-0.8077169511417548,0.1157866756975692,-0.12177360226809764,0.4174737878589031,0.06248416959462982,0.6475590576837655,-0.6179610296174224
['Led Zeppelin'],[139026],-0.9375655221004637,0.04573051406430808,-0.01322216534939236,0.27939344605231453,-0.4825248974091409,0.36956308048584485,-0.14093922436706058
['Led Zeppelin'],[139026],-1.075439610083626,0.06655579098176033,-0.03551928983934514,0.2868503060391615,-0.4012246985953947,0.8226413699961296,-0.4908514776323425
['Led Zeppelin'],[139026],-1.1981046774154926,-0.2940929273173635,0.14995605732673165,0.1659136341482401,0.18158374098761113,0.5154634126078617,-0.23067124026834565
['Led Zeppelin'],[139026],-0.8859795038060249,-0.332712192836239,-0.09179384758943133,0.4725073269223524,-0.048585245138484154,1.078104406545927,-0.7843119213662831
['Led Zeppelin'],[139026],-1.019550560561358,-0.2506196216419482,0.04484430660461883,0.19614321506185664,-0.024845390033047716,0.4091006276943334,-0.13724615048119723
['Led Zeppelin'],[139026],-0.9613148637265833,-0.4318325107917456,0.30862846638032887,0.2259333435035399,-0.4465690635620479,0.6817661632213858,-0.1788737513345033
['Led Zeppelin'],[139026],-1.0955584833732046,-0.13512674862193197,0.16369570234705247,0.24482081502100592,-0.6316749694759349,0.6053254261413482,-0.2817513917807787
['Led Zeppelin'],[139026],-1.1990368344215172,-0.11441798119984957,0.07709115078861356,0.07635031410398882,0.18230474294845095,0.7090480794606082,-0.011858157074869542
['Led Zeppelin'],[139026],-1.243811457698186,-0.2220014054135487,0.1150165433298678,0.1775725611867678,0.18988720374534432,0.5499157674046341,-0.19319030652317348
['Led Zeppelin'],[139026],-1.167901847468225,-0.31474083788373663,0.07313742883984209,0.3529021557866409,-0.4422354943541828,0.5042047874400163,-0.22348299672661034
['Led Zeppelin'],[139026],-1.200432579914608,-0.184918908348116,0.1365464035864697,0.3124989806795964,-0.45182545003828317,0.47500713940532946,-0.2506276604779378
['Led Zeppelin'],[139026],-0.6121918054595638,-0.01975711450340171,0.037472355892611366,0.20293478496785722,-0.6742028784409664,0.498471245539971,-0.15843334060282582
['Led Zeppelin'],[139026],-0.8677472919115463,-0.20061085595154715,0.047583474969828544,0.23399734485922055,-0.674164212941902,0.4274871691888179,-0.10658762518965362
['Led Zeppelin'],[139026],-1.2350386897101049,0.12304454491654725,0.2596761151094879,0.013516720130434163,-0.02141824658216363,0.5936454380784194,-0.12453349721459876
['Led Zeppelin'],[139026],-0.37272923840271804,-0.47565117642129195,0.028699075529888422,0.368504495402269,-0.28995600298620594,1.0321019987425537,-0.6272259554131709
['Led Zeppelin'],[139026],-0.591690021354766,0.15824991046144604,0.15131835415492215,0.4350724200515686,-0.39398271732958695,0.8004651541458788,-0.7967383997027979
['Led Zeppelin'],[139026],-0.7406396247665807,-0.11711972261762141,0.13884171216731245,0.08114956242929926,-0.8544275126115533,0.6868767964606812,0.02425534773005652
['Led Zeppelin'],[139026],-0.6417032681408422,-0.0005079250783106013,0.0732256626476941,0.14580361826095523,-0.541114491217632,0.2644416906575967,0.0028306189021219045
['Led Zeppelin'],[139026],-0.9920040447928584,-0.2704746842992894,0.10228579194350693,0.22132099161957802,-0.02147639667804723,0.45103533850838895,-0.1474356639748862
['Led Zeppelin'],[139026],-0.7009242723097182,-0.3604881502691724,0.3499973738522091,0.13036986263847392,-0.05037688250699833,0.431287208769864,-0.1238120008009298
['Led Zeppelin'],[139026],-0.7325711553797624,0.02765930026798044,-0.004242786893781743,0.13976972297858326,-0.448907884825489,0.23303337198073687,0.01086155844768727
['Led Zeppelin'],[139026],-1.2705299795442813,-0.12937408943146322,0.12438800537226692,0.40743782576351645,-0.7751919281975822,0.6525867544376744,-0.41406404187594964
['Led Zeppelin'],[139026],-1.270446338462311,-0.29267033940524306,0.10491604287143766,0.41807083817301555,-0.7718743293832511,0.6854701864736512,-0.3638519876110468
['Led Zeppelin'],[139026],-0.6945592483910579,-0.09827482278840204,0.10989346545916287,0.0944063657776317,-0.32792451697346275,0.46926381649202903,-0.06398576263685807
['Led Zeppelin'],[139026],-0.8413022953918519,-0.053067336942694575,-0.016486189612340368,0.2047484046183158,-0.3106585785193474,0.4392819154994888,-0.026706967419742423
['Led Zeppelin'],[139026],-0.7429613643278703,0.0003219595209979294,-0.024435562736481356,0.15025499124664768,-0.4445211216953171,0.255670055168014,0.018633076944780367
['Led Zeppelin'],[139026],-0.8077169511417548,0.1157866756975692,-0.12177360226809764,0.4174737878589031,0.06248416959462982,0.6475590576837655,-0.6179610296174224
['Led Zeppelin'],[139026],-1.083606121817004,-0.21352790474525574,0.38243358622876716,0.09857089264044341,0.008649714760268774,0.7103815562904715,-0.4040991794382486
['Led Zeppelin'],[139026],-1.0648290069342352,-0.23778179756420562,0.20669200072613894,0.28488689975351766,-0.642924852930911,0.5452949487474423,-0.27770524937418656
['Led Zeppelin'],[139026],-1.2252093291294506,-0.3260432274661707,0.2866364732153047,0.21115594789059355,0.010314009461349031,0.5990097904629617,-0.27574028349870694
['Led Zeppelin'],[139026],-0.3768810377803861,-0.11796023235148188,0.16973090642299804,-0.030121216643102345,0.07739677262990835,0.27168407154066515,0.006358478927757664
['Led Zeppelin'],[139026],-0.5823231025564917,-0.3202359829178758,0.11094719076020969,0.1448611215564266,-0.06697044869793727,0.30812317805789946,0.024685078244745133
['Led Zeppelin'],[139026],-1.3126154943409094,-0.3551935903088719,0.32713298809403607,0.32695005242932884,-0.5871086601123391,0.7712067609975712,-0.4296777871682566
['Led Zeppelin'],[139026],-1.0790771593356163,0.36433819160354747,0.5242509580282004,0.17073683073836385,-0.4897682433240103,0.3982797004953776,-0.3451478263128445
['Led Zeppelin'],[139026],-1.243811457698186,-0.2220014054135487,0.1150165433298678,0.1775725611867678,0.18988720374534432,0.5499157674046341,-0.19319030652317348
['Led Zeppelin'],[139026],-1.3355616225473415,-0.31757222177712296,0.0023734814072600622,0.26951124837366425,-0.6007891623742639,0.7774491514687707,-0.21599619313622245
['Led Zeppelin'],[139026],-0.8729414621535591,0.14076514059793196,0.3901712890994414,-0.013673446356381678,-0.5098029999740044,0.5636283903392844,-0.1616805308771449
['Led Zeppelin'],[139026],-0.6313434031723302,-0.07066969347304072,0.09307956066167908,0.13023777807143685,-0.7084630049293966,0.3858740439398735,0.0069819928691983195
['Led Zeppelin'],[139026],-1.0662387990607147,0.06370828963131846,0.19405846599939258,0.1730233011308455,-0.6484739860844486,0.6180283457817018,-0.13566844799793237
['Led Zeppelin'],[139026],-0.3325261799952473,-0.07880209180460776,0.1849265136709727,-0.039239906563710326,-0.47582530678089113,0.3562907691647609,0.08082669681012182
['Led Zeppelin'],[139026],-1.0822878329419177,0.01860797691892211,0.15623102893202126,0.13521718478234887,-0.0368456596923233,0.3548410619052329,-0.1816804438281241
['Led Zeppelin'],[139026],-0.933867044052989,-0.3091746485521116,0.10297632345214758,0.17675567223321303,-0.030635511200824063,0.4167335736309946,-0.17002815844509137
['Led Zeppelin'],[139026],-0.14115158368623232,-0.3771960558599468,0.09926161740146122,0.20791208213844722,0.005520817101538156,0.7473502332593693,-0.5064055532039073
['Led Zeppelin'],[139026],-0.45524949131959547,-0.18015470101976727,0.18697401447356857,0.0916634976865456,-0.535541158283929,0.3989592268523833,0.009510521269139071
['Led Zeppelin'],[139026],-1.3662417716851027,-0.09239675537175854,-0.059487010721185535,0.20690379844262946,-0.6126651443166088,0.7415032171313843,-0.1517846618785148
['Led Zeppelin'],[139026],-0.43661396172359435,-0.21225148441757125,-0.007961467943622309,0.3136330615571321,-0.3748925799697465,1.1007274990513216,-0.6266269269102637
['Led Zeppelin'],[139026],-1.199411930500946,-0.08023764598368187,-0.08750843154436627,0.25276355011041024,-0.23710739776361733,0.7192397122348216,-0.29653123820026983
['Led Zeppelin'],[139026],-0.5767911118112072,-0.09368755817550505,0.06681930205514115,0.08484444153730551,0.10102342115267138,0.2584777220126551,-0.018346887644952833
['Led Zeppelin'],[139026],-0.2738371052912334,0.137148556666426,-0.02122690036347826,0.21308538031552662,-0.818863314739504,0.799038525513812,-0.3019669853310396
['Led Zeppelin'],[139026],-1.059617616692599,-0.31054349292773387,-0.01645433087857925,0.3627722781274417,0.06283415871649417,0.7226939397846986,-0.45873222390217294
['Led Zeppelin'],[139026],-0.7300103754842752,0.055920457951215814,-0.03998034848628048,0.07027661797306974,-0.07480942382341582,0.33014430680449125,0.13246645452626937
['Led Zeppelin'],[139026],-1.160472239011109,-0.14260168188630437,0.0668911346848999,0.3763939848568118,-0.6332327034732906,0.4411909050673054,-0.16890146179071278
['Led Zeppelin'],[139026],-1.0539572080711401,-0.34788539635826937,0.015115284613555748,0.11506326795469807,-0.6223449825352981,0.873548496971182,-0.05564863925153903
['Led Zeppelin'],[139026],-1.0087778421110025,-0.060443941369239584,0.06759005609220378,0.20313758715638242,-0.021785597580834152,0.4055222421645725,-0.0875428593060095
['Led Zeppelin'],[139026],-1.1265746567714945,0.11717219447392993,-0.040417160475815395,0.15909295604103355,-0.019835037884713573,0.4505967261032511,-0.010646043259384688
['Led Zeppelin'],[139026],-1.125328679176941,0.17199707419187807,-0.003830317716640148,0.191715126243783,-0.002900594212408719,0.5027471636238842,-0.13475170996949618
['Led Zeppelin'],[139026],-1.129018049567674,0.15233488183649455,-0.008265511612288563,0.14983391303843924,-0.6264999338085572,0.7821904626687853,-0.1285550837015025
['Led Zeppelin'],[139026],-1.0856220355738269,-0.04891228747694009,-0.006393594950135211,0.24954861255777158,-0.012151386205581363,0.3917687803579801,-0.16731679365512728
['Led Zeppelin'],[139026],-0.48841166393945434,-0.34698542132082266,0.003976563699865904,0.3876773225875157,-0.2818004212710253,0.9775916757429712,-0.684289280427647
['Led Zeppelin'],[139026],-0.42116010134062726,-0.04248741757393794,0.14642200318784984,-0.0049280423208901344,-0.4723847838830814,0.30042628460617554,0.05958313928433747
['Led Zeppelin'],[139026],-0.8362235737169471,-0.1866917694799906,0.06681887782216772,0.14020486718243133,0.04366824806851611,0.3818590031144455,-0.05253378645174022
['Led Zeppelin'],[139026],-0.8779977502693248,-0.12570565795854308,-0.02551471084300415,0.21058396734121443,-0.3098018283272022,0.4396103292534838,0.007754760318413001
['Led Zeppelin'],[139026],-0.9239038348136895,-0.15819570669126015,0.10092072973762624,0.2420050835902936,-0.2938632244593035,0.47046019792501764,-0.16358008651166817
['Led Zeppelin'],[139026],-0.6718193944138122,-0.19952231465733936,0.07306069405348194,0.00673967048184913,-0.2360121429449918,0.5685825911703336,0.07359609247818334
['Led Zeppelin'],[139026],-1.0213290022002564,0.18076167420963582,0.011767162703181447,0.37518973472684886,0.04831329341712796,0.5596566341497295,-0.5940398665461295
['Led Zeppelin'],[139026],-1.2060310153702845,-0.3085160877580687,0.18545514304357236,0.17057199139375717,0.18494576560421647,0.5378752128172511,-0.2568551664491937
['Led Zeppelin'],[139026],-1.1378116262300473,-0.20151971590399573,0.012532965349047343,0.22603601253884759,-0.01014795216353954,0.4455757511425987,-0.1520054099354583
['Led Zeppelin'],[139026],-1.1748439937272575,0.24192034803315743,0.5158595918560213,0.15140391999677622,-0.29296463241600085,0.46801241408143196,-0.40409789554579983
['Led Zeppelin'],[139026],-0.8154037386253027,0.48466007381912984,0.3976556999640832,0.21645070959537493,-0.46257394107748423,0.5526003828464305,-0.4845244085726253
['Led Zeppelin'],[139026],-0.9286326506312523,-0.21223574700275438,-0.01718304582921934,0.351842466602868,-0.731837024999647,0.5482551480082294,0.007109941661031175
['Led Zeppelin'],[139026],-0.8561431649349646,0.27477826181629583,0.39736224154469046,-0.02736266957608783,-0.06932850486556139,0.4299853572417665,-0.14809860070849465
['Led Zeppelin'],[139026],-1.2298046055239322,0.2411081572358013,0.13726472944503282,0.06431849873074855,-0.03105961712582865,0.44566842585753813,-0.14868641090399284
['Led Zeppelin'],[139026],-0.9757295115711421,0.14041791391467728,-0.030674761830027233,0.007356898969624944,0.12106106199576226,0.3776597206972066,0.04649536386447939
['Led Zeppelin'],[139026],-1.2684478581748104,0.050260304398511604,0.03834980639732871,0.05690132212895419,-0.27571000353872516,0.6879882580583222,-0.09256632463948193
['Led Zeppelin'],[139026],-1.167901847468225,-0.31474083788373663,0.07313742883984209,0.3529021557866409,-0.4422354943541828,0.5042047874400163,-0.22348299672661034
['Led Zeppelin'],[139026],-1.0981043378845394,-0.011566961658171837,-0.1102588199085283,0.3404279507336198,0.033975830965529405,0.5579413355550153,-0.3175831335588364
['Led Zeppelin'],[139026],-1.3410388727528608,-0.2511315409069427,0.1723851468460435,0.30728387905387744,-0.4274454077353943,0.5984329105985936,-0.3123988440799354
['Led Zeppelin'],[139026],-1.0321270328319985,0.0039019947050529615,0.13653679687517464,0.20263746249943065,-0.6316463772193152,0.7453519387167327,0.005631751342262316
['Led Zeppelin'],[139026],-0.48627793209199116,-0.04803612639674663,0.2974364576567411,0.012922303413652506,-0.5369593331552398,0.42284625217623206,-0.17304429031446
['Led Zeppelin'],[139026],-1.2124087716507923,-0.1411024597453406,0.050430519644502764,0.2501082386938523,-0.1895870158734188,0.41574904437811605,-0.2199175279059067
['Led Zeppelin'],[139026],-1.2034397323151282,-0.028286036895759058,0.1291472327967706,0.14738371629835847,-0.017685298446068202,0.4550085646966058,-0.17877578534359803
['Led Zeppelin'],[139026],-1.0508938792285423,-0.031036526971367474,0.023964626615386002,0.16362801178282618,-0.03769605906047699,0.3373308542246271,-0.10386138235205986
['Led Zeppelin'],[139026],-0.8774890809421013,0.04749373480762902,-0.1320997496471849,0.44250328086049917,0.0693699171910642,0.6741070059045366,-0.6195103165337416
['Led Zeppelin'],[139026],-1.075439610083626,0.06655579098176033,-0.03551928983934514,0.2868503060391615,-0.4012246985953947,0.8226413699961296,-0.4908514776323425
['Led Zeppelin'],[139026],-0.5011750324083972,-0.23197923875128065,0.13107489063366745,0.043053604850151334,0.13629409852103688,0.5041839990025657,-0.1987252995782039
['Led Zeppelin'],[139026],-0.2902392264651758,-0.027299316577430174,-0.007804573149489775,-0.07007509212631688,0.14869547440591976,0.7864125863909847,-0.2097304345421336
['Led Zeppelin'],[139026],-0.9889878455069775,0.6175272106998299,0.4214489186321675,0.42363259105420137,0.24340020687753752,0.5980764199511576,-0.49874300819489803
['Led Zeppelin'],[139026],-1.170287703579121,0.30756978672849966,0.4684724677824114,0.10635037372429566,-0.03422829004321321,0.36218301485158283,-0.4374539720002226
['Led Zeppelin'],[139026],-1.334097832040571,0.40512542736760815,0.5337713544644153,0.07281806102809306,-0.6412665092207332,0.6990304193441718,-0.40987738064014995
['Led Zeppelin'],[139026],-1.1070941697323773,-0.15629001362356257,0.022525649190680258,0.054367874163684965,0.1733456106563257,0.69837318998354,-0.00891494876931133
['Led Zeppelin'],[139026],-1.3019562489121468,0.2860390111751757,0.5616721500450141,0.17456413961418904,-0.646611783973175,0.5475812721961524,-0.41131593094994023
['Led Zeppelin'],[139026],-1.2557183010433712,0.32530336288921463,0.31862803140237494,0.03479151070401405,-0.017911093571400433,0.549615454543844,-0.30459893510134434
['Led Zeppelin'],[139026],-1.2281850440761641,-0.28694784670851914,0.10214356991588272,0.26292752685711046,0.006212431701043762,0.47686332583124647,-0.24710497958375569
['Led Zeppelin'],[139026],-1.344748875525215,-0.2980492143503206,0.14958965825082185,0.3303811445417706,-0.4209298340661261,0.625684200252021,-0.3186700982585363
['Led Zeppelin'],[139026],-1.0856220355738269,-0.04891228747694009,-0.006393594950135211,0.24954861255777158,-0.012151386205581363,0.3917687803579801,-0.16731679365512728
['Led Zeppelin'],[139026],-0.9621898452876938,-0.003355490220703013,-0.004597238195717275,0.26245613337605006,-0.48958498129374967,0.3497912901848643,-0.0868303306487685
['Led Zeppelin'],[139026],-0.2904597560163072,0.11584353312540498,-0.010343794923057186,0.20460942694627968,-0.8262768244611357,0.7651651673720068,-0.2626826164939383
['Led Zeppelin'],[139026],-0.6501217158575037,-0.19296135002782164,0.16335977497213952,-0.012918779762554098,-0.6858017327212046,0.7153919965879281,0.060197780941436276
['Led Zeppelin'],[139026],-1.2254423231213032,0.22816896869645142,0.46373257354788316,0.16014613427710356,-0.6628096730671252,0.46204595004523724,-0.44254801717620484
['Led Zeppelin'],[139026],-1.2563002921171822,-0.4036334109877581,0.17528476417284755,0.24334852479118962,0.019246783856282552,0.6151136166314554,-0.25187918038910934
['Led Zeppelin'],[139026],-0.86451645534359,-0.3758504494322163,-0.04238019499971015,0.41709360711014426,-0.059976161459364095,1.061868646204588,-0.7327357613034844
['Led Zeppelin'],[139026],-1.2518148063528012,-0.358965094288546,0.06919543908032985,0.36384720555096906,-0.6105520277454102,0.6017601680203639,-0.205201251463169
['Led Zeppelin'],[139026],-1.161754961488876,0.2977740582288443,0.08005716238636186,0.07021186386741955,-0.0534163484762335,0.3012035564942128,-0.07582465015407039
['Led Zeppelin'],[139026],-1.2728626320338359,0.12770387803424404,0.459936832801709,0.08655894524900287,-0.19421075259585338,0.5616087969215039,-0.4049745415101447
['Led Zeppelin'],[139026],-1.2985694172155258,-0.33698021133737105,0.021587493477154437,0.2471854032417936,0.19786755224194122,0.51584002962992,-0.21388065479341903
['Led Zeppelin'],[139026],-1.0544308171820274,0.029575091764662043,0.039388023231138665,0.077184027246039,-0.03798244982044901,0.476512860920449,-0.050956404335131794
['Led Zeppelin'],[139026],-1.1305940192817057,-0.28515063254246137,0.02863519369560748,0.23236846720784862,0.0797615138216443,0.4263003633729104,-0.14636336368929692
['Led Zeppelin'],[139026],-1.1542828561945027,-0.1036621474475412,0.19066141522914062,0.0030909248736439954,0.17192550429345102,0.663885095100305,-0.13301719716648303
['Led Zeppelin'],[139026],-1.2719158861547648,-0.13843444888590165,0.12177654061825313,0.40710802115191563,-0.775792672140579,0.6513485706482328,-0.4058890265771441
['Led Zeppelin'],[139026],-0.19321604375605317,0.10324271026123452,-0.001720619234332967,0.2581042438781175,-0.46331528621676094,0.5948303258750263,-0.5056791858146136
['Led Zeppelin'],[139026],-1.1762772192629312,-0.36455239602880657,0.14648333580181438,0.3409849264338931,-0.6149251316752201,0.6394628038124409,-0.28714663643069244
['Led Zeppelin'],[139026],-0.9105797253614903,0.003766728956266694,-0.1787452402337523,0.3798979523840453,0.2678175340233918,0.8188002421902754,-0.7142720968418974
['Led Zeppelin'],[139026],-1.0498777682136249,-0.035259158087396984,0.08709363588371287,0.15444861354054484,-0.03795916814567798,0.3524606277050291,-0.14788491260028994
['Led Zeppelin'],[139026],-1.1112876656380204,0.32688847586417213,0.4213660066428824,0.002001996360253594,-0.045534080578254574,0.47401748347212525,-0.24240989409571015
['Led Zeppelin'],[139026],-0.6035033301154679,0.3299491350063436,0.590731493385513,0.13700001599090433,-0.4965733517612554,0.44379597588772135,-0.5331609742217689
['Led Zeppelin'],[139026],-0.635892401149803,0.07333326097019953,0.18999523370871385,-0.0656011382235473,-0.5060960048444209,0.7122545501728762,-0.09812443960251088
['Led Zeppelin'],[139026],-1.2312534797698056,-0.16694056917428407,0.06003126684903642,0.2380611608970857,-0.006175539877343424,0.4149816488126123,-0.23818550811983819
['Led Zeppelin'],[139026],-1.191904735092071,-0.0499981069641136,0.15259738462532138,0.14588123261065677,-0.016591517604334104,0.4702877646103857,-0.18705025481097645
['Led Zeppelin'],[139026],-1.2252093291294506,-0.3260432274661707,0.2866364732153047,0.21115594789059355,0.010314009461349031,0.5990097904629617,-0.27574028349870694
['Led Zeppelin'],[139026],-0.9633111806661453,-0.4734848511089483,0.18587735180694,0.23863663124317433,-0.4453925304629748,0.6584783922185401,-0.11583513118895718
['Led Zeppelin'],[139026],-0.9804160898193527,-0.29003993971004643,0.036319716698913304,0.17484903839430385,-0.026684886472577444,0.42324863315507366,-0.116034271916207
['Led Zeppelin'],[139026],-1.1265746567714945,0.11717219447392993,-0.040417160475815395,0.15909295604103355,-0.019835037884713573,0.4505967261032511,-0.010646043259384688
['Led Zeppelin'],[139026],-1.23880990428241,0.3310391990408431,0.5321648979459459,0.31702897809899494,-0.6295446292822535,0.5095981171935227,-0.3698482291487926
['Led Zeppelin'],[139026],-1.0881138753216015,0.1797073406478955,0.14981309630805603,0.24700594663528236,-0.1874083476354758,0.44306953952107603,-0.34349785805235394
['Led Zeppelin'],[139026],-1.1260656386353673,-0.008801866660566784,0.087965941083243,0.18538532328133034,-0.03464009450478365,0.31711881427530547,-0.2161795630198908
['Led Zeppelin'],[139026],-0.7770828770847118,-0.20372942210678083,0.11589138748100881,-0.0050693788700613964,0.12499892625013091,0.47965739256212364,0.002443946563055325
['Led Zeppelin'],[139026],-1.3639353316062957,-0.376497725049794,0.09528386360517592,0.21428814442897512,0.03356900355282879,0.6966236967529499,-0.26685481950112017
['Led Zeppelin'],[139026],-1.0544308171820274,0.029575091764662043,0.039388023231138665,0.077184027246039,-0.03798244982044901,0.476512860920449,-0.050956404335131794
['Led Zeppelin'],[139026],-1.1626762475351025,-0.31676610889747897,0.07355149642602431,0.3509326659863013,-0.44254326126967686,0.50593536541637,-0.22090960836019075
['Led Zeppelin'],[139026],-0.8315801940656607,-0.3659230968451461,0.09121734320745581,0.2103012641385004,-0.028641779806536843,0.4136474709978038,-0.07811642151747145
['Led Zeppelin'],[139026],-0.8798268712670861,-0.07352001870893501,0.017327753842247814,0.14001642426693234,-0.05595796944170752,0.31962154574076623,-0.0749700717562732
['Led Zeppelin'],[139026],-1.0539438920775774,-0.011794182905928449,-0.18220208891818682,0.3468277401701637,-0.1981134991403486,0.866712170659697,-0.513684376036654
['Led Zeppelin'],[139026],-1.1232390728983344,0.32248061997001115,0.514139987019066,-0.002958340998248359,-0.06038609810684835,0.3466313030694712,-0.39573906908841266
['Led Zeppelin'],[139026],-1.019685223218555,-0.04130896644765592,-0.17934048196161625,0.5161881055698319,-0.5070901825240529,1.0647660937835208,-0.7636761521740137
['Led Zeppelin'],[139026],-0.8897784266940867,0.4194294308644911,0.26010326352852736,0.208002786815338,-0.014373952738412106,0.4603757276443714,-0.27744428826881856
['Led Zeppelin'],[139026],-0.9440435428360177,-0.20588779521299108,0.0005168228606862054,0.25883097234838737,-0.2957457248507764,0.45732746627311743,0.00711041087383938
['Led Zeppelin'],[139026],-1.240453814312518,-0.17484058364994473,0.05447037065348294,0.18898042752257846,0.1788410055363258,0.4620745661298578,-0.2275713253455656
['Led Zeppelin'],[139026],-1.1929740077057207,-0.4840200604623542,0.043729043955752084,0.30451175100666494,0.029065030371245228,0.6071660948060374,-0.2143814985043472
['Led Zeppelin'],[139026],-1.1327198368749003,-0.07865697771112594,0.2632254360187603,0.2143629784889496,-0.6411045311852334,0.5652921877578921,-0.2846430013464839
['Led Zeppelin'],[139026],-0.9400719617904053,-0.0338455591692242,0.15262494759374395,0.22145125182496952,-0.6495191954968909,0.5432315043727294,-0.13713060205001332
['Led Zeppelin'],[139026],-1.129018049567674,0.15233488183649455,-0.008265511612288563,0.14983391303843924,-0.6264999338085572,0.7821904626687853,-0.1285550837015025
['Led Zeppelin'],[139026],-0.9408751659421735,-0.1619457037378815,-0.008705362619377138,0.3182197836292458,-0.4631608664891486,0.5084833388851772,-0.015318085920967945
['Led Zeppelin'],[139026],-0.9009312597287363,0.42569126932481244,0.3525173126190622,0.46659036159584844,-0.3657073539674556,0.7946944926112137,-0.9652373296227276
['Led Zeppelin'],[139026],-0.9020955746137619,0.07900275441375938,-0.020353070847302143,0.013392380724303436,0.1257226303112592,0.4184737216676002,0.027278645498045904
['Led Zeppelin'],[139026],-1.1888152914898535,-0.15104662980780315,0.12304005346430055,0.3024380006214511,-0.2653600615106617,0.46547416707174566,-0.3043591745990773
['Led Zeppelin'],[139026],-0.8532089731318137,0.5221258103054733,-0.07871310380325106,0.26386265279976356,-0.2964006462609757,0.8817014829283248,-0.6560053330296942
['Led Zeppelin'],[139026],-1.1260656386353673,-0.008801866660566784,0.087965941083243,0.18538532328133034,-0.03464009450478365,0.31711881427530547,-0.2161795630198908
['Led Zeppelin'],[139026],-1.1542828561945027,-0.1036621474475412,0.19066141522914062,0.0030909248736439954,0.17192550429345102,0.663885095100305,-0.13301719716648303
['Led Zeppelin'],[139026],-0.973894514091014,-0.4285975017979264,0.05284193374335988,0.19078753656919661,-0.01366180370387655,0.5411664665677482,-0.16068732184891243
['Led Zeppelin'],[139026],-1.0495973437624264,-0.13393688757086802,0.06880655887650937,0.2053490375589875,-0.020583812191720174,0.4195429635360585,-0.19083238513673798
"['Leonard Bernstein', 'Glenn Gould']","[239859, 803752]",0.08776502023380223,0.16655305221296526,-0.034144635185805364,0.364136104110512,-0.4344235577640327,0.7550670816859762,-0.3947218045787135
"['Leonard Bernstein', 'Glenn Gould']","[239859, 803752]",0.10837632682572931,0.12320453958412284,0.022302710932704615,0.17357738981440765,0.1849221347966437,0.7834475880016342,-0.32437989912687
"['Leonard Bernstein', 'Glenn Gould']","[239859, 803752]",0.16331167785398015,-0.010429540587455745,0.04097478381151861,0.1019996435653816,-0.2161272210169758,0.7429935027592615,-0.28175536520691885
"['Leonard Bernstein', 'Glenn Gould']","[239859, 803752]",-0.038588869316461515,0.04526116217800067,-0.04432792678616458,0.26677231517368005,-0.42805006242184146,0.8881567652692903,-0.43510484798950927
"['Leonard Bernstein', 'Lukas Foss']","[239859, 168246]",-0.4586273588664268,-0.12416632301939697,0.25642292283052415,-0.007415829864513747,-0.3235962437232043,0.6376501500829457,-0.15466861590305578
"['Leonard Bernstein', 'Lukas Foss']","[239859, 168246]",0.014304962857134701,0.18461661323246828,0.006691457612951064,0.1199083936080982,-0.04789358650222974,0.5564219250114723,-0.3579803167958199
"['Leonard Bernstein', 'Lukas Foss']","[239859, 168246]",0.17244955395237557,-0.01603956516906072,0.08530652302575255,-0.196685384840454,0.0739287375536258,0.6308413188838484,-0.06714582452063166
"['Leonard Bernstein', 'Lukas Foss']","[239859, 168246]",-0.051393092200199206,0.23494765550063407,0.1995520339606132,-0.05074581846770288,0.011244956371790377,0.4681951503295465,-0.3775687094760013
"['Leonard Bernstein', 'Lukas Foss']","[239859, 168246]",-0.37660464822781153,-0.19564686035147844,0.06165642090366003,0.11573271298623496,0.2115800928746649,0.9159810043974335,-0.5453646591428013
"['Leonard Bernstein', 'Lukas Foss']","[239859, 168246]",-0.37660464822781153,-0.19564686035147844,0.06165642090366003,0.11573271298623496,0.2115800928746649,0.9159810043974335,-0.5453646591428013
"['Leonard Bernstein', 'Lukas Foss']","[239859, 168246]",0.010545441557198634,0.05136540262087974,0.007259981973684696,0.08091366951245849,0.130076741089796,0.5153111066030757,-0.3010728993388386
"['Leonard Bernstein', 'Lukas Foss']","[239859, 168246]",0.010545441557198634,0.05136540262087974,0.007259981973684696,0.08091366951245849,0.130076741089796,0.5153111066030757,-0.3010728993388386
"['Leonard Bernstein', 'The Jets']","[239859, 89306]",-0.32627774589958375,0.07096438175831163,0.13177132690155627,0.2828796635593417,-0.4251263123631628,0.8038376946804674,-0.5713326035523524
"['Leonard Bernstein', 'The Jets']","[239859, 89306]",-0.26428211678409314,-0.3546135548566843,0.2523886798336398,0.013920393515915739,-0.5593926694378305,0.3883154047139961,-0.007917504918570722
"['Leonard Bernstein', 'The Jets']","[239859, 89306]",-0.1392415460694079,-0.1423118424779533,0.2860144068518264,-0.20703809371427842,-0.23505414012168843,0.35454254451519074,0.06475966448457032
"['Leonard Bernstein', 'The Jets']","[239859, 89306]",-0.4945512417984722,-0.1887755414699155,0.13758959743975258,0.059703642810553896,-0.7711393229410302,0.7057388021533902,0.004059844169952421
['Leonard Bernstein'],[239859],-0.09964997428550469,-0.04592708317191086,0.014021055977372235,0.09818865007090657,-0.2991577411662723,0.7477529462301702,-0.3299945695632798
['Leonard Bernstein'],[239859],-0.29241498960766577,0.1307508019260645,-0.12886180402009909,0.22835214350389688,-0.2417175530465598,0.9062684357049157,-0.42073779262917604
['Leonard Bernstein'],[239859],-0.4339129054280461,0.21434661849694042,-0.019775810179017188,0.0311751927598273,-0.20837485998446437,0.6332444017101334,-0.34176622958853486
['Leonard Bernstein'],[239859],-0.15874867104227225,-0.4694292480915536,0.13790707890535278,0.04774255108346228,-0.09491518720322192,0.9780295151298217,-0.2505806535976323
['Leonard Bernstein'],[239859],-0.7574684360878877,-0.1560528008392348,0.34661918544125103,0.05969115550132369,-0.31518570909680715,0.5980355188616848,-0.04138118537312248
['Leonard Bernstein'],[239859],-0.185787499011413,-0.09040135995391257,0.0712467657842064,0.26535981071981746,-0.4276416959589145,0.8340365912796389,-0.6016899481586752
['Leonard Bernstein'],[239859],0.14310694524867834,0.005209207435066174,0.21093151143863006,-0.18375428603109137,-0.12990999830549999,0.4801799740346712,-0.09046943525597201
['Leonard Bernstein'],[239859],-0.5190180274609395,-0.32118058303010816,0.3680541796748349,0.14413157729171996,-0.7879656334888548,0.5305761139768593,-0.024562158992098362
['Leonard Bernstein'],[239859],-0.14901670150880067,0.11822718077346263,0.37814044122419477,0.13958694642527472,-0.2895953719426992,0.682451449616802,-0.6711201403477105
['Leonard Bernstein'],[239859],-0.01786425368029949,-0.060835727205123924,0.23668809278061262,0.1450112216039612,-0.2736887210777721,0.8465272081864429,-0.6300183696272433
['Leonard Bernstein'],[239859],-0.011786792317781722,0.20088838938755754,0.5156517753926428,-0.03760892761725263,-0.5348894249591681,0.6629431241354815,-0.4700284022162052
['Leonard Bernstein'],[239859],-0.16103880201237777,0.09071252938141441,0.37010854064645987,0.14448585633979527,-0.26105803558153867,0.8412640074629435,-0.7374462820995032
['Leonard Bernstein'],[239859],0.32980843128503573,0.1745842921022248,0.18313537074335326,0.056871717077157095,-0.4346128975902046,0.6053418269091684,-0.5183272474577382
['Leonard Bernstein'],[239859],-0.35060045882085533,0.06094299474027238,0.15085810516946785,0.2618528204711601,-0.7052201824280863,0.8338041602645179,-0.41807313679904257
['Leonard Bernstein'],[239859],0.16050608070701397,0.10936745699664466,0.020125261477451063,0.08767149633736572,-0.11720352597391974,0.746267601284241,-0.47951806390326795
['Leonard Bernstein'],[239859],-0.09699893850301494,-0.044678581995896,0.11327817877732306,0.03697465705685441,-0.7245623778021405,0.5500355354512949,-0.04031591223081604
['Leonard Bernstein'],[239859],-0.26027768985362065,-0.09131368380172807,0.19392393283428258,-0.19062968564634186,-0.05452489255641463,0.2485192966245845,0.062050594086952786
['Leonard Bernstein'],[239859],-0.5965029184744681,-0.07331829473288669,1.221957481919435,0.2154552723330031,-0.7744420990304937,0.6488619380724031,-0.0240537790424797
['Leonard Bernstein'],[239859],0.10110831619044831,-0.002897827150329416,0.14289217416629718,0.025440660365812866,-0.37600937688539393,0.4229681284934287,-0.061404450323955306
['Leonard Bernstein'],[239859],-0.11946637689112265,-0.4716005663184908,0.3404468580826102,-0.11423677839685398,-0.10113764382975277,0.5687711203173434,-0.048963357261777335
['Leonard Bernstein'],[239859],0.012529396834081377,0.07707426766099523,0.1953195610766631,0.0989532937599945,-0.009402291846940542,0.7696091925674402,-0.6768197023437338
['Leonard Bernstein'],[239859],0.07736114719500436,-0.06125612343636424,0.13037063973682791,0.19463831332381756,0.0006877692459452508,0.7650059153879005,-0.5648052662693924
['Leonard Bernstein'],[239859],-0.10565623715424396,-0.2021249837612622,0.034148505526807045,0.28846946964145226,-0.7098256676438536,0.8547506442528209,-0.481415210642557
['Leonard Bernstein'],[239859],0.09817689101771657,0.10029206928312083,0.03567915915211243,0.043695991409383454,-0.5370548806223331,0.5519384829059495,-0.20321002027613658
['Leonard Bernstein'],[239859],0.270227520055824,0.19761207619776,-0.03486047235713928,0.2053128154386998,-0.6622626503442116,0.7523769858536454,-0.43991057945104833
['Leonard Bernstein'],[239859],-0.10757610069933432,-0.16545889740134673,0.30619515222552685,-0.03925599416906946,-0.6710457809412095,0.3920921389654176,0.0671196847622679
['Leonard Bernstein'],[239859],-0.4503270715609107,-0.4032168233440593,0.15789289484840963,-0.03909297738670291,-0.34127622514068895,0.6352978769513109,0.11296814035864648
['Leonard Bernstein'],[239859],0.04746041728099596,-0.11384485916126957,0.16176050986335277,-0.04852395370649582,-0.8520031449550176,0.4704597093948454,0.02926418387263289
['Leonard Bernstein'],[239859],-0.18572082559591976,-0.18395526741858306,0.14875132993884732,0.028550361655492025,0.17863712245603008,0.882680991981179,-0.39874167047705045
['Leonard Bernstein'],[239859],-0.2157669714404463,-0.19994699239824842,0.18789216897527414,-0.16836425704207747,-0.04613152494021435,0.3086486382363034,0.1084172825356226
['Leonard Bernstein'],[239859],-0.33927683009190396,0.1340345311842309,0.1449779290595989,0.12389485562477517,-0.16053734393107655,0.9003774101723239,-0.5206828034998863
['Leonard Bernstein'],[239859],-0.4666280064747919,-0.02979453683885366,0.3086126138273629,-0.08295730298305506,-0.2850107210535981,0.3868501076869434,-0.04299782404935706
['Leonard Bernstein'],[239859],0.06154425101890075,0.21153711568676364,0.19388528864926374,-0.0680625479985956,-0.48544918248368873,0.9515606351462177,-0.43973867846189413
['Leonard Bernstein'],[239859],-0.34698035878877775,-0.15715766062951672,0.34487140439129965,0.29029324559006053,-0.6748722797054414,1.0229801801995582,-0.672127421594032
['Leonard Bernstein'],[239859],0.0027220418145681973,0.19157699108301468,0.001627216730181228,0.14767286330798132,0.15886642786900754,0.5733044572475174,-0.5075456913394399
['Leonard Bernstein'],[239859],-0.5690355300923207,0.47765248270513583,0.3096971332248367,0.12839267899889847,-0.15705058781777842,0.7578549072691619,-0.8031777583166398
['Leonard Bernstein'],[239859],-0.3628517686727312,-0.1888607504040957,0.12523223793425642,-0.03961912325757278,-0.8179731906714043,0.6101298254399035,0.08586505536714902
['Leonard Bernstein'],[239859],0.17285157529469605,0.2457679940725633,0.02097144691963847,0.25275386286834906,0.1830307521343833,0.6975374242346661,-0.3347378395886068
['Leonard Bernstein'],[239859],0.13693958450250845,0.14581811112147547,0.008919598114066432,0.08614136805603118,0.14031843908590094,0.6306622914900185,-0.21066400248030398
['Leonard Bernstein'],[239859],0.26327161824347295,0.23509176176188404,0.3233901149506327,0.0014979521694983304,-0.4226555346488004,0.7332001430309955,-0.5671294478190133
['Leonard Bernstein'],[239859],-0.4397661904503302,-0.5398855368593272,0.31089443675270745,-0.1112190044851048,-0.23524567943336192,0.8535526771477662,0.12227040294221575
['Leonard Bernstein'],[239859],0.05573267659571492,-0.25823439303141765,0.22758451042358424,-0.0850825699336773,-0.94884271992951,0.559152646151517,0.11999707948520633
['Leonard Bernstein'],[239859],-0.22262699517917614,-0.00625562496365193,0.19178765796785494,0.03444799575247715,-0.841782117622938,0.3493076106479054,0.10578488296776445
['Leonard Bernstein'],[239859],0.18636006197394703,0.20402299149467412,0.018560245198733494,0.15209095268301723,-0.2302494204039213,0.5273805565009698,-0.4865747403869551
['Leonard Bernstein'],[239859],-0.21088403926204294,-0.5165126313250638,0.2630772951027699,0.010205540894832247,-0.5492726713514383,0.506083059382527,0.05322104273036734
['Leonard Bernstein'],[239859],-0.24369578778133735,-0.034005620551240116,0.30686970794196455,-0.3000375971193616,-0.22230967087090908,0.5263533661720501,0.0746481025044051
['Leonard Bernstein'],[239859],-0.0911088509473339,-0.21870283694265552,0.3120656068462137,0.1816815711596142,0.11257979719433926,0.42632335931095505,0.2734690443632526
['Leonard Bernstein'],[239859],-0.02534636898196786,-0.0830545118317546,0.061737420063704404,0.1647041966782417,-0.2973538070154124,0.6382299897347359,-0.5103444153469868
['Leonard Bernstein'],[239859],-0.18055975222520526,-0.16663838464716896,0.3629452654290081,-0.11840516905444566,-0.038052783067272423,0.30601499519024067,0.05107820615488238
['Leonard Bernstein'],[239859],-0.7359358289100301,-0.5497280125674019,0.46396112407334605,0.17772427371500318,0.1435184537978845,0.480147427568748,-0.04230089595635688
['Leonard Bernstein'],[239859],-0.6156951602111927,-0.5775278163577605,0.24937337718820063,0.12378150200269203,-0.3083871419055961,0.5995181587734848,-0.00929422355274038
['Leonard Bernstein'],[239859],0.13508282285198098,-0.06630890348469927,0.18045113890233058,-0.15753686319092194,-0.061931649757323404,0.2842005131409716,0.050862715738145825
['Leonard Bernstein'],[239859],-0.0690502609858887,-0.03352943452131716,0.316328187192112,-0.22255410531059497,-0.3394239753709322,0.3208238733818815,0.06935557184553162
['Leonard Bernstein'],[239859],0.0010987803908199423,0.07081763649528816,0.06679764645671935,0.20375599405262937,-0.2878247425723745,0.6812106753827182,-0.5356350603347659
['Leonard Bernstein'],[239859],-0.4168776998455401,-0.4607270164786209,0.9617977561886668,0.277286436332212,-0.5726806548400137,0.8117049701295188,0.2352379046705017
['Leonard Bernstein'],[239859],-0.1215609754954809,-0.6008922121958568,0.30907023411504697,0.021022773790640836,-0.19654446589219235,0.4041236181063829,0.02171434862691547
['Leonard Bernstein'],[239859],-0.08982523974930054,-0.07181890256625198,0.19273657116145892,-0.15150427547699563,-0.11956432711105981,0.40170582290337015,-0.09197544652522281
['Leonard Bernstein'],[239859],-0.31018055452179505,-0.2702079975106639,0.7310949322984946,-0.276742652639897,0.07886364359056146,0.6477687532727179,-0.1671134066732567
['Leonard Bernstein'],[239859],-0.689561236657165,-0.6151226685446751,0.4349764874128926,0.08361585311406207,-0.017880700045383717,0.7584799169286264,-0.002642170226466028
['Leonard Bernstein'],[239859],-0.05807055181608607,-0.08537053606367759,0.18616369175348468,0.07410308906429279,-0.38059663006336225,0.34636020390160793,0.2402331773575596
['Leonard Bernstein'],[239859],-0.017199436048242766,0.030278821912970134,0.07805712811277782,-0.008970269200238157,0.021708591704035968,0.5410276288989541,-0.27417107181126804
['Leonard Bernstein'],[239859],-0.674246808334921,-0.35030015600382386,0.30447735007714416,0.053869800103839564,-0.6691230743656794,0.813292829604091,0.05394171036187193
['Leonard Bernstein'],[239859],0.07653865112135415,0.07323473041224977,0.025766846351738617,0.04847436998467157,-0.23274566429596782,0.6894535576769751,-0.16338064450096046
['Leonard Bernstein'],[239859],-0.7739166489296717,-0.5923886295211093,0.6558108396078223,0.19322451894085885,0.07216545213287538,0.5959238517734828,-0.14510097755409354
['Leonard Bernstein'],[239859],-0.5552719852416574,0.3430225585426224,0.39560720048068915,0.16396188191854663,-0.18484704319842407,0.5636849816073918,-0.7314672345627333
['Leonard Bernstein'],[239859],-0.48711438013497527,-0.3212063199509691,0.24636873610822851,-0.0010127816204848529,0.0840362200507406,0.2906040336553383,-0.0513665951346672
['Leonard Bernstein'],[239859],-0.34912477070209225,0.280662354115674,0.2712973954500985,0.13995085581402505,-0.6002399314212006,1.0547726183572659,-0.6317201723725918
['Leonard Bernstein'],[239859],-0.05228991650881393,0.10069978442179445,0.12420677647000575,0.15902997863971005,-0.0788295259030078,0.8521121237326676,-0.4898833759934836
['Leonard Bernstein'],[239859],-0.5193349429275756,-0.5005532778591765,-0.0013686099924412486,0.4961792718686087,-0.5173590467446189,1.126706684901733,-0.8143043709759065
['Leonard Bernstein'],[239859],-0.06825398206373108,0.04460655852076065,0.03502209771344654,0.01320021238943037,0.14105909051295168,0.6680089183751976,-0.18116050770112432
['Leonard Bernstein'],[239859],-0.3763825521594963,-0.31465098654308515,0.230216230731902,0.1654321590587127,-0.4563970592596908,0.7974775182430249,-0.31404271941224804
['Leonard Bernstein'],[239859],-0.018934287863406993,-0.14685739388857552,0.12716031210586892,0.04107108897384805,-0.8642199786301765,0.37357132543705285,0.08717601838013297
['Leonard Bernstein'],[239859],-0.2033264516329656,0.17210627159535885,0.38911974193546234,0.062137538356638516,-0.7523722369786331,0.8379719379446651,-0.5107624706388839
['Leonard Bernstein'],[239859],0.2656679896185931,0.16066873768335363,-0.02630494061605989,0.19090487217787847,-0.4799558357336053,0.7422366555807078,-0.4266788704347848
['Leonard Bernstein'],[239859],-0.12634380988206903,0.10534800135484156,0.2924937752024308,0.009616234666571029,-0.15664953970948406,0.5086350399515095,-0.42137379472088293
['Leonard Bernstein'],[239859],-0.36938086962028494,-0.02409581825749871,0.6733119673043537,-0.2757628225804547,0.07983512600107204,0.6483173906872475,0.014197351437424144
['Leonard Bernstein'],[239859],-0.036043050701319836,0.1569553856323789,0.08413063189693333,0.22978523463068162,-0.4770317107569142,0.6029561070747502,-0.4172391154410702
['Leonard Bernstein'],[239859],-0.03953544682984182,-0.0840102170685736,0.22167705542953162,0.01670750015431401,-0.303817627542499,0.2823903534419382,0.20596976586722895
['Leonard Bernstein'],[239859],-0.1812289896046396,0.04823022959842019,-0.0011971300897321029,0.2783788725227838,-0.43428460646727607,0.7675097617710449,-0.5448073677853204
['Leonard Bernstein'],[239859],-0.1735520455632493,-0.09076576585330114,0.05826676218793884,0.12424425057201344,-0.7439462350895591,0.8586136199031065,-0.2053754163947887
['Leonard Bernstein'],[239859],0.1379349265517755,0.22247716642076185,-0.006779283699184481,0.19774121478146253,-0.39467810564568967,0.627254713643284,-0.46141546321241916
['Leonard Bernstein'],[239859],0.16020320784819148,0.19706601548054967,0.09100732989885718,0.03406758266319906,-0.2303911649201655,0.6924031815861919,-0.46719313755627057
['Leonard Bernstein'],[239859],-0.15187341749618058,-0.1733603021106155,0.18071312861952546,-0.16358794548526645,-0.23560715716902073,0.2983781162238731,0.13364141497717372
['Leonard Bernstein'],[239859],-0.5853008480817522,-0.1512867865138878,0.3335360096792506,0.14727538578359567,-0.6819059664798547,0.575030337681296,0.013883722949752026
['Leonard Bernstein'],[239859],-0.361108985740264,-0.01453893536671022,0.09354870888770081,0.14653092885983204,-0.5106985225976,0.45601257908373033,-0.21024195255329103
['Leonard Bernstein'],[239859],-0.007803938188805788,-0.06452735735130039,0.033014709892614395,0.1948982257492524,-0.28604768639106665,0.6808695464789001,-0.5046369491975673
['Leonard Bernstein'],[239859],0.2509305596419204,0.0009377641300615479,0.11828861564925709,-0.021502152096204933,-0.748879494544521,0.5566946648886358,-0.129417413079779
['Leonard Bernstein'],[239859],-0.3160088729998265,-0.06790113897371357,0.017152055223090105,0.2078949407261952,-0.28026003901064317,0.650748804675287,-0.40252536161894287
['Leonard Bernstein'],[239859],-0.056487863803596834,0.17214576897703554,-0.09462875579900883,0.002258835689998668,0.17847262320582144,0.9420308324492171,-0.2940240084264802
['Leonard Bernstein'],[239859],0.10353664041152602,0.07277467375488139,0.0254410009199236,0.22072924704301564,-0.575454620219169,0.6674144440246303,-0.31843338463472626
['Leonard Bernstein'],[239859],-0.09744284551055371,-0.010321572232519201,0.017116452731998504,0.12526224399832625,-0.06506747152052436,0.9929393796095488,-0.4562523883297841
['Leonard Bernstein'],[239859],0.24016408040944776,0.03346828671669581,0.09861962255746624,0.051948003951643625,-0.36201601908225445,0.5425425398185223,-0.16582012807965776
['Leonard Bernstein'],[239859],-0.3315022176634603,-0.0148907315295187,0.12074829812950968,0.0650899761114776,-0.5409155361549391,0.39424883835470015,0.07244013864704263
['Leonard Bernstein'],[239859],0.033011722428299924,-0.24141635383076757,0.12653970109163462,0.086157319303009,-0.06793435214142057,0.437469199719948,-0.38708534551037743
['Leonard Bernstein'],[239859],-0.5106413481040455,-0.5103057525192257,0.198328465647474,0.13318290166812025,-0.37242317186847945,0.7904728322711758,-0.1661341141314534
['Leonard Bernstein'],[239859],0.020121207864748164,-0.44540011319549466,0.1339678058471407,0.18987362152248297,0.00012576268182306325,0.8184377785158947,-0.4599521518558132
['Leonard Bernstein'],[239859],-0.2675623854914978,-0.34484963365804766,0.07656355955228634,0.3296850495765527,-0.4063592982299977,0.9241603701303573,-0.537477039876861
['Leonard Bernstein'],[239859],-0.2803197834237297,-0.40133830750299204,0.040515668042788666,0.3504443195019052,-0.2033279475818003,0.9850445212577273,-0.615599701648499
['Leonard Bernstein'],[239859],-0.33792486379211367,-0.40163030666823546,-0.009353872664967197,0.4412303042677527,-0.6428249488035098,1.0295006466532468,-0.6344778820002872
['Leonard Bernstein'],[239859],0.22938644312343637,-0.035772277650413284,0.11759568564972378,-0.025833769677005923,-0.2731891816561947,0.5568184517808487,-0.2772256032079705
['Leonard Bernstein'],[239859],-0.012639897739456644,-0.0576800260338279,0.054291161873810154,0.1669726007986933,-0.08669818351703604,0.7904192003348194,-0.4876413128351581
['Leonard Bernstein'],[239859],0.06755809576433101,-0.004304964214848765,0.00584784402446695,0.20353768316315796,0.0049726764493712265,0.7747461267489347,-0.36735741859621696
['Leonard Bernstein'],[239859],-0.12104880744957518,-0.38339806023457496,0.07289089600724781,0.24444581620277073,0.044125874717554706,0.9507126457118878,-0.6051785514895417
['Leonard Bernstein'],[239859],0.1489926593796803,0.19654996889298434,0.10098238340892378,0.05069582585258495,-0.4952747626177264,0.7381686397687036,-0.5033267853709184
['Leonard Bernstein'],[239859],-0.23994335671123918,-0.21237812323138747,0.13399758910946552,0.05491150076834099,-0.277314739607335,0.9710717519467326,-0.15189894027008782
['Leonard Bernstein'],[239859],0.02274695478572715,-0.2675876717096741,0.22944728317964644,-0.18380361149640703,0.02932455198317022,0.31113249106795904,0.09280687231070053
['Leonard Bernstein'],[239859],0.02307798766960829,-0.18267064324495758,0.23561306384131564,-0.20913497638659453,0.02617184979777988,0.30911670714764716,0.15849323793675876
['Leonard Bernstein'],[239859],-0.16217538006191828,-0.04922445174676101,0.2660866483686202,-0.23888818796310174,-0.5729861906112758,0.6709907756672776,0.19713596425334332
['Leonard Bernstein'],[239859],-0.5897930472670682,-0.8564466927040759,0.539076338793981,0.31358105763058863,-0.8248853974601468,0.7555324352692397,-0.1451446233971645
['Leonard Bernstein'],[239859],-0.638364217168902,-0.4068723978308235,0.615836813475129,0.11708499659835774,-0.3144644085053292,0.5686538583427103,-0.17293453019998237
['Leonard Bernstein'],[239859],-0.08266315390684142,-0.1859400627672223,0.22515443405995952,-0.04244488358662497,-0.7601630467941046,0.42201841058385653,0.15365182547304498
['Leonard Bernstein'],[239859],0.000528293611796513,-0.04853993305171528,0.17312386341066818,-0.04856341012495836,-0.49083149258608744,0.38030836768997,0.1625538014410987
['Leonard Bernstein'],[239859],-0.23409545268475793,-0.29719696430283,0.2863775525845443,0.0684506729171946,-0.8151570430314602,0.5140890192045618,0.08982659561850938
['Leonard Bernstein'],[239859],-0.4374436749994345,-0.31461357382671423,0.20745242178934295,0.0963317627752895,-0.7941756833306549,0.5485488363808464,0.06739844076731963
['Leonard Bernstein'],[239859],-0.5740385193634636,-0.6456652713495077,0.47658203331687776,0.15988529132077664,0.13485448372035874,0.5032208771187707,0.010023753014841754
['Leonard Bernstein'],[239859],0.11086192222877354,0.14125190744954036,-0.016316181234073843,0.07372072436003901,-0.7665248480732078,0.8268767898571352,-0.3190204831700155
['Leonard Bernstein'],[239859],-0.15109949627055128,0.018099244522665266,0.33744603876614737,0.19254119981080497,-0.5330531211218484,0.8664340449918344,-0.6899719360569109
['Leonard Bernstein'],[239859],0.0936483486998328,0.24948092928085594,-0.017003492823434774,0.4343667768052875,-0.23376158992322663,0.8052676831940161,-0.20638234259578095
['Leonard Bernstein'],[239859],0.2826985900557864,0.14250078528534063,0.014606464781895622,0.015481481730075247,0.11707104290396407,0.5754473371201033,-0.44060794443909546
['Leonard Bernstein'],[239859],-0.24172832442183786,0.07499130087619776,0.03988472527695742,0.2054001757053605,-0.17113185439613326,0.7088004751292581,-0.6230826796584218
['Leonard Bernstein'],[239859],0.13246564772012637,0.24604499457609216,0.07533580973409541,0.05760784552402302,-0.23563993636188135,0.6006257704425831,-0.5134403490024826
['Leonard Bernstein'],[239859],-0.08097048187353229,0.27544626751808915,0.2578226800683023,-0.026792229348193326,-0.3115395574632626,0.7912390655428043,-0.47711895602807414
['Leonard Bernstein'],[239859],-0.03493986427638142,-0.03884901578783958,0.23376765779039316,0.12016963433689315,-0.2753849700568456,0.8544375204578268,-0.6527623631714937
['Leonard Bernstein'],[239859],0.17439274020398576,-0.028807144090908125,0.1808100010784218,-0.07387894049135267,-0.49526892543021384,0.4144700799191706,-0.06231614890311575
['Leonard Bernstein'],[239859],-0.031118656515750763,0.16991568064657475,-0.027687913834868114,0.15477497636078036,-0.5469165314745276,0.8664368487117099,-0.4635850301146292
['Leonard Bernstein'],[239859],-0.04371299500390997,-0.06967135076394952,0.0930281959071584,0.13160750759392578,-0.17134223924189182,0.9066178946213119,-0.5624817106570452
['Leonard Bernstein'],[239859],-0.32781061465508665,0.03904094574377111,0.11234773384646783,0.24850333899010046,-0.7077399435775877,0.8261592266985324,-0.4373470682736339
['Leonard Bernstein'],[239859],-0.4370854105343416,-0.39604092098391225,0.4536154460485069,-0.09814253908713151,-0.5232343648464037,0.7364916363182127,-0.11204106096990514
['Leonard Bernstein'],[239859],0.17945357466902956,-0.033280162316988736,0.13592934592762523,-0.1002921247520083,0.06208440927166736,0.4178593342418673,-0.11086863337051656
['Leonard Bernstein'],[239859],-0.1452253022797819,-0.36952665101488374,0.3132496578153264,-0.0922524157101933,-0.38429931267830175,0.5187794008009465,0.06399685587331429
['Leonard Bernstein'],[239859],0.08088117588419093,0.008895602655599907,0.09220559064390624,0.0659993798712719,-0.8233879292074459,0.5385161770035342,-0.08789936854715233
['Leonard Bernstein'],[239859],-0.3143804135867297,0.02810852188454175,0.4794419348439216,0.04413549704500824,-0.6050379022662669,0.6740218239249742,-0.1730059549949239
['Leonard Bernstein'],[239859],-0.25961387476952874,0.08031829478220072,0.1909959021454804,0.13826790076064516,-0.10007852458232659,0.6570269790202337,-0.6252958747406384
['Leonard Bernstein'],[239859],0.2919739412043999,0.09218127211428608,0.040793184130048524,0.09190801755513828,-0.32437213328780284,0.6535177758747657,-0.4724998139085812
['Leonard Bernstein'],[239859],0.18914700460488024,0.23201680438774533,0.03551869871843799,0.24264646279731084,0.07820284728466372,0.6183442383001794,-0.40529425908398803
['Leonard Bernstein'],[239859],0.07779497614243196,0.05754875986737755,0.17521944946486928,0.015874935912750677,0.0403441389920438,0.6058512568296587,-0.5366129796252158
['Leonard Bernstein'],[239859],0.15593087194550848,0.02425945683250228,0.1197639555539928,0.07238557893871117,-0.7221869163936023,0.5554205014760991,-0.11754127406621584
['Leonard Bernstein'],[239859],0.15451929691296565,0.18889484539670606,-0.01860530212751698,0.24581318133781843,-0.5687377776584291,0.654684096635288,-0.4448239733888573
['Leonard Bernstein'],[239859],0.0017908108863642265,0.17499443400062475,0.5002042696337247,-0.11354315985138025,-0.5729901643064478,0.5165804117360255,-0.3443382372922424
['Leonard Bernstein'],[239859],-0.11055491904838059,0.19688570067983005,0.0005595071877622358,0.06608125244885095,-0.2836869993708705,0.8397252047780004,-0.47250219252449766
['Leonard Bernstein'],[239859],0.04638477749438102,0.203682662020347,0.04427259599433495,0.16663633896530217,-0.6742407112296132,0.6342619551482782,-0.4293350764745283
['Leonard Bernstein'],[239859],-0.10004994502895874,-0.3352664122720803,0.46408977156657494,0.19221186174998797,-0.42659614892547754,1.0512007237156527,-0.7496158655199923
['Leonard Bernstein'],[239859],-0.011773523244646334,0.010207999888374859,0.03427519239794725,0.23288491860867924,-0.7328040706493616,0.760354244273509,-0.5316102495216638
['Leonard Bernstein'],[239859],0.07760919145652595,0.0786007226608073,0.0324078393725692,0.16184212550191648,0.16052843680540166,0.5911950646902332,-0.5101637279741643
['Leonard Bernstein'],[239859],0.16155895102234877,0.1104564699983506,0.01724199113001086,0.08854392200191316,-0.11722484547375482,0.7466426586993193,-0.48066802119129676
['Leonard Bernstein'],[239859],-0.12102562586596531,-0.09611248139708194,0.18393095853398153,-0.24357761560990984,-0.05171013148939843,0.4030404138945702,0.19495896565106405
['Leonard Bernstein'],[239859],-0.6345934705307452,-0.12980943761797625,0.7930297884866248,-0.02543162004027568,-0.7657464017959139,0.9218185492370342,-0.022835304361237582
['Leonard Bernstein'],[239859],-0.12484439895133784,0.15525431161928444,0.22833246486799658,0.1635367565081617,-0.2762277805533382,0.7080773246435251,-0.7097306424447393
['Leonard Bernstein'],[239859],0.12055287414415967,0.013122738382021878,0.1347694035071953,-0.014729637142676399,-0.5644124065966182,0.47376671317110686,-0.030677324489858354
['Leonard Bernstein'],[239859],-0.029122703722280215,0.01757837341472444,0.03374417432955956,0.2498774529442411,-0.4551309714871926,0.7129869579259301,-0.5825787313434694
['Leonard Bernstein'],[239859],-0.17826043475477094,0.2801757083795907,0.011283867700598053,0.1323666752338854,-0.21255671741447923,0.6556120053144884,-0.2735358273922099
['Leonard Bernstein'],[239859],-0.3106294711634954,0.17606263564733454,0.022864730556877377,0.2661112182906556,0.19036420931342315,0.5760042238320393,-0.5463477557554755
['Leonard Bernstein'],[239859],-0.6373977325362739,-0.5270024799055364,0.3370358456768257,0.04835350058152221,0.12797827140865817,0.4662041706863508,-0.13244735997733148
['Leonard Bernstein'],[239859],-0.16475704475786454,0.108441555548003,0.3978364742271626,0.1254076814069278,-0.29764968288897287,0.6461844678024099,-0.6149731099499786
['Leonard Bernstein'],[239859],0.16089288307333716,0.13741573403418794,0.052445706425246395,0.14042379492688364,-0.32469082312392583,0.5850018488535886,-0.4901872855648861
['Leonard Bernstein'],[239859],-0.5154458719064987,0.05723001055268717,0.2614157684046356,0.08298280166027441,-0.3077401262639042,0.6335367060245982,-0.08388926264892865
['Leonard Bernstein'],[239859],0.14343363080216523,0.28898827261494875,-0.08168300715368204,0.06967936362934456,-0.5554316281162828,0.9694067055959197,-0.3155352664597818
['Leonard Bernstein'],[239859],-0.12003293774877327,-0.014394289025239699,0.24907807547465546,0.16785894880171465,-0.25927456304305035,0.8780308396773534,-0.7259470400079073
['Leonard Bernstein'],[239859],0.002777552144366792,-0.02237201841151999,0.09815887424356491,-0.34895887098820205,-0.05618079655235492,0.6005108740284071,0.21391033444473573
['Leonard Bernstein'],[239859],-0.2687010179943862,-0.12726466144186155,0.0031851183982123422,0.1756318466453459,0.21417027509460296,0.8687269989097404,-0.5856649256361486
['Leonard Bernstein'],[239859],0.02829127111768822,-0.0902576617641727,0.02698358522344321,0.11925067223180627,0.17031826285738297,0.7266737565902744,-0.509499079215967
['Leonard Bernstein'],[239859],0.025576422113105075,0.0967203159749285,-0.02159832721689443,0.265916436212026,-0.20299429936897206,0.5657957297732106,-0.41191396453043483
['Leonard Bernstein'],[239859],-0.35322443200567155,-0.4494664162187025,0.8584317981165567,0.44414806367310433,-0.7479765688033803,0.7160489064050503,0.27481420545996044
['Leonard Bernstein'],[239859],0.027720867458137486,0.27268734889599744,0.06791033941253319,0.19592287167833236,-0.00971211669166965,0.637710408350386,-0.5150566401860308
['Leonard Bernstein'],[239859],0.10831850393218564,0.006558500901893441,0.11456487214566645,0.1311956554723844,0.14459861204248162,0.5808614311802838,-0.38332457090490946
['Leonard Bernstein'],[239859],-0.08493678778960316,0.10592435132390193,-0.0070137374828320624,0.12535564577666053,0.16245153105453441,0.6189686678553655,-0.42118984593102593
['Leonard Bernstein'],[239859],-0.33117006472137717,-0.633915432263177,0.5208300116723831,0.07298707402193996,-0.6861647903610255,0.808240112135639,-0.044210868493548765
['Leonard Bernstein'],[239859],-0.0457790094289268,0.04644278399219986,0.06382083896850868,0.2430443850749021,-0.5411686456928945,0.7635333843891672,-0.5456457724978289
['Leonard Bernstein'],[239859],-0.18532840814303334,-0.3477241918244304,0.27493899774952546,-0.04970257456634321,-0.015856336506404275,0.4504455254695251,0.1633508979796096
['Leonard Bernstein'],[239859],-0.21013736136505265,-0.16185725869943604,0.2761791652746553,-0.1797621057233789,-0.12333429471941658,0.4479151761387051,0.13496498192052414
['Leonard Bernstein'],[239859],0.17867361756045558,0.11184877345745163,0.04910703439242966,0.21673521832088888,-0.7595817331546564,0.6631631358738579,-0.5491179073716795
['Leonard Bernstein'],[239859],-0.368058300661757,-0.21032391142653598,0.35047001824226126,0.007683034486000654,0.09389014320233709,0.3651706410764188,0.026651935007947655
['Leonard Bernstein'],[239859],-0.061104661643452456,0.035229137661214764,0.09052373994842124,0.08863417391859538,0.16332778127589717,0.714387660183222,-0.46790119285486304
['Leonard Bernstein'],[239859],0.11381224956867021,0.09477875140488824,0.017069451751235323,0.23136876779089632,-0.6690614561187403,0.6471130192991021,-0.33550082341865073
['Leonard Bernstein'],[239859],-0.15197648209906556,0.19983121912426655,-0.08408556590972897,0.14682870086899452,-0.08525958791069102,0.7851314971317171,-0.4119667009097557
['Leonard Bernstein'],[239859],0.05878261834812152,0.3226755525153451,0.3162158932244804,0.0676757065970538,-0.31596028856411723,0.6286545728229632,-0.6666353933605946
['Leonard Bernstein'],[239859],0.21248510092621456,0.12368733043621588,0.04274613369862185,0.024601376668277712,0.12710663603804123,0.6157322374446581,-0.39683351164936503
['Leonard Bernstein'],[239859],-0.21932967313356144,-0.1970698001628909,0.24597471822356892,-0.07034729170217925,-0.13234529465794065,0.2130931853805948,0.06504390219243103
['Leonard Bernstein'],[239859],-0.5471436552466391,-0.28396193004242226,0.3135012472563679,0.04996346477496183,0.10065272801969799,0.35346564696813765,0.0646792616756384
['Leonard Bernstein'],[239859],-0.1635022906605265,-0.3784684251391515,0.4165759010257854,0.2516841543787584,-0.40567359427953614,1.0714078936169704,-0.7971533788378662
['Leonard Bernstein'],[239859],-0.14783932180909934,-0.11808341647133899,0.0739431187458654,0.227345341514655,-0.25756079050210556,0.8076466703338234,-0.5880852580969672
['Leonard Bernstein'],[239859],-0.0944863468177832,-0.1494735815641152,0.1825230643068054,-0.11882485432332868,-0.5036310698121399,0.34634267570059774,0.12868484868168803
['Leonard Bernstein'],[239859],-0.05933512329516788,-0.2836029523031719,0.07308738717677232,0.19756511594494366,0.20281449258109868,0.835633261204072,-0.598848427025232
['Leonard Bernstein'],[239859],0.023899077908215337,0.13598135853106313,0.0569197074279478,0.19323295482825967,-0.7444816774565826,0.7164993936614467,-0.565071920060803
['Leonard Bernstein'],[239859],0.1254197805696758,0.13216392192908186,-0.00968510826710301,0.2375486242767132,-0.07689769369315974,0.8498757315195085,-0.3033411807515252
['Leonard Bernstein'],[239859],0.041104050507241516,-0.07701150302537965,0.15646516919401718,-0.1187162582543506,-0.12722784226937758,0.38854819472024904,0.05883248732847585
['Leonard Bernstein'],[239859],0.15390390794930076,0.10953292654812168,0.05189452443253394,0.02464994608412337,0.13061007502493346,0.6119658287002592,-0.4144936435416754
['Leonard Bernstein'],[239859],0.15131854404749895,0.1589172372407924,-0.05630269676557149,-0.016727968075288084,-0.47756036320133993,1.0123965383663982,-0.38700301365552814
['Leonard Bernstein'],[239859],-0.7049822210496116,-0.5450711124520435,0.48572988605492634,0.031163591729231492,0.05681364080583858,0.653843475612217,-0.1996242159060763
['Leonard Bernstein'],[239859],-0.1443150118994956,-0.2977183577680194,0.2362900255874713,-0.06451181140601935,-0.6700730291473542,0.4006095839259705,0.09463717685763519
['Leonard Bernstein'],[239859],-0.2602351092223262,0.09653372665366816,0.19655519559146079,0.32218606517154497,-0.6193879399174603,0.7185350578022989,-0.6441033768171206
['Leonard Bernstein'],[239859],0.07510653940374257,-0.20619480982576724,0.3637068412478508,0.0501638713378556,-0.2653474910153959,0.5365760007276935,-0.23447433355804018
['Leonard Bernstein'],[239859],-0.36753811476045184,-0.27250874753065957,0.19908051477609415,-0.015928034548164244,-0.6208206921564489,0.6369406539144544,0.16306232596539366
['Leonard Bernstein'],[239859],0.25311051122001405,0.18807686874971366,0.15192103192808273,-0.040830415988837576,0.11218007882443341,0.6068116946580739,-0.4480313504369929
['Leonard Bernstein'],[239859],0.028874656947233738,-0.1827620777619378,0.20655735601684014,-0.024856030429080234,-0.7697322972366945,0.39926408505822614,0.08468776969170205
['Leonard Bernstein'],[239859],-0.43933425158760037,-0.4297976206421087,0.723184194995198,0.06443887749182153,0.1272641275236295,0.7061544290841099,0.25471128273865457
['Leonard Bernstein'],[239859],-0.2526895298613797,-0.3601832625115266,0.09784340537640594,0.21553792371729644,-0.40639049068359184,1.0944980094935275,-0.4990184057445015
['Leonard Bernstein'],[239859],0.004094419676651979,-0.13316855845650036,0.20322188004543906,-0.12503641267902657,-0.5141678233959306,0.35390106437678126,0.12377405239088297
['Leonard Bernstein'],[239859],0.0672336444712167,0.07281537021803922,0.14674636207079098,0.04589065171165067,-0.8873200478605847,0.6794687317830476,-0.25539512330676506
['Leonard Bernstein'],[239859],-0.21510730816259996,0.1470473272463128,0.11062973615001011,0.10218190222381977,0.18554383466692423,0.7209769001216744,-0.7417630290981088
['Leonard Bernstein'],[239859],0.1548595565382253,0.19374839859183854,0.0716666380679231,0.05321696518678298,-0.34263197756254227,0.5791509958401664,-0.43041189379611905
['Leonard Bernstein'],[239859],-0.24369578778133735,-0.034005620551240116,0.30686970794196455,-0.3000375971193616,-0.22230967087090908,0.5263533661720501,0.0746481025044051
['Leonard Bernstein'],[239859],-0.18213048714999736,0.16476957861011532,0.1380833527642638,0.11888508792508104,-0.2749206791077789,0.8151362064380866,-0.4099582378895325
['Leonard Bernstein'],[239859],0.15035073058921858,0.3677798881468221,0.12653612424604327,0.25716595270509,-0.01014815009362053,0.6345136395755838,-0.3789178013099351
['Leonard Bernstein'],[239859],0.06621094806483203,0.19335686470827154,0.002540393846216539,0.34555938049462903,-0.4587268401706265,0.6472167076702169,-0.27628975854674326
['Leonard Bernstein'],[239859],-0.010494737078921509,0.07815066273143206,-0.0013110123394485776,0.2981831781248736,-0.6381694956033556,0.721552432986615,-0.3430953897343427
['Leonard Bernstein'],[239859],0.025063682147333757,0.1320076897348214,-0.022240995162280234,0.3042373606832826,-0.4483947282785892,0.7374994061388479,-0.34560082376755735
['Leonard Bernstein'],[239859],-0.23409690446867712,0.3371086382646754,0.19072015332191045,0.28090396383852295,-0.8098116204712573,0.6961121648348821,-0.7917537358926837
['Leonard Bernstein'],[239859],-0.3771095851750536,-0.3867652075264994,0.19347611371377277,0.2719682899641393,-0.48704495524417996,1.0284106955950025,-0.7000720475700427
['Leonard Bernstein'],[239859],-0.5055510452155946,0.012185008506222858,0.04449611698097123,0.06384715430234322,-0.3107597426452953,0.6105777039106691,-0.12970106340682258
['Leonard Bernstein'],[239859],0.19839775104997295,0.15592319972496171,0.029536866625824023,0.016049790765383935,-0.06310313641474337,0.5845667457664915,-0.41398399816806486
['Leonard Bernstein'],[239859],-0.27186079537166663,0.18662874593227602,0.3797329671983239,0.14262661971852006,-0.2848355540345668,0.6495765408356735,-0.7044615396973493
['Leonard Bernstein'],[239859],0.3370421685015813,0.10929785628719059,0.0006370237522313952,0.2612122497791296,-0.8395266909871035,0.786353245245991,-0.443622523225945
['Leonard Bernstein'],[239859],0.19770687734620954,0.22852175914216205,0.05360646214045586,0.158137820890543,-0.22752913510586942,0.5334917708403635,-0.5359283086490131
['Leonard Bernstein'],[239859],0.12478759413774129,0.2299336577377741,0.03457418367941129,0.1448271463721393,-0.009809943749820589,0.7518166135725735,-0.3821226052875134
['Leonard Bernstein'],[239859],0.07493762536735997,0.16733035184185158,0.10533507681737977,0.26610985477128934,-0.47077927254618174,0.62769233001624,-0.48956704171493964
['Leonard Bernstein'],[239859],0.09750653657933049,0.004137110765791031,0.06322909608189416,0.21128181310670677,-0.09506918118841325,0.732996211103788,-0.5041022890923661
['Leonard Bernstein'],[239859],0.05474452200076676,0.11273066036883159,-0.022025873515792247,0.09156953537179639,-0.08002100738711644,0.4726640648328463,-0.2797648512891191
['Leonard Bernstein'],[239859],0.04970086674614248,-0.10652034095883892,0.13545847123099022,0.09319811551781101,-0.3399689390288293,0.5420005580039234,-0.1935957595278668
['Leonard Bernstein'],[239859],-0.07684996218986029,0.2587008812868017,0.29441827307703977,0.1543814808672225,-0.003866854996319313,0.7063576163848141,-0.6012313336248146
['Leonard Bernstein'],[239859],0.08906732554195276,0.01545023132645603,0.18007328041044332,0.07316575680404043,-0.3151991365622748,0.6650611984746876,-0.5457648187431934
['Leonard Bernstein'],[239859],0.0862542616909805,0.08015981731239752,0.0619834983081497,0.35439410747073136,-0.6415560977375121,0.6497449328301811,-0.36040709817757066
['Leonard Bernstein'],[239859],0.0993034050702082,0.0011937468305795393,0.05630887858776768,0.046108416107524954,0.047770858022459305,0.6252705961235357,-0.4986093712838216
['Leonard Bernstein'],[239859],-0.8548413599110103,-0.22727727521350788,0.5336845390650424,-0.05441235656433912,-0.02892188292061117,0.7646959582844478,-0.13585207060385165
['Leonard Bernstein'],[239859],-0.2679741254035347,-0.1210711890266264,0.18294535601587567,-0.19214945127779476,-0.04885197652182594,0.29363680180106827,0.07511258823831238
['Leonard Bernstein'],[239859],-0.16950826421917503,-0.1622105213432022,0.334685857472747,-0.13060471185177183,-0.03939124978966825,0.31977382915265135,0.07128389362477071
['Leonard Bernstein'],[239859],-0.4682050506718187,-0.35465510795826993,0.24599411216240338,0.0035203278373967936,0.08593214752516035,0.30726961234486644,-0.0376038885186806
['Leonard Bernstein'],[239859],-0.825512039335253,-0.48587378681054866,0.6564952175790616,0.05836944045582833,0.08045280699273548,0.8224851090154424,-0.06320871156650752
['Leonard Bernstein'],[239859],-0.5955093554025435,-0.5912692777335307,0.22938556684232286,0.13270835010562052,-0.3093543036090713,0.5956821377302622,0.015766847624215565
['Leonard Bernstein'],[239859],-0.7771432694077646,-0.5048165460416715,0.4952710400798435,0.14459222784498318,0.1538222750125644,0.6198704180243731,0.06210948254117894
['Leonard Bernstein'],[239859],-0.1457752908497492,-0.15330464994329251,0.1748706688252887,-0.184716921476728,-0.23693247640744702,0.3212424100783096,0.14553375575266467
['Leonard Bernstein'],[239859],0.17977615410088074,0.22711002697497595,-0.019337939248883797,0.21921701537911492,-0.7541783914539087,0.705949550824744,-0.42039347239994723
['Leonard Bernstein'],[239859],0.053362694994753955,0.07991860430672539,0.10603040445401425,0.11781284115095404,-0.5906062564649119,0.6380149874158484,-0.4360765221481702
['Leonard Bernstein'],[239859],-0.07516894807072295,0.186491037490822,0.14867648294918062,0.002641701355557866,-0.12100537698342828,0.7602317091916385,-0.4260786205973152
['Leonard Bernstein'],[239859],0.27256323394498916,-0.06676222431426405,0.060039174243423456,0.11517833509634436,-0.5943335644359525,0.7320800990372232,-0.44943956416924363
['Leonard Bernstein'],[239859],0.19119462965887357,0.0767026461378395,0.009212386902642011,0.007921392954259001,0.050119992594734715,0.7200229705460208,-0.4822362935938374
['Leonard Bernstein'],[239859],0.23884058255243262,0.19876238354737824,-0.0331703624187878,-0.014917586046743172,-0.5795709124042591,0.9706158434588068,-0.3412868276410071
['Leonard Bernstein'],[239859],0.04412729695926804,-0.09787194558742011,0.3111782524253947,-0.11877589326972335,-0.006864876570203212,0.5480998767178401,-0.19695937926743295
['Leonard Bernstein'],[239859],-0.18322189462238558,-0.049979591248996216,0.4282754901982198,0.11419071739830142,0.2038086454910709,0.852866271780746,-0.8404731679177649
['Leonard Bernstein'],[239859],-0.057388688000704915,0.03974545641964464,0.05594315471633208,-0.010468560755727283,0.046700191533256365,0.6889593762620602,-0.29393640735765636
['Leonard Bernstein'],[239859],0.12863711570665703,-0.1414175147900217,0.05004548881286671,0.11655124584503564,0.06959691519080236,0.7044245913899349,-0.5879426741957443
['Leonard Bernstein'],[239859],0.2273177709515483,0.08146486943342515,0.07985025208627246,0.03828212331550965,-0.5350170347739281,0.5513528752276591,-0.3728592784990332
['Leonard Bernstein'],[239859],-0.1324515467024368,-0.35190178283217427,0.014489849665411383,0.09048693321320835,0.14585009560364026,1.2297607728533537,-0.5598823628111572
['Leonard Bernstein'],[239859],-0.25080749055817225,0.1946154783565307,0.33070647796384317,-0.05370398104549317,-0.4734616507706293,0.9606153283295384,-0.4511358374332936
['Leonard Bernstein'],[239859],0.2366387447419621,0.21847904949647415,0.06472743166949747,0.09910837568410333,-0.4090664546010693,0.71856993539936,-0.5505011388742639
['Leonard Bernstein'],[239859],-0.14897531780578005,-0.00024608102003281486,0.0624931645841166,-0.1561754598459053,-0.3908883194646812,0.5149247359969504,0.06700199217792771
['Leonard Bernstein'],[239859],-0.2517944388756475,0.08684876968521284,0.18341783474889553,0.14070328856266187,-0.09982259637371738,0.6562538443402101,-0.6285441778204146
['Leonard Bernstein'],[239859],-0.14946303249819926,-0.15203469629618202,0.23476893283387534,-0.08945230561417761,-0.8565598310978398,0.42590148817698814,0.06529007214397518
['Leonard Bernstein'],[239859],0.08034046279159619,0.21674546495371425,0.08869895509402236,0.2748879922033078,-0.27533808267770443,0.6850469697467142,-0.4263539423808555
['Leonard Bernstein'],[239859],-0.23535110083950342,-0.021564842567804422,0.2128874823341641,0.0961189856230946,-0.11399612018079895,0.6581283527627257,-0.5358471738064159
['Leonard Bernstein'],[239859],0.09767738369840416,0.05785920688306803,0.03918206507296575,-0.04641756692225848,0.10606790476770771,0.5836254538595116,-0.24341847390763405
['Leonard Bernstein'],[239859],-0.12320418143212344,-0.04372755939498407,0.1142006872506322,0.2031523962391115,-0.27924866771104656,0.6635606446882933,-0.5442354248010184
['Leonard Bernstein'],[239859],0.31756949012610813,0.09756568481659449,0.023231653841257183,0.14379641560075865,-0.6819217322855399,0.7183727600831473,-0.47252428169246796
['Leonard Bernstein'],[239859],-0.6137190970889621,-0.5301776423284419,0.35442853489687765,0.03341490175007358,0.12566550535264712,0.481711701202522,-0.1370064518469973
['Leonard Bernstein'],[239859],-0.555691980991392,-0.2730276648791036,0.2873690726512985,0.1445097034848149,-0.5225018082334391,0.44038869634305744,0.04331749599598906
['Leonard Bernstein'],[239859],-0.5846462488057891,-0.16440308968301856,0.3102002610541007,0.15012673648933997,-0.6823895122421864,0.5731609408669166,0.020888664712807394
['Leonard Bernstein'],[239859],-0.2168544581651737,-0.1321287724474322,0.2144299368174213,-0.13556452750609108,-0.13553879610336894,0.2789823711366642,0.10493101674533038
['Leonard Bernstein'],[239859],-0.6853630814362162,-0.4274130914780083,0.34600679255978567,0.12845039434482075,-0.045783615257505864,0.47409901632790735,-0.11215711579968646
['Leonard Bernstein'],[239859],-0.24004443052478783,0.0875209884191003,0.04524418638866618,0.2751407116759035,-0.6207154973848941,0.7481295088183427,-0.6120427271269748
['Leonard Bernstein'],[239859],-0.07247922306388867,-0.12799710028301442,0.17752746479082113,-0.13971114657565478,-0.5075897767366075,0.35575215731800025,0.13721552678970625
['Leonard Bernstein'],[239859],-0.4909651190411814,0.028527290977803876,0.25085718119659217,0.10499092688801248,-0.3096893919873869,0.6094776850223593,-0.06972788291869117
['Leonard Bernstein'],[239859],0.26432281733671065,0.10974394989580877,0.02552969538532431,0.04028524705402212,0.12506988008233838,0.5996144567390114,-0.40150894154062494
['Leonard Bernstein'],[239859],-0.018043174665077728,0.3642588591761353,-0.09580163265099531,0.378071521471554,-0.4564449694156732,0.6172067650508132,-0.4036855125651532
['Leonard Bernstein'],[239859],-0.12027287760439166,-0.04737993138175333,0.13452619548986416,-0.1185373247763962,-0.022030531477125876,0.4023169339212939,-0.00724648389470471
['Leonard Bernstein'],[239859],-0.590639606134254,-0.1976447547982181,0.5439138848901132,-0.012933757309904054,-0.4748880999954418,0.8455976466772469,-0.42969505841560957
['Leonard Bernstein'],[239859],0.16385093504212622,-0.059293787547833744,0.23905728901250098,-0.20697397011660093,-0.16372613361988508,0.33717756803812793,0.09636607548221718
['Leonard Bernstein'],[239859],-0.10432589131028289,-0.2626511812400194,0.2432755614916854,-0.0722694390836215,-0.1334998930779416,0.2556304110025588,0.11449840750126097
['Leonard Bernstein'],[239859],-0.14974799420187182,-0.27634753404878853,0.21753848884306243,-0.11131708751079493,-0.4866525684757733,0.4351783951872977,0.0977493352559188
['Leonard Bernstein'],[239859],-0.12374316455117919,-0.1207745036608454,0.17217155254613506,-0.16954759156091623,-0.7493279019828388,0.6613650775648791,0.2629655865039513
['Leonard Bernstein'],[239859],0.1244451779547042,0.20153177488145518,0.007308679897615968,0.237244425638874,-0.1039332130552963,0.6380473058273184,-0.4174343801573833
['Leonard Bernstein'],[239859],-0.21545888059053414,0.0681174116017662,-0.03301337250297487,0.36436354816857464,-0.6833675275213009,0.8636533825791436,-0.5514332510382314
['Leonard Bernstein'],[239859],0.13136221408035614,0.2770578906631101,-0.01748945303173723,0.38403917533789644,-0.8233861789764158,0.6575737348798042,-0.38695511690381973
['Leonard Bernstein'],[239859],-0.044149265990268714,-0.03779800754707767,0.023439766655189678,0.3232288914450484,-0.614992179678836,0.8348352139521916,-0.5293555260151207
['Leonard Bernstein'],[239859],0.18679439927337438,0.22685562053763647,-0.025597362107055256,0.22501131123186263,-0.7523520898194864,0.7178672881364672,-0.42166321804259504
['Leonard Bernstein'],[239859],-0.264781873604021,0.03975184454915062,0.022857539138080335,0.12294571122032315,0.02154349065009713,0.8467795854606018,-0.583916344567797
['Leonard Bernstein'],[239859],0.18393234581384768,0.26397160680573917,0.0051244948320540535,-0.0841236425581937,-0.40053710912752505,0.967373078314174,-0.35023747006843997
['Leonard Bernstein'],[239859],-0.06744866153572712,0.010984092136288308,0.0905048748762514,0.1221083189155279,-0.17430488527365784,0.8630808855394589,-0.5590689753411596
['Leonard Bernstein'],[239859],0.3279078619974997,0.13633192141142794,0.021541983742346605,-0.012757604878014868,0.1273561221271256,0.7099012976804138,-0.43579159830205194
['Leonard Bernstein'],[239859],0.013182563989537047,0.007222215630177189,0.024900677440201358,0.10265700763786988,0.1613302822098025,0.6558088043530426,-0.4989473538995617
['Leonard Bernstein'],[239859],0.19370221431608278,0.10372659627539824,0.026058267675880056,-0.04734174031992985,-0.6104712725555247,0.8308471194312868,-0.24736344707806665
['Leonard Bernstein'],[239859],-0.42117481345251745,-0.4178078108462151,0.23992190307884464,0.19831439467391573,-0.51036751047974,0.9814672407099452,-0.5955471339288012
['Leonard Bernstein'],[239859],-0.3980285500661522,0.0025448105250660998,0.37836160161846494,0.2559377187345353,-0.46350234636094073,0.6280284696699033,-0.46795490547393026
['Leonard Bernstein'],[239859],-0.09606466052020585,0.10037834832522075,0.5551068254959265,0.020171158535938573,-0.9098895785849426,0.5653228032756029,-0.31368190763953013
['Leonard Bernstein'],[239859],-0.06876850189511449,0.15249229210691484,0.03618420551387761,0.09491610878687748,-0.5131206554819258,0.532112470519564,-0.31928138190507455
['Leonard Bernstein'],[239859],-0.10359967091382374,0.004093916671125515,0.33787673270994295,-0.14461401625159215,0.06070163179325872,0.3832221461613576,0.026376910194377694
['Leonard Bernstein'],[239859],-0.6678689494121228,-0.26418024978131566,0.266618593104495,-0.04498333089900462,-0.059401130282233004,0.5596936310814962,-0.17378023348662378
['Leonard Bernstein'],[239859],-0.12165418129297967,-0.24665560558500293,0.19079433487786945,-0.10729271799725461,-0.21939769136499623,0.3502838771638441,0.16374770362205912
['Leonard Bernstein'],[239859],-0.12774388693503844,-0.2291507124691414,0.2708853627915618,-0.14911300860986557,-0.035978623886743714,0.38305682227447124,0.15618182702664496
['Leonard Bernstein'],[239859],-0.7020860587881058,-0.2940008792745549,0.6032363373782018,-0.07863527559812682,0.14098482929704928,0.7811253095996069,-0.046126557071552596
['Leonard Bernstein'],[239859],-0.18333755595920107,-0.1360367864846919,0.24421285601812176,-0.27379383316322187,0.04874790392704348,0.4694540832840902,0.1560807620920051
['Leonard Bernstein'],[239859],-0.2751405467074717,-0.39688558064130147,0.22038123305430235,-0.023738211755819374,-0.5494397135454203,0.5167205547850611,0.02891361866736212
['Leonard Bernstein'],[239859],-0.09674175092742283,0.15611380953971368,0.026767673026631435,0.29094285683717597,-0.7118271598604189,0.8018524643674481,-0.5156079894333876
['Leonard Bernstein'],[239859],0.0950703390186734,0.2151734687402038,0.37185326696597715,0.02914727720854325,0.12807013741357556,0.5278812870378593,-0.6988359437503912
['Leonard Bernstein'],[239859],-0.21247938336129926,0.0568911423169947,0.183269213088448,0.1824518141798981,-0.248222789295564,0.8792239787872558,-0.5714261333759991
['Leonard Bernstein'],[239859],0.007298659624714941,0.12312035225496197,0.017516817604336536,0.1616819318303807,-0.7412653994700208,0.7736991289077293,-0.4970575894561607
['Leonard Bernstein'],[239859],0.17930242538608282,0.15630864443665254,0.044234727732947794,0.07664888175555137,-0.14124985732668033,0.589201636308557,-0.5007248055672598
['Leonard Bernstein'],[239859],-0.26805626106587627,0.09265394749040377,0.19683796300537937,0.12671094888702428,-0.10432111848769575,0.6431477568532848,-0.6044575125676391
['Leonard Bernstein'],[239859],0.32840971673716857,0.235867089491473,0.0774858446935031,0.13914198761429147,0.04358858952834283,0.578654117841568,-0.41932109323150135
['Leonard Bernstein'],[239859],0.08061508983704836,0.08662677319670535,0.10084751580934818,0.1170540578394126,-0.7181774666250123,0.5147780623268101,-0.14261286585104516
['Leonard Bernstein'],[239859],-0.08055321491954837,0.16012376181161656,-0.041567529579816874,0.17150948175295047,-0.17482277679241504,0.8186192664231408,-0.40284140272368163
['Leonard Bernstein'],[239859],0.018617865623353557,0.12215016573779076,0.07029656667685065,0.1557759467436033,-0.018140439494624228,0.6661916861770932,-0.3838040475524372
['Leonard Bernstein'],[239859],-0.5107231213639976,-0.19604540472181567,0.1108582477808282,0.02890040162060316,-0.7978714433867021,0.5921634946954774,0.08066197117137594
['Leonard Bernstein'],[239859],0.10039230582871454,0.12939545731798222,0.06375066509415217,0.06599482540816848,-0.5155169763259582,0.595672613522068,-0.4185119170568523
['Leonard Bernstein'],[239859],-0.3277388415339172,-0.14283454122496272,0.26838237109452723,-0.12928958689950365,-0.39211521355685824,0.36412113860673456,0.01970602209317996
['Leonard Bernstein'],[239859],0.13575500137797458,0.20252642675762797,0.16780890734364154,0.0941149313751251,-0.1442586506753552,0.5434714862810802,-0.4857405843981434
['Leonard Bernstein'],[239859],-0.22215443962322734,0.054356072794188845,0.27809053201725425,-0.2604620961003756,-0.3032699879229802,0.5887802723962159,0.18753715188744335
['Leonard Bernstein'],[239859],0.20488225218803824,0.23525659146111444,0.09426530329720069,0.055079267956539946,-0.2362342775006131,0.6270299847599627,-0.5299482062447891
['Leonard Bernstein'],[239859],-0.35050137238692675,-0.42848037126767513,0.23418086419963216,-0.05556516039608118,-0.4376491543477785,0.7062206323872497,0.09019876684941035
['Leonard Bernstein'],[239859],-0.564715271125871,-0.5287637626420564,0.632824560307565,0.040731780835051766,-0.49077119881761133,0.7571330151100162,-0.26706931727009847
['Leonard Bernstein'],[239859],-0.5444707951640183,0.471378024421883,0.3621238334220496,0.12512815260027468,-0.1585047396189053,0.7770846075875295,-0.8170670200885862
['Leonard Bernstein'],[239859],-0.7228475142002028,-0.4074473686967279,0.8818566452132459,0.12855515251709074,-0.29818567992103817,0.7447819807277134,-0.12496823908310334
['Leonard Bernstein'],[239859],-0.7031509153691865,-0.40592731292098033,0.3613030616858288,0.17188068612850624,-0.3116171614793486,0.5169689858020413,-0.11640210974503848
['Leonard Bernstein'],[239859],0.10546375358336514,0.2115768875151038,0.032405174710975156,0.31580713135649047,-0.7487951176291103,0.6145687472268605,-0.35636617792454744
['Leonard Bernstein'],[239859],0.2691125178085186,0.15560681173609509,0.011677420076672135,-0.012489591996293443,0.11856680512782738,0.6185902760505643,-0.42000761313325286
['Leonard Bernstein'],[239859],0.31014663216403204,0.12063994434860328,0.031454494527051444,0.09305560589543806,-0.32167675292374254,0.6786357770288427,-0.4909245707320537
['Leonard Bernstein'],[239859],-0.1007009057121132,-0.049468061024001225,-0.011002032904026094,0.26773113516967256,-0.4372175518870347,0.8060831391859093,-0.5612809266803072
['Leonard Bernstein'],[239859],-0.14896336064648177,-0.04591829926912859,0.2783386261199638,0.17991986683948108,-0.24586493462398026,0.920099938109284,-0.6572404105536882
['Leonard Bernstein'],[239859],-0.131018409152445,0.08656138122193595,0.12359923095480319,0.0008040911824615151,0.17678297444345864,0.8422989662821149,-0.5514728093626841
['Leonard Bernstein'],[239859],0.06415958511874263,0.04152234355616424,0.06884863615228079,-0.08195603606529259,0.0891217985191224,0.5146532009066512,-0.1714449672850839
['Leonard Bernstein'],[239859],-0.054510847216764975,0.07090448017804452,0.029294541278785422,0.1233927980599191,-0.1068647476556035,0.7285033910206379,-0.346041499370733
['Leonard Bernstein'],[239859],-0.15737080315555085,0.10060604616501644,0.10443508833845619,0.1840053161163149,-0.8334780000532306,0.7386426266751548,-0.46285736162220653
['Leonard Bernstein'],[239859],-0.22418851210738444,0.2111711208153874,0.21139423629012363,0.149841203078713,-0.09604569783342716,0.648933603396387,-0.6792712550167588
['Leonard Bernstein'],[239859],-0.2615479623980587,0.05183716879660263,0.08993477645792045,0.15294913228925486,0.0065180634608970455,0.7332903441196175,-0.45735118586139956
['Leonard Bernstein'],[239859],-0.09753001515930376,-0.1346127554184968,0.18045178008453117,-0.0457651642908516,-0.5834748726199362,0.34913909039410207,0.16766399861270512
['Leonard Bernstein'],[239859],-0.3966549010354894,-0.5366047477335398,0.33668444836233635,0.080975092144625,-0.7001657568147859,0.597800276708526,-0.05384781499372802
['Leonard Bernstein'],[239859],-0.36384003093984274,-0.5195366009135095,0.9896923322612534,0.030855485298815176,0.019966980976908882,0.6011387251976932,-0.09242820989745382
['Leonard Bernstein'],[239859],-0.267945208683162,-0.18909985992835124,0.036266180686048054,0.19064852046340955,-0.23123336219099547,1.0184604924313625,-0.491997048486119
['Leonard Bernstein'],[239859],-0.061681615358041224,-0.2926585848889858,0.22606512088484082,-0.0142626889246291,-0.7591611424428273,0.4157997509270951,0.1254866102213666
['Leonard Bernstein'],[239859],-0.5235185043500535,-0.10293897678456397,0.6890820859579148,-0.19933185278676516,-0.2588287578841426,0.713542329565783,-0.21137449555608395
['Leonard Bernstein'],[239859],-0.39040495264350134,-0.3009495700008242,0.20330053642146112,0.12463581582195697,-0.8044401058021158,0.4488413028055086,-0.0076096461242652945
['Leonard Bernstein'],[239859],-0.33117340627400815,0.09465470458602589,0.15249935030467693,0.24585206305695206,-0.4281173050803534,0.8584409549654571,-0.472812594822403
['Leonard Bernstein'],[239859],-0.13523514496497763,-0.20165994816202057,0.2814630008656211,-0.11674700470480262,-0.03996292149128248,0.32726609229871806,0.09432044727271599
['Leonard Bernstein'],[239859],-0.5784058641445661,-0.5367736510256517,0.44911902980329593,0.1824648766986003,-0.48751230559672293,0.6505555598166275,0.033149126381441386
['Leonard Bernstein'],[239859],-0.3461874089016804,-0.3890495339273474,0.20547270809112972,-0.012548903256647126,0.08570809123048106,0.3750341478937302,0.08371804602189441
['Leonard Bernstein'],[239859],0.08625379883204876,0.14352565544449586,-0.010083965430228001,0.06613193270843963,0.042093608755171215,0.5374457576600893,-0.49896508933942446
['Leonard Bernstein'],[239859],-0.011358537440228383,0.16148140702303496,-0.008430527107507926,0.24905778983286833,-0.19603669252510017,0.6257707407983352,-0.29743733403127987
['Leonard Bernstein'],[239859],0.27983757949155763,0.07571628873812021,0.05743050092627248,-0.04409834755296252,-0.08477608046639365,0.5899939397235697,-0.3066949761124655
['Leonard Bernstein'],[239859],-0.09644084570980029,0.24316466800905104,-0.046600894783110594,0.276512459417476,-0.24439942712254065,0.8458754041548705,-0.3680092327925589
['Leonard Bernstein'],[239859],-0.0259757490112521,0.2097145718545689,0.28533818170207065,0.022939314603559555,0.1387743909786667,0.5548747442762282,-0.694041645697194
['Leonard Bernstein'],[239859],-0.2770147356536106,-0.08669699179278853,0.038259764826998395,0.230092677728186,-0.5822291775351812,1.1104614981861687,-0.5135530183137998
['Leonard Bernstein'],[239859],-0.45949467699090385,-0.06328940429376595,0.37410255018309085,0.04598505573941185,0.21788621364485478,1.0483307151226682,-0.5462598871978992
['Leonard Bernstein'],[239859],-0.4190667529708727,-0.3518627169445553,0.5491104294898831,-0.1979272451672075,-0.33752306379547375,0.9085457601211747,-0.17330381906264405
['Leonard Bernstein'],[239859],-0.19132394846701123,0.24499754004265856,0.1321567706599348,0.2845720795376524,-0.4893025567120551,0.4596319630142633,-0.6346833091155019
['Leonard Bernstein'],[239859],0.10100627524232175,0.19330872032701685,0.008603974301012608,0.20717506444566064,-0.8522072807443618,0.6678682221579593,-0.35793283781599183
['Leonard Bernstein'],[239859],-0.25519730622919234,-0.2158440320384177,0.08378807272645192,0.20557499156600942,-0.2620142675094641,0.7957753532599933,-0.5301804108139243
['Leonard Bernstein'],[239859],-0.34665010896863474,0.30665106862851216,0.16516697492779395,0.013277822029290738,-0.12490089784944956,0.5578605742623688,-0.6103290080212413
['Leonard Bernstein'],[239859],-0.09622801913080414,-0.2017577828518874,0.19986883818137774,-0.09568543514747764,-0.7708193986148824,0.4014221992509276,0.13396732476815354
['Leonard Bernstein'],[239859],-0.3203726707363152,-0.25833330602070537,0.3014640449122915,0.026593046188471005,0.09058874376977603,0.34632032812386077,0.048669917927598914
['Leonard Bernstein'],[239859],-0.40422405738226797,-0.5716447249686005,0.3980426561155049,0.06136288221182741,-0.07267868516653375,0.4700468817225188,0.06421522832482242
['Leonard Bernstein'],[239859],-0.7782625025191462,-0.41889843778960617,0.7330273557994343,0.10317051976464899,-0.46158044212857635,0.8698662557170302,-0.18193250053712468
['Leonard Bernstein'],[239859],-0.0031499130771544042,-0.04477989068638692,0.39864875511840564,-0.15555913192406043,-0.5209562871674596,0.2992624747469236,-0.007387612037876443
['Leonard Bernstein'],[239859],-0.19042897765711841,-0.14512511507636092,0.2709100914347819,-0.019664793001397975,-0.9334630054248244,0.4519315893675032,0.05454533642539086
['Leonard Bernstein'],[239859],-0.1101368470330633,-0.04701223459215582,0.3495066617953122,-0.08613547713416037,-0.40291059149048614,0.3370766047239439,0.019214635213774582
['Leonard Bernstein'],[239859],0.15028247355884947,0.18171241430268156,0.05816182386149637,0.0322352095561433,-0.22430189118790061,0.7437858471816409,-0.4330923195775256
['Leonard Bernstein'],[239859],-0.16103880201237777,0.09071252938141441,0.37010854064645987,0.14448585633979527,-0.26105803558153867,0.8412640074629435,-0.7374462820995032
['Leonard Bernstein'],[239859],-0.20760983111305673,0.19220348333028325,0.13501783012464008,0.03639147146582631,-0.014806499466414942,0.7809831490407624,-0.394631859052435
['Leonard Bernstein'],[239859],0.1003022879878168,0.10837498465069505,0.0729302734909695,0.015292597223009042,-0.26334665462731965,0.5148548737429187,-0.19241158706095154
['Leonard Bernstein'],[239859],-0.2972476301863191,0.035195647189667445,0.04572500488383813,0.18840201010165275,-0.42228129723750113,0.9165253593949919,-0.5995198994335366
['Leonard Bernstein'],[239859],0.2614235792650546,0.07834257285078676,0.13207434518021885,-0.07369460540475303,-0.016499851981549123,0.45064819983362747,-0.302613290345307
['Leonard Bernstein'],[239859],-0.06906477735605386,0.018226107890400755,0.07099325732349576,0.04120917118284801,0.126670495007332,0.5328491563628969,-0.1946616673144328
['Leonard Bernstein'],[239859],-0.12020413593078742,0.07067930869957265,0.09067330271990215,-0.04157983110846855,-0.10468669749205724,0.3838173164370459,-0.033044676400099414
['Leonard Bernstein'],[239859],-0.35452659489008165,-0.2825005397898628,0.22036569432149994,0.1092380759736135,-0.001154573090687089,0.7766490952677035,-0.35929865816181705
['Leonard Bernstein'],[239859],-0.20571712054687774,-0.11407051775863303,0.17708561041057705,-0.11593472266886462,0.05543066759510672,0.28108205341875814,0.12051864467732915
['Leonard Bernstein'],[239859],-0.139122613283346,0.10558441334775896,0.36784606564664757,0.1441774598586563,-0.26159208107275966,0.8414718225274267,-0.7438214099510364
['Leonard Bernstein'],[239859],0.22908937200298285,0.037276392283993875,0.09482907480851939,-0.10095542514225925,-0.108412705391453,0.515849886544928,-0.18169358320050738
['Leonard Bernstein'],[239859],0.14611476756334144,0.16203549307833726,0.01662024487979572,0.14375955912707922,-0.7698222800245064,0.6739577893219786,-0.4587902197504682
['Leonard Bernstein'],[239859],-0.4463418542497253,-0.3214218927013924,0.5877078354248257,-0.038948757422573414,-0.6994381656310826,0.7254746516255989,-0.22406079108869276
['Leonard Bernstein'],[239859],-0.015726979785905846,-0.045542493601645334,0.1754152837787485,-0.05202072467973333,-0.4904177339238347,0.38023343145735067,0.16489282643373981
['Leonard Bernstein'],[239859],-0.5034914694955462,-0.07758265038162769,-0.0002924513124211617,0.02217437336245872,0.17597988490912833,0.7718505513687911,-0.2829572831225577
['Leonard Bernstein'],[239859],-0.03044538007334383,-0.05075605415954389,0.28446981190284687,0.014351028512857633,-0.3927064824436416,0.34622987857688126,0.17135103623785145
['Leonard Bernstein'],[239859],0.11190399490173214,-0.047449630858943485,0.07696740891968379,0.09031714376372342,-0.04640538050029547,0.6021103785777198,-0.46172407039065866
['Leonard Bernstein'],[239859],0.021629961701115842,0.11969460334803993,0.15764500455900607,0.3331573393526412,-0.6390412518741454,0.667864369305147,-0.39727882776989387
['Leonard Bernstein'],[239859],0.14846843574347895,0.16914155736012199,-0.03196345591399809,0.13162516819240677,-0.6556930369423293,0.8506695009593116,-0.3609823089371849
['Leonard Bernstein'],[239859],0.029371052555002546,0.07765447725877711,-0.023728793904729217,0.28680064581589837,-0.1869857573905817,0.6116600652820682,-0.48747648216830824
['Leonard Bernstein'],[239859],0.2687177331566698,0.18472198844272167,0.01589314924020889,0.17236611428632478,-0.3036632855559765,0.6945176773138899,-0.42236835085096236
['Leonard Bernstein'],[239859],-0.4718200058584658,-0.17123182786886848,0.21897446192339892,-0.11176994611171935,-0.09149375730678128,0.500564626357086,0.05688095369794349
['Leonard Bernstein'],[239859],-0.37979974103871555,-0.4036988622278175,0.5180709517327378,-0.07433143400433184,0.09913188253060357,0.5015744499575723,-0.1382534229657552
['Leonard Bernstein'],[239859],-0.1448089399764942,-0.26023889313045107,0.22822032227756658,-0.094127819419312,-0.038146488962471525,0.2837917877237236,0.13561945913338952
['Leonard Bernstein'],[239859],-0.5593848969899602,-0.7685390593505292,0.3214314958900263,0.11569638234641336,-0.4808464362473206,0.7302983495591203,-0.07053624439787769
['Leonard Bernstein'],[239859],-0.13753508648451038,-0.14475596309080904,0.0017398034895573014,0.23543021919734122,-0.2572520075101211,0.8057277678507027,-0.5351197747215792
['Leonard Bernstein'],[239859],-0.26344545673315534,-0.3793042431349012,0.09316009919611246,0.20808046133838803,-0.4080060672056811,1.0942658918801764,-0.47422216668768724
['Leonard Bernstein'],[239859],-0.471714677335422,-0.1698675821503409,0.3502633158357552,0.00969490500976801,-0.529956993262263,0.5274748721321447,-0.10682401984717521
['Leonard Bernstein'],[239859],0.13657489774221288,0.2376782489811322,-0.048171709318958075,-0.10164766232094229,-0.22299482220203376,0.9101413786716211,-0.3477987407235207
['Leonard Bernstein'],[239859],-0.8693265874586459,-0.4562237387514637,0.7155659587506488,0.13101819738514192,-0.2722370466157202,0.8644118068755883,-0.10503136450764078
['Leonard Bernstein'],[239859],-0.29930894642758527,-0.012695697999105911,0.07789875725265107,0.1464688335329412,-0.32811536410048625,0.43389463511686716,-0.26694909453020815
['Leonard Bernstein'],[239859],-0.34177071778506257,-0.3797925906822154,0.2664798026516498,-0.009933125858270633,-0.3668414739404745,0.45718203644888333,0.015038964316930732
['Leonard Bernstein'],[239859],-0.2718800261217354,0.20592463925331173,0.2731119914640498,0.04547882081313501,-0.0047550054056395815,0.7424368903268227,-0.6612222982486183
['Leonard Bernstein'],[239859],0.16965880733055547,0.17806718936883761,0.03793271306428061,0.16380088823566452,-0.771931133124372,0.6320601549426674,-0.5078025751600534
['Leonard Bernstein'],[239859],0.22242778380613518,0.2130869849000328,0.0170163840057505,0.1980648962945215,0.1533734892660475,0.5660890657177085,-0.3490390561417566
['Leonard Bernstein'],[239859],-0.23822018307952633,0.08627659040385412,-0.02800911207742821,0.14570842267733672,-0.6128293229369064,0.999997823924115,-0.4608735636994349
['Leonard Bernstein'],[239859],0.13573177645497034,-0.037345470394196834,0.1494364160335743,0.09093489072040666,-0.19957031477724613,0.8609440145006924,-0.47391593879904365
['Leonard Bernstein'],[239859],0.010037365714249864,0.35643895209599447,0.3808112329194453,-0.11765583290457521,-0.05532601132109258,0.7794929198474408,-0.36195626837098704
['Leonard Bernstein'],[239859],0.04924845000055227,0.05694325381983892,0.005408932704785709,0.29621882874059385,-0.08800099445934452,0.6575355769455512,-0.40828185432234554
['Leonard Bernstein'],[239859],0.14075175402586243,0.20368086460886378,-0.029057039264644226,0.21411523520703227,-0.7436578360086906,0.777155220029081,-0.39031376972621845
['Leonard Bernstein'],[239859],-0.07457787673632459,-0.31364619773079944,0.051562320401700064,0.34010167039034067,-0.7061435862304115,0.8658969787075298,-0.5085233981059882
['Leonard Bernstein'],[239859],-0.23798879930002131,0.03814027737265372,-0.031508332915348415,0.23668636987541625,-0.2478316965418449,0.849014353243062,-0.4504995981975899
['Leonard Bernstein'],[239859],-0.0845057620213548,0.06821764339891521,0.04091920306338483,0.10603936232749385,-0.10917321373193174,0.7275585877024421,-0.3220956548397214
['Leonard Bernstein'],[239859],-0.27972508976864474,0.10979536619373965,0.11977497483505029,0.213519799234722,-0.7116754785817068,0.8155398644198933,-0.5967923713609365
['Leonard Bernstein'],[239859],0.06876379411610166,0.23239825173967546,0.23086661736662764,-0.05590167739266221,-0.4791189675677039,0.9743348129081623,-0.49389710526332864
['Leonard Bernstein'],[239859],-0.10021373458865766,-0.2892022679407879,0.2424543123265664,-0.08299801217719717,-0.4012905622603126,0.3700709636806178,0.08750644555845132
['Leonard Bernstein'],[239859],0.11358935119337896,0.19845786231618803,0.16579917955096343,0.08908935369417248,-0.143428934595926,0.547621019118492,-0.4741955463925569
['Leonard Bernstein'],[239859],0.006785410313968368,-0.029636604240060947,0.04978160951118506,0.09559507755827683,-0.4945455378839756,0.72187327260167,-0.26017331059807325
['Leonard Bernstein'],[239859],-0.15299220336547967,-0.11210458467732004,0.18468702764985312,-0.18512474421599057,-0.33123976737771116,0.2896683066833203,0.11587344119225988
['Leonard Bernstein'],[239859],-0.5837129012749843,0.46445239760178797,0.40274646128997654,0.10633062390983988,-0.163856537716371,0.7556546960676727,-0.7943029456266585
['Leonard Bernstein'],[239859],-0.14210809482538447,-0.13149641693116715,-0.04672402470229052,0.23422071711519377,-0.41415146193535046,1.0082019140963716,-0.5742807267282951
['Leonard Bernstein'],[239859],0.10740247031043021,0.11801185617769043,0.08495088964694834,0.1913692449880146,-0.8447225670689785,0.7537188390701516,-0.40500363285741225
['Leonard Bernstein'],[239859],0.004407506507554252,-0.13543533196272375,0.22937478910205647,-0.10595138441931616,-0.7760329949441397,0.4286933393155557,0.11384286470457404
['Leonard Bernstein'],[239859],0.1253174710582429,0.15760185460305973,0.03918034987362418,0.0576702708362275,-0.32221910693908723,0.7112781870085854,-0.40189646089720193
['Leonard Bernstein'],[239859],-0.13398336607427772,-0.5495524283456025,0.40611187598191545,0.23765786637547875,-0.41420524631423405,1.095468903157281,-0.6841296147503104
['Leonard Bernstein'],[239859],-0.232976284347338,0.23256519037452078,0.22066274945014122,0.14064698103940346,-0.09441652450755965,0.663665221136544,-0.6952805107187197
['Leonard Bernstein'],[239859],0.27983757949155763,0.07571628873812021,0.05743050092627248,-0.04409834755296252,-0.08477608046639365,0.5899939397235697,-0.3066949761124655
['Leonard Bernstein'],[239859],-0.26623262660345,0.048816889031242316,0.07348389769081327,0.16005014791389732,0.009228433527952003,0.7393321832047945,-0.46275441199181433
['Leonard Bernstein'],[239859],0.21694640351691877,0.21745899293609428,-0.027653890803949945,0.028616512956707182,-0.8482651128178127,0.9988861950443354,-0.3096051813477193
['Leonard Bernstein'],[239859],0.266430139898254,-0.0009158544906402148,0.1708632494744947,-0.17852500787927258,0.0501860107540654,0.4736460401654808,-0.10635798278302601
['Leonard Bernstein'],[239859],0.18227987790579617,0.2514172134858432,0.004188464974105672,-0.010243915132431,-0.5723489034232631,1.0083314566434698,-0.39797521812923414
['Leonard Bernstein'],[239859],0.17097538979069077,-0.06445314771201109,0.2422987662939612,-0.1917569529381129,-0.16330502203140454,0.3190624200483839,0.07869957485287211
['Leonard Bernstein'],[239859],-0.40722675533933816,0.12439179847523543,0.02100419992901436,0.1892655943181919,-0.48168903145319314,0.4782584201323343,-0.42983468087202065
['Leonard Bernstein'],[239859],-0.3990275303064233,0.09635107336178471,0.16938818737129502,-0.19898453551616568,0.05835332958712267,0.2679629716671795,-0.06822879701383122
['Leonard Bernstein'],[239859],-0.35003159752938173,-0.1711130977675188,0.6459137661976906,-0.11138548770178626,-0.1584483854500336,0.6703317909255362,-0.34306148468287556
['Leonard Bernstein'],[239859],-0.1156271183240377,-0.3563954288741417,0.1419110264470983,0.18969271534345952,0.18230638687334946,0.7302377932325428,-0.4634481300897369
['Leonard Bernstein'],[239859],-0.09592504618363037,0.32203401860481484,-0.10567253629567878,0.38668768656681163,-0.8293244179777624,0.6147780349986316,-0.33152307948372306
['Leonard Bernstein'],[239859],-0.7847520544024345,-0.2471546164764668,0.6100976035671575,0.030433467651511954,0.12986145687423992,0.47346634311647523,-0.24689897916035414
['Leonard Bernstein'],[239859],-0.10257456781613164,-0.014977570230444843,0.13310696039423175,0.15080943479236492,-0.20797137691806766,0.6306242898000565,-0.45787179368536784
['Leonard Bernstein'],[239859],0.13459559731577012,0.25445204413292927,0.0413912732167039,0.31638281922295863,0.06396179102127116,0.4707403706604777,-0.08241817507883319
"['Lester Young', 'Nat King Cole']","[259529, 317093]",-0.43220171284230663,-0.5947888057531515,0.0870180883326926,0.4325240414142147,-0.6212427419476364,1.209363344481264,-0.6218240685804051
['Little Richard'],[824022],-0.23479953033716594,-0.11427623836823375,0.4500421660664265,-0.13546409092933023,-0.6656092844777726,0.4734277017824716,-0.06860830679734341
['Little Richard'],[824022],-0.44466652225650855,-0.4657195847078419,0.2541257769145917,0.05278521425331652,-0.523782360836163,0.5305915720491936,-0.05800041704725194
['Little Richard'],[824022],-0.26852771896011635,-0.2709432083927382,0.17973907706901546,-0.08663245552188392,-0.735630914355581,0.5845866063940692,0.10275220819006123
['Little Richard'],[824022],-1.1393511823535194,-0.4437340545606544,0.24756037182290144,0.1874404034959408,-0.26694183160530005,0.5855556366200702,-0.34607601046413805
['Little Richard'],[824022],-1.0823941067662033,-0.44626238451279754,0.1957924746790394,0.11247830943176176,0.17986463959338025,0.5541072465206691,-0.3202016774290219
['Little Richard'],[824022],-0.9982584723308767,-0.26708954946545777,0.33610067264292587,0.03291458282784153,0.15108859524128437,0.4985147929873932,-0.2761743418361761
['Little Richard'],[824022],-1.2225651944361156,-0.4427104898468929,0.0831031231832025,0.3524425913903569,-0.6998636825612972,0.655814465558892,-0.2878177797383485
['Little Richard'],[824022],-0.13788775408687495,-0.0816948055278628,0.35126787717259933,-0.16079545936829273,-0.41824485799741296,0.3109482981993249,-0.005519739117807682
['Little Richard'],[824022],-1.3068994830435605,-0.3674357386272196,0.06611675133002555,0.20939063499865374,0.1946400810045165,0.4979714778393719,-0.32344144615126946
['Little Richard'],[824022],-1.1146628887834165,-0.35405417633566233,0.2202013306262726,0.09158668506520223,0.17547290050088798,0.5908536422508791,-0.17935040220139498
['Little Richard'],[824022],-1.213618200643725,-0.4734547822037411,0.389025127746258,0.34398434381144666,-0.7854818928570666,0.6756834054484181,-0.3673996087585015
['Little Richard'],[824022],-1.0957712880137107,-0.16855632018227246,0.23277162203599125,0.1109617058677629,-0.11732896176964205,0.46713441254132176,-0.24202292478712775
['Little Richard'],[824022],-1.1274496883193958,-0.42804551885081155,0.1369347950251381,0.21448985101855816,0.17662725241111218,0.4579528278886672,-0.23853704464538616
['Little Richard'],[824022],-0.6127915456355336,-0.38990999710457414,-0.05855668824502205,0.5122061300363068,0.2681153449291684,0.8029027846289268,-0.6293129874438642
['Little Richard'],[824022],-1.2481603269652604,-0.5350184685461284,0.11081953281237891,0.26167074156652287,-0.3222192647825328,0.7904471917125674,-0.22350422356465127
['Little Richard'],[824022],-1.3937986367889026,-0.2648092905431728,0.30283344136560003,0.29635351553092704,-0.34058120311126094,0.558176565551405,-0.42205689958199333
['Little Richard'],[824022],-1.2228194908900316,-0.45024123331477955,0.29866458447096617,0.2620338792072932,-0.2567483104583849,0.5680241764291459,-0.37716820103493964
['Little Richard'],[824022],-1.2761409293755905,-0.4706594608927951,0.05882558290134013,0.3582470756375443,-0.4209137257931105,0.6355852596599995,-0.19942742781819875
['Little Richard'],[824022],-0.7537992128900303,-0.4175544954733652,0.11996469819982435,0.17524175340594067,-0.7594238184914547,0.5893070344763705,-0.08278721203071165
['Little Richard'],[824022],-0.8305244097112631,-0.3629617084357457,0.17304085633880117,0.0429587263999405,0.13407192084392072,0.4659092119797016,-0.14409614341678378
['Little Richard'],[824022],-1.1745176168791658,-0.44104636584762325,0.07749499523164408,0.07594852596860847,0.19443660172024682,0.7712027116772062,-0.06963608844166766
['Little Richard'],[824022],-1.2367407204855045,-0.192080337867561,0.21814411880198273,0.10948810566851691,-0.2668541006329201,0.7019316326192713,-0.19549133586711154
['Little Richard'],[824022],-1.1042632788782334,-0.6099091394767691,0.23053667295660993,0.223027071851487,-0.2432434121735535,0.7723835691189503,-0.23394863140783995
['Little Richard'],[824022],-1.1455687289421819,-0.6240132946375261,0.02916228747359214,0.3552264802552077,-0.4149179474918332,0.7558789693946291,-0.17094919268922654
['Little Richard'],[824022],-1.0786042629106254,-0.5357408673821615,0.1922333255918593,0.24188755506632081,-0.6985501958499666,0.8422185310914687,-0.20230537010959362
['Little Richard'],[824022],-0.7437747454285432,-0.25708454367155736,0.021875818622918722,-0.017575132362981145,0.12712182031124272,0.5597290458389257,0.09679165579262372
['Little Richard'],[824022],-1.1001652429218485,-0.30556326385793575,0.5944126123472074,-0.06872455822715837,0.18113530471000142,0.8080656813619101,-0.413401422798929
['Little Richard'],[824022],-1.151884158123303,-0.2131327636477868,0.319361858181841,0.07916294141673692,-0.5363431543528728,0.8396378226653081,-0.24674179325938847
['Little Richard'],[824022],-0.9049747084917564,-0.7635428759296425,0.09530936214303293,0.2001572281521573,0.013145211525721205,0.745635758185093,-0.1000287271106942
['Little Richard'],[824022],-1.1863920549372093,-0.5566546625308353,0.2173963410350278,0.22445062068342425,-0.0634880929777941,0.6981954618259454,-0.2857251476870767
['Little Richard'],[824022],-1.0711406626554054,-0.5764621923264652,0.06670551436262072,0.25357957745000154,0.1841645585739563,0.5247288778207314,-0.22750756576169187
['Little Richard'],[824022],-0.9858225074283256,-0.7075865134712692,0.07591575800272532,0.2414433328650018,0.019433228755143996,0.7272235292990289,-0.10698141810327376
['Little Richard'],[824022],-0.973399359895765,-0.5350128908494901,0.19793828955353954,0.04924802139430825,0.18411835803507262,0.7249965578856724,-0.2217789423547084
['Little Richard'],[824022],-1.0897949146177672,-0.34956879676916247,0.20089373659849954,0.07575653242219577,-0.26643553304367673,0.8199431303943356,-0.19114435206758604
['Little Richard'],[824022],-0.8366532942336182,-0.8284894806172162,0.17786502901551837,0.33771160379553306,-0.6984764941487652,0.8129531446271795,-0.14726705091075407
['Little Richard'],[824022],-0.9179586354729166,-0.7448910616884026,0.15451821750015152,0.33337520698079814,-0.6950074967533477,0.8200173585837404,-0.15700392448957273
['Little Richard'],[824022],-0.988891577707572,-0.4066591377975845,0.1433733298764925,0.09078621279953872,0.1751339386003471,0.6360445296586298,-0.0449094710583108
['Little Richard'],[824022],-0.9632895556262729,-0.5601875687536465,0.15672619520256822,0.0004203971172323491,-0.26475124443008097,0.9220086991963963,-0.07137019294150648
['Little Richard'],[824022],-0.9187089648805741,-0.495312959647275,0.1474419372016277,-0.028154537517145174,-0.27709889613167066,0.9005191221867551,-0.039217212420571565
['Little Richard'],[824022],-0.9653580804977063,-0.8651120179444849,0.17040899390952047,0.3119758454774366,-0.24704422924928698,0.6720615418111705,-0.1714406226278459
['Little Richard'],[824022],-1.0511100355652039,-0.5141118841709963,0.20698180842148323,0.01252872026372018,-0.2527589841416948,1.014550941457174,-0.028370910679691816
['Little Richard'],[824022],-1.0286551344057218,-0.5657214078890147,0.146843577631075,-0.012038406493792743,0.19044502702761013,0.8429002993811965,-0.09905712420105038
['Little Richard'],[824022],-0.8890268718750318,-0.606672470500514,0.20703039568091114,0.2077271441719284,-0.4621544426138608,0.6024833483615165,-0.24931616308306964
['Little Richard'],[824022],-0.9342916736977271,-0.6111421408985733,0.2843187811616053,0.21121333542143506,-0.2745090893522005,0.5950582511658006,-0.2456603650384709
['Little Richard'],[824022],-0.8330204611713419,-0.7043789880918908,0.17050102550723187,0.21552379096129626,-0.461199088073377,0.6359742700188509,-0.19167371169132677
['Little Richard'],[824022],-0.8552958072116406,-0.574994846064689,0.25663642813521775,0.16772920161965524,-0.4639154605493488,0.6648434669949371,-0.16946381528672771
['Little Richard'],[824022],-0.9204654256378657,-0.6022733448748994,0.2951218425956125,0.1269131611375582,-0.2743365389148702,0.7148909328510161,-0.23487103716957292
['Little Richard'],[824022],-0.9823799984392031,-0.5370554721146243,0.26293424135808474,0.09462421430285463,-0.09435207933494819,0.6812586515741261,-0.2093202846085122
['Little Richard'],[824022],-0.7809568932587462,-0.7097414517309045,0.24777499801296227,0.13390659880014036,-0.2823985065195252,0.7088819485269419,-0.1316710564646283
['Little Richard'],[824022],-1.092126383389183,-0.4528703110872937,0.32436821247928693,0.10652216937714855,-0.25622536024721276,0.8094530927805095,-0.2916315467395997
['Little Richard'],[824022],-0.6899640248443928,-0.25816629279225967,0.09324155493523946,0.19566011107242204,-0.6069493126439528,0.3562994496927024,-0.03593126060180077
['Little Richard'],[824022],-1.0784314567728241,-0.6178708480334488,0.11645283018513586,0.04377824666738581,0.1977405128222516,0.8709116144405066,-0.04739839071536159
['Little Richard'],[824022],-0.8602771515965436,-0.602293868773296,0.35966811868974824,0.18607320283395323,-0.46778123828578044,0.5993065297172633,-0.3093704115728775
['Little Richard'],[824022],-0.4936943144928455,-0.3162291797861528,0.2129373683058349,0.03723257218060074,-0.6244178425296398,0.4518735524175217,-0.029995304724346094
['Little Richard'],[824022],-1.2880259471066446,-0.3150959895235463,0.3500057485982964,0.19992710391852134,-0.06716419855647589,0.7162812481721627,-0.21121202381599835
['Little Richard'],[824022],-0.6844717323703989,-0.35273642751871337,0.1588239173015663,0.14244247191310477,-0.5978748301601704,0.46619148206188765,-0.0741583667188261
['Little Richard'],[824022],-0.7861630239062674,-0.28190367815172124,0.08772687086299776,0.15751449680071627,-0.14344106026334397,0.3282374589323133,-0.0438635799791393
['Little Richard'],[824022],-1.047745354503814,-0.6134614914188293,0.08381631504203557,0.1355353949128817,0.1851237619078704,0.6517621954369601,-0.14798198790431755
['Little Richard'],[824022],-1.124798460000163,-0.5445486909014798,0.10793926459114593,0.09282105497523913,-0.24701161762769905,0.9635316520366878,-0.02546526677917178
['Little Richard'],[824022],-1.0250336211468785,-0.5964000004751712,0.156771794044828,0.11516399483780389,0.18182678721746814,0.6687308104432144,-0.17562109044642363
['Little Richard'],[824022],-0.573176427516385,-0.6054545539403009,0.31675391186332985,0.023394344743395235,0.13473928357457562,0.5534629933916537,-0.07259828717031623
['Little Richard'],[824022],-1.0671422319862984,-0.6228161202053303,0.31998022196205506,0.269069734046427,0.19012400184860795,0.6032647357102345,-0.08711916445929835
['Little Richard'],[824022],-0.7774153126433584,-0.6778230912227071,0.1481688886230075,-0.0345653696513631,0.16054063817927794,0.7627747877599118,-0.051968854133988635
['Little Richard'],[824022],-0.7741621138268114,-0.3859370810054561,0.36771612798103276,0.09439275604000169,-0.49058652610841635,0.598166620035576,-0.1789932121335197
['Little Richard'],[824022],-1.090580735994021,-0.19547294352076508,0.08209022953893215,0.04728861859139885,-0.5516927517098822,0.7747753926127681,-0.0873431912860222
['Little Richard'],[824022],-0.9143968518408294,-0.6560981947386172,0.12980348566421832,0.18832556361563943,-0.6983701237291304,1.016316768775682,-0.08181732097298386
['Little Richard'],[824022],-0.6399412161549907,-0.7016812138719873,0.29495689483038123,-0.07751137567540506,0.14797845310783236,0.7887187906409496,-0.05660588809317902
['Little Richard'],[824022],-0.9098834473218408,-0.6335926671301764,0.156352718917492,0.1441033524502015,-0.44976156409737833,0.7803339847404468,-0.15552894512259088
['Little Richard'],[824022],-1.2206857597054417,-0.6185038414675498,0.09692137892788623,0.1753939397476062,0.21472875138857228,0.7325308132750191,-0.1880872912790358
['Little Richard'],[824022],-0.8355092609055534,-0.5038837918379284,0.27388880653240594,-0.13559729926859884,0.15665757623621882,0.815470931956691,-0.13651839780586872
['Little Richard'],[824022],-0.7371213512644502,-0.5973120724536469,0.19156203385936585,0.08444790717446293,-0.47934203659011226,0.7216961807803721,-0.11851941552235269
['Little Richard'],[824022],-0.8647222053263686,-0.6845653337345812,0.32816218901160116,0.205055041987548,-0.45149657292920703,0.6935141318993787,-0.23861566300837186
['Little Richard'],[824022],-0.8981433287714115,-0.36901139444085673,0.6470413511272209,0.1680821253333598,0.14886399584582832,0.4932889584456848,-0.15647456545411595
['Little Richard'],[824022],-1.0302456260622315,-0.5203835668621299,0.1849214289323748,0.11427337492999484,0.18407516941283983,0.6399903993839339,-0.134120321521994
['Little Richard'],[824022],-1.0045656270923975,-0.5329067179207794,0.21828666895988363,0.07671615392677165,0.004042805615296176,0.7466622873935536,-0.18028829065596577
['Little Richard'],[824022],-0.9473026302300152,-0.6085027198237023,0.2496110121668088,0.23389439250125668,-0.704765936123992,0.8660405514629776,-0.22291368346790771
['Little Richard'],[824022],-1.08811641462242,-0.5175874818795321,0.18131131646726442,0.12404149479026808,-0.2519281244579786,0.9001342461511856,-0.0059846459833980264
['Little Richard'],[824022],-0.8520441459107296,-0.6397462280440408,0.20480112514364668,0.20778375396581678,-0.7247998480826768,0.7528348017745511,-0.15415334567093977
['Little Richard'],[824022],-0.7872739200732934,-0.647051214949694,0.23891707648255933,0.0858135514467773,0.15800014403553436,0.613823818111547,-0.10257136358711151
['Little Richard'],[824022],-1.1691480822830416,-0.514399122697295,0.3797019013855198,0.5079965443614443,-0.6941793762542996,0.6266257063138542,-0.11108641151452286
['Little Richard'],[824022],-1.1560622982963928,-0.7129980978428393,0.16331649919428756,0.4751088289559062,-0.6811287172468842,0.6706192671220402,-0.19015058293967033
['Little Richard'],[824022],-0.7952764933449918,-0.6480979348800956,0.18757379938367152,0.07069893574426096,0.158190344627937,0.6146291007353643,-0.07849376045181454
['Little Richard'],[824022],-1.2001481959471483,-0.41700906954756317,0.26589656750940116,0.12226338532371868,-0.4236100250625466,0.8958607876151957,-0.27676841562324106
['Little Richard'],[824022],-0.2988269250988851,-0.3224063718169694,0.3543411939675385,-0.13217861061351846,-0.19458035563883425,0.49218091012457904,-0.034053682857144
['Little Richard'],[824022],-0.7924248042999691,-0.569855158255918,0.20045884106441225,0.03972704812556888,-0.28947843407889834,0.7662211939960686,-0.13198367344501175
['Little Richard'],[824022],-1.1656027001842344,-0.41204233065843276,0.16622963454378736,0.20026812595132953,0.19804689907518516,0.673302395667167,-0.011064046935024713
['Little Richard'],[824022],-0.17308312887960683,-0.2572492758669459,0.19870805027200908,-0.13834209900070832,-0.39357007491383705,0.4633374090228882,0.11331401060924533
['Little Richard'],[824022],-0.18288723712912225,-0.20341070930646843,0.32780245870014435,-0.12516811892654486,-0.39351118101562393,0.42418993808698036,-0.0195142727801406
['Little Richard'],[824022],-0.503506005099136,-0.36581262675881365,0.33466626069720207,-0.03346054690762233,-0.43517691339429504,0.5598509663216952,-0.1162822963017982
['Little Richard'],[824022],-0.26265714736498547,-0.29326790448771256,0.18413988629075148,-0.10778759017326187,-0.6402053573271234,0.6376746552087553,0.08349751684700539
['Little Richard'],[824022],-1.0896827240619877,-0.3282604406884499,0.27767657776331345,0.08273443088019655,0.1634877145801925,0.4995574712595338,-0.25311419001522073
['Little Richard'],[824022],-1.2283695345604564,-0.1959022625975324,0.018671457548306927,0.12093614503087817,0.190961298330012,0.6637092934414677,-0.11353338012892951
['Little Richard'],[824022],-0.5710906037968518,-0.442943688872414,0.34213156025836855,0.14949380867128462,-0.7766902603533659,0.5275449076580848,-0.17176123970115942
['Little Richard'],[824022],-0.6342348827239427,-0.41793769990149615,0.20515748321139057,-0.04063235025714585,-0.14675000279616407,0.5933138132793745,-0.05541002615282668
['Little Richard'],[824022],-1.0098550713430534,-0.5828198835453012,0.11513346398103448,0.1728118296954487,-0.43375951623181086,0.8688967464991592,-0.13485232609102601
['Little Richard'],[824022],-1.105416181440707,-0.4005677565085112,0.16285954241900685,0.23132017125141716,0.014110334028054762,0.611594226196855,-0.22900172813306482
"['Mark Chesnutt', 'George Jones', 'Vince Gill', 'Patty Loveless', 'Garth Brooks', 'Clint Black', 'Alan Jackson', 'Travis Tritt', 'Joe Diffie', 'Pam Tillis', 'T. Graham Brown']","[283405, 944310, 214162, 19241, 798248, 792370, 605375, 15318, 787960, 1433, 7974]",-1.048190445071639,-0.41428862084906304,0.24879645655646662,0.19931611410488598,0.16938399608396126,0.4614259549306828,-0.25343605705625016
"['Marty Stuart', 'Earl Scruggs', 'Clint Black', 'Joe Diffie', 'Merle Haggard', 'Emmylou Harris', 'Alison Krauss', 'Patty Loveless', 'Ricky Skaggs', 'Pam Tillis', 'Randy Travis', 'Travis Tritt', 'Dwight Yoakam']","[378041, 153519, 792370, 787960, 410219, 159699, 745071, 19241, 320761, 1433, 396676, 15318, 791483]",-0.9334377575050198,-0.05835246206450153,0.004965675447002889,0.2137664287109538,-0.4901508433175617,0.4326966833014229,-0.07234792576489668
"['Marvin Gaye', 'Kim Weston']","[316834, 103162]",-0.8068151720816096,-0.3314289604081537,0.3421334351461727,0.12171942846688427,-0.3124759799438993,0.5518335530734401,-0.2132541163900226
"['Marvin Gaye', 'Kim Weston']","[316834, 103162]",-0.7061749959232339,-0.4674246432784321,0.2374935523718349,0.07560717849308561,-0.1272742533239588,0.6188248006062722,-0.05342150397327782
"['Marvin Gaye', 'Kim Weston']","[316834, 103162]",-1.0030032422686157,-0.4458097986842441,0.03944329058847055,0.12002745597449577,-0.09543196058351715,0.7116765695353102,-0.06929388037335188
"['Marvin Gaye', 'Kygo']","[316834, 3314964]",-0.9972783974791476,-0.4595633755716563,0.06626431466081549,0.24390547833343204,0.17839875788153128,0.4656482387352983,-0.10713772490184509
"['Marvin Gaye', 'Mary Wells']","[316834, 384675]",-0.8692526671322279,-0.4986894877856408,0.27187154276601816,0.21721842032679325,-0.7326960136309338,0.6836060566434258,-0.23006642992009968
"['Marvin Gaye', 'Mary Wells']","[316834, 384675]",-1.0484966572023267,-0.41988327446187435,0.24062451162402984,0.2049865956889046,-0.006289048714366891,0.5357205771913582,-0.1999493146605352
"['Marvin Gaye', 'Mary Wells']","[316834, 384675]",-0.8496694953186824,-0.1355691532749438,0.07823348376044606,0.14796938723961628,-0.33604407725679075,0.30294355156298935,-0.10283646343111293
"['Marvin Gaye', 'Mary Wells']","[316834, 384675]",-0.8818076796575397,-0.5558921768080993,0.2851908507127731,0.2296564285552522,-0.5475555571403781,0.6761398211473807,-0.2139041249664447
"['Marvin Gaye', 'Mary Wells']","[316834, 384675]",-1.0729727078903764,-0.539656426958532,0.10596793679724813,0.21112113340965016,0.18308511958869828,0.5460044479174754,-0.15080487936755863
"['Marvin Gaye', 'Mary Wells']","[316834, 384675]",-0.6162052694972362,-0.37339175561143517,0.32861883468148617,0.005116761127503813,-0.06555463256001705,0.46447732043728923,-0.12849841893381303
"['Marvin Gaye', 'Mary Wells']","[316834, 384675]",-1.0359583540097859,-0.4273529352406066,0.05451041705794599,0.2929319093399729,-0.8090269041818627,0.6836335349807002,-0.1366737341098279
"['Marvin Gaye', 'Mary Wells']","[316834, 384675]",-1.0005300625573939,-0.3675497647526957,0.12702354921785725,0.2647747573771376,-0.4643726711322269,0.5306606087137786,-0.1425842083624058
"['Marvin Gaye', 'Tammi Terrell']","[316834, 164093]",-0.572908816924384,-0.18849248935879598,0.05057505819785407,-0.17241365392706018,-0.07867631131190354,0.6455500772229981,0.13681877791876454
"['Marvin Gaye', 'Tammi Terrell']","[316834, 164093]",-0.8496853076766951,-0.45007975743882067,0.08812737307051453,0.13102010876219733,0.059558405296694365,0.5100236596043864,-0.07064848508874613
"['Marvin Gaye', 'Tammi Terrell']","[316834, 164093]",-1.0055649417826082,-0.43142000926898855,0.10792970289091841,0.17281327778849623,0.16313020081943522,0.4948370601629555,-0.2064226459652841
"['Marvin Gaye', 'Tammi Terrell']","[316834, 164093]",-1.0730767921522337,-0.38370151242335865,0.10351225672827152,0.3280388631980264,-0.722161301438966,0.5844095435286318,-0.2054206996274399
"['Marvin Gaye', 'Tammi Terrell']","[316834, 164093]",-0.9111206910211989,-0.22452388361340145,-0.00032262207466431266,0.10908521444509267,-0.7444263946824279,0.7982951974649402,0.005876858204751569
"['Marvin Gaye', 'Tammi Terrell']","[316834, 164093]",-0.9305403494844896,-0.5067459809246615,0.13029336080869566,0.1475708251314196,0.07914933692205746,0.6099220735566595,-0.0918785527319758
"['Marvin Gaye', 'Tammi Terrell']","[316834, 164093]",-0.9498860522826447,-0.28662931941556236,-0.008468964170343995,0.0655149509638758,-0.7327013570025432,0.8961602489802808,0.03916588719480357
"['Marvin Gaye', 'Tammi Terrell']","[316834, 164093]",-0.9787171126579178,-0.62413483519926,0.11471106038961848,0.2392581491061544,0.18061247408279588,0.5572094173965468,-0.1233394745619323
"['Marvin Gaye', 'Tammi Terrell']","[316834, 164093]",-1.07491653851567,-0.3019662455864163,0.07778240070707111,0.046051222353231384,-0.2687892743207201,0.8621722287256696,-0.03441345693449005
"['Marvin Gaye', 'Tammi Terrell']","[316834, 164093]",-0.8992672571591531,-0.4283803710871254,0.09764039821741814,0.19514630128661972,-0.026407268511622155,0.4665231946094841,-0.05838115838299049
"['Marvin Gaye', 'Tammi Terrell']","[316834, 164093]",-0.992254840365298,-0.6009084379979835,0.07887997010206073,0.40411620777000296,-0.7080348072692544,0.6521083717562576,-0.15162825684769896
"['Marvin Gaye', 'Tammi Terrell']","[316834, 164093]",-0.9501229107606602,-0.3997764559133193,0.04048208320097771,0.2754089746590182,-0.28813059774168254,0.47675597332241615,-0.05985391271119083
"['Marvin Gaye', 'Tammi Terrell']","[316834, 164093]",-0.9849318391569714,-0.4813925572731064,0.12012042050143586,0.20806083085040294,0.0798549583205106,0.5105144489942031,-0.11431186350927135
"['Marvin Gaye', 'Tammi Terrell']","[316834, 164093]",-0.8076783602668106,-0.7259167911568076,0.14718891628674144,0.17450088299152572,-0.2722542584041395,0.7368711866836397,-0.07972703423189573
"['Marvin Gaye', 'Tammi Terrell']","[316834, 164093]",-0.9342173048161201,-0.7006917184026628,0.19775930984548903,0.20176314466696102,-0.26011552991847475,0.7286255861242088,-0.1484756163872433
"['Marvin Gaye', 'Tammi Terrell']","[316834, 164093]",-0.9903935571511945,-0.5306634073458076,0.1522714985482855,0.21430387735898843,-0.44556856935464506,0.7201084117251341,-0.16094091719146933
"['Marvin Gaye', 'Tammi Terrell']","[316834, 164093]",-0.871296738403926,-0.32098625405185616,-0.010180018981700553,0.06928365782553454,-0.7371624088346,0.9173352631834282,0.05966530453051209
"['Marvin Gaye', 'Tammi Terrell']","[316834, 164093]",-0.8371353250281158,-0.12691596074772002,-0.005943399891833957,0.2787870380862732,-0.8647261625284329,0.37313418446394186,-0.011010184530540095
"['Marvin Gaye', 'Tammi Terrell']","[316834, 164093]",-1.0940041114809393,-0.4001207276933197,0.20130509449666376,0.3196831303277817,-0.5405209638629308,0.5724309723501309,-0.2795284725689679
"['Marvin Gaye', 'Tammi Terrell']","[316834, 164093]",-0.6582973209249287,-0.38052912862933064,0.07857566653741718,0.18358173429434313,-0.1531092465115537,0.3339311940807084,-0.014831552423281985
"['Marvin Gaye', 'Tammi Terrell']","[316834, 164093]",-1.2187047777216524,-0.41672282915640474,0.10837453181770001,0.2836539547317112,-0.4297353362595947,0.6606448515623502,-0.19563118194504764
"['Marvin Gaye', 'Tammi Terrell']","[316834, 164093]",-1.2189854260477426,-0.44323089366087204,0.07313146602091254,0.3198831437611732,-0.7847523212199645,0.7326732111086725,-0.21953249102310046
"['Marvin Gaye', 'Tammi Terrell']","[316834, 164093]",-0.83549819360162,-0.7499836520519423,0.20523038736675822,0.202779291850215,-0.26570128207391197,0.7466884949018652,-0.096967251843644
"['Marvin Gaye', 'Tammi Terrell']","[316834, 164093]",-1.2440290805487417,-0.19520659460920825,0.19374379190822127,0.12967640963513077,-0.7902880297567036,0.9784285647201395,-0.21194007418043762
"['Marvin Gaye', 'Tammi Terrell']","[316834, 164093]",-1.0474672572233283,-0.4324052389286449,0.1996438372717859,0.26467968514488893,-0.18216284273019956,0.570127965556508,-0.22599931778800353
"['Marvin Gaye', 'Tammi Terrell']","[316834, 164093]",-1.0428447535726793,-0.5110768639539883,0.03588834346455362,0.3542011942437812,-0.6218549418063383,0.6349721304040701,-0.141655469006041
"['Marvin Gaye', 'Tammi Terrell']","[316834, 164093]",-0.9672209675450992,-0.2591000521167419,0.09618289217464636,0.2212295403470238,-0.12702573487069435,0.33041876064581904,-0.15338219799671213
"['Marvin Gaye', 'Tammi Terrell']","[316834, 164093]",-0.965488375337807,-0.6561004596241403,0.12186931952942501,0.3253879858744365,-0.5295128371992106,0.6830941329444412,-0.17254883776379834
['Marvin Gaye'],[316834],-0.8836064521589855,-0.6324804821709933,0.2136244051967766,0.16802002213377448,-0.7192994542337098,0.8151330110730111,-0.2010699613458096
['Marvin Gaye'],[316834],-0.8873359792203538,-0.3579757073246386,0.04963145071075084,0.5362144193814513,0.12397910848830274,0.9283648816130734,-0.859752334603561
['Marvin Gaye'],[316834],-0.48100783038376127,-0.1057518083883689,-0.0013729634484612287,0.3214121595219871,-0.3110145135874215,0.8348344826901803,-0.7227502178466532
['Marvin Gaye'],[316834],-1.2618756336283634,0.0032511389946656873,0.6064262741440054,-0.023822410405606544,0.0980303231201553,0.9043708568099631,-0.2162609317288942
['Marvin Gaye'],[316834],-0.4410376243778577,-0.2899554769143885,0.020669096627304092,0.37433238995590395,-0.5947758338353035,0.811125231419977,-0.5081088125278976
['Marvin Gaye'],[316834],-0.22527384640769638,-0.32625959151347217,0.301843450344377,0.3442614748701834,-0.4179529180983283,0.9132646560354929,-0.4760128274012239
['Marvin Gaye'],[316834],-0.6163607728101184,-0.2135823771786004,-0.07454398154818334,0.47095921470510016,0.06473395669173525,0.7083200909958071,-0.6959097855833228
['Marvin Gaye'],[316834],-1.1243138646359458,-0.2169809535136017,-0.05350985441954346,0.5667367564509077,-0.598364751769641,1.0011046204004923,-0.755456093807295
['Marvin Gaye'],[316834],-1.0875471364384073,-0.3384846216331073,-0.12026089694409976,0.6130199030247065,-0.14025819566211412,0.8936679991211448,-0.8245803318962762
['Marvin Gaye'],[316834],-0.5539148411095977,-0.46620068536913195,0.3210263805749838,-0.0488926267663084,-0.06367693532517912,0.5535031739238013,-0.1050687928257024
['Marvin Gaye'],[316834],-0.9911122012252803,-0.3506013694362033,-0.09127607762532897,0.614460019218843,-0.13306278539344332,0.947219320700754,-0.8036619927097296
['Marvin Gaye'],[316834],-1.0646879356486731,-0.3221506683624683,0.05650912318537783,0.028530337068101763,0.08327614596835622,0.7332637237812514,-0.09271336746618562
['Marvin Gaye'],[316834],-1.0452125288355587,-0.35481442923436646,0.028634511632003406,0.02963592356265543,0.08344281686678959,0.7377509746227912,-0.07219819896275806
['Marvin Gaye'],[316834],-0.894689251350492,-0.11067238890200108,0.35716030951728805,-0.0492972842977225,-0.13285306741365954,0.626287211360657,-0.18587400554703237
['Marvin Gaye'],[316834],-1.1119632737588159,-0.4949179103794796,0.07226821455328684,0.16376017876904372,0.10333426706753651,0.673310616409064,-0.16386073591996095
['Marvin Gaye'],[316834],-0.8548657499795167,-0.47711981090768163,0.12106895373956211,0.2545447479905305,-0.28056604094463555,0.5618614752784784,-0.05204758948374497
['Marvin Gaye'],[316834],-0.9583004957702207,-0.6528613095680048,0.14306537851310697,0.40497313409400726,-0.42452078282494665,0.6583440328283298,-0.13192604388305434
['Marvin Gaye'],[316834],-1.111793479005113,-0.6431340610262826,0.08367015588383442,0.40542853189608646,-0.32926802144557693,0.611854904868033,-0.15962993165188938
['Marvin Gaye'],[316834],-1.1512816008174551,-0.4247640721569179,0.07220437003361001,0.3144825232230359,-0.07120656133792552,0.555081060308387,-0.11145636400911577
['Marvin Gaye'],[316834],-0.8930670318221341,-0.6455512648552535,0.23849856565470623,0.18301401703873763,0.09191328920804638,0.610398972670863,-0.1793610129840912
['Marvin Gaye'],[316834],-0.6185186964350458,-0.17037948114146684,0.0777938559144365,0.20885227607015247,0.07056368454318175,1.1337134046720854,-0.43018849908631407
['Marvin Gaye'],[316834],-0.5660752866401451,-0.5538061010957993,0.1547704201227419,0.14940770659578156,0.06993205529975018,0.5828107925304202,-0.15072411958904477
['Marvin Gaye'],[316834],-0.908732191426374,-0.24390476637729802,0.24117627868522626,0.1976181588626827,-0.5708125959161454,0.517360465696141,-0.15656563463847215
['Marvin Gaye'],[316834],-0.7723616023194567,-0.13909174581675282,-0.10609400937142176,0.336428018409552,0.23208358798065293,0.7203225876472522,-0.6457598726021335
['Marvin Gaye'],[316834],-0.9036543006409379,-0.4562273770799023,0.19941388873277,0.0298889115283471,-0.18314965451139656,0.8594705634306397,-0.019022221354364606
['Marvin Gaye'],[316834],-0.6979862964749254,-0.33776959876420626,-0.130564035428109,0.6971019487613094,-0.6956844633001655,0.9646398898434855,-0.7654934528262469
['Marvin Gaye'],[316834],-0.9556267131997129,-0.3952790276076219,0.23112034519219862,0.2283147166515409,-0.10976537759776192,0.456042397922631,-0.2192087287664544
['Marvin Gaye'],[316834],-0.8492225539231486,-0.4177893427533105,0.25566092188127654,0.12674178412241568,0.14996634062472844,0.4936239348494104,-0.22443162010273254
['Marvin Gaye'],[316834],-0.5225147653094343,-0.47317335221405377,0.5020723647089886,-0.03373748869803868,0.03237944923636128,0.5765474125023811,-0.16282623503341398
['Marvin Gaye'],[316834],-0.7577141743628341,-0.5482416722105449,0.2717756877972272,0.08369897586997026,0.05976071340175606,0.5509106989572852,-0.15550839897844498
['Marvin Gaye'],[316834],-0.5423518037546818,-0.23517572329052094,0.0828133939713369,-0.018904098857679866,-0.16149451158498268,0.5414174532997063,0.1565826651361313
['Marvin Gaye'],[316834],-0.725171233655696,-0.15033426502336555,0.4003292556843634,-0.19747554719984944,-0.1446649336850659,0.7961770344514068,-0.11216433801737194
['Marvin Gaye'],[316834],-0.775769673087228,-0.4347467025525092,0.08826117034524543,0.21758115624081562,-0.30022879042423795,0.5261992013608097,-0.0015309152522228805
['Marvin Gaye'],[316834],-0.9849164811627483,-0.6336190443141942,0.24128656540569038,0.3811823357528152,-0.7905013621213239,0.6956487835333244,-0.2425730895818732
['Marvin Gaye'],[316834],-0.5087409447662972,-0.5366801943987121,0.19644305830757472,0.06592243582105217,-0.017909458962166138,0.7177863871536139,-0.22673353640963995
['Marvin Gaye'],[316834],-1.0310025189869918,-0.19933092943738268,0.6534977546078423,0.17016302797549834,-0.2874841896695552,0.5992982251114394,-0.2660362971818714
['Marvin Gaye'],[316834],-0.8985225740111361,-0.1558443468604402,0.3677615112557116,0.1044741902314744,-0.6589346038162659,0.6557625764204422,-0.33385843131600795
['Marvin Gaye'],[316834],-0.9012713465307304,-0.3333839134286689,0.16434372076207915,0.24136026000764638,0.015351358599988775,0.6382383662751596,-0.2771633019721559
['Marvin Gaye'],[316834],-0.5877713966939399,-0.4641434441861968,0.16530816729700443,0.283619362522118,-0.534949127632137,0.6994939126247331,-0.2857114403916788
['Marvin Gaye'],[316834],-1.044374862805629,-0.33785446997074314,0.1594244227030472,0.13540180802198634,0.07477901296544058,0.5187962207275332,-0.2161802304152651
['Marvin Gaye'],[316834],-1.1977755407495898,-0.4918687111381579,0.021022795903912848,0.42063652168253357,-0.6033581530086354,0.6230625274371515,-0.2031542672977176
['Marvin Gaye'],[316834],-0.8981583525325991,-0.29258119475086564,0.20990834862755786,0.21169658966516242,-0.5685640055998826,0.5354336035909002,-0.15816443783013812
['Marvin Gaye'],[316834],-1.0684686449515575,-0.31954447288052695,0.12521845574742868,0.06767182815299488,0.10070766051898837,0.8021126976261853,-0.026456806727379448
['Marvin Gaye'],[316834],-0.5410710370831097,-0.017823745940198834,0.3469478902411774,0.29393336090534733,-0.5840660006348877,0.8981965080454256,-0.8028336806793627
['Marvin Gaye'],[316834],-1.1917399967744933,-0.49758307220687037,0.1434440436351481,0.42786452796031954,-0.7832903859087093,0.6601749225980221,-0.280151691878618
['Marvin Gaye'],[316834],-1.2089469550403318,-0.22026157164455026,0.00508444723980242,0.14547719094570702,-0.00504313483187664,0.5502238995970639,-0.13959007399453113
['Marvin Gaye'],[316834],-0.486507863067894,-0.044701023528839576,0.10154995169936212,-0.2545749759072614,-0.1037121015809865,0.553888657980613,0.1752847366771474
['Marvin Gaye'],[316834],-0.6245071291391133,-0.4555553440015128,0.34981364234184076,-0.1836037558709844,0.13371020641978237,0.8287286037674646,-0.06926931074402522
['Marvin Gaye'],[316834],-1.0460916707502597,-0.491594740369231,0.1457957440884259,0.3133512755029684,-0.6283711416974037,0.6165034428908293,-0.2837120161451968
['Marvin Gaye'],[316834],-0.26435523584864135,-0.11473543071789236,0.21004746907721833,-0.15841906257763555,0.03924991472059559,0.20532229392114132,0.04786504440989751
['Marvin Gaye'],[316834],-0.5509900820094876,-0.14992550159995732,0.045088416391365675,0.28798346042367656,-0.32615206630925053,0.7924938024010896,-0.6211421672471813
['Marvin Gaye'],[316834],-0.5290516639797649,-0.6032859952467156,0.21876807952148614,0.043605872769909376,-0.028279231179749138,0.7019972656184058,-0.15567447205807777
['Marvin Gaye'],[316834],-0.8182141607763417,-0.32488960296934105,0.19768306457545579,0.15118591619105537,-0.2874549909027529,0.5968335943343439,-0.28350201845611317
['Marvin Gaye'],[316834],-0.8998085980620281,-0.27400147129031094,-0.11352241001713019,0.5261722967484238,0.08500544116305135,0.6977075458484611,-0.6083799932044902
['Marvin Gaye'],[316834],-1.0469681914196662,-0.5420281572820106,0.048197473196244935,0.41077318146190606,-0.7074672174291353,0.622837852839407,-0.17168526730944034
['Marvin Gaye'],[316834],-1.3565842113679278,-0.42482938431152384,0.0952562812127415,0.37311455061910515,-0.6640424631755054,0.8522658097107104,-0.207064489410467
['Marvin Gaye'],[316834],-0.9742282188300393,-0.5925664265040014,0.06726422643349361,0.38305743362482847,-0.2639826556060584,0.5358263686856893,-0.1050990699991233
['Marvin Gaye'],[316834],-0.7856861144970876,-0.7122584368396767,0.20782886126587108,0.05587502828254842,0.16830623636662023,0.7093308849678337,-0.13034441942611563
['Marvin Gaye'],[316834],-0.3660462860955838,-0.08276120174934444,0.21363022432203488,-0.12321897804229558,-0.2123747240745091,0.3076395774349829,0.03284643842180388
['Marvin Gaye'],[316834],-0.8922077692015665,-0.10739738703308775,0.3655181167521745,0.09570423795539344,-0.6711567126075351,0.6007688836854881,-0.2795406536153725
['Marvin Gaye'],[316834],0.010713401563287213,0.14100048174938343,-0.057158785594031564,0.03939388475948587,-0.47538266993105033,0.8484031139551225,-0.44522677026752366
['Marvin Gaye'],[316834],-0.06444980033697673,0.0755421827997065,0.21390943417245106,0.005399433335986262,0.17015528609904967,0.821278667059624,-0.5673553742099451
['Marvin Gaye'],[316834],-0.8123330635489797,-0.3418437292390463,0.05297428560412175,0.08046055830658021,-0.2151402062860431,0.6018645276829895,0.00770489160340785
['Marvin Gaye'],[316834],-0.7750883313221445,-0.16035055179758045,0.0670447388174205,0.3654479776350967,0.16992569548436195,0.8249507954351778,-0.7623652406531661
['Marvin Gaye'],[316834],-0.9778185362716866,-0.25096628331030296,0.13442365241658188,0.2513828682912377,-0.2022203523105421,0.4157349147413764,-0.1735127160583272
['Marvin Gaye'],[316834],-0.6414937508993042,-0.17019128488262908,0.4307358480447354,0.20788479847352986,0.14177315518332825,0.8888743914198393,-0.8856876166721968
['Marvin Gaye'],[316834],-0.9406035840510165,-0.3887114917244665,0.39653827954491316,0.2216577060349763,-0.28270100821542393,0.5600934372409536,-0.2964675039839251
['Marvin Gaye'],[316834],-1.0069356169956338,-0.5342871870731943,0.26487110756767696,0.264715400287118,-0.17218605605880982,0.5853324936687454,-0.22026614031634112
['Marvin Gaye'],[316834],-0.765326095575459,-0.351237621285158,0.19537986583756325,0.2050031487091656,-0.306275931945683,0.4695834077114033,-0.06922630804702068
['Marvin Gaye'],[316834],-1.0446048994370727,-0.5600532035430457,0.1875760584196688,0.2237332570872328,-0.7050571572017988,0.8164090172864436,-0.22118704209528597
['Marvin Gaye'],[316834],-0.5935437161527217,-0.1973315754914976,0.23420252285165824,-0.0533080722700635,-0.17250771752451585,0.42928579084419594,-0.04803957915061166
['Marvin Gaye'],[316834],-0.47591415834106376,0.006937896400672125,0.4139088909960598,-0.16770821864341312,0.06621578674874345,0.32681187370001274,-0.09288789301252982
['Marvin Gaye'],[316834],-1.0697816783246852,-0.45704351956937744,0.20320337960491383,0.1665257049864033,0.17364139029069922,0.5347858231328336,-0.2840021871926328
['Marvin Gaye'],[316834],-1.1015982510850764,-0.38327444593559995,0.0690740919590049,0.3252861146042472,-0.4508987009566253,0.5317435761741893,-0.1686096791795146
['Marvin Gaye'],[316834],-0.9861366948783766,-0.24691501655419665,0.6112650381331952,0.18950702275635478,-0.2889476072579647,0.6051048441978709,-0.20751701438017814
['Marvin Gaye'],[316834],-0.5835260293355523,-0.5218766394347265,0.12637404736018307,0.4315371575573106,-0.47097442064655565,0.9241966752567256,-0.5695182948537593
['Marvin Gaye'],[316834],-0.7490633307113149,-0.10252265224529135,-0.12297170429296161,0.3694150439572093,0.1300421726370183,0.628804590024259,-0.5007907509022217
['Marvin Gaye'],[316834],-0.9327838224127579,-0.46912433654336433,0.08191593749967183,0.4234135442631687,-0.784675978147505,0.6732403551315912,-0.31019242952757753
['Marvin Gaye'],[316834],-1.0583639659209327,-0.2849458933337022,-0.03027986141516487,0.186504957629289,0.14700993748711613,0.9081050499791559,-0.30524178502918714
['Marvin Gaye'],[316834],-0.839574623973337,-0.3239290559406195,0.03180340846331215,0.1264751502914517,0.14755343934405726,0.486405668518651,0.028991703562258712
['Marvin Gaye'],[316834],-0.945591670829301,-0.3044467085380018,0.10169418327254025,0.09769509941168078,0.162259650653703,0.6113435147965883,-0.059258377537497256
['Marvin Gaye'],[316834],-1.0663366743269012,-0.473450519907852,0.3667625109533511,0.2848575649266574,-0.6297374443994337,0.61376356608252,-0.4059448837453198
['Marvin Gaye'],[316834],-0.5639172291111093,0.09299290529230966,0.2029295627992084,-0.1783880865062982,-0.5487059579944636,0.5999271527773248,0.07087623785408405
['Marvin Gaye'],[316834],-0.3719279716557396,-0.21463981650768335,0.3578161732303128,-0.13048120476615152,0.05952217968111025,0.24600724530295306,-0.10194071858874701
['Marvin Gaye'],[316834],-0.9409521059481064,-0.7046110294366394,0.2777774303705236,0.20029456329578874,-0.2564187712686333,0.7640693895770742,-0.23206259774529825
['Marvin Gaye'],[316834],-0.6988952106905092,-0.3875116630125237,0.4640042400653222,0.0006789083062667978,-0.3124169765422358,0.6728666810493112,-0.18668195061636078
['Marvin Gaye'],[316834],-0.693709830721068,-0.3933172066350197,0.21892227162911662,0.23491933615752555,0.016873822403273852,0.736164758330295,-0.3247344295052753
['Marvin Gaye'],[316834],-0.5687095967171186,-0.3931401697960171,0.24173313749689077,0.028355849262865346,-0.5093618833676022,0.6089795600907839,-0.07617100893027227
['Marvin Gaye'],[316834],-0.010081150131530969,-0.005604207970933017,0.2134164591781454,0.05995715767343343,-0.03796508845216832,0.6379171037197043,-0.42906145803683166
['Marvin Gaye'],[316834],-0.7815570493554977,-0.0594732978759418,0.09338628892623875,0.08950834177943265,-0.09387462791259675,0.7084105779684278,-0.31683130251255226
['Marvin Gaye'],[316834],-1.0409629277580548,-0.4896346561672122,0.2129737520487498,0.3485189357384813,-0.526298435358987,0.622731881002659,-0.22735568051000332
['Marvin Gaye'],[316834],-1.187109984367893,-0.42937786638848535,0.048320285046846455,0.3438089630732904,-0.24678222509662712,0.5818060983275856,-0.17130976743130996
['Marvin Gaye'],[316834],-1.047232763826798,-0.7128746766046539,0.11317341876905856,0.2803106534256952,-0.41418489954704407,0.8303946596359538,-0.1420568506339394
['Marvin Gaye'],[316834],-0.7236907132179504,-0.299481857341527,0.14031563641703443,0.1836207650020879,-0.7705278179541055,0.5036318570225455,-0.08006522116068254
['Marvin Gaye'],[316834],-0.8242156513785561,-0.5941933013219792,0.33076902054066243,-0.0077808960758966785,0.16365514753308838,0.7367951990754156,-0.18979417182203404
['Marvin Gaye'],[316834],-0.3206537876783204,-0.20046922291371547,0.26214184665792295,-0.0829974308376086,-0.3885664816810254,0.3428278816879607,0.010076889505224505
['Marvin Gaye'],[316834],-0.6627379830664931,-0.3627706942803185,0.5982973919686796,-0.11560938920971278,0.1300308631093298,0.6942861039614068,-0.2351357638499233
['Marvin Gaye'],[316834],-0.8666154381117656,-0.6487516517097203,0.09296999846393282,0.2919374002737992,-0.54174585797466,0.6703206526766862,-0.11390811999665408
['Marvin Gaye'],[316834],-0.9143578168483483,-0.27134011633945226,0.5749022901033085,0.031401278584385475,-0.3011880680518635,0.608981750023557,-0.39050984984079706
['Marvin Gaye'],[316834],-0.7725532858936937,-0.11119521061243007,0.5100481287464192,0.024451809055379466,-0.6846956932870114,0.6093909224873091,-0.3015972565115442
['Marvin Gaye'],[316834],-0.11139240847937858,-0.166381767594986,0.21500684667412048,-0.204161594600107,0.030660662375058722,0.28003612823777224,0.0962613099100526
['Marvin Gaye'],[316834],-0.4238090621408725,-0.15612735689555213,0.06178391109602254,0.23529618899913896,-0.6174946697513816,0.820372406689052,-0.5034891458740824
['Marvin Gaye'],[316834],0.0575869267931193,0.045733572398150624,0.1354175912236636,0.03162697846765942,-0.3300628415583716,0.621892563241254,-0.37014264216841314
['Marvin Gaye'],[316834],-0.08579335907784513,-0.24324066881758308,0.1660910929202353,0.1326588212000807,0.1389778728949799,0.48297453979831,-0.3690098317226
['Marvin Gaye'],[316834],-0.6734704724557213,-0.0006718420267764983,0.22683516496569595,0.042230908711714164,-0.03607886581550961,0.5834342241978012,-0.28929967378912314
['Marvin Gaye'],[316834],-0.8851158358630346,-0.08030502520598161,0.05167688317032568,0.34682843376913175,0.13471750645194822,0.6092558998704833,-0.5834983247296206
['Marvin Gaye'],[316834],-0.9285818564738019,0.14462641875930246,0.11761392268466123,0.10032218361758823,0.132137981134071,0.8708449273208487,-0.5221593949476255
['Marvin Gaye'],[316834],-1.3042093617501482,-0.5334275550647927,0.17677893221999563,0.4268951246754301,-0.3073715319863051,0.6958435741603654,-0.28922724603830274
['Marvin Gaye'],[316834],-0.96534065137633,-0.6298348821088317,0.13197406837531914,0.32941157846312086,-0.7108024059985489,0.6721261405918555,-0.20009303737171732
['Marvin Gaye'],[316834],-0.4304288552735065,-0.0875510245045578,0.12991971672024774,-0.11673642856984931,-0.8134418063769622,0.6715676312889254,0.1771473282442941
['Marvin Gaye'],[316834],-1.1344911762819332,-0.5442699048801517,0.021472291614048445,0.29058062018406167,-0.5173089061804171,0.7599647013017504,-0.1562148591739244
['Marvin Gaye'],[316834],-0.9491785083141935,-0.239894383380719,0.20481987203852522,0.1475332983027471,0.16182789773871137,0.4955479128592041,-0.16179625210700288
['Marvin Gaye'],[316834],-0.8942186389011952,-0.07112018131945667,0.32818342858295413,0.2065088658138541,-0.6413370955472312,0.6095703329361658,-0.405213879943984
['Marvin Gaye'],[316834],-1.2340957482913015,-0.608520261375162,0.039013153448667404,0.42516635580998824,-0.4122723097384975,0.6327441439885048,-0.24388384569707403
['Marvin Gaye'],[316834],-1.1539954457969366,-0.2826354351056642,0.22380288414699945,0.03676979159933447,0.17828492703674204,0.6822966357617012,-0.1996110812783719
['Marvin Gaye'],[316834],-0.9011657388263417,-0.21935729509774696,0.009655164090517202,0.09450539125269543,-0.2154851652969418,0.5537393356067201,0.00038690629654168277
['Marvin Gaye'],[316834],-1.0069073436541431,-0.5105097545785516,0.2160384578773755,0.26566569258765016,-0.4491393502392354,0.6046631585098649,-0.27764191308107555
['Marvin Gaye'],[316834],-0.9681826538087867,-0.29612474614375717,0.42042187200540393,0.0842109645777109,0.06540026046359455,0.4882644505728547,-0.28862031270282645
['Marvin Gaye'],[316834],-0.844595816385656,-0.6485379350843218,0.230186386837016,0.1510570641162122,0.08851897808034598,0.6326755152383734,-0.13282717063671945
['Marvin Gaye'],[316834],-0.9347131968546526,-0.046245525486003684,-0.07714541187307289,0.4334045274319,0.17797497902978032,0.7518414665721891,-0.7379924245294543
['Marvin Gaye'],[316834],-1.22915676786769,-0.3503586645916633,-0.043073209736908515,0.3875379966702342,-0.684869490948544,0.7264891142903294,-0.13887612402261956
['Marvin Gaye'],[316834],-1.1006196123960474,-0.5325139620370464,0.21420807974446904,0.2939081622391111,-0.16325718975878242,0.573942960248706,-0.22593778602782782
['Marvin Gaye'],[316834],-1.1262653726222116,-0.6109677213954825,0.04895278952935717,0.442356502310989,-0.6767790820147626,0.7407581954504413,-0.14471395135979515
['Marvin Gaye'],[316834],-0.9860571550748112,-0.567695382920516,0.06505378237944509,0.3704520638884769,-0.2633353610440472,0.538819024518553,-0.07050709246544522
['Marvin Gaye'],[316834],-0.4757782072084868,0.053925131079582064,0.26005590564637815,-0.28276700736798877,-0.10904235519580928,0.5608574340128774,0.0758394315834618
['Marvin Gaye'],[316834],-0.4263345207940878,-0.08478303433394659,0.46224181289597566,-0.2405664536377078,-0.10596123549498189,0.5303061707566727,-0.049305993365348674
['Marvin Gaye'],[316834],-0.7709424749929622,-0.4443616751264017,0.1054166633236332,0.09140123520588755,-0.13112261540876105,0.5476804509706038,-0.07750178990495168
['Marvin Gaye'],[316834],-0.9990580698030563,-0.4066705356700431,0.05561616921918976,-0.0628571408300744,0.08675313814143307,0.9062881063321188,-0.02116218868511817
['Marvin Gaye'],[316834],-1.0438010041571935,-0.495068823052144,0.1791689018756763,0.323689178803855,-0.6202820784447192,0.664670390293575,-0.17053067082593196
['Marvin Gaye'],[316834],-1.1460925821452626,-0.2697153754888863,0.39161496469513263,0.20370485307093522,-0.44977700252770086,0.6763413229229939,-0.3644196502474139
['Marvin Gaye'],[316834],-0.9941678256175956,-0.0765870844848316,0.23638683074024547,0.1796129469404099,-0.31192097137984115,0.41145974142987246,-0.18704226948965832
['Marvin Gaye'],[316834],-0.6943592063352968,-0.10884671409814187,-0.052842049100077185,0.40403108673958227,-0.3077997391672608,0.7299715867549673,-0.6162718564076993
['Marvin Gaye'],[316834],-0.8277393174656698,0.11926283368998693,0.5969818170618976,0.11857787991419587,-0.6563397782711935,0.6504979576643773,-0.23828251601193653
['Marvin Gaye'],[316834],-0.28228587333509414,-0.2352657036496,0.05149062157959282,0.0915650991036944,-0.44569924218494117,0.956004360781392,-0.4204213617145699
['Marvin Gaye'],[316834],-0.2002679643914727,0.043993438153119124,0.2338817080705197,-0.07960651464136347,-0.5683173091077158,0.4096180198317454,-0.1314603384761219
['Marvin Gaye'],[316834],-1.1013796508157598,-0.33562983222612414,0.21582022867267633,0.31513903291457757,-0.6273633523877512,0.5940033578831571,-0.2838131373905968
['Marvin Gaye'],[316834],-0.7735707965895159,-0.2512265335518852,0.008957745221724779,0.44481398856514565,0.19257802120120637,0.8762916823033359,-0.7496700849826144
['Marvin Gaye'],[316834],-0.9636676519092339,-0.4914068619575912,0.13318502192115841,0.08770516951898452,-0.0036267917749941846,0.6837193581593967,-0.12859518208905063
['Marvin Gaye'],[316834],-0.7734613314507873,-0.24126855183682563,0.2273704001750893,-0.061865036339979966,-0.13663652897289805,0.6443505790773517,-0.07209247922998394
['Marvin Gaye'],[316834],-0.8400615951219764,-0.39042162921353935,0.07374374899442772,0.24540528065647962,-0.2879181678534259,0.5210568708863412,-0.04661415624603569
['Marvin Gaye'],[316834],-0.7162826093616149,-0.21068502573979977,-0.012942128864987485,0.3382626790793976,-0.33079371148306835,0.691704403836586,-0.48100866543861165
['Marvin Gaye'],[316834],-0.9726245223933772,-0.6603346602257545,0.11371747542306816,0.17577797076632906,0.18194633999976492,0.623190265579511,-0.15558876270854488
['Marvin Gaye'],[316834],-0.8676222170677907,-0.50945020044086,0.11098383958310158,0.2003961092235002,-0.10875182980825528,0.5532852081287869,-0.06024541049208681
['Marvin Gaye'],[316834],-1.0142233760377162,-0.3445677699792633,0.076711423131189,0.1373671692123695,0.07066476020686716,0.4958531368378297,-0.15714844622408447
['Marvin Gaye'],[316834],-0.7624144430747619,-0.49946636864585786,0.1321439227399282,0.27257284695362693,-0.5474713423761717,0.6063298137479978,-0.1578049760888367
['Marvin Gaye'],[316834],-1.2993614919961562,-0.05354241817688181,0.15728167744422591,-0.04556286908714931,0.09358229904366934,0.814367863085453,-0.15207915458767082
['Marvin Gaye'],[316834],-0.6645003517951096,-0.09590327591152492,-0.05807282975028317,0.39855978984369206,-0.3156086394564776,0.7046975885602976,-0.5788089999266448
['Marvin Gaye'],[316834],-1.1253217590472093,-0.27875445149753986,-0.032767986332859204,0.16399875080467136,-0.0869401966641105,0.674761034992981,-0.022448540899525596
['Marvin Gaye'],[316834],-1.0831708962909725,-0.5824902576649637,0.07648779045948789,0.31665894389662524,0.1908100929168909,0.47696232697514646,-0.14112190823742377
['Marvin Gaye'],[316834],-1.2646922076075418,-0.5568198110524989,0.24549816960914686,0.30573605071291154,0.042891880134551516,0.6685739215718532,-0.2856455226707565
['Marvin Gaye'],[316834],-0.8965448135187574,-0.522601696878238,0.08821858084381315,0.22444338051634286,-0.10415993036178772,0.556002724696369,-0.061794503621206365
['Marvin Gaye'],[316834],-1.086951523733087,-0.5542531925049242,0.12212197157453872,0.19004093578373984,0.09708203317870541,0.6040732655418145,-0.20809901864631283
['Marvin Gaye'],[316834],-1.194718395045256,-0.3090423054589428,0.3932754295852322,0.31558265087775683,-0.6217978356826707,0.5827955785417439,-0.44261488622371986
['Marvin Gaye'],[316834],-0.676386515492839,-0.07632445990397463,-0.073341437765216,0.4335418862673135,-0.2950781149330326,0.767515680453788,-0.6891892636816374
['Marvin Gaye'],[316834],-1.002517382199589,-0.06209339161345888,-0.042430983023252704,0.440670905260964,-0.7854105699312777,0.5792632915660599,-0.4108870612965644
['Marvin Gaye'],[316834],-0.6177997419724511,-0.4993775876535155,0.1923144892559646,0.24887722238862203,-0.5488190006778925,0.6582871106569084,-0.20736585692020376
['Marvin Gaye'],[316834],-1.078078312261292,-0.3063344024324038,0.15596305274991712,0.23135174257801727,-0.5484040657196814,0.5700675009602928,-0.26521717365862774
['Marvin Gaye'],[316834],-0.745446075506783,-0.46189157745075715,0.12346091625467334,0.2414320606597344,-0.6589798598284774,0.5641959898740658,-0.04965680101084138
['Marvin Gaye'],[316834],-1.1210624915417768,-0.2767766910756643,-0.02193065554482036,0.16013795733051486,-0.08781193436791275,0.6767490914364785,-0.027255223027222285
['Marvin Gaye'],[316834],-0.7475394230204049,-0.33829650493220437,0.038148531405281516,0.06800313129067644,-0.2225784000782206,0.6048039921123588,0.031678964078473405
['Marvin Gaye'],[316834],-0.7200332715270202,-0.36366055105477013,0.21532527253566788,0.13350480956760327,0.09826336736576327,0.6716460726996673,-0.39731777273448887
['Marvin Gaye'],[316834],-1.0508430787077239,-0.5203202211145821,0.05055639659176414,0.21023882654054699,0.005066141973985693,0.616613859444334,-0.09276236740714107
['Marvin Gaye'],[316834],-1.0496903823375756,-0.5741118885632064,0.08166569910810097,0.3855207597017451,-0.25763850056303644,0.5387279577446522,-0.1390505685282989
['Marvin Gaye'],[316834],-1.0253938794509507,-0.6441604945930032,0.04885779915611014,0.32468010187685964,-0.3454509361793968,0.6739437097171797,-0.12548809918536122
['Marvin Gaye'],[316834],-1.114965597956923,-0.3739370178741658,0.10725853481976304,0.018608371951005925,0.10211849483940703,0.8942851900217856,-0.004356765916811591
['Marvin Gaye'],[316834],-1.0923639047816949,-0.14456217647621028,0.2054687447323738,0.1632427792229972,0.16595634804932757,0.4448139438241367,-0.19238338875962907
['Marvin Gaye'],[316834],-0.6802409640766371,0.11865400469799108,0.04772394471578593,-0.025483132833283267,0.06735474092325221,0.13893061558902486,0.008311279508757192
['Marvin Gaye'],[316834],-0.6759224692990596,-0.35707090086632065,0.22776879196646913,-0.01646491641398227,-0.057463358871085835,0.5200962154334943,-0.08694320752869387
['Marvin Gaye'],[316834],-1.0468319560572394,-0.25800385946274296,0.5425202762276549,0.061023431421257615,-0.1100593926559939,0.563385065180914,-0.387719564095468
['Marvin Gaye'],[316834],-1.0364734971924148,-0.3045214185464847,0.01869288021458463,0.09493903783151882,-0.09759877986315456,0.6999759449006515,-0.008632920163664445
['Marvin Gaye'],[316834],-0.9999457470429877,-0.40280146878428497,0.11570415120593003,0.16058831299936463,0.16302422281807566,0.48409435050308225,-0.11996629603991636
['Marvin Gaye'],[316834],-0.9324429432847123,-0.49174051085763193,0.12720790431954412,0.3910885863428652,-0.7950749995276741,0.6474817211037475,-0.2641406034787015
['Marvin Gaye'],[316834],-0.979389683025521,-0.43467791742034745,0.1558147465335034,0.2134759517508881,-0.3669439293767666,0.5993003821424905,-0.187022018142056
['Marvin Gaye'],[316834],-1.1158038991645818,-0.33882847954740763,-0.03677943480102166,0.3654636720098793,-0.7005333660812612,0.7014111902614607,-0.08029111024984179
['Marvin Gaye'],[316834],-1.2303497506128631,-0.5176339705699585,0.24278191415735073,0.31477806471292546,0.04068620018703484,0.6579613669141345,-0.2598832128460993
['Marvin Gaye'],[316834],-0.8899159713909368,-0.5529748793883897,0.29243806326337757,0.09567244191407519,-0.10077046211654032,0.6769594145789262,-0.19154076370684386
['Marvin Gaye'],[316834],-1.0447498427688229,-0.38668109671391826,0.03323352130523082,0.346722480425414,-0.7254030782130511,0.5673951718395744,-0.12141549409517526
['Marvin Gaye'],[316834],-0.932136739094384,-0.11625829381933474,0.3073411498832307,0.10687859950992773,-0.6694854442685428,0.5649357591994386,-0.24609963467608736
['Marvin Gaye'],[316834],-0.5114359927778762,0.043337979534021305,0.06611766902138563,-0.05520546078262607,0.05503441163071645,0.15478603234383756,0.04460687900463796
['Marvin Gaye'],[316834],-0.3476608064978843,-0.12866009125982583,0.16606063046766484,-0.04497783744546397,-0.20854756478863903,0.2874012257035983,0.05640915422735435
['Marvin Gaye'],[316834],-0.7674403948940609,-0.6695414047765121,0.3111604418547942,0.12653788825703782,0.0807714072823025,0.6606653648966322,-0.1648715016939719
['Marvin Gaye'],[316834],-0.9703368152208793,-0.4182730061578081,0.09811401307352094,0.2866476968389174,-0.27301320112601724,0.530509904550191,-0.07553184333936135
['Marvin Gaye'],[316834],-1.3916320048644346,-0.5243749777971651,0.1915327208357128,0.48051820140667917,-0.7467765291192872,0.762838469449577,-0.32762511784493964
['Marvin Gaye'],[316834],-1.0694718329591146,-0.5290884996046393,0.22620729308764478,0.15885511554034196,0.1823228334578197,0.5905628817838928,-0.24273498858800455
['Marvin Gaye'],[316834],-1.0969717017198948,-0.7255169961520791,0.20000746457119403,0.5032056089239038,-0.6816006274877315,0.7092017730176272,-0.13628784594321391
['Marvin Gaye'],[316834],-1.180835392172381,-0.6908589484783733,0.13850203724027363,0.2732720509255424,0.12415063821244161,0.649359544875256,-0.23372876228221648
['Marvin Gaye'],[316834],-0.9978610934227111,-0.34918146024071434,0.3172355942496473,0.10025796638224206,0.07323629725194714,0.5567280739052823,-0.2704178985777378
['Marvin Gaye'],[316834],-0.9591731646371633,-0.34841598260049444,0.05600089119770822,0.13367834724136388,-0.19560485561543964,0.6255642727140797,-0.0508686005933424
['Marvin Gaye'],[316834],-1.0498863292169738,-0.3306264645754597,-0.1213467114188045,0.6344867338079792,-0.127117571282034,0.9382956948279318,-0.8150932135983914
['Marvin Gaye'],[316834],-0.5903882731387559,-0.5396004042291364,0.17316218519914597,0.19170850365274628,-0.6678445527949561,0.6074617794600357,-0.02574315707617208
['Marvin Gaye'],[316834],-0.7718726622856842,-0.3552658895796323,0.03763427228546087,0.07748996360363473,-0.21822933344113363,0.6197787899276048,0.017585851238649877
['Marvin Gaye'],[316834],-1.2995198742228569,-0.4161657344231533,0.18459384581639549,0.4033981155258368,0.05521808774540872,0.6234464696639858,-0.22003634047453088
['Marvin Gaye'],[316834],-0.71437973211933,-0.6949433614890207,0.21057711595084716,0.2379811964188048,-0.7388660110605404,0.6574143266303542,-0.15854266024439695
['Marvin Gaye'],[316834],-0.5956360498014314,-0.48770966729590876,0.3400908740211244,0.11472290035960107,0.06687249064347006,0.591475612543296,-0.23376600562142277
['Marvin Gaye'],[316834],-0.7600271223947492,-0.6498302847991471,0.1864860768618703,0.2759458392597137,-0.719914675648076,0.7106632561977555,-0.2221867493855044
['Marvin Gaye'],[316834],-0.9814430732964353,-0.3081665019286639,0.20006993160930983,0.19832743147605134,-0.5573163594358034,0.5849483968891429,-0.2561557567302474
['Marvin Gaye'],[316834],-0.7969548145350511,-0.33536713866880247,0.2030512448214032,0.15052321454659018,-0.2832006956284489,0.625190612900754,-0.3153147800227959
['Marvin Gaye'],[316834],-1.1340493018601423,-0.31107509890187224,0.2755167883579797,0.23839918494811543,-0.3624826419737755,0.5469921508805408,-0.33588201713225735
['Marvin Gaye'],[316834],-1.0336532635050788,-0.38286047222857017,0.18487693888909537,0.15650426760874203,0.1663040165977865,0.5013117531454807,-0.17455837276075423
['Marvin Gaye'],[316834],-1.0013353475366098,0.06795500276529108,0.5615698733703436,0.09987254569930447,-0.6605161447683501,0.6492797428590872,-0.3168558234122084
['Marvin Gaye'],[316834],-1.1156126117636123,-0.32399694117566497,-0.023748606975999644,0.1503015104673251,-0.0869137237049445,0.6970960648791756,-0.017697688162179263
['Marvin Gaye'],[316834],-1.0653801700666463,-0.6445603087018428,0.05356433237610133,0.4000821449434996,-0.6952215268781119,0.7144954486811759,-0.16529845844876753
['Marvin Gaye'],[316834],-1.0064125730971998,-0.3351465197697892,0.32542635786281343,0.10216943196180914,0.07302495450183649,0.5501388014907465,-0.27968468822123077
['Marvin Gaye'],[316834],-1.3339424006182476,-0.18307752819915932,0.3751988973790849,0.06508490578813447,0.19406764548104555,0.6843097201822902,-0.3312736599506883
['Marvin Gaye'],[316834],-0.5759299009159657,-0.2953783967736669,0.20602308733224525,-0.013335999686733825,-0.5197750957900353,0.5800917259902303,-0.06529955796296373
['Marvin Gaye'],[316834],-1.148907006875453,-0.41743370208092573,0.1299808938867761,0.21279031581076374,0.09492477788915543,0.5277677951925632,-0.22345590254079237
['Marvin Gaye'],[316834],-0.9000600664067187,-0.24780240119561794,0.15977675942803443,0.1703797587489528,0.17944200307215782,0.5666626278947614,-0.24798303930436247
['Marvin Gaye'],[316834],-0.5726906616520897,-0.3938593367264026,0.22957253919695592,0.026861660311607246,-0.5093544099172642,0.6094926883937107,-0.07135034997372892
['Marvin Gaye'],[316834],-0.8048468849100537,-0.1602753060683846,0.37927687781772584,0.061147604456746385,-0.6785903908996221,0.603850798169132,-0.24753735880353597
['Marvin Gaye'],[316834],-1.0622255377596794,-0.5924954170509218,0.08976300601216945,0.18900469230683495,0.19075881512327034,0.6343284454868435,-0.13046769095653143
['Marvin Gaye'],[316834],-0.695739620044519,-0.20820674476351686,0.015153852008072644,0.06082651695900879,-0.06382540477988666,0.9933559304704652,-0.3637192842595749
['Marvin Gaye'],[316834],-0.9211842325454719,-0.27551928974728923,0.596909933104885,-0.01604117501770863,0.14582294318371994,0.5394147834138546,-0.35804091324110665
['Marvin Gaye'],[316834],-0.7647032235450957,-0.10162461626382095,0.5224228633624086,0.023873342672351784,-0.6876335844963859,0.5876842238339229,-0.3189395114012963
['Marvin Gaye'],[316834],-0.9383489544058635,-0.2138531106475613,0.16673777672368298,-0.11158657203365503,-0.035057754567233666,0.7375630217362654,-0.111955657092102
['Marvin Gaye'],[316834],-0.9161808351527485,-0.3201632781080599,0.5836989479757732,0.055091456238209054,-0.29581615210592294,0.616555366031992,-0.3893904788883278
['Marvin Gaye'],[316834],-0.6440054535748668,-0.3982662970179863,0.2668827317813133,-0.04602522901933907,-0.06167346097033591,0.5085966622626678,-0.10162982922486956
['Marvin Gaye'],[316834],-0.950020046650707,-0.2403575237881677,0.18526586761163885,0.15205955161307097,0.16040649755062233,0.4830059899508488,-0.14328504071122
['Marvin Gaye'],[316834],-0.7957142092544618,-0.5264184670761025,0.24984602288091973,0.09780683996720259,0.061708761951676766,0.535661601641386,-0.1602250132515633
['Marvin Gaye'],[316834],-0.9586456759230102,-0.5089718007364913,0.07676159594749986,0.2580043315031325,-0.09392886580051017,0.557152156392355,-0.06955931679683632
['Marvin Gaye'],[316834],-1.067042607312025,-0.766363776605283,0.1284884092557839,0.44350747954739406,-0.5059682086156557,0.6847948318958992,-0.16646466347310182
['Marvin Gaye'],[316834],-0.9310917008736266,-0.6188511369056705,0.17386712132912158,0.3115831049295164,-0.718850067523171,0.6627969956240893,-0.23006752067671482
['Marvin Gaye'],[316834],-0.6235234082811248,-0.08768867029856217,-0.06403996316852247,0.40433646323865907,-0.31010998593027866,0.7342969508813443,-0.6188691185774396
['Marvin Gaye'],[316834],-0.558579467771085,0.09402288498075449,0.044782628816133076,-0.2464291050481975,0.070827617097005,0.4810329571304733,0.17293977707157485
['Marvin Gaye'],[316834],-1.0106358972958107,-0.4013919219407876,0.011863912101306067,0.4794972323175393,-0.3920081688815984,0.6987887903276921,-0.41795943586797724
['Marvin Gaye'],[316834],-0.8977204704104405,-0.36009881552369505,-0.08990077215860579,0.6465257360742604,-0.32282873239880394,0.9359805079167487,-0.8262990630319991
['Marvin Gaye'],[316834],-0.475951111319938,-0.30290858335852694,0.1653292150345137,-0.10511913996161772,0.0087692055757683,0.5262029036531983,0.09244938206791506
['Marvin Gaye'],[316834],-0.362613160124342,-0.13115252962535806,0.10149590925940777,-0.025180316089908828,-0.3832287830756338,0.34541179848384823,0.09364237014402858
['Marvin Gaye'],[316834],-0.5311835202327055,-0.3535993027527342,0.11573471447000531,0.22879267577513476,0.1401173066458717,0.8460043018115835,-0.6148099301795943
['Marvin Gaye'],[316834],-1.009692283594502,-0.4877567597487757,0.19954413767568052,0.2594960809578775,-0.4517243626725737,0.5882453080690914,-0.26527664339029855
['Marvin Gaye'],[316834],-0.8521789177889937,-0.6599743400596828,0.23324264854843033,0.16347977358803503,0.08777444031248381,0.6344516831129122,-0.15089394583328228
['Marvin Gaye'],[316834],-0.6228994009539923,-0.2928976499945326,0.37193506786378944,0.3314708834954659,-0.08915909021176513,1.0048977533731065,-0.8915133451109657
['Marvin Gaye'],[316834],-0.6650695136863126,-0.6273369832901712,0.20650869461278676,0.19042870044039598,-0.7455975828930849,0.6983164856115109,-0.08663391690598844
['Marvin Gaye'],[316834],-0.5339015902338454,-0.2899190862771447,0.14768288636779545,-0.1288748428709266,0.09701105803892689,0.4938605409497445,0.07432144951669302
['Marvin Gaye'],[316834],-0.7228895471703285,0.05485822792970778,0.011798297753902705,0.004247715976959389,0.0784136886975193,0.1632467510712118,0.027389789539334748
['Marvin Gaye'],[316834],-1.2661568369421874,-0.030814817711116424,0.49912525933643,-0.050640649533856746,0.09815152437786323,0.8960800646916081,-0.24199072580660666
['Marvin Gaye'],[316834],-0.9568688323938083,-0.2510764843490288,-0.06964477480829509,0.45911558069952674,0.27459709197818194,0.7791807561094785,-0.7625449103713736
['Marvin Gaye'],[316834],-0.46577201202231416,-0.15493680948208888,-0.04453828902504749,0.33713344182729793,0.22911792733401734,0.740019029036292,-0.5873712954345377
['Marvin Gaye'],[316834],-0.5413848907081122,-0.003408568162111459,0.0650059041240771,-0.054518650750278896,0.06653882386780097,0.2271001069214649,0.06321158960396095
['Marvin Gaye'],[316834],-0.6875674785385872,-0.5141447279572113,0.10210959560895859,0.43956126136289964,-0.4666561664606769,0.899908754561545,-0.5651933306119602
['Marvin Gaye'],[316834],-0.8436624411253337,-0.36029802544766565,-0.039355641253227124,0.698181203728927,-0.5123595123488925,0.904572061051895,-0.8169466841648316
['Marvin Gaye'],[316834],-0.673078789154095,-0.26241391331846425,0.09052728810236521,0.08745537755410923,-0.6849750148615753,0.5917487385703162,0.0481026118644892
['Marvin Gaye'],[316834],-0.8344081826762652,-0.4354226316924311,0.20342908729071135,0.13134487494088204,0.1488641528786005,0.4874224201611058,-0.19146421796865318
['Marvin Gaye'],[316834],-1.0313102985435671,-0.2754171321085694,0.17799753782693986,0.06369932991883148,-0.09949275527428997,0.7271641197741188,-0.10351022193586631
['Marvin Gaye'],[316834],-0.483788204108388,-0.30614721030577613,0.1694685159829167,-0.10524693549828568,0.010003409242777818,0.5336999991408803,0.08334476289898039
['Marvin Gaye'],[316834],-0.6622848582097133,-0.010246193350144137,0.1165415297289658,-0.028553814288042576,0.07749702947734641,0.2005361957066309,-0.038064979061074096
['Marvin Gaye'],[316834],-1.1150244764990986,-0.4236833363443235,-0.017708196645026496,0.062106745608469516,0.09638407762092654,0.7957863132874116,-0.08557680173652209
"['Mary J. Blige', 'U2']","[376204, 219203]",-1.1813991302542879,0.1611327433509864,0.03647446922972702,-0.030947342291100927,0.14570738338411143,0.508868461244561,-3.498700664190044e-05
"['Mary J. Blige', 'U2']","[376204, 219203]",-1.1867764628914796,0.1330136153619159,-0.016291107083605077,-0.015371182405161882,0.148135003742414,0.5094329395808108,0.027296526129209766
"['Mary J. Blige', 'Elton John']","[376204, 796734]",-1.1316025075779932,-0.4612819041473477,0.02396939662887934,0.2651926208262011,0.1921452690192457,0.5344168832814519,-0.07287281519156304
"['Merle Haggard', 'George Jones']","[410219, 944310]",-0.962653741191458,-0.4901743094235231,0.06672611313279515,0.24317310640151618,-0.7194196707723427,0.7608175242393593,-0.0756713005772192
"['Merle Haggard', 'George Jones']","[410219, 944310]",-0.5806272626362414,-0.3321846203749024,0.14572026016391174,0.04098830655935766,-0.33489145798018216,0.5480585775742914,0.05568913590786876
"['Merle Haggard', 'George Jones']","[410219, 944310]",-0.7678599236985267,-0.33620546450369476,0.20829720438123103,0.07909038584398406,-0.7513863746971433,0.7902141858953169,-0.03470982115949923
"['Merle Haggard', 'George Jones']","[410219, 944310]",-0.6400125289284655,-0.3320966493574594,0.1638798873501253,0.06194768219671005,-0.32759383942368014,0.5558143800372939,0.0208944031250932
"['Merle Haggard', 'George Jones']","[410219, 944310]",-0.8604896659948643,-0.5794696966954632,0.09061814650364118,0.3383017614024715,-0.7216169754088141,0.6796832053637601,-0.0639549473018574
"['Merle Haggard', 'George Jones']","[410219, 944310]",-1.034151342524459,-0.4423982345301008,0.0402550508712979,0.2572056474787047,-0.7156299003528942,0.7513196167088328,-0.0963663565695022
"['Merle Haggard', 'Janie Fricke']","[410219, 210512]",-0.22973135299280262,-0.4095151616063793,0.2562399539051146,0.031238871947203293,-0.28637052447719286,0.34250692313461023,0.04995022452652872
"['Merle Haggard', 'Janie Fricke']","[410219, 210512]",-0.3195633691725378,-0.43051768908751425,0.19455240235358162,0.1339406570567157,-0.7199970404519693,0.4088203506454646,0.03880419225090469
"['Merle Haggard', 'Willie Nelson']","[410219, 583959]",-0.7299484721167427,-0.5909474425491397,0.15568432967604923,0.2527566677175004,-0.7366854940765053,0.6764408271041515,-0.03798969280214831
"['Merle Haggard', 'Willie Nelson']","[410219, 583959]",-0.5435416724992777,-0.5102248501588538,0.1818629071007695,0.1275237421930288,-0.23382972326583162,0.4818371231347276,0.026418980834487425
"['Merle Haggard', 'Willie Nelson']","[410219, 583959]",-0.6325020600474319,-0.5302636100279681,0.2138861669402058,0.07048971290921446,-0.037216509437331846,0.5867283778414966,-0.009270159945010632
"['Merle Haggard', 'Willie Nelson']","[410219, 583959]",-0.5980772681030958,-0.5433197526309339,0.16751837214758705,0.08229761796194317,-0.039313545074875285,0.5926817384896992,0.018424055915459762
"['Merle Haggard', 'Willie Nelson']","[410219, 583959]",-0.5486365279469814,-0.4883399996698892,0.20629127991045554,0.005372389665028658,0.12378811798008171,0.5250154636049702,0.013924783050814226
"['Merle Haggard', 'Willie Nelson']","[410219, 583959]",-0.6777052724225966,-0.513257250027901,0.17725372073352655,0.08146838381772058,-0.035056438527028666,0.5621165531801385,-0.00018040127425714207
"['Merle Haggard', 'Willie Nelson']","[410219, 583959]",-0.4908391594861741,-0.5834940262347573,0.1810402631686286,0.06887389224092394,-0.2261333129310333,0.6635243250134965,0.020340194350862227
['Merle Haggard'],[410219],-0.9858056834277896,-0.21050969965169644,0.41928044270983217,0.16002279247841666,-0.7321173097813332,0.761334682564426,-0.13607176031439602
['Merle Haggard'],[410219],-0.6453658501052207,-0.522917492806943,0.39231704978749177,0.05888436228404725,0.13268204963045546,0.4815167564619111,-0.13833039143894593
['Merle Haggard'],[410219],-0.3058084236598783,-0.3161348728379418,0.20108321513029617,-0.09517090323019929,0.08174428475276477,0.4432422684483277,0.1582947558346779
['Merle Haggard'],[410219],-0.729890605073206,-0.22484154077918114,0.13176334532049983,0.04390086679128752,0.10622927581124993,0.3157893978737936,-0.052104780348691766
['Merle Haggard'],[410219],-0.6683996637515797,-0.7853015655792563,0.21535795205936037,0.1929815474358605,-0.3781000067414344,0.6481824653575722,-0.08846821940643508
['Merle Haggard'],[410219],-1.1300027636301366,-0.6242401199639928,0.04560697091323741,0.3002390983141909,0.024768545690488492,0.6092851413262576,-0.23212241688128926
['Merle Haggard'],[410219],-0.9156028111416296,-0.7572874275129987,0.25109235916882716,0.2439055522107264,-0.08729659986902173,0.5745371903172428,-0.21585736891295304
['Merle Haggard'],[410219],-0.9312854689521001,-0.6182208563575412,0.19261862092263285,0.2624497534482118,-0.1820481948693686,0.5782192378499054,-0.1819669555757566
['Merle Haggard'],[410219],-0.39631398565956505,-0.482835008229559,0.17991086149901123,0.23282591834167313,-0.7908713261405201,0.4428638928987807,0.02529127206750229
['Merle Haggard'],[410219],-0.45667910838018155,-0.57564758126376,0.2175422635927355,0.059196215220894584,0.11170105320451051,0.41732263025757604,-0.013415676683288627
['Merle Haggard'],[410219],-0.8171717969679606,-0.6194444027568407,0.1006928477413201,0.07424932271247349,-0.09503297128555932,0.849667268189133,0.013633711725142428
['Merle Haggard'],[410219],-1.062118370101942,-0.6330397403338568,0.08563158552266274,0.3166635498697743,-0.07180095010094094,0.594149429118208,-0.18817528527879815
['Merle Haggard'],[410219],-0.9737600534768946,-0.5162272420312009,0.054893220383655655,0.3061164920012532,-0.2713204903182621,0.5803060502204371,-0.06567513461717839
['Merle Haggard'],[410219],-0.8639387813535484,-0.47471293928819824,0.09243751397795907,0.1650558871466742,-0.023994787517219136,0.5092200725853221,-0.029474968220412234
['Merle Haggard'],[410219],-0.7596633721985335,-0.4717192653126614,0.08748262354263829,0.250106531648686,-0.8439220707499687,0.571713717729227,-0.05140764264763035
['Merle Haggard'],[410219],-0.8857841223087154,-0.6515805120988213,0.1661564853764516,0.25275823778591466,-0.275688753749807,0.5999097202215626,-0.15197047267924524
['Merle Haggard'],[410219],-0.6866537181944642,-0.384676306654789,0.17790958083447198,0.07375630274567178,-0.23888077430899668,0.4778554214564674,-0.06791285573764672
['Merle Haggard'],[410219],-0.9342402254629872,-0.3984363395862162,0.17264801297174912,0.18494053449100764,-0.1937864807586346,0.6149025160924065,-0.0850021536925018
['Merle Haggard'],[410219],-0.8273198344338658,-0.40979497363771744,0.25929918418996706,0.17061031613721772,-0.4844615329008381,0.5632073807766463,-0.17782118742211364
['Merle Haggard'],[410219],-0.576192761187027,-0.520044587568401,0.20999822865711132,0.08084481062077553,-0.4167048524569399,0.5268625407077437,-0.060834501788595105
['Merle Haggard'],[410219],-1.1140477110282485,-0.5198586194059636,0.256416966134018,0.21719844454710102,-0.07734815028914051,0.6560273238157331,-0.2694072157883268
['Merle Haggard'],[410219],-0.9857004166601352,-0.14184440064285528,0.8713205607475374,-0.025564405912367052,-0.029418761194541843,0.6375691734857072,-0.4068756499841974
['Merle Haggard'],[410219],-0.26359318433594037,-0.40015550157056523,0.221973177507953,-0.03267045141569881,-0.19030516623955845,0.4202094162663458,0.08179355991726991
['Merle Haggard'],[410219],-1.077197352537791,-0.5651534575388101,0.1468921367592207,0.2834074140947601,0.008013901667422425,0.5224213435708926,-0.2220055969757197
['Merle Haggard'],[410219],-0.8196524980473737,-0.4570495274497442,0.24171283588405532,-0.006926161839521889,-0.01694687198732801,0.794275001532384,-0.05200473493740486
['Merle Haggard'],[410219],-0.8298008314925844,-0.5133831128120424,0.1335107931416121,0.20972993941480486,-0.11518871610996352,0.4701095730837285,-0.08109776375023785
['Merle Haggard'],[410219],-0.8733600600702558,-0.5121719415424336,0.14466678197903513,0.21706857742755523,-0.2855452246578531,0.5748361909613992,-0.11030581920709547
['Merle Haggard'],[410219],-0.9018774916579383,-0.6670572586820434,0.1263073884544306,0.22544146210935434,-0.45029629210086963,0.6956639554618491,-0.17116623801557482
['Merle Haggard'],[410219],-0.9538582337144645,-0.5719333990979633,0.12039594838394649,0.3473458997045674,-0.7991417499652002,0.7269577526110903,-0.1446730438447161
['Merle Haggard'],[410219],-0.8622747084886481,-0.0370097844728265,0.09080321123940782,0.21300834630720808,-0.6902355072006751,0.3198663393123467,-0.09214348588509927
['Merle Haggard'],[410219],-0.44110495836899083,-0.5030439556474297,0.1902439486833689,0.13717583479165518,-0.33270493155426023,0.47501113419449154,0.013556776064314276
['Merle Haggard'],[410219],-0.40233586657117354,-0.6327414205734921,0.2429678897504195,0.0547184394479438,0.10925020861910846,0.41950163536186097,0.0008206962583486411
['Merle Haggard'],[410219],-0.7866307418100359,-0.6922985829332133,0.20987132050404841,0.11513486890374794,0.16507452099928557,0.5831133174226076,-0.09101587727902329
['Merle Haggard'],[410219],-0.8800833362388294,-0.6276497566301731,0.11081032939391287,0.3290983003041459,-0.6372166804501219,0.5753885894955985,-0.16475823445022406
['Merle Haggard'],[410219],-0.7217671231043425,-0.6315447069753437,0.1996817500881986,0.1630092972481402,-0.009766012955418577,0.6800331888156159,-0.1019347675797708
['Merle Haggard'],[410219],-1.00932251449743,-0.5989370447319307,0.07262058490256063,0.34420889361577744,-0.4375604026094292,0.653023056664993,-0.11033623083989583
['Merle Haggard'],[410219],-1.1175409550775368,-0.4609449505351656,0.031732391027491244,0.3233137746035906,-0.2620705199276174,0.5499146911351314,-0.10413348907576785
['Merle Haggard'],[410219],-1.023891336820597,-0.3982055024292367,0.6910416731765002,0.12958814312416733,-0.5378625877418409,0.764955775717042,-0.42699452697247775
['Merle Haggard'],[410219],-0.508555732846387,-0.5029846303008321,0.19195927180298292,0.17668455717835335,-0.864479726323088,0.5978409839761596,-0.009392986000854614
['Merle Haggard'],[410219],-0.5607761513334077,-0.4297382590414556,0.16622486472948916,0.07199105881581443,-0.4218577256711942,0.5329802543029618,0.004358568006921146
['Merle Haggard'],[410219],-0.6210705544579537,-0.5628776574087848,0.13451715772258419,0.15634637435264612,-0.04940262783934918,0.4356385093145288,-0.02625035212789401
['Merle Haggard'],[410219],-0.20673621575827708,-0.5300908555567132,0.23914206851997133,0.05373046943780734,-0.3632232857944413,0.4454690979300957,0.07688083643638281
['Merle Haggard'],[410219],-0.7524542966004584,-0.7459394505347137,0.12792380120491637,0.2350455888306414,-0.36231931602228307,0.7389370772857146,-0.04404522694011482
['Merle Haggard'],[410219],-1.2081973555280459,-0.2934745076673818,0.21612130410684172,0.35719800417601916,-0.4002815640877066,0.762421473855923,-0.4389869200410666
['Merle Haggard'],[410219],-1.1385993874450522,-0.46809266042743986,-0.039972295637236324,0.3031463209565834,-0.5784976231761703,0.9496620738930368,-0.18732940027222214
['Merle Haggard'],[410219],-0.36278712008466507,-0.3350110783704839,0.18862738435360463,-0.07027614236358992,0.08936396107094693,0.44132410758642665,0.15667940091905033
['Merle Haggard'],[410219],-0.8853405788612453,-0.46138712316708363,0.1542243222458343,0.1798937063642119,-0.1940082589845323,0.6381895445690715,-0.06463796039183325
['Merle Haggard'],[410219],-0.6386529490029526,-0.6848991728635948,0.16898290402549498,0.19904625927158665,-0.11763358209154035,0.5630412341134786,-0.04607383458066499
['Merle Haggard'],[410219],-0.928587831963321,-0.450378166106727,0.08163251175150915,0.3681907148324013,-0.6294249477190011,0.6049557287957218,-0.22841379697165445
['Merle Haggard'],[410219],-0.9034784721835343,-0.5772779158972267,0.08329675653690138,0.30856449532158775,-0.4544685886682416,0.5941424614445175,-0.13934187730445938
['Merle Haggard'],[410219],-0.8806238103621988,-0.585562980184107,0.31200649481348275,0.19729684271151546,-0.6351377612913137,0.7182823696942732,-0.2649160882667659
['Merle Haggard'],[410219],-0.28613729465503596,-0.26863840306387593,0.1634784694825588,-0.1338167658945058,-0.11038081692149435,0.44636649609793333,0.17325265127957892
['Merle Haggard'],[410219],-0.5421396616350891,-0.6476811406751956,0.30995794129742144,0.11826468242911814,-0.22459757755249604,0.5594086070596755,-0.12152314626103994
['Merle Haggard'],[410219],-0.8159285892335281,-0.6126572754445927,0.27926903665922076,0.21382321795544187,-0.19362870988104947,0.5907658386552116,-0.1764602063011741
['Merle Haggard'],[410219],-0.8666234404025139,-0.5012851555980069,0.30674564796513176,0.10817710635826851,-0.19127781006347577,0.7337068985430837,-0.1455640145401423
['Merle Haggard'],[410219],-0.4929084754452335,-0.5886819678164777,0.25421052745697437,0.10013719676163506,-0.4197465700254455,0.5398987913805512,-0.0529396969188051
['Merle Haggard'],[410219],-0.8737589019502009,-0.43217294746473484,0.2278861751467757,0.07120732051940933,-0.021328705109628476,0.6684050804004239,-0.12836715540886198
['Merle Haggard'],[410219],-0.784462306347196,-0.6318005205609066,0.3724626722556208,0.10090540594233267,-0.2820051777046106,0.7300053169423445,-0.18096400315710479
['Merle Haggard'],[410219],-0.9877363687803747,-0.31170568727263315,0.11769064314045402,-0.07244574647410602,0.16668642710760118,0.8205988288526375,-0.019023026886352414
['Merle Haggard'],[410219],-0.4553469520684312,-0.7427504645612888,0.24290639342741055,0.1278952357744112,-0.13997305270733004,0.5371368796480126,-0.059772426851891707
['Merle Haggard'],[410219],-0.9957549111099834,-0.4343216552429537,-0.006199810185881852,0.30462262369445275,-0.7203038077640884,0.7009655576624764,-0.0566339756941985
['Merle Haggard'],[410219],-0.5154650641961541,-0.3858597386740772,0.13749693184720052,0.048662097751419164,-0.4254950011019888,0.5667687065525968,0.08468031063108648
['Merle Haggard'],[410219],-0.7828803307410028,-0.7159725883867137,0.183308584358196,0.1559464240786444,-0.015268992184276756,0.5885777020831943,-0.12208823186462578
['Merle Haggard'],[410219],-0.3018795588433712,-0.380574408935717,0.1815802922494699,0.04710854217101722,-0.8002954791630141,0.6225715426750478,0.11762052007015397
['Merle Haggard'],[410219],-0.629995729019526,-0.0578939670235917,0.12950732657046307,-0.0833499820308266,-0.3555975169550059,0.5094801537108968,0.04076833910135739
['Merle Haggard'],[410219],-0.42800632847417885,-0.24819702522169754,0.12998286536115652,0.16734331749021553,-0.7032930611339053,0.42981286504528826,-0.041639583499713015
['Merle Haggard'],[410219],-0.482610546160097,-0.4699628275040768,0.14361744048186167,0.153473193695871,0.12453283509226963,0.38904603742038535,-0.06257544218402324
['Merle Haggard'],[410219],-1.2196577234364883,-0.4420072692908388,-0.04673277687859134,0.30436764671286143,-0.5848093992772061,0.8940308063685768,-0.1367702827579784
['Merle Haggard'],[410219],-0.8666234404025139,-0.5012851555980069,0.30674564796513176,0.10817710635826851,-0.19127781006347577,0.7337068985430837,-0.1455640145401423
['Merle Haggard'],[410219],-1.1251666730589325,-0.48742194084957535,0.049038224029011285,0.19564534537587527,0.18683563635967385,0.5815135932709234,-0.15294900309232562
['Merle Haggard'],[410219],-0.767075772566943,-0.5710017645080788,0.3345002324220595,0.0915277349475027,0.148276448467597,0.5172174588583094,-0.2018355221720467
['Merle Haggard'],[410219],-0.9610284381599337,-0.3700362068895139,0.7143678550081594,0.19582634574888552,-0.7206306255153828,0.7235697772149128,-0.5376530541879394
['Merle Haggard'],[410219],-0.9124504354554108,-0.6288016916036325,0.18351281347182027,0.3649817928055376,-0.6167069822902056,0.6889568410167367,-0.2120071251154079
['Merle Haggard'],[410219],-0.2648878964230616,-0.3047939806525456,0.1869558098043523,0.11510394397093023,-0.7230891003814006,0.4027910248078388,0.011360573873075224
['Merle Haggard'],[410219],-0.21765966413891183,-0.23819594147088397,0.31484537879062313,-0.10928420058969103,-0.7312280379927864,0.6912935756252554,0.12010744405719342
['Merle Haggard'],[410219],-0.7567301136378588,-0.6692240211042036,0.2338187308656979,0.15778579453889066,-0.46190156598250887,0.7509995248132375,-0.10246959506674014
['Merle Haggard'],[410219],-0.8561667097578668,-0.6967826355113116,0.1500722688292218,0.2567074517409107,-0.5387700988488023,0.712097125403698,-0.15382901018594708
['Merle Haggard'],[410219],-0.8206515698459094,-0.6418264116974852,0.1750683121622303,0.14137657078752638,-0.2799281601631979,0.7015957588970971,-0.13016520656485547
['Merle Haggard'],[410219],-0.9479565394172831,-0.6824598027567489,0.11076647099538223,0.36391861134538434,-0.6198860599756929,0.6559473266501882,-0.1746609654373326
['Merle Haggard'],[410219],-0.519485635699736,-0.5235093734520595,0.17686009165777092,0.13322312683553733,-0.03544884646077195,0.554731703776235,-0.1481264283182008
['Merle Haggard'],[410219],-0.8745415599565322,-0.3464021689157946,0.08284805362315903,-0.03039163356873312,-0.02210102084265681,0.7956285070754535,0.0826359461056293
['Merle Haggard'],[410219],-1.0886206693832932,-0.5656845063670917,0.043955426229273814,0.3480543791078474,-0.5249264162350915,0.6498812480512427,-0.186879859093731
['Merle Haggard'],[410219],-1.0889426187180749,-0.26448264049035175,0.6608028686739237,0.26623406260285687,-0.6975620495641449,0.7408962313426533,-0.6457203534396114
['Merle Haggard'],[410219],-0.8380343231848097,-0.5549847797598667,0.11586872664027924,0.296917685845184,-0.6236473962368465,0.707113191909896,-0.19443770193259055
['Merle Haggard'],[410219],-0.6192133923998868,-0.4626886905387143,0.1157404723611276,0.12058193015165597,0.12690532630771909,0.4212827176435217,-0.031045133333709216
['Merle Haggard'],[410219],-0.3802508363733581,-0.5946534397971658,0.22085539202348864,0.010344227395609414,0.1181391637375626,0.5256254276489023,0.0022854610052016303
['Merle Haggard'],[410219],-1.01524503404299,-0.6085456076352623,0.07485140940463225,0.36981947049045044,-0.5093247027499818,0.7254207303818901,-0.2484971719935184
['Merle Haggard'],[410219],-0.9847428289293453,-0.7093397354956436,0.06710224165733028,0.3016972266086841,0.016964785621064668,0.6141375222251341,-0.15329026653507266
['Metallica'],[446509],-1.075587319379266,0.5216978081598016,0.2985088125640641,0.21667986186739707,-0.3489411295184784,0.5842856298099209,-0.5954651336432443
['Metallica'],[446509],-1.1629906289161709,0.5583941016820289,0.49940063137012225,0.19368661859029562,-0.38397016007837403,0.39303461416290886,-0.429159808312679
['Metallica'],[446509],-1.2150671833265991,0.5473942501613838,0.5616226402809942,0.18965322154454836,-0.663762647986272,0.41169192505090285,-0.37302248863116894
['Metallica'],[446509],-1.22033169486291,0.4074926336462735,0.4271592476671163,0.25953921057951923,-0.8488396340951666,0.3285431894774858,-0.32099859908115075
['Metallica'],[446509],-1.2324107512415619,-0.10082674444592443,-0.038737419928105934,0.21612626362401435,0.08357312424593409,0.40522977258310255,-0.13955993899748464
['Metallica'],[446509],-1.183716677511484,0.08682144014118577,-0.0678221074494042,0.1483575620698049,0.1420005348168784,0.24051460152499018,-0.11421407586866196
['Metallica'],[446509],-1.2646642289223613,0.015333466672093943,-0.04558616864805828,0.20044399915373917,0.09189360049856286,0.47988974533912887,-0.06478229521986636
['Metallica'],[446509],-0.5855247320707577,0.46728546057926906,0.3994510584279794,0.04366550004865526,0.1370256657576197,0.4028325391783602,-0.6522658030697606
['Metallica'],[446509],-1.2312845279535714,0.3526342262244508,0.3914330356444143,0.11470653970675952,0.05344366641305393,0.29351894484726815,-0.28677007162386986
['Metallica'],[446509],-1.3618799120903213,0.10205500910260504,0.08739547713672678,0.289247465961015,-0.8082523586088002,0.5419578338373356,-0.21403146160077957
['Metallica'],[446509],-0.44866255042253933,0.19095689309338562,0.10133137497561381,0.19033242847069018,-0.6315315536703425,0.7221132228168534,-0.473197967541352
['Metallica'],[446509],-1.0896636438587406,0.45420612405295,0.1606440598522865,0.2186914793829672,-0.15836010435066294,0.653821175402424,-0.4180641352499139
['Metallica'],[446509],-1.0074157047251955,0.736687143122029,0.26030730405032665,0.17531105999205246,-0.1552099411602793,0.695293990390555,-0.6240183190887204
['Metallica'],[446509],-1.0945450854404921,0.27142831806057627,0.22791987169539568,0.09730006018917725,-0.6651069741275353,0.5504079937578976,-0.22560502491822718
['Metallica'],[446509],-0.921527440304219,0.4420010253636373,0.34211270045810993,0.22965005655135434,-0.16401600322761176,0.589853854922944,-0.588519141369464
['Metallica'],[446509],-1.2550673254299296,0.6141940786037056,0.5413094802565412,0.13321388775584705,-0.8368811847731548,0.5707740566606098,-0.3244158862908012
['Metallica'],[446509],-1.1107174388250038,0.5516386233952147,0.40165452729858464,0.29911937425277585,-0.5404138493892953,0.4720500359302274,-0.502913067030165
['Metallica'],[446509],-1.1193398003946793,0.5907258147221132,0.3999634600952908,0.3585826015356338,-0.7947011741504236,0.5512668795742464,-0.5726183321295146
['Metallica'],[446509],-1.014622448281031,0.604137410672356,0.19436866447416268,0.22300330919057348,-0.17145972766482673,0.5275292110298226,-0.5164594627541007
['Metallica'],[446509],-1.214376602623306,-0.05441550210541071,0.01528123906585344,0.4791053708476424,-0.6522068498877099,0.735631997616739,-0.5299130669682601
['Metallica'],[446509],-1.1328226086818678,0.24397696680951114,0.41245877397020475,0.3345694732407802,0.13214834849677737,0.5013176539393853,-0.8208549787767796
['Metallica'],[446509],-1.0109265387783541,-0.06464199030298885,-0.02461286715231404,0.2990373746287298,-0.6547866912019469,0.46092613952009426,0.01842963829599651
['Metallica'],[446509],-0.9999953843688258,0.4419808301585532,0.47094408967779583,-0.008254301707870206,-0.14670792294826507,0.4339138131038614,-0.290701484007853
['Metallica'],[446509],-1.2288284611712037,0.4171869730418651,0.5341246010584129,0.10104696132540952,-0.5832014879156201,0.4306032585836316,-0.37798225007984404
['Metallica'],[446509],-1.3630437067910963,0.21199814547134757,-0.022466245361109773,0.09791882304257372,-0.8202803103069054,0.7054077782979212,-0.13897527239154076
['Metallica'],[446509],-1.0876913770840788,0.4530316825770479,0.49828988210444086,0.1780370100163229,-0.46278915773769985,0.5478171642657552,-0.4873720704638093
['Metallica'],[446509],-0.8139726108237668,0.2503048238752205,0.2625736030879087,0.3479446753481786,-0.11135915763955477,0.8196217595015367,-0.8683369693346804
['Metallica'],[446509],-1.1883131354061043,0.5200079107205202,0.4944591359696549,0.22385280612324177,-0.5502247787850888,0.47095754490846203,-0.516367278617439
['Metallica'],[446509],-1.132594375181687,0.5503551231363926,0.48157688069439464,0.10586659760874631,-0.036262772351918555,0.3436444428234161,-0.391598151527316
['Metallica'],[446509],-1.1849614197653675,-0.051586552551841865,-0.05217548342431146,0.2105680420769845,0.07934835039365994,0.4076166315483651,-0.031141388870410354
['Metallica'],[446509],-1.146469963011628,-0.06284142268083055,-0.11405181792373663,0.444606771307189,-0.1149344667616523,0.623403648004758,-0.5629035734595859
['Metallica'],[446509],-1.3475939018795573,0.0048337466813966005,-0.04661578174915714,0.290606426352959,-0.7951034403404293,0.661349695217578,-0.1445012410276106
['Metallica'],[446509],-1.173587733662227,-0.11460463763402942,-0.05195548579373705,0.41730038920073215,-0.42848526333428455,0.47399120134454453,-0.3012931494304601
['Metallica'],[446509],-1.1620379411849522,-0.04513579418563224,-0.05664650524897394,0.3951849721980016,0.02962250554820563,0.4171143886044609,-0.3875914671839672
['Metallica'],[446509],-1.2948664356817028,0.4362442040691069,0.5407749343806094,0.16410808246758524,-0.751239781257649,0.4551345074404877,-0.3750936483518865
['Metallica'],[446509],-1.0288198862731623,0.5275162824888012,0.49830250756542965,0.13499624864415602,-0.5685684056780815,0.48991240391873075,-0.45524027249902504
['Metallica'],[446509],-1.3310851256881286,0.004469500808121612,-0.05594851104830698,0.29309732113165116,-0.7938575212197768,0.6718203211182957,-0.15151208155080637
['Metallica'],[446509],-1.1449172881059468,-0.09257153192569614,-0.04274671048906521,0.3740038898187264,-0.4474838811803089,0.4216340934899866,-0.21684836030917942
['Metallica'],[446509],-1.1186133009050816,0.6781146486576616,0.504224063023119,0.344127109325956,-0.7937290867020164,0.5765307566227974,-0.6102136735745977
['Metallica'],[446509],-1.239345154970902,0.6060378227819844,0.5705794903085751,0.15215725986620632,-0.6552029895160006,0.5240957178831285,-0.30652106433935494
['Metallica'],[446509],-1.2582861334550475,-0.12076018022094263,0.02293712042136559,0.3284235429676751,-0.5384649904443654,0.4708267001341596,-0.18572232921426568
['Metallica'],[446509],-1.3818450959931976,-0.19376776784853122,0.12045087514123552,0.2896995847894179,-0.33669175622738207,0.589478062727197,-0.27965577587616935
['Metallica'],[446509],-1.3421018907108095,-0.18097459786709666,0.03653189155049751,0.4023362220821255,-0.7092465603577874,0.46789096361062765,-0.23894391326460254
['Metallica'],[446509],-0.9160355351578682,0.5770230089381613,-0.015868418332699363,0.32772040250472767,0.14299343621763896,0.603047826931644,-0.6635301907907779
['Metallica'],[446509],-1.265141926203736,0.3878639944815995,0.4142145219855599,0.2044860072372376,-0.7562310649473422,0.396515897890169,-0.2787801524443916
['Metallica'],[446509],-1.2385298063944732,0.2876609561787233,0.5674363688266624,0.10810848740118628,0.04594510733809351,0.24153910688084418,-0.4587698188712535
['Metallica'],[446509],-1.208690039035957,0.00013516217534559707,-0.004604112224386198,0.3466339724835578,-0.23972690473811165,0.5568500402929344,-0.36817375889080245
['Metallica'],[446509],-0.9424444656872846,0.7221032737362786,0.2356004921866169,0.3757719335505027,-0.40325702273069036,0.633910357352709,-0.8171477378633765
['Metallica'],[446509],-1.105067370823708,0.3693722674020991,-0.024586131770318122,0.34675148333082967,-0.5950175719416926,0.6571523859061588,-0.45430877488022714
['Metallica'],[446509],-1.1281163833332037,-0.034609842378754696,-0.07185568948397306,0.40037456619049205,0.031361231616071385,0.4313242625299856,-0.4034313275335956
['Metallica'],[446509],-1.276554634044785,0.01693293679756213,-0.04599097277253721,0.1985900529740327,-0.6246368341201244,0.7015122156715705,-0.13472028111762374
['Metallica'],[446509],-1.0832659249535277,0.06278792825137182,-0.20338333614014484,0.47236484823669556,-0.23564585897485982,1.0277709582265793,-0.7887407344720186
['Metallica'],[446509],-1.1507367002240543,0.23022999503436625,0.3756601937840084,0.1445325793781773,-0.1977610878400807,0.48720378594829206,-0.3620084763274539
['Metallica'],[446509],-1.1533906974589732,0.08522849531886452,-0.02846545584052105,0.3887130896039834,-0.8319644958644759,0.31739424549730805,-0.11276885462479642
['Metallica'],[446509],-1.2749592668740428,-0.14446807912091336,-0.04728820464084873,0.3200937049080789,-0.0896375847521225,0.34902257224337757,-0.13289932407355293
['Metallica'],[446509],-1.1953639925793835,0.4959992955008072,0.5040509651644739,0.27143884191081186,-0.7122832293954972,0.5864418868213672,-0.5532589817804686
['Metallica'],[446509],-1.1603266256830147,0.5107840865240936,0.13340996445373515,0.10532593856268366,-0.2009513086611056,0.5094012897012995,-0.16925017293188788
['Metallica'],[446509],-0.9341495365459559,0.400769205670438,-0.19640853618048096,0.33802380134976534,0.04650978013008432,0.6137261034256982,-0.4436719637025619
['Metallica'],[446509],-1.0405298499302698,0.38694143729566216,0.2501949416105286,0.39609504706465454,-0.7753759825127972,0.6412169546919907,-0.7661218354193412
['Metallica'],[446509],-1.054957217894913,0.4577634737384609,0.1388970526872314,0.22813793517167505,-0.17450830946347395,0.515451879409516,-0.4722675435338263
['Metallica'],[446509],-0.9685826906435252,0.5433668354666948,0.442684084913411,0.12241284094541283,0.17225254994807884,0.4902405562989868,-0.5572531148819831
['Metallica'],[446509],-1.084356383115239,0.21500001900043333,0.2180529297075686,0.25307012281250346,-0.8247135672846887,0.5556296524697071,-0.2544951640467225
['Metallica'],[446509],-1.1317765937274282,-0.04517563319690834,-0.12405382433586559,0.5754983120093721,-0.548671573289848,0.6729889870665782,-0.6624969655718723
['Metallica'],[446509],-0.7664930694979034,0.5392189494021115,0.06486693213989242,0.30669515817118,0.02673186720144388,0.5429868703451778,-0.7328106230079344
['Metallica'],[446509],-1.2619044725750141,0.4944318869653768,0.5296618998494399,0.18703725728980608,-0.7445644243769283,0.48364081539584536,-0.3621812561415821
['Metallica'],[446509],-1.2985962776321074,0.31443003693117183,0.5369116202917573,0.045835046488778085,0.056964865089785516,0.3772279422190908,-0.38932031035195447
['Metallica'],[446509],-1.2398283971364932,0.36761881569994026,0.5130561534124964,0.03789387515876246,0.058640797179480925,0.42668981879157425,-0.35113280688351756
['Metallica'],[446509],-1.2403847967180635,0.45127716603955076,0.49063795377442787,0.030952216607672892,-0.13171432168207856,0.39868311507565063,-0.3301642356961299
['Metallica'],[446509],-1.3207674015068458,0.20208755812795412,-0.06130655305706687,0.10177934201079793,-0.2783231480018425,0.6045603775247699,0.005461518517033855
['Metallica'],[446509],-1.1005784692233616,0.816691249439389,0.45050029788436313,0.2527159353323388,-0.5944951397477186,0.77443372044328,-0.599561345128355
['Metallica'],[446509],-1.1303101453305582,0.5478865393853181,0.408157810887288,0.2427055880018049,-0.5647860846324936,0.3887117942362233,-0.4032912473960461
['Metallica'],[446509],-1.192549479398434,0.7954501867720878,0.5492745177327942,0.06954093104753115,-0.5456475505388475,0.7276710128693128,-0.42715280014049
['Metallica'],[446509],-1.1706056355427812,0.3839132813230386,0.31198037977457715,0.25584931941108363,-0.6706761728971066,0.2954011894769443,-0.25202022971885274
['Metallica'],[446509],-1.1863397903196167,0.44709158422983064,0.5515785068718635,0.1262596147107574,-0.49155078176632905,0.4097340933483338,-0.36415582968203103
['Metallica'],[446509],-1.1613223089957458,0.5348748037933264,0.519918159499807,0.08631457720435733,-0.21470484253827868,0.4175692114303755,-0.41584722920707057
['Metallica'],[446509],-1.3634190950948062,-0.059154485327828285,0.11141518841372088,0.13838508310531145,0.1009064698229456,0.5819689563462191,-0.2080169047203673
['Metallica'],[446509],-1.2493247748634706,0.3039308434183918,0.5318371730860206,0.1296805519234501,-0.39456023943844937,0.3877515470687987,-0.4738081008335854
['Metallica'],[446509],-1.221033389915473,0.20824551647872677,0.16507801631540092,0.06398853593556346,0.050408636508914945,0.3504962180205035,-0.19507578400034645
['Metallica'],[446509],-1.2757166531061424,0.3060803504806688,0.5024696152666059,0.2236051923863619,-0.7291372182135598,0.5461329009073586,-0.3920840320320427
['Metallica'],[446509],-1.273833441336192,0.1798587689401948,0.5596090411039675,0.12273421082169683,0.15473226244492144,0.3195994960292255,-0.4448235395543432
['Metallica'],[446509],-1.2560027719160516,0.36702549506741916,0.5026875770693321,0.17200811262334587,-0.4885933688162797,0.3237922715673297,-0.41781415634157915
['Metallica'],[446509],-1.2053796132039836,0.1806697413804489,0.013676170034405724,0.23293679225863037,-0.21099088935820534,0.2738239210154866,-0.08271599683581173
['Metallica'],[446509],-0.9977274509641934,0.33234333980048414,-0.16193300417391807,0.4013241423014064,-0.14721259687252186,0.4695645921369935,-0.44334281467054726
['Metallica'],[446509],-1.0551017489298788,0.32091861522087534,0.5098850527550093,0.06682368689841262,-0.6673188401190072,0.5850849108257438,-0.3048676625208278
['Metallica'],[446509],-1.1207436118817289,0.37910672797407685,0.3886325921090743,0.08753013214552137,-0.18089450062312953,0.6603996129851128,-0.4030329294189111
['Metallica'],[446509],-0.3679564972169431,0.21190232038856924,0.28129872776698794,0.03917350577214801,0.0008514379628623035,0.7787964452302519,-0.661093515269945
['Metallica'],[446509],-1.1741487145251677,0.39725938366585983,0.5564863222043867,0.0782280801147775,0.1264764173131367,0.20661144140997084,-0.3895372363135506
['Metallica'],[446509],-0.9923132060950827,0.4688442234146987,-0.09683291314697234,0.47672258595325817,-0.47511966398020355,0.6719887350709165,-0.5840661215981118
['Metallica'],[446509],-1.0635870279860156,0.1868726405328975,-0.024067549879465123,0.5117897892115694,-0.44876894345207957,0.7589755827439637,-0.8711197453308862
['Metallica'],[446509],-1.1280873339622388,0.29376198035876705,0.12777987487683554,0.14882227300332784,-0.12888295248041748,0.3123899521589482,-0.18778756816065384
['Metallica'],[446509],-1.2759881392074734,0.2090538599237185,-0.10810725051839841,0.05219692002913218,-0.20202762664910884,0.5527622438418873,-0.01744109298672734
['Metallica'],[446509],-0.928687407123361,0.5364176073621405,0.22070108744287711,0.2353070629916409,0.105690297345859,0.47789904814023376,-0.771736651152096
['Metallica'],[446509],-0.8706082560602977,0.42636606309121233,0.003481469074426409,0.3394206259132212,0.23234282478387505,0.6624920962179282,-0.48081514563183775
['Metallica'],[446509],-1.1851058218714106,0.5176003992025235,0.5779871855551547,0.09732363656039006,-0.22655645673192512,0.3413029512746263,-0.3470162553000822
['Metallica'],[446509],-1.2078131770668319,0.5416092560169271,0.6344212394545641,0.23800102116730237,-0.6717450508981,0.3156039357121827,-0.34591276285827144
['Metallica'],[446509],-1.1146089330017364,0.17271628646000736,-0.01494795699156307,0.1897143043749368,0.04245417486958066,0.15818253840266464,-0.09620968518869945
['Metallica'],[446509],-1.2640284718894987,-0.008840063035929383,0.002633433311447128,0.17859585179905563,0.06951394642353673,0.3311897751968064,-0.1343762873464008
['Metallica'],[446509],-1.1420495213243413,0.6057010141911446,0.620376466113567,0.3584936726073989,-0.8056441117269524,0.5182142397182244,-0.5713454441748897
['Metallica'],[446509],-1.2480933838981163,0.01938812457677793,0.06321521378149,0.26576410919637455,0.008538883611229614,0.43657473136833186,-0.20436264408559154
['Metallica'],[446509],-1.2211191199459583,0.5340737593354844,0.592683098878752,0.20650670901283008,-0.6688177958157056,0.37625453098030515,-0.30653154010733286
['Metallica'],[446509],-0.9859721385281892,0.5341197513943953,-0.23961230417013996,0.2949836203519815,-0.41383872759723705,0.6883373147040315,-0.4200239246488193
['Metallica'],[446509],-0.7379306459194186,0.4403993131744469,0.10591681919209897,0.2412328748212727,0.036535818142558595,0.6928401728006705,-0.5754611520751628
['Metallica'],[446509],-1.0300114113468428,0.05123405884242451,-0.16737609519031502,0.5273573126343177,-0.08424660762040709,0.7110358930554607,-0.7604553759288891
['Metallica'],[446509],-0.9938132419278611,0.13308739622592475,-0.18832343485281097,0.4990145345266226,-0.10079749957300844,0.66065603178534,-0.6480958045222205
['Metallica'],[446509],-1.1820919568706907,0.40774277852245067,0.43379215785074865,0.25926843009535167,-0.6680342186737529,0.29695629939776064,-0.37678637231173967
['Metallica'],[446509],-1.2573825256537379,0.43064342564761043,0.4947800756609118,0.08475567451731646,-0.4805714573523634,0.5037097017295877,-0.34050865704311833
['Metallica'],[446509],-1.2179613915894458,0.47775159531525685,0.4171036588330983,0.11923765840102447,0.16995795236842315,0.47572481202269096,-0.17435167710242797
['Metallica'],[446509],-1.317025601222775,0.04532372215602478,-0.033410645846003686,0.19849751682001132,-0.6267802804770873,0.6700148189171038,-0.11633120228029234
['Metallica'],[446509],-1.0407897364914238,0.38366724746025316,-0.23340016524753962,0.3862958002434573,-0.09140773743665813,0.8306327468410477,-0.5746681072890258
['Metallica'],[446509],-1.292805978802239,0.006003290564078082,0.10771517871334205,0.3396408653700905,-0.6195626488416965,0.58704800932646,-0.047260568964537654
['Metallica'],[446509],-1.2305101101888272,0.27414885501962033,0.13029149578366386,0.05063098521635941,0.17344721735348542,0.664742406478649,0.05521777845404459
['Metallica'],[446509],-1.292805978802239,0.006003290564078082,0.10771517871334205,0.3396408653700905,-0.6195626488416965,0.58704800932646,-0.047260568964537654
['Metallica'],[446509],-1.1442841504088714,-0.022533613051506796,-0.01531912124917836,0.18873233130741923,0.1526484791428385,0.30643233344405685,-0.04491475538479495
['Metallica'],[446509],-1.1109863911011728,0.22081194862553769,-0.03443508432230165,0.29023568774174346,-0.45812881674410266,0.4470806249297801,-0.21478336261613773
['Metallica'],[446509],-1.096372025474915,0.2574893881264821,-0.02422734343397511,0.3405440885199156,-0.3637849732969825,0.38443751063568243,-0.24369633205056848
['Metallica'],[446509],-1.2239371263665482,0.2609863249082135,0.05919118234478445,0.24164805427093827,-0.6379132733656842,0.5515326762048545,-0.12835421703951586
['Metallica'],[446509],-0.9281746665455588,0.36769058724527903,-0.128304983803708,0.3357287175080741,0.2046438248116003,0.4163762199848735,-0.5371690975532872
['Metallica'],[446509],-1.0747609317735352,-0.07177496030221826,-0.05046299938427118,0.4471276273328014,-0.12490554379250934,0.6079164973262995,-0.43540230708637473
['Metallica'],[446509],-1.081208307327642,0.056559290388434505,-0.10188233501492412,0.547586231377261,-0.7503576557788807,0.6414812710365408,-0.5278764352066065
['Metallica'],[446509],-1.0111862167799903,0.027514288900352978,-0.04348571582237358,0.19017191855940943,0.15680502207879674,0.35604584847158016,-0.20194953958414
['Metallica'],[446509],-0.8169182971236822,0.23281221345885217,-0.2147789091841985,0.5257246016784994,-0.5450293519168297,0.8358893062990956,-0.6459656581086356
['Metallica'],[446509],-1.0784725027621151,0.007171601651277751,0.18995267227479587,0.29638555028876523,-0.460353511487709,0.47281166976313277,-0.2529410473650677
['Metallica'],[446509],-1.2088087105182748,-0.05091115610770819,0.04984614718824292,0.24372009689508142,-0.18483522446590542,0.49098504368919643,-0.09371762315795941
['Metallica'],[446509],-1.2298707400910036,-0.23653355358024544,0.11741724441957366,0.3868803619887716,-0.1538421598657911,0.4834790278235963,-0.3251969634702226
['Metallica'],[446509],-1.15175554071569,0.0680648695700365,-0.020301106262869746,0.23693510174940682,-0.16312536632353528,0.671166190688875,-0.03926553649899964
['Metallica'],[446509],-1.2402444288601215,-0.2705016818337485,-0.03907937392006319,0.3312959050911841,-0.3436654741160537,0.5573370313702246,-0.1449207032524246
['Metallica'],[446509],-0.8461097585433431,-0.10965745270731883,-0.03219497236749519,0.16923751039945364,-0.22556446679189446,0.43559471014545764,0.1024262338455902
['Metallica'],[446509],-1.030071811710031,-0.05917479321817108,-0.01878532942822575,0.24744687803898047,-0.4732546942467575,0.48076623303673155,-0.0035102029055830005
['Metallica'],[446509],-1.2022322852462013,-0.21286120725043695,-0.020850575908496406,0.401219614201195,-0.4498615451234593,0.37274551989256854,-0.14650970401160862
['Metallica'],[446509],-1.201543082389923,-0.08282400889540593,-0.04280425135117691,0.3705845288334104,-0.8068722621766447,0.5320360157234967,-0.0775229085426916
['Metallica'],[446509],-1.2706664842751254,-0.31816706886729906,0.13417880509173513,0.29326756091813766,0.015507258617763265,0.4927075880025242,-0.2505161944185906
['Metallica'],[446509],-1.2775337937096238,-0.1621128704239648,-0.03501165417323537,0.23963903987321156,0.08636104049394534,0.3797570344630428,-0.15544354972062502
['Metallica'],[446509],-1.3598962257350207,-0.08764907349558926,0.015686902219535483,0.33741926336394923,-0.7039458703696584,0.5704733121598845,-0.1882729066646742
['Metallica'],[446509],-1.178247029665903,0.0872166819453663,-0.07816588366041564,0.22773415577286774,-0.5591619617184429,0.47455672079564476,-0.024948613740939686
['Metallica'],[446509],-1.073978030695612,0.27349368309875144,-0.09393408227067553,0.2465033494212166,-0.15868407333533752,0.6076729461151982,-0.3113116106909524
['Metallica'],[446509],-1.2305101101888272,0.27414885501962033,0.13029149578366386,0.05063098521635941,0.17344721735348542,0.664742406478649,0.05521777845404459
['Metallica'],[446509],-1.1856385196087433,0.27600498526987455,0.021633567248677724,0.1618527250278548,-0.18216741184631186,0.5771883260539115,-0.17249543201538606
['Metallica'],[446509],-1.073978030695612,0.27349368309875144,-0.09393408227067553,0.2465033494212166,-0.15868407333533752,0.6076729461151982,-0.3113116106909524
['Metallica'],[446509],-1.2294303951350352,0.15514375739867625,0.007076277166721334,0.049988005171041246,0.07061471632581322,0.543344298922638,-0.05280337220110049
['Metallica'],[446509],-1.3397051959169606,0.036118157027294394,0.11548398442051208,0.09652796841389015,-0.2644389162215778,0.7172975397781934,-0.17594110909889155
['Metallica'],[446509],-1.1442841504088714,-0.022533613051506796,-0.01531912124917836,0.18873233130741923,0.1526484791428385,0.30643233344405685,-0.04491475538479495
['Metallica'],[446509],-0.9264799499756634,0.49306066623367584,-0.12969337837948897,0.47574487802970056,-0.5576430915442764,0.7549905119190332,-0.6139580371192112
['Metallica'],[446509],-1.1109863911011728,0.22081194862553769,-0.03443508432230165,0.29023568774174346,-0.45812881674410266,0.4470806249297801,-0.21478336261613773
['Metallica'],[446509],-1.2239371263665482,0.2609863249082135,0.05919118234478445,0.24164805427093827,-0.6379132733656842,0.5515326762048545,-0.12835421703951586
['Metallica'],[446509],-1.0837737668309182,0.07134033317566647,-0.0814496740544337,0.3942927237279503,-0.15521710703444488,0.45350142511738917,-0.4110649053066014
['Metallica'],[446509],-1.1599770926598008,0.1862996748839941,-0.0677690130581798,0.33797200141372785,-0.5831014923511834,0.7586675812794385,-0.462639581463821
['Metallica'],[446509],-1.096372025474915,0.2574893881264821,-0.02422734343397511,0.3405440885199156,-0.3637849732969825,0.38443751063568243,-0.24369633205056848
['Metallica'],[446509],-1.1708617997533248,-0.06102491895044296,-0.08135126318155786,0.4126307568238416,-0.127666979893629,0.5812748078056303,-0.5049365933180661
['Metallica'],[446509],-1.0305702871031108,0.18814384842529813,-0.08292447310849892,0.38019838712744136,-0.153755325359574,0.48596220189268885,-0.4311366623881399
['Metallica'],[446509],-1.0623077367606015,-0.17084004603568012,-0.05671279594016232,0.5121250561207387,-0.5786062195793169,0.6446317469958273,-0.353581774336139
['Metallica'],[446509],-0.9546647883740459,0.25126151586293755,-0.03455582142874705,0.4785868239240922,-0.7910119597042459,0.5127732640492978,-0.39730530622984356
['Metallica'],[446509],-1.0747609317735352,-0.07177496030221826,-0.05046299938427118,0.4471276273328014,-0.12490554379250934,0.6079164973262995,-0.43540230708637473
['Metallica'],[446509],-1.005653129572418,0.15737780704694462,-0.016837000093741884,0.37086652052380525,-0.1028194830363849,0.8277659703622487,-0.6671671915233163
['Metallica'],[446509],-1.2856725196435317,-0.07035656123068135,0.030539894044885458,0.3194258108787506,-0.6096830080384816,0.653333381858763,-0.16548857946521264
['Metallica'],[446509],-1.271287932929027,-0.2625714100226337,-0.021310373296478963,0.44209781390070846,-0.782243527198988,0.6027150314262323,-0.14837577143768316
['Metallica'],[446509],-1.242985512827371,-0.19359906489623027,0.014083329381743,0.35150111445446536,-0.163330222819804,0.4676915378726827,-0.23707654517499724
['Metallica'],[446509],-1.2731602021832689,-0.17251972365110926,-0.012756609961431844,0.32922122750012445,-0.3491969681209714,0.49151836195317555,-0.24736003606496912
['Metallica'],[446509],-1.173031397021647,-0.21756970644331466,-0.008679610729309855,0.3020834004904759,-0.267956618675638,0.48608757609395087,-0.12765028665961248
['Metallica'],[446509],-1.1020702560159923,0.18593162753449238,-0.232504658030764,0.35728765700613985,-0.1959304238140419,0.8023992715511185,-0.4824815850731027
['Metallica'],[446509],-1.118829054096786,0.03296911115108232,-0.02797311685345082,0.3447385688052923,-0.15265443099684675,0.5116484869503878,-0.4759139229138962
['Metallica'],[446509],-1.1809102416356534,-0.1073803459231347,-0.028807565469437774,0.3741077945599693,-0.6277794575790667,0.47884644437404117,-0.09894465272920115
['Metallica'],[446509],-1.1681117517839803,-0.17010962384707273,0.01669146683302776,0.3851535338888047,-0.5490247910618634,0.3643845093367038,-0.16835449689608226
['Metallica'],[446509],-1.227754050909454,-0.05869074933809144,-0.0365492080228399,0.3402796257156448,-0.5451309984276287,0.41611111526541666,-0.12320978595435983
['Metallica'],[446509],-1.3233416621945842,-0.24168402265600536,-0.009973306520101182,0.3961530727161136,-0.5021682509705856,0.6055354262745207,-0.3125065649747221
['Metallica'],[446509],-1.2274783470865358,0.0793317926206631,0.0591476988616645,0.27336396017483816,-0.5518290130570057,0.4489185822206469,-0.1152690551162848
['Metallica'],[446509],-1.1856385196087433,0.27600498526987455,0.021633567248677724,0.1618527250278548,-0.18216741184631186,0.5771883260539115,-0.17249543201538606
['Metallica'],[446509],-1.0847515696076362,0.3081549526836658,0.1398594197335147,0.37392357553574257,-0.6225506452232193,0.48013334760686743,-0.4107945536482161
['Metallica'],[446509],-0.8916947451476717,0.5854165458770784,0.1441642785371204,0.3630547574269721,-0.41304466821870545,0.5960711889187673,-0.8235651080713975
['Metallica'],[446509],-1.2294303951350352,0.15514375739867625,0.007076277166721334,0.049988005171041246,0.07061471632581322,0.543344298922638,-0.05280337220110049
['Metallica'],[446509],-1.241952645116907,0.30223538682449436,-0.02628604621018369,0.1182743068615111,-0.6580741951075597,0.5707031856359466,-0.0042935689177069514
['Metallica'],[446509],-1.0847515696076362,0.3081549526836658,0.1398594197335147,0.37392357553574257,-0.6225506452232193,0.48013334760686743,-0.4107945536482161
['Metallica'],[446509],-1.1875000250896663,0.3387673088292415,0.10675978972452839,0.0787667788722209,-0.04150811811698925,0.4183490381338063,0.05508184762257128
['Metallica'],[446509],-1.2009808515959954,0.34738724202947535,-0.02821942634307023,0.1736073097101105,-0.6622987501296362,0.481137872906404,0.012361550004070429
['Metallica'],[446509],-0.9281746665455588,0.36769058724527903,-0.128304983803708,0.3357287175080741,0.2046438248116003,0.4163762199848735,-0.5371690975532872
['Metallica'],[446509],-1.2009808515959954,0.34738724202947535,-0.02821942634307023,0.1736073097101105,-0.6622987501296362,0.481137872906404,0.012361550004070429
['Metallica'],[446509],-0.9264799499756634,0.49306066623367584,-0.12969337837948897,0.47574487802970056,-0.5576430915442764,0.7549905119190332,-0.6139580371192112
['Metallica'],[446509],-1.081208307327642,0.056559290388434505,-0.10188233501492412,0.547586231377261,-0.7503576557788807,0.6414812710365408,-0.5278764352066065
['Metallica'],[446509],-1.0111862167799903,0.027514288900352978,-0.04348571582237358,0.19017191855940943,0.15680502207879674,0.35604584847158016,-0.20194953958414
['Metallica'],[446509],-0.8169182971236822,0.23281221345885217,-0.2147789091841985,0.5257246016784994,-0.5450293519168297,0.8358893062990956,-0.6459656581086356
['Metallica'],[446509],-1.0623077367606015,-0.17084004603568012,-0.05671279594016232,0.5121250561207387,-0.5786062195793169,0.6446317469958273,-0.353581774336139
['Metallica'],[446509],-1.0305702871031108,0.18814384842529813,-0.08292447310849892,0.38019838712744136,-0.153755325359574,0.48596220189268885,-0.4311366623881399
['Metallica'],[446509],-0.8159247734009083,0.13993996728431224,-0.19925486095183026,0.6130431872399101,-0.7291963839492414,0.7602591426533817,-0.601314859120251
['Metallica'],[446509],-1.0784725027621151,0.007171601651277751,0.18995267227479587,0.29638555028876523,-0.460353511487709,0.47281166976313277,-0.2529410473650677
['Metallica'],[446509],-1.0870266545130673,0.2608251380304754,0.2827382262388622,0.10604981913643352,0.15194067690868865,0.3913913466918879,-0.30303309526413574
['Metallica'],[446509],-1.2088087105182748,-0.05091115610770819,0.04984614718824292,0.24372009689508142,-0.18483522446590542,0.49098504368919643,-0.09371762315795941
['Metallica'],[446509],-1.15175554071569,0.0680648695700365,-0.020301106262869746,0.23693510174940682,-0.16312536632353528,0.671166190688875,-0.03926553649899964
['Metallica'],[446509],-1.2144524073779122,-0.09387617190003869,0.0853011396093114,0.20756164671194388,0.16904217322109544,0.36302215005120925,-0.24153414107930765
['Metallica'],[446509],-1.0624950049747848,0.07024307372723401,-0.01984004932243087,0.17932185638383472,0.05621856198139503,0.31300266905766616,-0.05517761478941047
['Metallica'],[446509],-1.2924712692965372,-0.17629728655362403,-0.023227056543269353,0.28961878921209666,-0.5277934086345104,0.594482961086616,-0.2480254928379349
['Metallica'],[446509],-1.3389848964446347,-0.07749890520618558,0.017086348821622955,0.2830804816079804,-0.7067371250317298,0.632736431132082,-0.1895379901597918
['Metallica'],[446509],-1.2633318944324234,-0.12601519276008427,-0.04943181025753565,0.21985230279369308,0.08326356569930825,0.3888567854023552,-0.09772709430795654
['Metallica'],[446509],-1.302765167973158,0.11617218926429146,-0.07296007938684035,0.06927079574232128,-0.0033657627661357083,0.6129776359733529,-0.041471392957297536
['Metallica'],[446509],-1.288477189715382,0.04083954928386363,-0.05221411805771383,0.23981936795930464,-0.18178946097871773,0.44033452477426843,-0.1366621360929322
['Metallica'],[446509],-1.1599770926598008,0.1862996748839941,-0.0677690130581798,0.33797200141372785,-0.5831014923511834,0.7586675812794385,-0.462639581463821
['Metallica'],[446509],-1.005653129572418,0.15737780704694462,-0.016837000093741884,0.37086652052380525,-0.1028194830363849,0.8277659703622487,-0.6671671915233163
['Metallica'],[446509],-0.9546647883740459,0.25126151586293755,-0.03455582142874705,0.4785868239240922,-0.7910119597042459,0.5127732640492978,-0.39730530622984356
['Metallica'],[446509],-1.2856725196435317,-0.07035656123068135,0.030539894044885458,0.3194258108787506,-0.6096830080384816,0.653333381858763,-0.16548857946521264
['Metallica'],[446509],-1.271287932929027,-0.2625714100226337,-0.021310373296478963,0.44209781390070846,-0.782243527198988,0.6027150314262323,-0.14837577143768316
['Metallica'],[446509],-1.2298707400910036,-0.23653355358024544,0.11741724441957366,0.3868803619887716,-0.1538421598657911,0.4834790278235963,-0.3251969634702226
['Metallica'],[446509],-1.242985512827371,-0.19359906489623027,0.014083329381743,0.35150111445446536,-0.163330222819804,0.4676915378726827,-0.23707654517499724
['Metallica'],[446509],-1.1323921665705814,-0.20524513867264293,-0.03567331213939516,0.3167548139914749,0.1873111555245511,0.36767554440422606,-0.22471620024434838
['Metallica'],[446509],-1.3362248269841759,-0.15029796103898957,-0.026323386718307425,0.2681677826118292,-0.44553557998815396,0.5306554123653612,-0.16577339620484785
['Metallica'],[446509],-1.3068436755983164,0.3651400242100076,0.5257781009994161,0.012960479959092596,-0.11642814257787704,0.5304234249494462,-0.35613869936631815
['Metallica'],[446509],-1.338503840977312,0.19533148795958355,-0.06105948872887778,0.19367412868255424,-0.6308872945431904,0.6271024374951331,0.0009204740764941563
['Metallica'],[446509],-1.056254093453954,0.21031442764362687,-0.04732163410199398,0.15324893124214617,-0.23258171332260205,0.27574218489480845,0.0025360687501772517
['Metallica'],[446509],-1.3397051959169606,0.036118157027294394,0.11548398442051208,0.09652796841389015,-0.2644389162215778,0.7172975397781934,-0.17594110909889155
['Metallica'],[446509],-1.2746097688927585,0.03006011803173511,-0.08145178306535888,0.2628137816647957,-0.7153377205356507,0.6074591029454744,-0.11391184602635807
['Metallica'],[446509],-1.1038436901900557,0.12668860131143053,0.3355985420061288,0.20506358747531445,-0.5614662436215683,0.5219006907151854,-0.20675734798011985
['Metallica'],[446509],-1.241952645116907,0.30223538682449436,-0.02628604621018369,0.1182743068615111,-0.6580741951075597,0.5707031856359466,-0.0042935689177069514
['Metallica'],[446509],-0.8159247734009083,0.13993996728431224,-0.19925486095183026,0.6130431872399101,-0.7291963839492414,0.7602591426533817,-0.601314859120251
['Metallica'],[446509],-1.2731602021832689,-0.17251972365110926,-0.012756609961431844,0.32922122750012445,-0.3491969681209714,0.49151836195317555,-0.24736003606496912
['Metallica'],[446509],-1.035164499963456,-0.04511530538897579,0.1551790742331154,0.19152767230535017,-0.5681650151852904,0.5390420158516694,-0.12275905349568193
['Metallica'],[446509],-1.4693675923079579,-0.17188859799003783,-0.026080421882561492,0.2436854437699798,-0.6857213886252796,0.7987085861854244,-0.18292878713802593
['Metallica'],[446509],-1.0980431720957096,0.07955087904322658,-0.10024559245955393,0.4116541731023103,-0.13672077918296965,0.5462094781526945,-0.4385294285870451
['Metallica'],[446509],-0.8916947451476717,0.5854165458770784,0.1441642785371204,0.3630547574269721,-0.41304466821870545,0.5960711889187673,-0.8235651080713975
['Metallica'],[446509],-1.1875000250896663,0.3387673088292415,0.10675978972452839,0.0787667788722209,-0.04150811811698925,0.4183490381338063,0.05508184762257128
['Metallica'],[446509],-1.2053931198982282,0.41018918424447415,0.14425318823337152,0.07326124428355921,-0.47415886356699877,0.585511794876696,-0.18011241876436165
['Metallica'],[446509],-1.1894691139589855,0.44571840457586315,0.3591666615217243,0.17400779931386356,-0.39282752613985916,0.3803456177255921,-0.26118577569709367
['Metallica'],[446509],-1.165276574221186,0.46204033512394577,0.2360166626332626,0.17434426671740397,-0.39018259963958435,0.4062790410742077,-0.19844044098126357
['Metallica'],[446509],-1.131055740323697,-0.09174826736876474,0.1524172243002854,0.27879130705308236,0.09485381211291966,0.4428017687510021,-0.1814141215247336
['Metallica'],[446509],-1.3227436274215647,-0.12671820650992655,0.25786125058946135,0.2024540083676696,0.09935684327390353,0.49962834950307294,-0.33393114103726307
['Metallica'],[446509],-1.1116618134099878,0.12268688820392395,-0.01370023081661098,0.20019488601720867,-0.22298715428002444,0.2637480055109034,-0.11715179446105495
['Metallica'],[446509],-1.286949729913306,-0.012926211741330934,0.1920765572427652,0.2272717036547429,-0.017108320990349982,0.30346377934735913,-0.2590882699005014
['Metallica'],[446509],-1.304403999669102,0.07180069625149135,0.07607317690775675,0.20035529562170507,-0.1906356919667953,0.43174654572491566,-0.17777338899213918
['Metallica'],[446509],-1.2469685457811357,0.5563448955665504,0.5302721095541207,0.09088338228467341,-0.48620136592595475,0.5121236295912045,-0.1964719610924522
['Metallica'],[446509],-0.8328324918601734,0.5141944024052935,0.15920267039553024,0.2919124426558315,0.22258708835764185,0.5555638404493236,-0.8704913893843568
['Metallica'],[446509],-1.15804821473379,0.09495342107957992,-0.07075927560748618,0.14934633309737064,0.14104299916474616,0.24276475400169004,-0.11651072111414991
['Metallica'],[446509],-1.222820622192131,-0.11057217675246302,0.005988923486366954,0.3759160077644727,-0.5468697036582109,0.3563123059828276,-0.21638764371199123
['Metallica'],[446509],-1.2362152369334785,-0.2460109896564182,-0.0156490435209674,0.30343698779149647,0.08901897151990135,0.3360302576101164,-0.18641154202891197
['Metallica'],[446509],-1.3242770998960627,-0.36478982314281583,-0.033128900707217884,0.3917585728708445,-0.5093204818470459,0.5963625121745375,-0.19999265560518545
['Metallica'],[446509],-1.1916370098871345,0.030523630469615006,-0.03289104848550876,0.19811492011041712,-0.08684741890929096,0.534417526377072,-0.1882361221671187
['Metallica'],[446509],-1.0477786504313982,0.1133282267564048,0.11962865317041081,0.12554377118816154,0.04816440684950778,0.3346836813652414,-0.05871488362815984
['Metallica'],[446509],-1.169117307589775,0.3324740313945616,0.2751780272550559,0.2459471923304902,-0.6459652646987407,0.4626780082819501,-0.3335562606247783
['Metallica'],[446509],-1.1679965305557627,0.09388623307765502,-0.163606727191123,0.2642816622390965,0.258135232773039,0.8271692034402182,-0.5496400046891304
['Metallica'],[446509],-1.2706883292907178,0.10733742471140703,-0.049677419531415724,0.24854425391947463,-0.6413051094009019,0.49444761488929834,-0.08182353905484878
['Metallica'],[446509],-1.0337618438550236,0.1320745860097014,0.008017093259561545,0.2013367049668885,-0.14399956708527423,0.19044941790494696,-0.08800382343234847
['Metallica'],[446509],-1.355923072487926,-0.05069851483921525,-0.06646198533597499,0.34810719868497414,-0.6805410436862344,0.7168161833726079,-0.18402155123069341
['Metallica'],[446509],-1.3306446981024125,0.248735682149351,-0.0016553968055677303,0.07292295958729053,-0.28469198019895725,0.6105429741473509,0.043456554210100605
"['Michael Jackson', 'Akon']","[467203, 933458]",-1.017137897611793,-0.23779643587845337,0.06459719470155163,0.20832524976193484,0.05770302192013277,0.30051802461909816,-0.10566719315328145
"['Michael Jackson', 'Akon']","[467203, 933458]",-1.26282782479516,-0.2528901336074475,0.049412621913509265,0.36079112717814715,-0.2559629413564675,0.44706479336386806,-0.10335188692909857
"['Michael Jackson', 'Janet Jackson']","[467203, 208774]",-1.3110940966731086,-0.30553155402618715,0.283103196700538,0.3038968660927329,0.20229465503895291,0.46012632219909405,-0.27466893331448805
"['Michael Jackson', 'Justin Timberlake']","[467203, 312890]",-1.2036818026209222,-0.4887029722196699,0.029798863813921505,0.382411475119692,-0.42371342920470106,0.6004989230127256,-0.14677339591141222
"['Michael Jackson', 'Paul McCartney']","[467203, 29884]",-1.0419194984903446,-0.4366991744704222,0.15007192820278323,0.36714136896839566,-0.6322073351653227,0.5035681469585169,-0.20237210513305767
"['Michael Jackson', 'Paul McCartney']","[467203, 29884]",-0.9851593536640161,-0.5170115369633845,0.10198441732986226,0.38445649028653534,-0.631137395428539,0.5356853718100872,-0.16842304424825563
"['Michael Jackson', 'Paul McCartney']","[467203, 29884]",-0.9826197243830217,-0.3246378237007851,0.2179557145373181,0.2613867504513746,-0.6504164269983544,0.5169914590759317,-0.2313059476126403
"['Michael Jackson', 'Rod Temperton']","[467203, 293897]",-0.8278802086217015,-0.11974867926035651,1.0815716085413143,0.2526790132819259,0.04876233493242716,0.5108188849218415,-0.047057102229305786
"['Michael Jackson', 'Siedah Garrett']","[467203, 33995]",-0.6374758332975573,-0.3784376055350243,0.10595917464046929,0.1495071113534686,-0.326461459421618,0.4079631512065783,0.03975709370249198
"['Michael Jackson', 'Siedah Garrett']","[467203, 33995]",-0.6374758332975573,-0.3784376055350243,0.10595917464046929,0.1495071113534686,-0.326461459421618,0.4079631512065783,0.03975709370249198
['Michael Jackson'],[467203],-0.9684512527347143,-0.4527884319846629,0.08799053487718202,0.025380154415298214,0.177653325771735,0.7510779556390749,-0.04482540572470794
['Michael Jackson'],[467203],-0.4711433451260178,-0.1626280086175438,0.13684526467836414,-0.1323748034391142,-0.27581977959043874,0.527914952481196,0.11409987129029177
['Michael Jackson'],[467203],-1.0496652115882434,-0.5629833809247988,0.04014354491587797,0.39014253149459216,-0.35120257150224926,0.5262722695547808,-0.05960989056975255
['Michael Jackson'],[467203],-1.3421171910697147,-0.7027185129576972,0.013496585993629625,0.5540589433158192,-0.7372859789018773,0.7796398344193347,-0.22489729794681967
['Michael Jackson'],[467203],-1.0718277216901155,-0.4283001450647702,-0.0020720469088152393,0.3703918158628446,-0.5379599189851849,0.5186484525833384,-0.0829207315276858
['Michael Jackson'],[467203],-1.278643837133484,-0.6340814363858611,0.06523236586950297,0.42216968768967517,-0.39949053084067765,0.6995283036019436,-0.19189537719539795
['Michael Jackson'],[467203],-0.9556832558678021,-0.5251597452102176,0.12597301056231305,0.1534967140991391,0.09325306558918411,0.6410356330076136,-0.034351744479703065
['Michael Jackson'],[467203],-1.1356527874260973,-0.13112656538271214,-0.007815392326537928,0.1905840400635567,-0.5500501040264796,0.6510818509725859,-0.053671794425891664
['Michael Jackson'],[467203],-1.0773071434083625,-0.361418017871468,-0.015297241441197467,0.06743730593436158,-0.00038879523575115633,0.747968402263639,-0.03761931808638215
['Michael Jackson'],[467203],-1.3923993466543696,-0.16995254725799883,0.5219364718822923,0.42243810136455207,-0.7557241072069012,0.7330388180366235,-0.5545856418615511
['Michael Jackson'],[467203],-1.2248267203234193,-0.444551241637899,0.5073355213376555,0.350564303613729,-0.7715517347753339,0.7491454908276072,-0.3622544616520552
['Michael Jackson'],[467203],-1.057194104676142,-0.5148640002763313,0.039706112823942666,0.4017481554800982,-0.7049715679037974,0.6168731647301288,-0.07703039267067466
['Michael Jackson'],[467203],-1.2964171122745825,-0.6386712317059171,0.028323248547804526,0.393739101779936,0.1711306786736565,0.7520777080953995,-0.30974657951771767
['Michael Jackson'],[467203],-1.283799236016837,-0.5794497014741469,0.13887716106932207,0.5278428421720349,-0.6700878616784611,0.651029665977503,-0.23308618332926762
['Michael Jackson'],[467203],-0.1455046837087939,-0.19152981166905825,0.20759795760861835,-0.1351254553141551,-0.31870291751511853,0.32677861435451827,0.1140501939411116
['Michael Jackson'],[467203],-0.8758985673453419,-0.4474409919591934,0.11300609206739812,0.26910720144136224,-0.7393217528527212,0.5449769001337076,-0.10730565091387727
['Michael Jackson'],[467203],-1.4115008939963853,-0.21297802629973417,0.5117668083963225,0.40794294913702633,-0.7656197565288712,0.6894206029007507,-0.45103233707336426
['Michael Jackson'],[467203],-0.7889128283431263,-0.5133012467006399,0.11459859346729338,-0.027387292055439955,0.15893366652777532,0.7671105608332953,0.03153070011944551
['Michael Jackson'],[467203],-0.7232708690884101,-0.4078983720587833,0.0847462201719816,0.007562350212639859,-0.6609149970917433,0.874792947310464,0.04646803641261443
['Michael Jackson'],[467203],-0.7260854671522237,-0.12464475274058723,0.05665958540074729,-0.10656764321968679,-0.32636139854236706,0.7111489595743122,0.1621886051673843
['Michael Jackson'],[467203],-1.377544341958983,-0.6203380402885051,0.03536864464822907,0.5252731550081565,-0.5689584159504988,0.6597888233503021,-0.24039037036967917
['Michael Jackson'],[467203],-0.3778815364130618,-0.04350713402642734,0.1381036705641482,-0.08353507326313425,-0.12623560583468835,0.21276914887809653,0.09616153520867395
['Michael Jackson'],[467203],-1.337919871940724,-0.2824017586223178,0.3851685064008128,0.37227065091797734,0.11649843492674172,0.44909356546981744,-0.21964946726541823
['Michael Jackson'],[467203],-1.265451163639984,-0.3411799077087026,0.24013512677803697,0.32918279974817105,0.11125577979756725,0.4838913556231565,-0.18896220169593916
['Michael Jackson'],[467203],-1.3160769590389827,-0.5022999624830662,0.09154198892661672,0.4486258457907202,0.14332342049707805,0.5313908054533653,-0.2506577537545697
['Michael Jackson'],[467203],-0.6248899663277928,-0.2326529537504888,0.14498245036438223,-0.07468951096254123,0.1106384261367711,0.5041468491187707,0.08472758472181312
['Michael Jackson'],[467203],-1.0339671050002615,-0.16605490592987907,-0.19301654889250178,0.6567323268752076,-0.04609446297664326,0.8347729758715374,-0.6925753148529177
['Michael Jackson'],[467203],-1.0383645144191904,-0.09290392523889303,-0.03279247343896553,0.6510896800013073,-0.3248100566760239,0.8716538194759589,-0.6543447001715483
['Michael Jackson'],[467203],-1.0039541037096729,-0.4858384221712005,0.2343913790885894,0.2706857366598309,-0.5369337648105322,0.631430802653037,-0.24502600419938664
['Michael Jackson'],[467203],-0.36400790409440476,0.012802226095994556,0.11847096044577154,-0.25362750619057295,-0.29752570358943436,0.559045648332312,0.21552032604808632
['Michael Jackson'],[467203],-1.3954975950549795,-0.5895330312433903,0.2465395248413053,0.5086568658177212,-0.740350217251154,0.7544090643109659,-0.3582595021801807
['Michael Jackson'],[467203],-1.161911392259888,-0.20719174628977755,0.07212289350592964,0.5939314981089259,-0.42838658479217073,0.8273365622443417,-0.66712772322381
['Michael Jackson'],[467203],-0.8062622601218977,-0.23765646954252043,0.12378974370327483,0.1534974577041295,-0.4142160687446165,0.38626563908220496,-0.08478299201218514
['Michael Jackson'],[467203],-1.3064022796464476,-0.421479225270598,0.313958125098066,0.4908015738364014,-0.6769894436822474,0.6022751450171339,-0.31404005252537703
['Michael Jackson'],[467203],-0.8744821161746109,-0.4008435709607209,0.06367364508604258,0.1264065184116185,0.15445926906511148,0.5067459473211561,-0.07370793472553784
['Michael Jackson'],[467203],-0.8200418007600457,-0.19389888555804463,0.07879387670383452,-0.09041832302491085,-0.22496498129095027,0.7316896653800772,0.017736684731256624
['Michael Jackson'],[467203],-1.3107939028299647,-0.2526191588727469,0.22477144392260467,0.22930953342971339,0.11847910473514155,0.6709453101246002,-0.07355265853380512
['Michael Jackson'],[467203],-0.831931623730392,-0.10666210483663655,0.4764427815732514,0.05811275304453099,0.03888712285745134,0.41712921669956443,-0.20501399102492185
['Michael Jackson'],[467203],-1.348525799250958,-0.48232451706539653,0.20224111767505334,0.39049986287466454,-0.22700897349682275,0.5924028001012441,-0.2950787230511396
['Michael Jackson'],[467203],-1.2110260142301477,-0.43438473563562147,0.05076126525554496,0.24229876902720618,0.20307015802159525,0.5945804520898031,-0.22526044018320746
['Michael Jackson'],[467203],-0.9887614761969945,-0.1520462110158885,-0.0033322032821624815,0.09345115085562263,-0.6567125638918905,0.6942574536583379,-0.015714966534315082
['Michael Jackson'],[467203],-1.0193142743087715,-0.3341732085830325,0.08966429318650371,0.11057625578177072,-0.10491299085107536,0.6142342361086733,-0.09811785641739738
['Michael Jackson'],[467203],-0.9911624801367093,-0.6840186919788535,0.14156935586103842,0.29502599998556095,-0.5214442107334873,0.7258491871325463,-0.1863249960549566
['Michael Jackson'],[467203],-0.6866098934977161,-0.3071597825424625,0.1201007652286336,0.15410094280050307,-0.3271339147950271,0.3772783266865974,0.02081602394563194
['Michael Jackson'],[467203],-1.07073801920301,-0.3831940572318617,0.11062481884264244,0.36709028658595183,-0.718133238952504,0.5238796997164756,-0.13642086076826337
['Michael Jackson'],[467203],-1.0468402981025755,-0.3986540078756657,0.32863067996044293,0.05141063273375788,-0.0024352338527762534,0.727698947908467,-0.24125839556192885
['Michael Jackson'],[467203],-1.0401718814514804,-0.45117591641017074,0.06463318631808386,0.32154211724421783,-0.8054435789721145,0.6440311201502787,-0.18521045412718593
['Michael Jackson'],[467203],-1.0733439525404103,-0.35327515199902093,0.03423217523135936,0.18202392743678478,-0.7177365096627897,0.7699204911638049,-0.09207771062672321
['Michael Jackson'],[467203],-0.7182854682877514,-0.1750726175629847,0.04705873040260336,0.11721878187527625,-0.5968653362289437,0.5025236733802732,0.08933561967614649
['Michael Jackson'],[467203],-1.2772049644069634,-0.578748284571474,0.06505704905063296,0.3504593798980909,-0.49451592755866963,0.7612279588341052,-0.21571903539269408
['Michael Jackson'],[467203],-0.7881795534230046,-0.12942915637151772,0.26227829941061287,0.28619971850798276,-0.5947618932140218,0.3022703621198627,-0.120910793527185
['Michael Jackson'],[467203],-0.6264248496951629,-0.09309232796694733,0.17403062684838805,0.017316816638760578,-0.5304074173720404,0.4615327051481564,0.05700891032286399
['Michael Jackson'],[467203],-1.4399966991228306,-0.5810750493157507,0.035694530972228654,0.5732632313518132,-0.7323134466618212,0.7395183999768487,-0.23431412115746164
['Michael Jackson'],[467203],-1.1893641379759612,-0.10999544456026353,0.18919122378635175,0.4014939864251938,-0.8093724370723959,0.5474678284474574,-0.04567613388777579
['Michael Jackson'],[467203],-1.2308438402113577,-0.29573662039552445,-0.027992639570305962,0.23263670703611916,-0.25811941386976844,0.6214165806069608,-0.15551559222223577
['Michael Jackson'],[467203],-1.10022402956358,-0.5220749428363703,0.08895498680050401,0.29688445044796263,-0.4319496478779646,0.7085809471261966,-0.16338523117488848
['Michael Jackson'],[467203],-1.2660416978149884,-0.4583518844943287,0.17702405550572972,0.25008975149399604,-0.6786729772091353,0.939332066387777,-0.2019448353790578
['Michael Jackson'],[467203],-1.322288185753351,-0.5978892097344773,0.13396742054695168,0.5485312410872428,-0.734933745071137,0.8007004987244483,-0.2811814834651755
['Michael Jackson'],[467203],-1.0545413203763894,-0.6324400783737579,0.13028937731491683,0.2741215596370693,0.10710115210925095,0.6132543033917565,-0.16558266590964504
['Michael Jackson'],[467203],-1.1029709609990637,-0.6834431813068276,0.09214355625334278,0.3355959980407158,-0.05719325709114389,0.6861264679827276,-0.1579902802797893
['Michael Jackson'],[467203],-1.3135848281800375,-0.6348556589018035,-0.006583609255368723,0.5489434891287462,-0.7500769652332118,0.6963584664567896,-0.18033503517760913
['Michael Jackson'],[467203],-1.4064051812776792,-0.49682557142483647,0.09326668350853012,0.3283907254923741,-0.03824917403635077,0.6867535961022385,-0.2355286985817281
['Michael Jackson'],[467203],-1.332324835066801,-0.6606499894529154,0.08736798597011018,0.47629946664794615,-0.7453984375972367,0.7925150325123507,-0.239522983685956
['Michael Jackson'],[467203],-0.8068067262867948,-0.4916402016029589,0.2493330713921748,0.14330666888296154,-0.027255043561657248,0.5141420916388725,-0.16651359530303952
['Michael Jackson'],[467203],-1.2451564611395234,-0.7083501696773302,0.05467480106665239,0.4853661175163919,-0.7504372642937742,0.8070331114610907,-0.19231799034514732
['Michael Jackson'],[467203],-1.3349548258308568,-0.45407686485500476,-0.0625462548550558,0.5723837898575712,-0.25334564530839493,0.7910324912035456,-0.4542044649369373
['Michael Jackson'],[467203],-1.415905812771048,-0.25963193300480414,0.5628916510054306,0.4085924796392081,-0.7596068108618746,0.7370075927371892,-0.491029725095558
['Michael Jackson'],[467203],-1.3023212171248062,-0.2855825123334512,0.5428017069543984,0.4023826206067638,-0.7696573964231405,0.7415720290102837,-0.4454532667806152
['Michael Jackson'],[467203],-1.167390007334618,-0.7078459134929053,0.016974467689410407,0.5489556903004167,-0.7532253234813449,0.7565335554371788,-0.16750774186769735
['Michael Jackson'],[467203],-0.7782480287008078,-0.39004626593932124,0.05104809871028106,0.22103071056362272,-0.65306829782411,0.6648910517910113,0.05735762811789105
['Michael Jackson'],[467203],-1.183023775085437,-0.2393376799783756,0.11888809530236331,0.53030194575591,-0.45047782371710543,0.758835809224662,-0.5528070310684908
['Michael Jackson'],[467203],-1.2820263306522799,-0.38350596512466495,0.14614534453881975,0.369008073546998,0.11601124559630495,0.4629302963622683,-0.12341578244039465
['Michael Jackson'],[467203],-0.9617322322125919,-0.31547302578575104,0.13216251362471002,0.3263341043779412,-0.553843231432908,0.42218834857814896,-0.0733742368877659
['Michael Jackson'],[467203],-1.175336187961162,-0.1448548706440375,-0.10698256118119727,0.543498819489951,-0.47435213985551344,0.6015325492679372,-0.40310329868968914
['Michael Jackson'],[467203],-1.3620322537893097,-0.46393581026836034,0.2028561953437666,0.3859394598229847,-0.22780125941170074,0.5811584139148815,-0.2969176451532114
['Michael Jackson'],[467203],-1.295408926337748,-0.36267654813969696,0.04322066446349025,0.35669671395345387,-0.5983442031242249,0.6672841164253196,-0.24031911597795824
['Michael Jackson'],[467203],-0.6492332547095198,-0.1569434044222759,0.11673881578207768,0.22752445078842815,-0.698431736465609,0.3096907310618555,0.022825674702034594
['Michael Jackson'],[467203],-1.2574423352744344,-0.469088290569918,0.29991895211637587,0.34886665751514734,0.20945007396118134,0.47510266048476735,-0.27543978238190187
['Michael Jackson'],[467203],-0.9866764779274702,-0.296161077354349,0.0998295044417384,0.34138016550919087,-0.5529535393796969,0.41183344940430744,-0.06912253180361957
['Michael Jackson'],[467203],-0.35616616351547786,-0.3299730613103978,0.17691234776029652,-0.10619884351708521,-0.36561804900968986,0.5533102742241655,0.12436184818490945
['Michael Jackson'],[467203],-1.0292789818521813,-0.40338093832499794,0.13881877110604593,0.20724604084148227,-0.18750800201668147,0.5308602772724363,-0.17104707483403314
['Michael Jackson'],[467203],-1.3649654861982208,-0.5724323187374759,0.07387436020257081,0.4771512119669334,-0.38416895908222876,0.7272236740387742,-0.21576588258208904
['Michael Jackson'],[467203],-0.5598766827919269,-0.4733373650631993,0.2693721734919267,0.15670134765615593,-0.3172350829994765,0.5356184271643629,-0.01734864573481662
['Michael Jackson'],[467203],-0.07794392827406606,-0.20418355873974822,0.19013409233899106,-0.1962932345600176,-0.31320598875029304,0.5018482415279709,0.20628227080393546
['Michael Jackson'],[467203],-0.7595197094511386,-0.5459468629947454,0.27170808931996016,0.1482479419265522,-0.02567208292417746,0.5605351437540288,-0.17692999879974858
['Michael Jackson'],[467203],-1.0827788871618744,-0.5509473485863349,0.07544442243624346,0.477459717413577,-0.7866143830985587,0.6379630816936965,-0.10179429564493012
['Michael Jackson'],[467203],-1.2929364690871368,-0.5197229609968079,0.12294567341091625,0.31295253989312777,-0.04728987081356142,0.7079904923259909,-0.21585764892171827
['Michael Jackson'],[467203],-1.2710856848482575,-0.45550883475456727,-0.07577946907390042,0.6313572962016367,-0.5147334606098117,0.8699056150412765,-0.49341593963526786
['Michael Jackson'],[467203],-0.8818058333518628,-0.4303046886838712,0.07549389873826312,0.3615186082995344,-0.6515042817801528,0.4305452815141619,-0.10415776355772716
['Michael Jackson'],[467203],-1.1574557562864067,-0.1886227816818703,0.1644977812296646,0.23008993876500117,-0.09462958510969802,0.4591518232584023,-0.12170725959875071
['Michael Jackson'],[467203],-0.9617322322125919,-0.31547302578575104,0.13216251362471002,0.3263341043779412,-0.553843231432908,0.42218834857814896,-0.0733742368877659
['Michael Jackson'],[467203],-1.2070254920739951,-0.4589118375823276,0.13093924555749303,0.3309697284720174,-0.15208543088606977,0.5729523623774986,-0.12010607319707524
['Michael Jackson'],[467203],-0.8796215555869771,-0.43080594885792267,0.17687160576736677,0.29233622110270097,-0.557169464490482,0.5252135180641124,-0.056138352214467314
['Michael Jackson'],[467203],-1.3476718803485928,-0.4123705963174734,0.22145132816235213,0.444810524374667,-0.6788655845154032,0.6320520620937742,-0.3131288514021567
['Michael Jackson'],[467203],-1.362827980113468,-0.36592245749322855,0.1623674039878195,0.39123962760857417,0.04221933364666131,0.5137742562850486,-0.23617045970351966
['Michael Jackson'],[467203],-1.270920974723728,-0.44656742867314386,0.09053488740319418,0.5209294874298763,-0.7677181679451511,0.6000697346812902,-0.16612342116883902
['Michael Jackson'],[467203],-0.6518850944238999,-0.3332982408224665,0.0987160506157725,0.22055494536061407,-0.8550146730041902,0.5402147096080372,0.060521337971112504
['Michael Jackson'],[467203],-1.353487010133844,-0.5035787908309759,0.07412963572733632,0.32186430995173676,-0.04344665386359632,0.6898727010830898,-0.2119461788460362
['Michael Jackson'],[467203],-1.31153818753715,-0.6045405567708287,0.2710646987716349,0.45934808028033075,-0.12976297810414328,0.6129022291109152,-0.25178985546563243
['Michael Jackson'],[467203],-1.3685363938151016,-0.5341639332772194,0.03692414211475489,0.381601415346627,-0.12671415908481634,0.651625413066636,-0.28899890573514697
['Michael Jackson'],[467203],-1.063476356701937,-0.24015864786401633,-0.04131518565548928,0.021290848688394037,0.07279916949131701,0.6803192126200653,-0.02662873658662645
['Michael Jackson'],[467203],-1.2143590027264475,-0.47560676377087163,-0.053495638477380036,0.43247796334781596,0.26618660902525865,0.744498855579044,-0.4159583569885756
['Michael Jackson'],[467203],-0.8947718354811436,-0.8159984020648926,0.14793371592149904,0.3459286461918483,-0.34250722627843183,0.6984900304632962,-0.1372797878630244
['Michael Jackson'],[467203],-1.1834727842835104,-0.5020763298025795,0.08949416989513469,0.46459862572169236,-0.7809726549780244,0.6182705312105098,-0.14920473471264148
['Michael Jackson'],[467203],-1.1440739021092063,-0.34416326947508274,0.01982806362263634,0.21105504091995392,-0.26115302314218386,0.7014629996096107,-0.09483819571669191
['Michael Jackson'],[467203],-1.183023775085437,-0.2393376799783756,0.11888809530236331,0.53030194575591,-0.45047782371710543,0.758835809224662,-0.5528070310684908
['Michael Jackson'],[467203],-1.175336187961162,-0.1448548706440375,-0.10698256118119727,0.543498819489951,-0.47435213985551344,0.6015325492679372,-0.40310329868968914
['Michael Jackson'],[467203],-1.2820263306522799,-0.38350596512466495,0.14614534453881975,0.369008073546998,0.11601124559630495,0.4629302963622683,-0.12341578244039465
['Michael Jackson'],[467203],-1.1492250615014774,-0.41606516946139505,0.09943936048146307,0.43990292446994933,-0.2533430618210561,0.46065310172242235,-0.07280072548732684
['Michael Jackson'],[467203],-1.1020784474545033,-0.09809049664675554,0.024929362977471697,0.25881209369860114,-0.2081899960575864,0.2858659104413998,-0.12582695319133141
['Michael Jackson'],[467203],-1.265711314353292,-0.47532152871315275,0.07379031591492137,0.5581425585474286,-0.6745015945462602,0.5861468293089924,-0.10430063553220281
['Michael Jackson'],[467203],-0.6880469352850526,-0.12147170084728193,0.05876812440026084,0.0469184986653443,-0.15509844119804903,0.42472200146434896,0.11986119109576687
['Michael Jackson'],[467203],-1.1985503112260834,-0.21820884079245637,0.07526743097814922,0.25573616899904633,0.08763736133949959,0.42520270786032166,-0.109160384931888
['Michael Jackson'],[467203],-1.2541150813133846,-0.5602414032068863,0.07154996714088951,0.31652106908486904,0.1216110524101291,0.5742695278368226,-0.20008292370411035
['Michael Jackson'],[467203],-1.1614160641723195,-0.3537953401251452,0.07619860745584853,0.4168082913239781,-0.5350413913382573,0.4447384104257857,-0.14197297742912152
['Michael Jackson'],[467203],-1.0454138452620174,-0.6338849097310043,0.23958552694278984,0.2566320613344295,0.19719055180905753,0.6186879704439799,-0.23335280296374092
['Michael Jackson'],[467203],-1.1681748873765228,-0.7088421472364214,0.06539053082601902,0.3185658548128691,0.1281447015900845,0.6554331931618946,-0.18363475178745328
['Michael Jackson'],[467203],-1.0442073877439464,-0.3945394342747774,0.16340275629824827,0.20253146481555576,-0.18593264494798512,0.5373533773675123,-0.19583814326741208
['Michael Jackson'],[467203],-1.0341938897428826,-0.03081809273712199,0.053595423274656225,0.49864316794222313,-0.3142141252745702,0.5116199149802784,-0.4711970302883362
['Michael Jackson'],[467203],-1.1574557562864067,-0.1886227816818703,0.1644977812296646,0.23008993876500117,-0.09462958510969802,0.4591518232584023,-0.12170725959875071
['Michael Jackson'],[467203],-0.43022329225202083,-0.08214581776678398,0.19495775426245146,0.09642548681075107,-0.6237136015294157,0.3766076657754792,-0.0313925345646887
['Michael Jackson'],[467203],-0.6177462105130255,-0.4443403990412058,0.18590624500437133,0.14140190495932278,0.03988195070851792,0.3827083787080292,-0.03337432980329394
['Michael Jackson'],[467203],-0.9740109262215946,-0.44582842608359013,0.22158581983096504,0.20721778509287564,0.08800368262863219,0.5676084931687608,-0.10374703573014869
['Michael Jackson'],[467203],-1.1930742458971508,-0.18210106693734096,-0.07042007575872411,0.49328249183704387,-0.4995245366974273,0.5211955220264279,-0.2593882059049224
['Michael Jackson'],[467203],-1.2459141782330785,-0.6388404230879537,-0.006015923575401714,0.5525880441289625,-0.7501861233224295,0.7191908355445639,-0.19084113426311497
['Michael Jackson'],[467203],-1.2111255179058937,-0.39531271861491846,0.03611708143218841,0.3469196652142554,0.10685003587436308,0.44086778937406407,-0.12724119145783078
['Michael Jackson'],[467203],-1.4119298015708504,-0.3069451424956859,0.4925445414797388,0.40765654478081703,-0.759560865654612,0.7376955958775854,-0.47390780683233524
['Michael Jackson'],[467203],-0.31650933559112937,-0.10047681008080125,0.11980012903118939,-0.09923991258871555,-0.922152296843368,0.573181153465379,0.1634247832981296
['Michael Jackson'],[467203],-0.6661581702734816,-0.34549154420816885,0.10355629858034308,0.15580838883503279,-0.32623581212788133,0.3910484334965378,0.03542088221159926
['Michael Jackson'],[467203],-1.2842990296201782,-0.4856716728425821,0.03902394353785946,0.4152671820751181,-0.5888258222252631,0.6821772439826819,-0.21861135967031056
['Michael Jackson'],[467203],-1.3482333024338757,-0.6095134150505542,0.09718718798253892,0.4474212360605353,-0.13160264537907412,0.5747576433100899,-0.23992962971877613
['Michael Jackson'],[467203],-1.1395912953143423,-0.18252314731718974,0.2508269728467292,0.20854038851750614,-0.09564414074462672,0.48209902851887104,-0.16208543164078595
['Michael Jackson'],[467203],-0.6367222777664172,-0.38041756236908353,0.13949311796459257,0.3003565470391757,-0.7650116989678638,0.4501448457499645,0.050601265458101556
['Michael Jackson'],[467203],-1.1587805281699046,-0.3291383991109785,-0.009822537354029201,0.2167401910126381,-0.26119177964728196,0.6847306024467786,-0.08851538353183076
['Michael Jackson'],[467203],-0.5878815168973156,-0.0541673334904963,0.10935039290491143,0.04405767734372203,-0.2738939290010189,0.2677228771255456,-0.024459115450556138
['Michael Jackson'],[467203],-1.2070254920739951,-0.4589118375823276,0.13093924555749303,0.3309697284720174,-0.15208543088606977,0.5729523623774986,-0.12010607319707524
['Michael Jackson'],[467203],-1.2930521228292382,-0.6518462737055308,0.21064013588816058,0.45020502799432566,-0.38843755158949095,0.7274568536999015,-0.27252243982958796
['Michael Jackson'],[467203],-1.3641253961927482,-0.4975638669566262,0.11937518890678452,0.45480361598562175,-0.4917187443312009,0.6161046970095798,-0.2616838080258165
['Michael Jackson'],[467203],-1.4658108551357685,-0.533918838733822,0.18559992745792603,0.41426406920804043,-0.1153056831947126,0.6640018937453103,-0.3325381423600575
['Michael Jackson'],[467203],-0.9954246207981463,-0.29985596828726285,0.0997877466585377,0.3436690983581597,-0.5518243558198397,0.4098096514731889,-0.06997723642732816
['Michael Jackson'],[467203],-1.2634698024119397,-0.4038444957970876,0.21932358137004784,0.34472512204430317,-0.5982920839674377,0.6991379391261513,-0.26558044165208633
['Michael Jackson'],[467203],-1.1548417263371356,-0.13393048208243544,0.08858958253161313,0.2728394678675485,0.07329182671570916,0.28861721805433743,-0.12534526312864025
['Michael Jackson'],[467203],-0.8554133520980698,-0.41210099212913026,0.10144443908084004,0.19199486780143787,0.14409552536648834,0.3506728961115834,-0.07374701318342128
['Michael Jackson'],[467203],-1.2775194724616976,-0.41040008386111226,0.07039735212465213,0.4271175245256174,-0.6840425819738775,0.6718411992179637,-0.14576687937333377
['Michael Jackson'],[467203],-1.2740441904602966,-0.5902937833055775,0.12903808301965092,0.36352179427684456,0.1236355391899807,0.5502844838677565,-0.21841355669619245
['Michael Jackson'],[467203],-1.0622798605812596,-0.35680430857899287,0.21292021367229927,0.12495075789113916,-0.004707891892591167,0.6480346036166347,-0.07360014841295094
['Michael Jackson'],[467203],-1.2733210086364424,-0.4326067066550419,0.14174895850664346,0.34920865561701775,0.11669723478394683,0.49696815163775626,-0.19071468904259434
['Michael Jackson'],[467203],-1.2248267203234193,-0.444551241637899,0.5073355213376555,0.350564303613729,-0.7715517347753339,0.7491454908276072,-0.3622544616520552
['Michael Jackson'],[467203],-0.8796215555869771,-0.43080594885792267,0.17687160576736677,0.29233622110270097,-0.557169464490482,0.5252135180641124,-0.056138352214467314
['Michael Jackson'],[467203],-1.1413354238680327,-0.21628867609661862,-0.014028075333014953,0.5832721546119315,0.11246908554692231,0.7113379206270866,-0.6173869330616933
['Michael Jackson'],[467203],-1.2550692208035872,-0.5462716065622818,0.043936115790375534,0.5199789214356562,-0.7715962827903544,0.5810978986909312,-0.2284581113710346
['Michael Jackson'],[467203],-1.4471287435870188,-0.5474345568724148,0.06198574660817305,0.5693558899531977,-0.7333639486210829,0.7329208915641968,-0.2513316417566531
['Michael Jackson'],[467203],-1.2728051320608014,-0.25507990879026027,0.09415545731020986,0.22392096630784977,0.10996400038102122,0.6276113976487366,-0.007117179362427654
['Michael Jackson'],[467203],-1.2374206236379701,-0.22334449552484267,0.061589868412275435,0.28871625613542545,-0.2661055429837646,0.47617601861532877,-0.17115449590936282
['Michael Jackson'],[467203],-1.2613462435732272,-0.31850346316022304,0.1787735703567313,0.4036849610185868,-0.7889603613845312,0.6022764942813565,-0.314865180981782
['Michael Jackson'],[467203],-1.3476718803485928,-0.4123705963174734,0.22145132816235213,0.444810524374667,-0.6788655845154032,0.6320520620937742,-0.3131288514021567
['Michael Jackson'],[467203],-1.378775068918293,-0.5323679005354851,-0.003045472447384089,0.5514298388340512,-0.730750618820735,0.762500218434815,-0.36420241309043233
['Michael Jackson'],[467203],-1.0341938897428826,-0.03081809273712199,0.053595423274656225,0.49864316794222313,-0.3142141252745702,0.5116199149802784,-0.4711970302883362
['Michael Jackson'],[467203],-1.2152119276949065,-0.39483712298601226,0.12128547234261558,0.38180525492270906,0.01992299917880984,0.4481467228644252,-0.12809655437723413
['Michael Jackson'],[467203],-1.350270382899385,-0.2714459071020768,0.5562839446578157,0.3944333445750066,-0.7658534730540235,0.7364707416596766,-0.46381940058289817
['Michael Jackson'],[467203],-1.281090060190896,-0.39471905772818394,-0.046411627433322805,0.5611401411258141,-0.2604724869768761,0.7694820371435396,-0.44772385407946896
['Michael Jackson'],[467203],-1.4084211801040332,-0.34440662830441476,0.46546024961672344,0.3909928898616438,-0.13533770663221537,0.5837672738251808,-0.38816828592331837
['Michael Jackson'],[467203],-1.4342492634115702,-0.4679360664735952,0.21542943622036892,0.42399163161495534,-0.5711320545926291,0.7195978567537306,-0.39084715603039755
['Michael Jackson'],[467203],-1.379117046194325,-0.35033251987323816,0.4225961643865837,0.4167094020794114,-0.7605458569718531,0.7368549907525153,-0.431326650663309
['Michael Jackson'],[467203],-1.4084065521159468,-0.2532539270479982,0.5624987827315645,0.405470943143572,-0.761078911798028,0.7308825558635762,-0.488852043398618
['Michael Jackson'],[467203],-0.34974215194620445,-0.06730388487889215,0.16709416021212703,-0.16005684255411562,0.054496216326171784,0.28848822108697375,0.09949995900988791
['Michael Jackson'],[467203],-1.3926917570350859,-0.3601773829228553,0.4007960856839682,0.3606740101249876,0.12642687869430191,0.5067085468129905,-0.27763526653164244
['Michael Jackson'],[467203],-1.0563816649042403,-0.18775572200867985,0.05044564417634575,-0.011720582799155796,0.06872618488761127,0.6743724483338678,-0.048311006093691336
['Michael Jackson'],[467203],-1.2366069425686774,-0.5605917497280044,0.08363707976110955,0.3123969742419004,0.11899499991474013,0.5731304297886035,-0.19971446333669635
['Michael Jackson'],[467203],-1.0411991113918166,-0.6137240664385323,0.07333298544727516,0.34469690924555996,-0.5255480639339039,0.6448800333273417,-0.16111776028816252
['Michael Jackson'],[467203],-1.3792935094232994,-0.20214050193659758,0.3517173197237631,0.3619105653095874,-0.41234184621495024,0.6230963126073521,-0.3541431126162448
['Michael Jackson'],[467203],-0.9363141260124872,-0.524098688304549,0.1653102101554407,0.37841510331657324,-0.6325641971114402,0.5528131790615144,-0.1413377025485985
['Michael Jackson'],[467203],-0.9837555137334041,0.2380134157229633,0.028908551630722604,0.35782665620862036,0.02206349597412424,0.4120023072906869,-0.4898492089800945
['Michael Jackson'],[467203],-0.5710032202278963,-0.2000020933225235,0.13734625240050527,0.19685776811444503,-0.703309889836481,0.3351112975038218,0.03725097583230623
['Michael Jackson'],[467203],-0.9540944337376608,-0.34082966540196935,0.21301919894604573,0.29120589079897735,-0.8196409101501749,0.5875796589587493,-0.09568320327992537
['Michael Jackson'],[467203],-0.9178194210990812,-0.3228433543461214,0.17808259257525283,0.22517367406533362,0.05811198187934859,0.3151499061219659,-0.07450764057765079
['Michael Jackson'],[467203],-1.4021863363290794,-0.4833670804087083,0.10856271478236401,0.3254452950711074,-0.039602543517457095,0.6816928384005753,-0.2374007196174001
['Michael Jackson'],[467203],-1.3260089551729226,-0.4475982096608009,0.24834902053146607,0.294721511268618,0.2133831118681314,0.5721421221814441,-0.2688598659460049
"['Miles Davis', 'Gil Evans', 'Jimmy Cobb', 'Paul Chambers', 'Wynton Kelly', 'Hank Mobley']","[423829, 551815, 350892, 747984, 684253, 951384]",0.13612459298419496,0.066007371023627,0.10130411623322948,0.07203007844400428,-0.5140192644322614,0.6327673444492331,-0.35148034582345955
"['Miles Davis', 'Gil Evans']","[423829, 551815]",-0.4927963853566774,-0.35702307768023334,0.11128262488155326,-0.04629320514547429,0.0944485507585291,0.4553834571514505,0.008959695566950369
"['Miles Davis', 'Gil Evans']","[423829, 551815]",-0.15041577275425555,0.21672938234103237,0.11762534584288002,0.20097155250734608,-0.6393835058922167,0.7650936743075951,-0.5688292054543076
"['Miles Davis', 'Gil Evans']","[423829, 551815]",-0.462562660024536,0.051904641383243605,-0.04102501265268001,0.3564954398280249,-0.2565648507932537,0.6416659258092835,-0.3124301957469259
"['Miles Davis', 'Gil Evans']","[423829, 551815]",0.022525499746936357,-0.08681450774208774,0.09794529288682542,0.0026653143367151113,-0.5360099227976779,0.6107048754763212,-0.08316488537216025
"['Miles Davis', 'Gil Evans']","[423829, 551815]",0.04963923420820007,-0.08151374031882037,0.1256572247372858,0.14196569552928662,-0.5258037367621077,0.47398013721413373,-0.2792096633051642
"['Miles Davis', 'Gil Evans']","[423829, 551815]",0.1291298126846334,0.07165359782568893,0.09580640880405682,0.10819177296072773,-0.812465169210729,0.5003148581393456,-0.21130326014764128
"['Miles Davis', 'Gil Evans']","[423829, 551815]",-0.9273074726450373,-0.3563406290522681,0.04746703210708146,0.26116768609725055,-0.5579224765111077,0.5957392191568204,-0.08389973958817014
"['Miles Davis', 'Gil Evans']","[423829, 551815]",0.0066453810240720765,-0.00883403995930468,0.25992707482103317,-0.03937609087962235,-0.11150816696436049,0.3722903962386245,-0.008072021810769128
"['Miles Davis', 'Gil Evans']","[423829, 551815]",0.15390487495692795,0.1612165613414751,0.01398718405422337,0.12060506392725949,-0.680697498198908,0.6795081634749327,-0.4481884458835268
"['Miles Davis', 'Gil Evans']","[423829, 551815]",-0.2041949438437159,-0.29326456091541747,0.09160590113588432,0.08952067232647751,-0.023975349094821602,0.7369653561163315,-0.21123507040729714
"['Miles Davis', 'Gil Evans']","[423829, 551815]",-0.18853810902415838,-0.30566488185184276,0.2013046532187328,-0.06104993865984369,-0.30365343700242314,0.34788499091824215,0.08175863025092382
"['Miles Davis', 'Gil Evans']","[423829, 551815]",0.08572854319372558,-0.10840340926381754,0.0631582637357503,0.0880060673782765,-0.11975164904395334,0.7364997103511266,-0.3786930914944056
"['Miles Davis', 'Gil Evans']","[423829, 551815]",0.024669082390744584,-0.13724214038474258,0.046186439338926494,0.1456058514796699,-0.5744553047838921,0.7421420642207182,-0.30304682409035916
"['Miles Davis', 'Herbie Hancock']","[423829, 957296]",-0.2687936299482738,-0.26835189842270346,0.1745766116167688,0.006382565425946997,-0.3499083367247289,0.537893766441896,0.10758003467127689
"['Miles Davis', 'Horace Silver', 'Sonny Rollins', 'Percy Heath', 'Kenny Clarke']","[423829, 267354, 39656, 256575, 81796]",-0.45655358292169335,-0.5179427322990954,0.21398640816989356,0.1202501085417929,-0.30322999875437817,0.6570881863073684,-0.05209047644548296
"['Miles Davis', 'Lee Konitz']","[423829, 227776]",-0.3301741812821792,-0.46402490518827866,0.22629840022305076,0.15271020994111842,0.20832248004009776,0.8736121433907468,-0.5589723295391466
"['Miles Davis', 'Lee Konitz']","[423829, 227776]",-0.40849118332838047,-0.35017938702275064,0.2752560116124793,0.25112481910612877,-0.24013447865972787,0.8286950779132042,-0.6982281861537528
"['Miles Davis', 'Lee Konitz']","[423829, 227776]",-0.07170501022919286,-0.22187964619573636,0.1139711742213798,0.2179583863116693,-0.6493112628328236,0.7299086446710618,-0.45803172375056656
"['Miles Davis', 'Lee Konitz']","[423829, 227776]",0.007577987038328238,-0.291806026540049,0.12264918075824414,0.1268544713535059,0.15082498564044092,0.5984063781139948,-0.42525166106153706
"['Miles Davis', 'Lee Konitz']","[423829, 227776]",-0.08755124866307559,-0.3886266178336276,0.1709468699883473,0.36159605632727976,-0.6962696774934338,0.8722991271995204,-0.5586135510184246
"['Miles Davis', 'Lee Konitz']","[423829, 227776]",0.05484459918883657,-0.193878464736562,0.10901186947764152,0.20271017687809156,-0.5672675935607078,0.7244803469032338,-0.3995613134512442
"['Miles Davis', 'Milt Jackson', 'Thelonious Monk', 'Percy Heath', 'Kenny Clarke']","[423829, 489845, 490416, 256575, 81796]",-0.3439691787403843,-0.42017442711305686,0.18571093638430686,0.2421292913784336,-0.29458650882911697,0.5764129527689362,-0.1634956763940902
"['Miles Davis', 'Milt Jackson', 'Thelonious Monk', 'Percy Heath', 'Kenny Clarke']","[423829, 489845, 490416, 256575, 81796]",-0.3684149134748348,-0.31661447137099313,0.12817149880796605,0.11916459378624283,-0.277936273919387,0.8298293905544004,-0.14111740048726557
"['Miles Davis', 'Milt Jackson']","[423829, 489845]",-0.6218674417404124,-0.5231441568443143,0.16849238705042513,0.1803533071802573,-0.2985030358063608,0.6098460407765519,-0.029480518761970123
"['Miles Davis', 'Red Garland']","[423829, 882950]",-0.5491491442357082,-0.2842439557988289,0.17719613854046107,-0.0604558061832648,-0.14457978029919233,0.7242366488562321,0.12500642885366955
"['Miles Davis', 'Sonny Rollins', 'Horace Silver', 'Percy Heath', 'Kenny Clarke']","[423829, 39656, 267354, 256575, 81796]",-0.7232466298320486,-0.5211033248186072,0.3793626597737092,0.07010001788228724,-0.29426012930719375,0.7114310721271196,-0.18119538257600631
"['Miles Davis', 'Sonny Rollins', 'Horace Silver', 'Percy Heath', 'Kenny Clarke']","[423829, 39656, 267354, 256575, 81796]",-0.5960177112400605,-0.5898191594553412,0.19855407801492553,0.14069416230210452,-0.48177167366296675,0.6810421243093168,-0.043057395214086226
"['Miles Davis', 'Sonny Rollins', 'Horace Silver', 'Percy Heath', 'Kenny Clarke']","[423829, 39656, 267354, 256575, 81796]",-0.5121606521241541,-0.6505376030878856,0.26326974122534685,0.066788520653439,0.13384463072128402,0.5187452955069831,-0.08419373670975129
"['Miles Davis', 'Sonny Rollins', 'Horace Silver', 'Percy Heath', 'Kenny Clarke']","[423829, 39656, 267354, 256575, 81796]",-0.6411198030040629,-0.6710424638754741,0.23790220618634983,0.09118620823643468,-0.11784162636713201,0.645736077365799,-0.1106632140500469
"['Miles Davis', 'Sonny Rollins']","[423829, 39656]",-0.6756648722318324,-0.3421857045865714,0.31277392300912316,-0.030476830406964764,-0.3180449789187608,0.6789757440977505,-0.12483540615641492
"['Miles Davis', 'Sonny Rollins']","[423829, 39656]",-0.5759987622476247,-0.3842573027986093,0.37205939037961944,-0.08727299996229597,-0.14613130714904912,0.6976999104325763,-0.13135217138079236
"['Miles Davis', 'Sonny Rollins']","[423829, 39656]",0.038578222831933684,-0.16937623196001841,0.08222154744783566,0.26978110360893187,-0.5171295186238877,0.9621947149689377,-0.5123280797838924
"['Miles Davis', 'Stan Getz']","[423829, 742899]",-0.2391863247895315,-0.5689088319721135,0.28377467391486305,-0.015323460522887208,-0.09265206903288231,0.4676298379522126,0.003982088888810069
"['Miles Davis', 'Stan Getz']","[423829, 742899]",-0.5442068036968418,-0.6205230952623796,0.32335034195806217,-0.04011446685034768,-0.13450014740599878,0.7469333449801091,-0.11458301060143541
['Miles Davis'],[423829],-0.41379170493966766,-0.2695298461543262,0.19461800695582848,0.08913502574085984,-0.801585474632258,0.5089006565753916,0.09451119177259606
['Miles Davis'],[423829],-0.7246577136245559,-0.2707168738558586,0.3189041706318416,0.20736607644631538,-0.3083771091589938,0.43800619246507655,-0.13498563696348748
['Miles Davis'],[423829],-0.4790692049135839,-0.2835356671896625,0.1224247198490617,0.1285606806110386,-0.6879359434040062,0.6120327750346347,0.13810058167621533
['Miles Davis'],[423829],-1.1426051679452303,-0.21601825213238085,0.4043900038884185,0.2239972602712079,0.10124782718727568,0.5398996333003303,-0.40053544001796976
['Miles Davis'],[423829],-0.09679991975737656,-0.2563731046121392,0.20802032001127893,-0.04545096983826639,-0.13411774517820504,0.2579952546548056,0.10929994883476253
['Miles Davis'],[423829],-0.6182107315242183,-0.36604414830296483,0.17104729061628812,0.22361354615422713,-0.49911596497067445,0.46244578624664595,0.023917642886853115
['Miles Davis'],[423829],-0.9224753637110601,-0.1541432756275678,0.1730493666152591,0.10545442973516549,-0.4589830943538882,0.7808160985585134,-0.0027200674967056276
['Miles Davis'],[423829],-0.19437931015018592,-0.3243505908799196,0.21881031683987573,-0.051066362318052665,-0.09498902539955298,0.4984471004634208,0.18365980057159792
['Miles Davis'],[423829],-0.6191346636436241,-0.4632443258308171,0.2642453576234046,0.18696388336184572,-0.5017164269069235,0.4559346047953552,-0.0780904594983153
['Miles Davis'],[423829],-0.7848305140294897,-0.3428048125827864,0.2627005002130056,0.11748663378492866,-0.57670036367569,0.6087719630933635,-0.18765629896428807
['Miles Davis'],[423829],-0.42771647725483203,-0.4095488454404185,0.27150521658867743,-0.009744930277498693,-0.26401159931479584,1.0833396866093372,-0.29393556029892437
['Miles Davis'],[423829],-0.263766615936366,-0.292932482255398,0.04809545923813155,0.11261023680170143,-0.06467871310305635,0.9887581137130095,-0.47132432750185926
['Miles Davis'],[423829],-0.727608706449733,-0.4058112073356727,0.27930873723586896,0.07360857325343598,-0.4810311107150027,0.7146605873118155,-0.14865128566591723
['Miles Davis'],[423829],-0.21798530712763653,-0.0894773169354448,0.18129992350769322,0.30394770696099105,-0.6893309209463236,0.9074199464405721,-0.5776417954091445
['Miles Davis'],[423829],-0.8693412217027369,-0.4649935386042227,0.09047360866554029,0.24221194149964306,-0.6403121292051767,0.6680103955699698,-0.08228536226149541
['Miles Davis'],[423829],-0.02462704632779273,-0.12603806520426244,0.0002454983695242659,0.11544947208814639,-0.5119599300832884,1.1740464719272297,-0.5127685030453284
['Miles Davis'],[423829],-0.24538622672436414,-0.48220946142548515,0.16596998166034135,0.20138703688223292,-0.24914764104777454,0.9388999681284781,-0.4096182713061959
['Miles Davis'],[423829],0.23137343096806764,0.13707281819138886,0.0039225576300127634,0.032915804975666124,-0.06015960022213975,0.5800759196456267,-0.43024758787926753
['Miles Davis'],[423829],-0.04269428904744225,-0.1249825935184524,0.16537658288729642,-0.16449511418725926,-0.428308289107254,0.28993376980707386,0.1413223815102591
['Miles Davis'],[423829],-0.7750217255139856,-0.37889859847349433,0.13358132963947716,0.24226440915894096,-0.664484815926377,0.5421163613376931,-0.11548108051001865
['Miles Davis'],[423829],-0.47902227084940274,-0.3341527497177149,0.13489882413005522,0.00027935895745562943,0.1530767469033652,0.702270306681759,-0.0273240344034806
['Miles Davis'],[423829],-0.5624989431551788,-0.3877785519017687,0.16305165037379013,0.34284010234249257,-0.7072350696406043,0.7220330325679704,-0.2621589761429289
['Miles Davis'],[423829],-0.4144147643310642,-0.34245291452751064,0.13916201966185732,0.04724363126754164,-0.8867319268731909,0.6327891758314101,0.1349236121389482
['Miles Davis'],[423829],-0.8094023899764917,-0.2941580108138438,0.21468441942324545,0.08202842784770087,0.1513722161595302,0.5570452117337967,-0.03672602178738924
['Miles Davis'],[423829],-0.24255193612882028,-0.32553106727702513,0.1956550342872665,-0.0783969953213334,-0.11047202147233237,0.38781201940833826,0.1164833518181826
['Miles Davis'],[423829],-1.0511241874301847,-0.2662912316947127,0.045277229121116855,0.22695787529140854,-0.4592644337929851,0.6234371312896236,-0.11344343158083432
['Miles Davis'],[423829],-0.3831858649508465,-0.27074721580000566,0.31779722057469534,-0.06128787742436442,0.08430238982605376,0.3812916651078523,0.012061942005811987
['Miles Davis'],[423829],-0.8441837029714493,-0.26656391686971503,0.011990246044727511,0.27441898548857424,-0.8364571367106438,0.5742154551152451,0.018446516715031513
['Miles Davis'],[423829],-1.2763052672409416,-0.40310902704672835,0.1340312330380637,0.4603414299185079,-0.4226264224392904,0.5229988020419813,-0.18170004999428485
['Miles Davis'],[423829],-0.6471599137665031,-0.3126659816322569,0.4024418709137165,0.07648345222674534,0.13329352924506574,0.4932575460804113,-0.13251136380048706
['Miles Davis'],[423829],-0.7500283565701875,-0.34791119218398636,0.266247675149309,0.1668568577289531,0.04886543535028981,0.38894382233674857,-0.11943289858093817
['Miles Davis'],[423829],-0.9288038271797935,-0.26807251080408184,0.4469286076178058,0.2083282395540632,-0.4759644945818246,0.5169018925868984,-0.3627146752402677
['Miles Davis'],[423829],-0.7058267852797512,-0.24761765509251082,0.06747771220667634,0.03949028663297697,-0.66726591928011,0.7540630058459153,0.02403860406620405
['Miles Davis'],[423829],-0.6712046310059465,-0.31943607070699953,0.2121511786971368,0.18218259267401782,-0.6608344325137169,0.6810293854030582,-0.005986671260478723
['Miles Davis'],[423829],-0.5740860445533992,-0.4295615752281106,0.3504472497358665,0.35869992055403543,-0.8583138225263385,0.6113552564212794,0.021770482063416967
['Miles Davis'],[423829],-0.5832421887245878,-0.2872543094975448,0.10117720996431828,0.04800088658546477,0.14531263830127583,0.6051485403344478,0.022316367146188006
['Miles Davis'],[423829],-1.0745903879350578,0.02600870013836558,0.5353102579889341,0.07154548413026734,-0.27574329885574445,0.72516857715576,-0.31934749361290615
['Miles Davis'],[423829],-0.853486033672718,-0.4605481139152488,0.2294982416882189,0.1060028324523991,0.1603351020717272,0.5628847915734115,-0.18522254641528524
['Miles Davis'],[423829],0.1266528284738068,0.13710739635529368,-0.019973128475574514,0.12237315147680528,-0.6557237361073571,0.8436412544787708,-0.4123192045540208
['Miles Davis'],[423829],-0.46585913963117187,-0.34092347334088724,0.19669553482984722,0.07415485407319525,-0.6695974367341503,0.7354941644700397,-0.1981576483045929
['Miles Davis'],[423829],0.11034696367895153,0.02720920404881961,0.03920998080425785,0.07319118902804643,-0.49921785424438847,0.7252756307075833,-0.303600281011575
['Miles Davis'],[423829],-0.5524175836928005,-0.27518161353129866,0.2230280394807008,0.10575637033681086,0.1283411122041558,0.4547019013282867,0.04976863762660684
['Miles Davis'],[423829],-0.4282831345332644,-0.26064439350979884,0.1691750593842063,0.11966303743524617,-0.317727235280439,0.5225947207543745,-0.09465739818440257
['Miles Davis'],[423829],-0.7932590830086632,-0.015607844014685663,0.3364854667803047,0.2723080474373051,-0.4424273012204633,0.7028389946321737,-0.3130461746911393
['Miles Davis'],[423829],0.17066878406444916,0.08871269668199344,0.008845833742088383,0.13495666330800365,-0.6613420682382394,0.8049576058698107,-0.43465034180023004
['Miles Davis'],[423829],-0.1619872877001049,-0.1071782429195946,-0.02861483491158258,0.30963446762155833,-0.5924843418889817,0.955703278961669,-0.5818096970284052
['Miles Davis'],[423829],-0.24641514662924166,-0.341235781574463,0.19813458409204096,-0.08626348958008243,0.07533774491148863,0.41393768097747297,0.16161829314360046
['Miles Davis'],[423829],-0.22656909707991324,-0.41199874248969676,0.21760320571345473,0.0564901196866252,-0.0021440625939957558,0.3609813549084175,0.1267095666001822
['Miles Davis'],[423829],-0.2962281261427043,-0.26357244759630577,0.19516278112070867,0.000622686188439563,-4.139443255299939e-05,0.3754900069718261,0.07605119856746924
['Miles Davis'],[423829],-0.8434959831198234,-0.14702986197925957,0.5593088645647295,0.0329157847127705,-0.5392438731069934,0.9754853351259584,-0.373862175611181
['Miles Davis'],[423829],-0.9753115547662528,-0.30509553828738734,0.04602658455496605,0.33146188046564656,-0.2707446349518008,0.5263745360166739,-0.15376355325467503
['Miles Davis'],[423829],-0.9046376943661533,-0.10905056082278271,0.11174300056341338,0.07714631302377312,0.13820871537342425,0.456033906111705,-0.05321064629478588
['Miles Davis'],[423829],-0.4780352287218786,-0.14981391139927341,0.13353504566971655,0.07819866186185286,-0.5333801465435399,0.4387410997848227,0.11627515700378861
['Miles Davis'],[423829],-0.7917307274156279,0.06520954060404609,0.07563567171938881,0.27008364927416156,-0.11391821978513074,0.45744091047202823,0.10426908452392508
['Miles Davis'],[423829],-0.498451251423976,-0.48277526619350586,0.14357682774569974,0.1936299093156259,-0.7642014977822839,0.6445574645416237,0.06211090989014232
['Miles Davis'],[423829],-1.054637765917201,-0.32364094675407323,0.09743069514456408,0.32237089335355323,-0.4583277299089763,0.4846289986549471,-0.16450344427433472
['Miles Davis'],[423829],-0.8451814809685436,-0.20916630294783262,0.04472578724198306,0.33424273013610806,-0.5586336993434299,0.4888735096157877,0.027205122857188697
['Miles Davis'],[423829],-0.9489226498468006,-0.30171868742293423,0.07541714104311728,0.10656622476018339,0.17525695122086543,0.6133302861057204,-0.11510343191034
['Miles Davis'],[423829],-1.0297965117653236,-0.0031024202629044094,0.5943098997448992,0.15738268115205517,-0.28512490411596986,0.5729016075823302,-0.37742792059107966
['Miles Davis'],[423829],-0.23120145192306496,-0.15137412107839507,0.17031045091308228,0.2560834659908026,-0.7072826971880135,0.8830564961088163,-0.4386932756414147
['Miles Davis'],[423829],-0.7604116853209246,-0.19366767440242239,-0.05868074746394902,0.49733771648906405,-0.6669583263523032,0.795611308869491,-0.29076519663531003
['Miles Davis'],[423829],-0.5244295951672309,-0.39042651344419954,0.1705377814401339,0.0458019452698361,0.12189617671337016,0.49202353623301714,0.10271151307409039
['Miles Davis'],[423829],-0.018774490433740625,-0.17234412044839884,0.08691344931371314,0.07392577361452717,0.17633587555853306,0.817492249336031,-0.49922586411827513
['Miles Davis'],[423829],-0.4820983721188526,-0.3150238782810038,0.047947967319810735,0.1685992217363123,0.21707564644233512,0.8852302959906178,-0.4117509579517942
['Miles Davis'],[423829],-0.9835330979404643,-0.3114546530764748,0.33331439776286204,0.15825017525076387,0.07681821987739783,0.5286342243776235,-0.2906188904433717
['Miles Davis'],[423829],-0.4186437118633051,-0.39406989269813264,0.19082771465047327,0.002376370986695382,-0.3535368021259656,0.5150709135644448,0.02930981104644276
['Miles Davis'],[423829],-0.6689091616623813,-0.18541246862755845,0.030916027528417805,0.10748071257816645,0.17838514314645199,0.697051079141366,-0.1402725384185716
['Miles Davis'],[423829],-0.7817829754939793,-0.23609132288482246,0.22189803905460656,0.16914153152642852,-0.4946976930386809,0.49997348598406344,-0.11019197730329905
['Miles Davis'],[423829],-0.5428640017817041,-0.19427590629073516,0.2815733875259851,0.15463522618857684,-0.5789387472499636,0.6765367892423505,0.07186127858194809
['Miles Davis'],[423829],-0.33683481231595963,-0.06094175906037492,0.5310007594265115,0.10921854191006918,-0.772579549615159,0.6767269144914723,-0.13120477448735085
['Miles Davis'],[423829],-0.8825902334430535,-0.2255659312256555,0.2420252483954791,0.0011588879124851117,0.14026961014516007,0.5576571860093241,-0.12979222583541752
['Miles Davis'],[423829],-0.8536265012038379,-0.4304916136455503,0.0982787376834989,0.2573407579244709,-0.6373868944549113,0.6986703241571035,0.0012438200998669078
['Miles Davis'],[423829],-0.9149303606783363,-0.23286130988461068,0.15274605846584827,0.45236065101484557,-0.49145708743137534,0.7061425996374626,-0.17293031761285144
['Miles Davis'],[423829],-0.7344275867918317,0.1436804597721354,-0.056966413063948014,0.5057383369573795,-0.24224869751349065,0.5310302032053328,-0.0037792966240138065
['Miles Davis'],[423829],-0.06430899094308133,0.2161443995037042,-0.06514908228909112,0.5671251733040021,-0.4765082782878001,0.8353734269060501,-0.24688917500031457
['Miles Davis'],[423829],-0.8332952997057541,-0.2541752054314205,0.01911988789909175,0.2557637893831004,-0.4736930539534591,0.5464853826844552,-0.0006512498456022751
['Miles Davis'],[423829],-0.944127585547734,-0.23630566143339163,0.1074943067141474,0.0552809757934392,-0.02604830422949935,0.607659939037402,-0.07447337199283546
['Miles Davis'],[423829],-0.9097074723484132,-0.46890219595064164,0.23364629364829195,0.10386582235456526,0.16790937634163583,0.5940740956347201,-0.20118644312802647
['Miles Davis'],[423829],0.28494195132868433,0.17493626524031677,0.09241911406315882,0.03201028661630388,-0.060254878088814516,0.593722659292449,-0.5095561265374802
['Miles Davis'],[423829],-0.05149253651347468,-0.10631293687508647,0.14762605113203434,0.022868469429190824,0.13947339729148298,0.653707029168944,-0.3167703861770436
['Miles Davis'],[423829],0.09375886660720806,0.07907875586395093,-0.003656663540221943,0.17400996724745474,-0.7295827339349817,0.9032719024385754,-0.42431533184334813
['Miles Davis'],[423829],-0.3729480748229895,-0.0995458180218518,0.2534198354494982,-0.12503642519078045,-0.11323798477544761,0.4024319352245841,0.06241237590057589
['Miles Davis'],[423829],0.2119302663887595,0.11410786475761392,0.031555368863668144,0.07610758759533597,-0.05914488364537616,0.5223389204013055,-0.45339283396825764
['Miles Davis'],[423829],-0.5018287510754847,-0.19752043535697794,0.178185252583809,0.03555797523940462,-0.06042088289870908,0.5188570852817326,0.11294145310127512
['Miles Davis'],[423829],-0.0038897632233095792,0.24426851719521034,0.33574791429360895,0.08978275137403503,-0.1193874873887511,0.6568625695071256,-0.7492807094630672
['Miles Davis'],[423829],-0.6713051050614284,-0.17626673758559083,0.4911695870826268,0.060655316608526424,-0.028706287085608333,0.6247644612052966,-0.2739015713106352
['Miles Davis'],[423829],-0.9225661110350956,-0.03583957125298171,0.5864541959576283,-0.002693663266289579,-0.02570803777286452,0.6879939911922927,-0.27888464186702683
['Miles Davis'],[423829],-1.0119934632893237,-0.12472579408904118,0.1587276597417585,0.18023800557784245,-0.46880693614116314,0.6251982999096811,-0.13529919382035083
['Miles Davis'],[423829],-1.0283803548473265,-0.11619561858690258,0.18025720928817301,0.11394340882222732,-0.10694366285481265,0.6187959238415263,-0.14783768516570228
['Miles Davis'],[423829],-0.5529563529026735,0.08226857818064608,0.0144032501709605,0.4874464708654078,-0.7103322223376483,0.5420238745146747,-0.024283282525297618
['Miles Davis'],[423829],-0.5358223864117972,-0.009880167332550586,0.07315847052195969,0.3462663395680978,0.19094161090570627,0.48593219353975087,-0.23076516964966956
['Miles Davis'],[423829],-0.8213021876034589,0.1756705734311314,0.5643980159109592,0.14532686570939757,-0.5937542474336021,0.4615100381917922,-0.29926151667996703
['Miles Davis'],[423829],-1.0185193316891652,-0.20691714958360682,0.5192415098062074,0.1387350034912998,0.0652908596269076,0.43135124198643965,-0.35941470989966956
['Miles Davis'],[423829],-0.9211050811462227,-0.352068950832543,0.17156550905463983,0.19481161448902953,-0.2880051390501583,0.5443826279325102,-0.11982193323190099
['Miles Davis'],[423829],-0.45235179339724063,-0.472183556698255,0.1832686529083575,0.07694927575045786,-0.1499429197475496,0.5102148924138209,0.0941349365456452
['Miles Davis'],[423829],-1.024138012178845,-0.41821550435415183,0.09130603017434674,0.23179680776228584,-0.5352266854894612,0.710943611496751,-0.15944579612962487
['Miles Davis'],[423829],-0.3823626555567405,-0.5502946775547629,0.2866076760924665,0.053136941737967874,-0.05849133312437357,0.5182562182704618,-0.14349318000587696
['Miles Davis'],[423829],-0.31856925559485305,-0.3281521611275527,0.20849962431129387,-0.0496097699526557,-0.30543983601938046,0.8868783761822405,-0.10760073286490568
['Miles Davis'],[423829],0.035522119261003654,-0.0489319780344898,0.17398993918059028,-0.1209055140355588,-0.09982709601712399,0.5250324044236475,-0.15206838056169042
['Miles Davis'],[423829],-0.2755617926006846,-0.36580270422709016,0.22816340818650097,-0.07006042980348538,0.08314810493758099,0.434136939236593,0.1418696743549626
['Miles Davis'],[423829],0.21020128738901467,-0.006252232290031749,0.0760991803575317,0.10720406173857884,-0.05593885139908156,0.5088938706167324,-0.4874082086184499
['Miles Davis'],[423829],-0.5609122052463053,-0.2755575390186363,0.21517241385458025,0.26966127094142517,-0.4679817717740697,0.5965224650946472,-0.1975947064080547
['Miles Davis'],[423829],4.407465836516071e-06,-0.030367521579062397,0.031104046750834564,0.06172806093045891,-0.2896860711402671,0.8457885740012239,-0.3999465894546018
['Miles Davis'],[423829],-0.9775617152997387,-0.36735111515506397,0.06547254437640576,0.2592402744387746,-0.5514083105119724,0.6068525695867654,-0.086929815756816
['Miles Davis'],[423829],-0.08910461442369984,-0.07330304071664037,0.15408638357686197,-0.1798870292007695,-0.2200830638275219,0.4255276770428674,0.11939783032644141
['Miles Davis'],[423829],-0.22853819382831903,0.0870996721199153,0.3422622940272052,0.1887847087040876,-0.4336021093134087,0.8652506464587585,-0.6848868617037074
['Miles Davis'],[423829],-0.2714637728085434,-0.1944719461293151,0.35325994123032595,-0.08347884337431452,-0.3014982658259522,0.3377036846172398,-0.0343091801110654
['Miles Davis'],[423829],-0.592304609259129,-0.026277534862981868,0.1550955088071226,0.3098275193328913,0.03133423807946388,0.6776255918670324,-0.5646745994863352
['Miles Davis'],[423829],-0.9342770093344555,-0.4489870329700818,0.1998404406790727,0.29393197511212,-0.0935734298122517,0.520776978537078,-0.20399370464017216
['Miles Davis'],[423829],-0.012743767532093723,0.0868989722320024,0.001175625721600452,0.04138556274745716,-0.04626732497877922,0.6165639335252285,-0.34359986645835766
['Miles Davis'],[423829],-0.2567569093424283,-0.10468452386200477,0.052789761046426534,0.09043806285408913,0.16749006207498363,0.7099642806194691,-0.24511765899052151
['Miles Davis'],[423829],-0.06178192097693851,-0.10584620983505531,0.12736934013134574,0.05349086038600166,-0.41100596708893455,0.706577385173623,-0.18401583128022722
['Miles Davis'],[423829],-0.6571207847192426,0.04321832352698136,-0.12838645689719425,0.3598382098379408,-0.3100438407266435,0.8111298962757036,-0.5199847322896212
['Miles Davis'],[423829],-0.9189672846662148,-0.10740247585392632,0.08587050072278704,0.2171909393015318,-0.4919929341448417,0.4229327763705619,-0.08161205295676899
['Miles Davis'],[423829],-1.034634265278174,0.030224684037822167,0.03593259709074428,0.225395519514772,-0.47705084872102854,0.4773658132762447,-0.04774871112848099
['Miles Davis'],[423829],-0.8203176964573528,-0.17430611930466344,-0.04976305604380323,0.5013801091143739,-0.6645595406905405,0.7758080528830951,-0.29956336503662695
['Miles Davis'],[423829],-0.019798580195755724,-0.17190887834047966,0.20116843449709024,-0.04441552942509126,-0.5924453770107235,0.316730819623196,0.14862119503146806
['Miles Davis'],[423829],-0.7632991621898051,0.09804229355007738,0.2670872465791029,0.5621997010402495,-0.27375195125582985,0.7905589562684209,-0.776798890290831
['Miles Davis'],[423829],-1.1497041006647744,0.09088201177959883,0.6359499085411733,0.19917793863274072,-0.5489333768308852,0.6147254392716415,-0.3985210185362208
['Miles Davis'],[423829],-0.4718395646121915,-0.5793358187213304,0.22270670233222842,0.017048306016186916,0.12355561457692908,0.5367180339238634,0.04610277530373858
['Miles Davis'],[423829],-0.5571751373168108,-0.5831997729551203,0.20677076100472597,0.07375780259350807,-0.31625855627821825,0.6755883942673674,-0.01930551697916122
['Miles Davis'],[423829],-0.4866802105095205,-0.3148116514349122,0.6803053142018033,0.2432532117861965,-0.7902225759434662,0.5721439165191797,0.03434511997897654
['Miles Davis'],[423829],-0.3308300746731977,-0.36502277912658515,0.19428706276229438,-0.04044926888351362,-0.0024621938556413443,0.4347489302065484,0.12413217503846215
['Miles Davis'],[423829],-0.3344805837992821,-0.36590152121868375,0.17374540858084941,0.06311205074215617,-0.3430768076395218,0.5264766621961969,0.14132961579946632
['Miles Davis'],[423829],-0.7696856344169491,-0.27863699800022473,0.11779850178167106,0.34373311198600026,-0.09000226659712798,0.4929993440265281,-0.25200352692418443
['Miles Davis'],[423829],-0.9619668203868651,-0.2245702237368903,0.43772085849286124,0.24055157578017752,-0.5423017500548348,0.6824047744532422,-0.2844432038360341
['Miles Davis'],[423829],-0.9697524788181907,-0.1995600803895408,0.09664836917531472,0.17327379257321088,-0.21105058814457142,0.48076510983227433,-0.07246467730872636
['Miles Davis'],[423829],-0.4594982588541315,-0.25430977614543,0.15471124663974967,0.20583143810452326,-0.5069564584130917,0.4565199173619695,-0.0009045915987520022
['Miles Davis'],[423829],-0.967985563770992,0.042805856456917306,-0.0013531243991969167,0.390155794716358,0.030021312945738694,0.5128927151923137,-0.21024048341956894
['Miles Davis'],[423829],-1.1928992571946118,-0.4293016119496534,0.1389366951337376,0.27636864417300766,0.028502865218380573,0.6640535652366659,-0.12101663670216449
['Miles Davis'],[423829],-0.6784689586172634,-0.29432030295354356,0.15989498440979213,0.1992234928612169,0.1921442765407624,0.6695964914443037,-0.30918628623446914
['Miles Davis'],[423829],-0.06453130090560925,-0.005016662058855785,0.4186348391892663,0.2675254157423157,-0.7005961661130348,0.9167168905013544,-0.6934480335154748
['Miles Davis'],[423829],-0.0932617803414094,-0.24325065134403112,0.0903986240977591,0.3240117171627085,-0.7345545301046964,0.673199571779857,-0.38097490723177396
['Miles Davis'],[423829],0.04593254993200618,0.055110655229406044,-0.0240157739470965,0.16240073222590715,-0.6530592987379185,0.796341315704952,-0.3541527791844408
['Miles Davis'],[423829],-0.6002585764322632,-0.4040624342018227,0.10872675089673865,0.07657126834608352,-0.6792361450849521,0.6937256867981877,0.0231318918025165
['Miles Davis'],[423829],0.05213915219041271,-0.03171717006360059,0.1346150417023421,0.041364102161141614,-0.6356193233342177,0.4739130400433953,-0.2798153968731678
['Miles Davis'],[423829],0.15305679526784124,0.06423714813396396,0.13404861662047327,-0.058564702344435816,-0.10420099923555906,0.4214429905323937,-0.2500411901694052
['Miles Davis'],[423829],-0.29371491004750905,-0.018265364018719477,0.6018675056873414,0.023649926916576948,0.14500126508181746,0.6599095730721807,-0.36521736171914565
['Miles Davis'],[423829],-0.712336762335624,-0.4071334113849693,0.19641210440224974,0.045687016057595536,-0.5805644444805589,0.7443490766155801,-0.09264969088315267
['Miles Davis'],[423829],-0.8390494682420256,-0.12097769216236047,0.09207142120533134,0.08357364271930445,0.13244145858208423,0.43452166480208215,0.020664754522183332
['Miles Davis'],[423829],-0.5480683310195142,-0.13479761246814742,0.11076260897101868,0.04107482399637157,0.12850086786496367,0.5228161827992884,0.14501999505336316
['Miles Davis'],[423829],-0.04056711749119124,-0.08000574013304543,0.028641635729223666,0.3642059471223715,-0.24639492589891895,0.7711083799833632,-0.30742628319968246
['Miles Davis'],[423829],-0.8018132148765756,0.6074453841943647,-0.2874936959289297,0.18900235864050877,0.13719648017347208,0.7800256560488039,-0.526405648348112
['Miles Davis'],[423829],-0.24624948411249606,-0.39787398909793564,0.23623100866409963,-0.0023430717373054263,0.08003962916594348,0.32723489914050574,0.07161839281413485
['Miles Davis'],[423829],-0.37264083019563116,-0.5105705368450535,0.202090585773557,0.06383555022171349,-0.15421539729846884,0.5319168208822534,0.10882310547113223
['Miles Davis'],[423829],-0.6212999724388981,-0.5260684525506024,0.24429638750288601,0.0003426251553317559,-0.03691296246105555,0.6905391067297333,-0.03627502708497929
['Miles Davis'],[423829],-0.09143675621682484,-0.12570925230981614,0.20518233303327352,-0.17595352690730928,-0.41923233457735665,0.34921008447556695,0.11639345808167109
['Miles Davis'],[423829],-0.6282866718212644,-0.36685948415338276,0.32836688774990264,0.08838256263028776,0.13476543716290243,0.49547732274859774,-0.08970131512671779
['Miles Davis'],[423829],-0.9057917112939005,-0.2968501452638698,0.6672316368702983,0.07381938949614529,0.1557324927505902,0.5322152172750042,-0.44934625022027824
['Miles Davis'],[423829],-0.07859265490285475,-0.1118908043305927,0.0655908688742857,0.06873739771749701,0.061994191879393985,0.6982204283660807,-0.27389358662106317
['Miles Davis'],[423829],-0.7889812390549806,-0.011955980990892439,0.023705876456245306,0.24874072256858165,-0.5832812437900357,0.397387742580299,-0.09889261575389043
['Miles Davis'],[423829],0.2634069851125942,0.1320833162092994,0.009962322553466874,0.1581145704452861,-0.6751719994384442,0.7143878991896044,-0.47167357123626524
['Miles Davis'],[423829],-0.5950155601570958,-0.25664937372877383,-0.003245331369429832,0.2966976803594443,0.2283615516791066,0.7566867316654196,-0.5338629276927109
['Miles Davis'],[423829],-0.003804685186889437,0.08096046228944398,0.02849064341309344,0.13887784076073323,-0.5038826160011805,0.5217391209679288,-0.4401950450566361
['Miles Davis'],[423829],-0.973719883324857,-0.12756710748083389,0.19764632765187956,0.188418778443042,0.17201174285521634,0.5012180518595286,-0.10332997114755185
['Miles Davis'],[423829],-0.684158802181334,-0.42506844892906787,0.33688845058720035,-0.00926257868541646,-0.0371396404726832,0.6680646496840711,-0.10016727071502084
['Miles Davis'],[423829],-0.3375033588713833,-0.5305921967394415,0.19580705569341694,0.059428193114093426,-0.1562190628317468,0.5432607218612975,0.12098497362042958
['Miles Davis'],[423829],-0.9952872078840729,-0.4282627108171164,0.22515417742301436,0.2600863209063704,-0.6239924410876634,0.7447459337185334,-0.21477894959572208
['Miles Davis'],[423829],-0.5925000563848761,-0.5568719766320086,0.19888634872235597,0.22588812342300899,-0.3083965125508325,0.5088281000284924,-0.040960162116869696
['Miles Davis'],[423829],-0.09159357736831941,0.23675905632952884,0.33303776292913,0.15141526153648155,-0.045394178863492445,0.5193790632316193,-0.3501373946337131
['Miles Davis'],[423829],-0.6605979921464403,-0.31683037170590195,0.22014767907418872,0.21079617165691505,-0.8402270802671545,0.6945803586887364,-0.009974825919002235
['Miles Davis'],[423829],-0.5499383754707987,-0.21784185118825553,0.6864701724100422,0.1304335029935655,-0.4936772798206555,0.5988725151441915,-0.23310241613643543
['Miles Davis'],[423829],-0.6998736409754426,-0.17987392144445014,0.49735837783145204,0.2148612270019031,-0.5641381283957588,0.6031476491054223,-0.3608503204327255
['Miles Davis'],[423829],-0.6241911861710736,-0.23237534394320342,0.16545245239450143,-0.0262578446388393,0.14581710085632185,0.7086574745282556,0.014612905141224644
['Miles Davis'],[423829],-1.0379240398991103,-0.18206675922798368,0.04005375576425653,0.4441786039815878,0.027160783981629744,0.4608960338532535,-0.14320705465843014
['Miles Davis'],[423829],-0.4269784262267719,-0.2262932690132474,0.2098558928226805,0.31735354754269174,-0.5037084352979968,0.8262756353819317,-0.5849686065157469
['Miles Davis'],[423829],-0.32532801968627884,-0.42366152480057984,0.11158265420391043,0.0625947720284087,0.145154644981169,0.6414122209441087,-0.09982892922598166
['Miles Davis'],[423829],-0.9848349747190653,-0.126271290928815,0.013981695315545025,0.5292492714051114,-0.45549331243817126,0.7462274825045299,-0.7103731062167083
['Miles Davis'],[423829],-1.167306933887762,-0.1964699830530512,0.24112650455523615,0.19599436989249494,0.07483516781909144,0.426678095790721,-0.20075190616920877
['Miles Davis'],[423829],-0.2036653014615636,-0.28126904278440706,0.2831384923419012,0.005192884999963279,-0.9304695769068668,0.42753622539698466,0.007328485821351188
['Miles Davis'],[423829],-0.5702744758352193,-0.33117699825404706,0.07688408063041101,0.19409117442221413,-0.29187459385996223,0.5713925277421846,-0.24720861474944955
['Miles Davis'],[423829],-0.43024443152428105,-0.23859397977299843,0.3538284216192781,0.009868742638459927,-0.35315276417560076,0.4970113772288977,0.008782800998960887
['Miles Davis'],[423829],0.00039389539011305445,-0.1296761207135698,0.050372181177532865,0.2593762687560786,0.18944291597728552,0.7194848099007671,-0.2429467793643759
['Miles Davis'],[423829],-0.8155909710202802,0.022180175370906725,0.18016632062377871,0.26293827605713294,-0.48269346709302846,0.4868392685120847,-0.021424184384704517
['Miles Davis'],[423829],-0.5172651535110313,0.2061735138701778,0.012258982465915745,0.30460383964145143,-0.8422375605040314,0.5778776089746909,0.23369510481799777
['Miles Davis'],[423829],-0.6400963466922892,-0.02142699206962635,0.6830816138022637,0.000788542282867798,-0.1401879595698956,0.5952171535274627,-0.1997159197724827
['Miles Davis'],[423829],-0.6976055652465807,-0.5438333213105907,0.2242881274089103,0.14921300940207394,-0.5580975211246281,0.7405045368184866,-0.06292089518755914
['Miles Davis'],[423829],-0.22924728825321639,-0.32280066259714796,0.19519092414431657,-0.027613535800178293,0.07597441015280129,0.3226029371236625,0.06460870932442082
['Miles Davis'],[423829],-0.5096181396574828,-0.23420064000630442,0.2847410100498101,-0.08538750152294593,-0.17544692637028034,0.5056924831027524,-0.03211378194324706
['Miles Davis'],[423829],-0.023717653607214065,-0.27347684443499815,0.0453900677253612,0.22353763067590635,-0.5024968043785372,1.1035115142513519,-0.5551668556625696
['Miles Davis'],[423829],-0.6612240718614589,-0.5349130197332432,0.1823802167460422,0.16095197760052302,-0.477903139175209,0.6349263833606013,-0.1125546087815812
['Miles Davis'],[423829],-0.40439012724851675,-0.2831457340960142,0.17710500961600548,0.09114348538770552,-0.8019791675755776,0.508146603801121,0.10678365029756336
['Miles Davis'],[423829],-0.6106408319913248,-0.3733028649505596,0.1345606291804551,0.08078540378665747,0.1289409570361821,0.46231742675231124,0.09420186678208972
['Miles Davis'],[423829],-0.7025094540049408,-0.5724863248599102,0.2004307874935968,0.03282413384825206,-0.29905544354754654,0.7634917187679997,-0.061904922484846206
['Miles Davis'],[423829],0.04258473469678517,-0.10428471092124035,0.16793656126863576,-0.10079930600383591,-0.31022392829016665,0.37195613098637625,-0.022543364331855813
['Miles Davis'],[423829],-0.5613100570102968,-0.4163478672678748,0.22510142648470496,-0.12364491698544666,-0.3217271684133847,0.8456754169006098,0.025301088484117357
['Miles Davis'],[423829],-0.3724160737272898,-0.48528929463172904,0.19449951856503186,-0.060212887685206495,-0.3443574558772103,0.6619148759061325,0.08079816352412761
['Miles Davis'],[423829],-0.3861008955681498,-0.4458415506796888,0.16681444633080225,-0.08321313159843247,-0.13260314288159628,0.832133146553596,-0.043381954527644255
['Miles Davis'],[423829],-0.9279646392184671,-0.41411976166667563,0.13127129975093357,0.2412092436633588,-0.6379727749848368,0.6537410709952606,-0.11983785702624317
['Miles Davis'],[423829],0.08585871929904856,-0.02780900568607413,0.08969931931469557,0.1555476634458196,-0.02400276310903914,0.6041409442532242,-0.5684394363746154
['Miles Davis'],[423829],-0.9154931152895055,-0.14626055069643146,0.18058814853395852,0.10044826638503135,-0.4601118902377152,0.781045403639263,0.00042756938876144446
['Miles Davis'],[423829],-0.13265112045121344,-0.30069736490250615,0.18452543471940705,-0.0839374153679496,-0.11537718780539696,0.44321576382066485,0.1764895303966279
['Miles Davis'],[423829],-0.3571339630025892,-0.2798915026428154,0.15771539146773794,-0.03381831737120024,0.09908086702210923,0.4896559000615585,0.19064963815137778
['Miles Davis'],[423829],-0.1561775510750892,-0.19877922182259378,0.12278908057345382,-0.15095701422573854,-0.08318042261171238,0.7186110892297748,0.21076633607673798
['Miles Davis'],[423829],-0.29579131947996773,-0.3725971302414088,0.19737722546345826,0.08887080722939225,-0.81407812530796,0.4536292975886037,0.07587570570893629
['Miles Davis'],[423829],-0.507500435228572,-0.4942770624714271,0.16618675652672588,0.1850188295297808,-0.5748527473752754,0.6782310065186777,0.08274652324255644
['Miles Davis'],[423829],-0.35189827334656226,-0.36005309999530416,0.16977147362630293,-0.01780010569664642,0.1136512575278225,0.5761504733474431,0.17359417388877685
['Miles Davis'],[423829],-0.46290781568770184,-0.264857581830003,0.14042383930223293,-0.005098722536907204,0.10853207600166893,0.4763429681084633,0.16556937425411636
['Miles Davis'],[423829],-0.46046024629907345,-0.29215091542152055,0.21936764173181506,0.16936040322949275,-0.6095900847277735,0.4281577431396702,0.0011837849218079828
['Miles Davis'],[423829],-0.19270690987328876,-0.2822287771552669,0.18259026899402825,-0.08192292174090612,-0.11134511881823668,0.4401732664241263,0.1815293810733861
['Miles Davis'],[423829],-0.6029315857103918,-0.4589482530601789,0.14141076777403983,0.20084220564310076,-0.5686912809990539,0.6569312184791742,0.0643587982613055
['Miles Davis'],[423829],-0.4301745094641102,-0.3307943134755468,0.15333261458363454,-0.009632463510879933,0.11817457574796535,0.5558758684598843,0.1602346476198629
['Miles Davis'],[423829],-0.19915864029981348,-0.19765728234430888,0.12183010224768534,-0.14468367243376082,-0.08290768143662762,0.6883798893784058,0.21127170415366317
['Miles Davis'],[423829],-0.0705739755836164,-0.31254032241881985,0.23510847025757703,0.009683417540646659,-0.11481400757211682,0.312973210859597,0.08292178947987004
['Miles Davis'],[423829],0.0778229249870545,0.13530055386589784,0.21567358577550727,0.12973202127866945,-0.3156803491559739,0.6541131314328992,-0.21542055672035493
['Miles Davis'],[423829],0.04618864399571849,0.07879958610553035,0.2289241040246475,0.09073199502118301,-0.3340249013381066,0.6061817790179492,-0.09041485605807377
['Miles Davis'],[423829],-0.393009892423258,-0.3506182056334997,0.23839838081284628,0.06085991331423478,0.09911585802269778,0.31559479901412774,0.047921246994238116
['Miles Davis'],[423829],-0.372819013435986,-0.30602441355663096,0.15756922025786885,-0.012253995601115588,0.10371263155989323,0.49263005544270577,0.18942889883147035
['Miles Davis'],[423829],-0.7530966354845837,-0.06452930997058413,0.524020409168096,-0.07772781995241086,0.1501513187052146,0.7719364104299102,-0.11152870224468404
['Miles Davis'],[423829],-0.3697872164756209,-0.0570046001143291,0.6540306774552666,-0.010696299403400415,-0.12410058434632018,0.7162168281089064,-0.47587869639902325
['Miles Davis'],[423829],-0.21489559042789838,-0.03694840645288503,0.4978153885751406,-0.04648184911270644,0.13278112714088375,0.6624786619070461,-0.4110754448828848
['Miles Davis'],[423829],-0.9072708608642701,0.09743899532729013,0.2771167042128487,0.37173590248220795,-0.2699285760365255,0.9987252508458466,-0.8672747007732106
['Miles Davis'],[423829],0.02506839479161313,-0.23938598045993068,0.1790073703365776,-0.035161309444812584,0.07387012085828562,0.36086345473899667,-0.1003763657890756
['Miles Davis'],[423829],-0.3607657388175492,-0.4337670757558613,0.18042777698334153,0.11070441983164778,-0.3326577581392861,0.5330050212766068,0.13241100674274126
['Miles Davis'],[423829],-1.0261687996036777,-0.4196597997681429,0.0943803013195821,0.15984273816290034,-0.08628752500347825,0.6513728276894938,-0.1684562102144722
['Miles Davis'],[423829],-0.43488781999407955,-0.4191886223704701,0.14011165513677806,0.03957456742279475,0.13955997998702047,0.5887853177286451,-0.06547299701021321
['Miles Davis'],[423829],-0.7137243628669636,-0.33020989080848806,0.3220862325262054,-0.028794607172108928,-0.3153519066579372,0.6755537377229259,-0.144322203813827
['Miles Davis'],[423829],-0.6903674708656999,-0.4866990132099331,0.19291276250273665,0.2437207725312059,-0.30485805199612587,0.477305916919584,-0.06902670491518725
['Miles Davis'],[423829],-0.5881056528433756,-0.46188924518398244,0.17367134397656062,-0.19980481766153788,0.12459476946488807,0.783010630919198,0.039724050441236614
['Miles Davis'],[423829],-0.4347250928127286,-0.4732382776105083,0.2171151153050051,0.1081118791710264,-0.526964799230205,0.44814957218920937,-0.053673243669770755
['Miles Davis'],[423829],-0.6291465402042883,-0.33342582991670894,0.19167425564097032,0.2765698798913253,-0.6784658410793171,0.43224145968487354,-0.01387784127007614
['Miles Davis'],[423829],-0.9503214810964002,-0.43585738171899346,0.24875411060405198,0.1250825623766656,-0.006970878775937469,0.6516676281347457,-0.18733638050705298
['Miles Davis'],[423829],-0.5559013392534994,-0.5732742044487672,0.2939815468874378,0.05624042830617151,-0.5830392488625991,0.7540718996323266,-0.08227069238447247
['Miles Davis'],[423829],-0.40738008102325374,-0.5268604614816037,0.184782212137228,0.017699566734569534,-0.34132240602531894,0.5752867677594838,0.0017204268698631509
['Miles Davis'],[423829],-0.444103427433686,-0.5243084859258382,0.23949421144065625,0.08362505728395414,-0.6063859061903327,0.5697632904306263,-0.05471097400203017
['Miles Davis'],[423829],-0.09159147905402715,-0.3040031822291769,0.07747817497235251,0.05984391114530238,0.15960570141301358,0.7647373858170413,-0.32870489335717135
['Miles Davis'],[423829],-0.5918929048153243,-0.3645409791040762,0.1165894748052882,0.0943432292936074,-0.6882546108890587,0.627290129102389,-0.020812130869778903
['Miles Davis'],[423829],-0.5666795748000033,-0.3384172110218928,0.14844581293937398,-0.10358005429058369,-0.507758820129703,0.8060096186359804,0.06848790857030182
['Miles Davis'],[423829],-1.131047983076951,-0.23740915925059694,0.3350653621421812,0.22689104488226303,0.10911180565605129,0.5791385194947578,-0.42184628968975046
['Miles Davis'],[423829],-0.09467676119393525,-0.2127435079192045,0.12053519695432519,0.11967994827591913,-0.004782570324625397,0.7708322268707839,-0.4792733830207571
['Miles Davis'],[423829],-0.1553130727962844,-0.2082106018667689,0.1848612486828863,-0.2233183873842198,-0.13603637591433357,0.4290609565043009,0.17281176230750633
['Miles Davis'],[423829],-0.23314002084879118,-0.44121249327399753,0.23032322328476806,0.009665842193399,-0.11063163226239921,0.27802172225416716,0.0707429027698552
['Miles Davis'],[423829],-0.2452186002247394,-0.13265317266290375,0.001289119863688727,0.1950371696979166,0.036556619353854174,0.8895808667665627,-0.6060130681975988
['Miles Davis'],[423829],-1.0058177253440088,-0.2657501875061798,0.10823480532472837,0.21030688272913822,-0.027173898887566116,0.39191561562025473,-0.16448070497233683
['Miles Davis'],[423829],-0.055023810749933226,-0.14683116443505617,0.20140558073034562,-0.03498406588423687,-0.8591116885486778,0.37413351502728365,0.06412822852731115
['Miles Davis'],[423829],-0.9566874178586354,-0.33072476076791507,0.07161965228388387,0.12261203176054226,0.18002875871019874,0.6245141058625723,-0.11856304025361514
['Miles Davis'],[423829],-0.3487352796321566,-0.5122402500216583,0.21718898088140684,-0.009030366886177489,0.10387120761921913,0.484133590706566,0.1081310968454871
['Miles Davis'],[423829],-0.2966725468271971,-0.4104417101763478,0.4641889635053499,-0.009817324558282723,-0.35182304330704367,0.6888230749745431,0.053300818810677886
['Miles Davis'],[423829],-0.4086584897531854,-0.6119540056215033,0.3986909202770309,0.11828899208809364,-0.3342416313354188,0.5370593681822531,-0.1867859135950051
['Miles Davis'],[423829],-0.1192491319489614,-0.19300444165957145,0.6516402918001201,-0.033854535645269225,-0.7482451734976623,0.5698296645990082,-0.11835534062059165
['Miles Davis'],[423829],-0.3254987410472092,-0.390544731049096,0.40142156187136346,0.02123989831448361,-0.30287967934245036,0.8510721099246596,-0.33117689087498337
['Miles Davis'],[423829],-0.08559511828299933,-0.21687466667795827,0.1757258978423709,-0.01033755180748885,-0.7578442122139231,0.46469479075630316,0.14178758139491884
['Miles Davis'],[423829],-0.7005728325242476,-0.5223690077450194,0.22626078040266706,0.24134551116526246,-0.2803264142979268,0.6212496988306146,-0.03248080085544131
['Miles Davis'],[423829],-0.3510745052335028,-0.23356750380090055,0.06456805883079327,0.15746179237631358,-0.2924012519108292,0.20684295984326473,0.046490767757465176
['Miles Davis'],[423829],-0.3380074654552176,-0.3976547327483868,0.15288865590036782,0.053257674541539714,-0.8056396994309877,0.5897534115135739,0.056235538247629537
['Miles Davis'],[423829],-0.5334793024948211,-0.3758904752821989,0.24655727704838223,0.1568121574690312,-0.41598244751274743,0.7085281815932785,0.0954386097301987
['Miles Davis'],[423829],-0.4109187184081412,-0.5906797597843313,0.2247514068598709,0.016385287947858887,0.1197799387445707,0.542504213455493,0.06422671737721769
['Miles Davis'],[423829],-0.7516871910231216,-0.21806550305890818,0.3777781686784376,0.2544877233263318,-0.6315147865935212,0.7567278235225623,-0.11100594168918966
['Miles Davis'],[423829],-0.5168174866327535,-0.26340915030254614,0.04865972823383309,0.13579341358378727,-0.8783563195991021,0.6135796776373086,0.12822356541373708
['Miles Davis'],[423829],-0.3360173665239811,-0.3011389541910707,0.17848951956864306,0.08392157304125823,-0.7303816038740626,0.4065234272226406,0.01999301584506635
['Miles Davis'],[423829],-0.20323883986436056,-0.18554904804701114,0.041487293845279744,0.1046052570121817,-0.027420537785486556,0.6765226089039444,-0.23295042714773645
['Miles Davis'],[423829],-0.476386965267811,-0.1773492502319842,0.0928585039915598,0.09795030706532015,-0.05763016521156636,0.5019493247387632,0.19753055870017255
['Miles Davis'],[423829],-0.6567422896101459,-0.23096754927218063,0.21767238092205024,-0.05608970554257207,-0.13761683654157109,0.7103687047236504,0.07458395751806342
['Miles Davis'],[423829],-0.8151911435223754,-0.4777141590091675,0.23046867891562917,0.10485685541606726,0.06404871291698659,0.5553881930242385,-0.09377690637287381
['Miles Davis'],[423829],-0.7871006857477221,-0.48548930958318726,0.3247959454682444,0.12031717650003619,-0.5606404215970957,0.7331703188726203,-0.20607208433150292
['Miles Davis'],[423829],-0.8432420346630779,-0.19947619473396036,0.035969162063216195,0.3329639712047798,-0.5599386079905255,0.48196415924152114,0.03247903985451506
['Miles Davis'],[423829],-1.0368764422519106,-0.29100051432680607,0.30274444037178866,0.1392076763662204,-0.5396808088898251,0.8564065459264942,-0.04927885459755252
['Miles Davis'],[423829],-0.9829892333098077,-0.37030592689287256,0.3598216912098782,0.34899542270005673,-0.5518391353543151,0.5053243440997864,-0.24093077859793793
['Miles Davis'],[423829],0.16936053990441616,-0.13701302728649029,0.055394889207522134,0.21703911419550645,-0.4544706728694962,0.8807277408562416,-0.48949459222962716
['Miles Davis'],[423829],0.066221404253382,-0.6241787301163461,0.13957338764267013,0.4385362918578761,-0.39798353336628844,0.9997762487561886,-0.7208006241904431
['Miles Davis'],[423829],-0.11328136243924207,-0.23711158610884722,0.09383586229887134,0.22810744953043352,-0.6436005120657509,0.7486891964327761,-0.4218608648360738
['Miles Davis'],[423829],-0.07501009406154678,-0.23321942318224229,0.13357977862192968,0.13181248355880867,-0.04480463371219701,0.5203515585728498,-0.33394409873508046
['Miles Davis'],[423829],-1.0234178085592187,-0.1983734059319162,-0.0671555581425615,0.4803872365916096,-0.6294546952082539,0.9035240215272994,-0.5514210839676243
['Miles Davis'],[423829],-0.24083947454466992,-0.4458678888765314,0.21701683776367126,-0.04266523851099174,-0.09631172872442674,0.45015417191489054,0.13630876377788978
['Miles Davis'],[423829],-0.2638853365717519,-0.37193118220854254,0.20634830969451737,-0.058837712895683056,-0.10010325430435367,0.43264531931952743,0.15336684622289498
['Miles Davis'],[423829],-0.9031971568942923,-0.33573736295210654,0.06598980986288354,0.16546048932944743,-0.2843277683077333,0.6708653166401747,-0.03526727880510721
['Miles Davis'],[423829],-0.7603495238704441,-0.5255722770400867,0.1532161461168765,0.1363581303132461,-0.28616570254138224,0.6968683671986552,-0.03358064473548458
['Miles Davis'],[423829],-0.6700195144714807,-0.5295267398625698,0.1876179073538931,0.1786872237368398,-0.3064695531486586,0.5240444989871412,-0.06739970555688438
['Miles Davis'],[423829],0.08658033752436493,-0.3544719624699672,0.18237435646688419,0.06265500440969025,0.0985365079460357,0.438222064715919,-0.15478264465816846
['Miles Davis'],[423829],-0.6083992632906517,-0.5716972464276472,0.29169977444818185,0.12710999525552033,-0.5635556662334633,0.778099144259258,-0.07513307022000447
['Miles Davis'],[423829],0.04799766770665793,-0.055997270965980186,0.08680916491190104,0.1035475271442239,-0.27813052081302214,0.8756323094673149,-0.4681588695069511
['Miles Davis'],[423829],-0.6194279311110045,-0.564841756416879,0.18835068476341155,0.16850394611750855,-0.4705191872641954,0.7260595068140269,-0.007455633763330742
['Miles Davis'],[423829],-0.615654132573247,-0.3535993054905879,0.28658471130826557,0.16160323960971226,-0.5909286164778329,0.5087702560173094,-0.10965664852571178
['Miles Davis'],[423829],0.24289605649189938,0.08429730549152491,0.02068226534805025,0.005500563831328384,-0.05778436140045718,0.6676217067869354,-0.363754730097597
['Miles Davis'],[423829],-0.7577108098220181,-0.5263065922935204,0.275930830682396,0.13195645984345397,-0.5609810657680246,0.7129257548107293,-0.14389238920237093
['Miles Davis'],[423829],-0.6309283418383271,-0.23972796555730952,0.09573640507535788,-0.1059565678301991,0.12147389470943543,0.6046731649775599,0.07657861823749745
['Miles Davis'],[423829],-0.036936367833596065,-0.024126085163257222,0.4070932611072558,0.2592063045210208,-0.7001693938786113,0.950835736164378,-0.6736258650052389
['Miles Davis'],[423829],-0.3540886804088531,-0.4225529114929518,0.16239838636398043,-0.09907013656659076,-0.3403894055357115,0.7808358111462449,0.14795291652717407
['Miles Davis'],[423829],-0.29141968225783565,-0.25312699042985315,0.2615683240566875,-0.10746112319334164,0.07836849119608592,0.4530532496574748,0.05303045432782024
['Miles Davis'],[423829],0.14705279276537925,-0.09001001277368641,0.10244741366972496,0.09421415581095677,0.11938753834796423,0.4851735706342151,-0.3647076311965033
['Miles Davis'],[423829],0.08142809425975794,-0.18527243924286987,0.13613540615368588,0.22194730927356143,-0.008154257046367849,0.6504047722618758,-0.5721431982230567
['Miles Davis'],[423829],-0.3257578570080416,-0.4192821578437419,0.22650586056994,0.0613107895993558,-0.7054090862438057,0.5733649875799653,0.012104185392022128
['Miles Davis'],[423829],0.10736788564561552,0.010233593940404276,-0.005973428324099417,0.06446307030262902,-0.4470390301175932,1.1176953946960446,-0.3719894562894351
['Miles Davis'],[423829],-0.01733252551680351,-0.19914235942085376,0.24082709336926994,-0.14520238706114738,-0.15724867021129654,0.24530874826477675,0.1258959354255745
['Miles Davis'],[423829],-0.16392623660682631,-0.29937698423063847,0.19582373734623773,-0.1376992611886393,-0.12418900225339313,0.425145403764361,0.16995813722227146
['Miles Davis'],[423829],0.048970349679377544,-0.26567526800139796,0.10222299904811975,0.24104813442216244,-0.47877450395235066,0.6361462996018714,-0.43314626231396514
['Miles Davis'],[423829],-0.3709164720614476,-0.2582367925605922,0.12600235729469578,-0.1855279228826631,-0.0935679427100843,0.6300864038239891,0.22369800548313598
['Miles Davis'],[423829],-1.1051492963119784,-0.2333446848383162,0.27746304262601845,0.20947282195198733,-0.5409149059613764,0.7147693557923432,-0.16391858106178042
['Miles Davis'],[423829],-0.15632638797610662,-0.12778746769771027,0.14645341195642195,-0.15720789565304466,-0.051425249559046086,0.8537738252489736,-0.14492886772988983
['Miles Davis'],[423829],-0.28171890975040964,-0.3134996418394083,0.09496543323321092,0.1700762673724938,-0.022389933927825394,0.5934540182291255,-0.306008180816588
['Miles Davis'],[423829],-0.5916667288251363,-0.45976413100234176,0.1820968416306817,0.020301408678420854,0.14073679510397086,0.6189690062535914,0.06102807725535309
['Miles Davis'],[423829],-0.6147721852302896,-0.28857589791463556,0.09897550175877927,0.02580632724269963,0.1483427305911274,0.6328081868851062,0.027460383044275536
['Miles Davis'],[423829],-0.2765840050224176,-0.37824632548949294,0.17663427808851076,0.07354634271957151,-0.812259178319193,0.4989131416164415,0.10420164807101341
['Miles Davis'],[423829],-0.2711983793733326,-0.296686055207086,0.27879698223471655,0.05011781798007055,-0.8111651803638623,0.5496082890186639,0.08462940630048572
['Miles Davis'],[423829],-0.43158811629496185,-0.2474261439959297,0.12876782421526675,0.07725426417440671,-0.354275314983385,0.414450137855817,0.11739338207402104
['Miles Davis'],[423829],-0.5069259573585612,-0.03792579939845653,0.15031407364207736,0.12676916686471265,-0.505628916142231,0.5338225336531688,0.14277438546769508
['Miles Davis'],[423829],-0.03511964171474003,0.13320064375715426,-0.01901727955369955,0.37181567172074476,-0.508101765276772,0.8511215597731333,-0.31339620621847347
['Miles Davis'],[423829],-0.6070088069422451,-0.2618069430318637,0.15306776246010353,0.1703087277514194,-0.7893464196597574,0.4842465197651121,-0.03279269261468291
['Miles Davis'],[423829],-0.14667795413559453,-0.37760252244097003,0.20377828740782306,-0.04366949104645648,0.06807353446094046,0.3423437984596555,0.10966172997241157
['Miles Davis'],[423829],-0.6112324204779793,-0.3626773940557095,0.12929273932123272,0.07584798817959805,0.12758380839525166,0.4597063424277035,0.0926091016971211
['Miles Davis'],[423829],-0.5618738421498597,-0.5902981772729963,0.2011030372706037,0.17141259450369767,-0.3116357226196562,0.5540150814427275,-0.03644991408397336
['Miles Davis'],[423829],-0.22061770688287194,-0.1580587099412517,0.5706545793602824,-0.07561167635509299,-0.6479404969663606,0.5492741818186545,-0.018609512660308712
['Miles Davis'],[423829],0.2181199720269751,0.05024067718614667,0.011244338277272649,-0.05150206998508085,-0.05366530361636493,0.7800291456343211,-0.33228636187422417
['Miles Davis'],[423829],-0.6857978675100648,-0.39159293215617774,1.3830697905486369,0.09770468044796604,0.060278993142861906,0.7822295986807923,-0.1765972834074949
['Miles Davis'],[423829],-0.79352352828259,-0.08508368461217194,0.39155822382001754,0.23178336078829964,-0.6464679032481587,0.629908363494091,-0.40638482418016403
['Miles Davis'],[423829],-0.38312873689500354,-0.15603634309762465,0.22262181328572647,0.1929405048269421,-0.46768091751289625,0.7147759584257273,-0.17391636922397877
['Miles Davis'],[423829],0.13570804578640278,-0.11076049716510929,0.14386916750536338,-0.11492635721354946,-0.10648387660269043,0.5413839198000422,-0.12234406833224222
['Miles Davis'],[423829],-0.17989429548775165,-0.32307876119660606,0.1666935940255301,-0.12054701932562391,0.08272884712530618,0.5187816149915925,0.04713214014337536
['Miles Davis'],[423829],-0.7362086641955526,-0.030336279915579096,0.11796716541633004,0.1478970171850784,-0.42880904148919297,0.3421364893207328,-0.017553821572167273
['Miles Davis'],[423829],-0.23929699067726737,-0.22152754743788874,0.00948257152042438,0.20302904439282254,0.03918591406635061,0.9055237876269461,-0.5759209014416592
['Miles Davis'],[423829],0.11261345463437743,-0.15857091884755903,0.023612355753183187,0.12822454111518786,-0.4259140861931415,1.2134633101876118,-0.4337384309513688
['Miles Davis'],[423829],-0.9583316359160007,-0.3735974770428743,0.1689520090479701,0.14497885824826426,-0.5482718909603697,0.7936345472267116,-0.06496491888811642
['Miles Davis'],[423829],-0.9067259291719534,-0.3576392720426,0.17804851047943998,0.18565315911203828,-0.28906681755416735,0.5492516859352696,-0.11894503412961016
['Miles Davis'],[423829],-1.0693771602998507,-0.23377216215400534,0.47101288578312067,0.08824559400522204,0.0833958063884349,0.6000951177981877,-0.3127471142577759
['Miles Davis'],[423829],-1.0594437488523107,-0.3110177908164081,0.3292076616161166,0.15923429595007466,-0.5357619841344328,0.8680523025565487,-0.015130629232415925
['Miles Davis'],[423829],0.24852885510537406,0.07378477941655781,0.05172226594428892,0.05914735636214934,0.019812799664662623,0.4735745177396783,-0.4145426673350657
['Miles Davis'],[423829],-0.5327291179235963,-0.40964740935592686,0.09965605824283844,-0.012139118347476233,-0.06171929475534967,0.6210262630901252,0.05775699592662567
['Miles Davis'],[423829],-0.10068673851419464,-0.21528615376949867,0.17046932411373705,-0.17530976404104945,-0.40019320807403075,0.5076260704697849,0.19258070564282048
['Miles Davis'],[423829],-0.27498931931502424,-0.1435623431374302,0.261518661803586,-0.14761363551510964,-0.11865509399264858,0.4315216329029547,0.08211194180558772
['Miles Davis'],[423829],-0.27936639511714956,-0.17240273500548137,0.19912224871412626,0.01116688128644059,-0.7494963686309782,0.37703130562597564,0.023268925852394103
['Miles Davis'],[423829],-0.48663631014114256,-0.248203652494599,0.060381023380019175,0.11507066142591095,-0.8837033258932462,0.6034418928121847,0.1379924721949525
['Miles Davis'],[423829],-0.20984041121487584,-0.14823391978949452,0.12911137761646957,0.07619448413714057,-0.02576024431297273,0.705759172773256,-0.2963591045490486
['Miles Davis'],[423829],-0.5340211817460082,-0.21881338610218154,0.10181178122875008,0.09955839600987798,-0.05623826797961194,0.499384078876086,0.15836989308682453
['Miles Davis'],[423829],-0.30686250531328507,-0.32331074214714717,0.2337840245973774,-0.03066801930877703,-0.3655743705957161,0.48187569475442865,0.10862935529901954
['Miles Davis'],[423829],-0.504744604531104,-0.3367545710422227,0.130627501251555,-0.08847642512063443,0.11228474188593573,0.5846785282774485,0.14118148147407272
['Miles Davis'],[423829],-0.6818411884929574,-0.41372379439047036,0.13787806444979472,0.18651331948059954,0.1702142981933945,0.5246084325824387,-0.18870477862358456
['Miles Davis'],[423829],-0.13899370736174188,0.037435139312633633,0.29155166082326406,0.10795114496764534,-0.46243819680259957,0.8319147287439519,-0.5679529393657647
['Miles Davis'],[423829],-0.9770591061293109,-0.24573930433427496,0.08517273148160925,0.06888930389563666,-0.02214026145992498,0.6041309143812902,-0.07673599886279855
['Miles Davis'],[423829],-0.8540155261289301,-0.18029578788217634,0.008365992641176045,0.1944038923515663,-0.29837729039568045,0.5521702167280673,0.01853492972316545
['Miles Davis'],[423829],-0.3220721968816554,-0.22473285966532663,0.17216937979615776,-0.014382442128219425,-0.7187325898491085,0.6103625223871326,0.13913056979181712
['Miles Davis'],[423829],-0.835366344275848,-0.13382936778578938,0.2593858030372765,0.07282103716520918,-0.05348069155938199,0.4132268062733278,-0.18752080055748938
['Miles Davis'],[423829],-0.618350087563355,0.10242056830663791,0.1231679313755866,0.1322417882933328,0.04911509445458993,0.4115779269325358,-0.2099911332484315
['Miles Davis'],[423829],-0.597165331939392,-0.027098197315793018,0.046817312846079644,0.513386086842419,-0.7867612299187571,0.602177848834577,-0.22424760846400635
['Miles Davis'],[423829],-0.555492152377791,0.09344389384691572,0.006975684791535684,0.48779038564609833,-0.7106307506421322,0.5383362507145821,-0.027653496680051
['Miles Davis'],[423829],-0.6405119644467577,-0.4401302664081227,0.3104332607644433,0.20587460642316024,-0.5785667468524778,0.5324421916831994,-0.12404024587958633
['Miles Davis'],[423829],-0.7910775307702543,-0.5050462799404045,0.32635336541981186,0.12816112978589858,-0.5582966424969966,0.7421205658743464,-0.20546633907920117
['Miles Davis'],[423829],-0.6555758956450998,-0.5854724498210849,0.14871129622952486,0.13013715357299144,-0.2916966514608183,0.7278192735789304,-0.001202077934461294
['Miles Davis'],[423829],-0.7524895569553566,-0.5245965267873055,0.31083114500607734,0.1356698066414648,-0.5622103341261787,0.7073502192178303,-0.1632616321886256
['Miles Davis'],[423829],-0.05359183492847806,-0.13780650582724452,0.028798459133489367,0.2704292800805313,-0.508227309565888,0.9675919958820611,-0.5247689352232177
['Miles Davis'],[423829],-0.7067107448572844,-0.25997158288570094,0.6139212579583029,0.13407031882117051,-0.5425097597954026,0.8324886843528866,-0.44913300223473324
['Miles Davis'],[423829],-0.7797344587138492,-0.22641272154978417,-0.015055127108268828,0.1248486983679883,0.19307493734380526,0.786447600200953,-0.17286751558665286
['Miles Davis'],[423829],-0.3819615438875584,-0.6025867901111011,0.2500266805341155,0.15268119885771655,-0.6947401472404886,0.5744253381564046,-0.03635972292639415
['Miles Davis'],[423829],-0.7541523448862135,-0.27311073741538694,0.3762499183150655,0.25386953483826463,-0.4810021004531399,0.4656088060690944,-0.17328375743907384
['Miles Davis'],[423829],-0.8669159733514575,-0.3674763594982239,0.17148771282616226,0.2315992579986187,-0.5631821661841532,0.6118455832607462,-0.15251372698777718
['Miles Davis'],[423829],0.06517905528386511,-0.14684924780428374,0.18707844277464308,-0.11960337822966956,0.055272296823600554,0.3414981867933018,-0.11481629819858871
['Miles Davis'],[423829],0.02662486780295491,-0.0013802878580968373,0.15219804371808512,-0.13994938594579104,-0.1985457827956761,0.5360760485412761,-0.03493057597646289
['Miles Davis'],[423829],0.08939318971645058,0.016017365708492874,0.058677841531105786,0.07341710900788247,-0.28829208277848567,0.863416497797732,-0.46068258416951335
['Miles Davis'],[423829],0.17829945086346338,0.04233452933040923,0.05596814535071151,0.1827190899717076,-0.6914054784445478,0.573777754038206,-0.36050704470018835
['Miles Davis'],[423829],0.20410410992826722,0.04357463195816648,0.15549234473452536,-0.08415880032219919,-0.11053682543628,0.4538764566746728,-0.2110098006877905
['Miles Davis'],[423829],0.03624870513158103,-0.14502720863002597,0.17511743966327528,-0.17107592538455907,-0.4314064236376806,0.3250584414228952,0.1475051095667911
['Miles Davis'],[423829],0.0768150489770641,-0.10196025102986984,0.04859155484386629,0.03144388930941751,0.14540782029728486,0.6961077278189182,-0.3628918103033907
['Miles Davis'],[423829],-1.0235321522337824,-0.13774095804754075,0.1835684188319321,0.22735609584574415,-0.29047017237119904,0.4630443724967604,-0.18467388658478187
['Miles Davis'],[423829],-0.8261269917887127,-0.19107102217731298,-0.042559102820059265,0.49241840602400533,-0.6662784694602668,0.7776126144900536,-0.2897019097648256
['Miles Davis'],[423829],-0.5923125343300737,-0.40212890390758427,0.11328099414273932,0.050746906388540326,-0.5018139265985834,0.674619140877059,0.025006871452951093
['Miles Davis'],[423829],-0.5755025901064508,-0.42030432291165754,0.17049076272120672,0.16988230535542437,-0.5750822435162972,0.6643850018922464,0.0527113619055257
['Miles Davis'],[423829],-0.7482322936628331,-0.5206637470346648,0.26645207969191187,0.1349413967872627,-0.5632217520629103,0.695993648705159,-0.13648289964815827
['Miles Davis'],[423829],-0.8065878954676411,-0.5670086124694114,0.15839216901621633,0.12018805136380634,-0.015776439024957963,0.6178959931147442,-0.0969462916854336
['Miles Davis'],[423829],-0.9478631553400045,-0.45576458782562024,0.26202689763304077,0.12797913616084336,-0.005027740639144037,0.6618257972311464,-0.19081825043940506
['Miles Davis'],[423829],-0.6793048027047138,-0.5011985495083398,0.12319032872472149,-0.006687119326321867,-0.46983100646039455,0.9069648248842331,-0.011922959361285434
['Miles Davis'],[423829],-0.9041339146415227,-0.3524329965506191,0.22213748795290802,0.08310869507028389,-0.2810280574246184,0.7092878208308707,-0.16004394930819324
['Miles Davis'],[423829],-0.4464878879121272,-0.39250772162340913,0.21702989965261138,-0.06697059506307676,-0.07665980948466818,0.5916720680931542,0.010739344488570866
['Miles Davis'],[423829],0.1904941928756432,-0.04158087445524293,0.10377070902121924,-0.0068920359801278325,-0.08328316294117845,0.5438938600634364,-0.24993218511183204
['Miles Davis'],[423829],-0.4363833254266351,-0.44958196469072675,0.2679343767103799,-0.11502126863896643,0.10832374195618101,0.6473636714310443,0.04413058828220797
['Miles Davis'],[423829],-0.19175344626193228,-0.2640556246603336,0.12729032805258747,-0.1660408981990649,-0.564488989278862,0.6448946701718966,0.18309907781801624
['Miles Davis'],[423829],-0.3676719016830011,-0.2748286031742263,0.20420491648039502,-0.07551774246034577,-0.1757285852786351,0.5106494418571144,0.08219980933551523
['Miles Davis'],[423829],-0.5067619791714397,-0.05382715368080547,0.28529851595629785,-0.06589777752425588,-0.4898650286500508,0.8743615205408982,-0.17026114062589737
['Miles Davis'],[423829],-0.46941329388327696,-0.3308443716529286,0.17666424367772138,0.1536336070001266,-0.5811318337708992,0.5896238941013788,-0.09594199463548067
['Miles Davis'],[423829],-0.4595160163155853,-0.31013749766771265,0.09820335987137459,0.03466604113486082,0.14662863382362146,0.6915692691258177,0.01344219791255206
['Miles Davis'],[423829],-0.4882978205559867,-0.2963139844761715,0.16709671308545643,-0.05714488267256157,0.11591717541302791,0.5626465287080242,0.13808282264034563
['Miles Davis'],[423829],-0.2306785302296335,0.09391372851458879,0.5944838026426326,0.19985511186715765,-0.5380888588286764,0.8572945601788136,-0.4896518302489196
['Miles Davis'],[423829],-0.5484642485461283,0.0913403730246428,0.07865853778444547,0.2454214535812347,0.11246957782375455,0.679835447023744,-0.4907658625017308
['Miles Davis'],[423829],-0.8583738998567995,-0.12281721545291621,0.07225601862165974,0.11898764519471036,-0.4963797171913494,0.4900486938487682,-0.09372296833253115
['Miles Davis'],[423829],-0.9655615490665169,0.04118424550484704,-0.006670340453010083,0.3898803846633757,0.030270565361894423,0.5149197359840637,-0.21014641646116983
['Miles Davis'],[423829],-0.6507912754117267,-0.17292202644856275,0.29239805503989097,0.2333239006913488,-0.5671060372734029,0.5737469588668457,-0.026150186041562534
['Miles Davis'],[423829],-0.6693208063027695,-0.5179257747406167,0.10711222074231254,0.3228500150770912,-0.8309849730756513,0.6083893383778926,-0.09887671434972298
['Miles Davis'],[423829],-0.7001603256510402,-0.22649378717030993,-0.03465861923119061,0.5254803307116921,-0.4071918985799677,0.6150009284902371,-0.5053043715172066
['Miles Davis'],[423829],-0.619774122431579,-0.3209654687786492,0.13793137818607235,0.08142064826484438,0.125069420172891,0.43228747475590545,0.09844663972955096
['Miles Davis'],[423829],-0.9034892450619245,-0.5779596491465228,0.2102002993137154,0.13733099255328182,-0.0022765893116251917,0.6740693197334153,-0.15142425958559522
['Miles Davis'],[423829],-0.44733396472133913,-0.31772247103690454,0.1675631059826775,-0.049023398914184564,0.11424004974056325,0.5733159758945916,0.15351542439278681
['Miles Davis'],[423829],-0.7808728656413904,-0.5015766195239904,0.2486254958475634,0.15896628976648797,-0.5599221485729454,0.6899728941337473,-0.15692846556472295
['Miles Davis'],[423829],0.16804404533784464,0.06496721684978597,0.22389034923412945,0.09468996441589823,-0.22787049536375173,0.6172678868574024,-0.6036425050482579
['Miles Davis'],[423829],-0.748433816377933,-0.5195033532210829,0.1868994289791243,0.25174393764202824,-0.27632286297446557,0.6089134786715461,-0.029921924074554882
['Miles Davis'],[423829],-0.32826768723743943,-0.3416474357516613,0.19598376377539659,0.07249002804595055,-0.8137599884061733,0.4565958640281476,0.07050368769249997
['Miles Davis'],[423829],-0.5928235835563674,-0.33627770082470576,0.21493217674413148,0.14268920381023317,0.11816340864691001,0.31695919060696326,0.01810758786043186
['Miles Davis'],[423829],-0.159450083597507,-0.3149691054894011,0.18435835607671178,-0.027022913941972877,-0.08940313963013477,0.5115214662184726,0.14397783306953094
['Miles Davis'],[423829],-0.3996819799761035,-0.34224079909871347,0.14721364461414596,-0.012980357786334315,0.11610021078684947,0.5594666927603221,0.17284671676945376
['Miles Davis'],[423829],-0.7646693627020208,-0.4709362812071432,0.27329038651759696,0.04510114440720908,0.05776564345515382,0.591573893019965,-0.10909075488456828
['Miles Davis'],[423829],-0.6849526360222866,-0.4686879600120473,0.26259835368882656,0.163458961174549,0.13855436503475108,0.4138729848643017,-0.08543885016546535
['Miles Davis'],[423829],-0.46015945170705663,-0.40748069429480216,0.18416800456966342,0.07637318349195966,0.1475098166837861,0.5858835659383914,-0.0493163723591304
['Miles Davis'],[423829],-0.40840339049721985,-0.2879542898769256,0.1714829620837227,0.09042729510670024,-0.8007606461029146,0.516410348790875,0.109979796978951
['Miles Davis'],[423829],-0.9405379803334921,-0.37785389191301744,0.28372078265147865,-0.05502640578903255,0.15911423400570726,0.712375697081544,-0.2246763183931673
['Miles Davis'],[423829],-0.9304028811656657,-0.40191748727823934,0.17292119097611905,0.09088508462743145,-0.27666907944768887,0.7336211774776014,-0.11701940395838716
['Miles Davis'],[423829],-0.36880335944134274,-0.3469283402384811,0.2284347555782558,0.05875630165849325,0.09580096034034655,0.3083856511862087,0.05639016845839454
['Miles Davis'],[423829],-0.0489016621204281,0.22239800145158817,0.6012942447371102,0.016505206176454762,-0.06057137656834125,0.6000750603092974,-0.32412480739638105
['Miles Davis'],[423829],-0.8790906674336897,-0.28344751950118474,0.053549328996523746,0.2350434576994036,-0.4730825199972548,0.5434980125815692,-0.044793020843834554
['Miles Davis'],[423829],-0.28433657878513463,-0.2627011210779594,0.15430209818066107,0.06507993402652235,-0.27054498451361997,0.40225241998310035,0.19336249405946593
['Miles Davis'],[423829],-0.5812885111480351,-0.35150998902923797,0.1508525055277237,0.18252020321247103,-0.4931794652631033,0.5266011585857729,-0.11500123132522103
['Miles Davis'],[423829],-0.7122217636052359,-0.1118818884678528,0.25073573684403844,0.1008491167233646,0.1401495877156255,0.48208415929166026,-0.020383489081574266
['Miles Davis'],[423829],-0.7984523634928522,-0.03105892186355723,0.03009887271265278,0.43655975444499767,-0.5112324097154058,0.6649542494742209,-0.18191887259205
['Miles Davis'],[423829],-0.37973062679918373,0.2594394732175668,0.11228179344265647,0.17689371305068494,-0.4703727192115158,0.6534967051266857,-0.31622842604970924
['Miles Davis'],[423829],-1.2035337691872376,-0.23371066865044182,0.035423421044674615,0.37469610768141903,-0.34223669489057323,0.4761380639260306,-0.26996891884655133
['Miles Davis'],[423829],-0.6491219234293661,-0.23964991831596769,0.09432990196721243,-0.10454303803184171,0.12397988837987318,0.6182244244136529,0.07213097552102177
['Miles Davis'],[423829],-0.8102619414934493,-0.4313914871935166,0.27254704375874733,0.07567297452581069,0.05928175670083428,0.5563562115703429,-0.12225272621624825
['Miles Davis'],[423829],-0.3870279749370062,-0.5037287033282813,0.22079554499983264,-0.009645740594107473,0.10649392875899004,0.47957855816169886,0.09122912980604574
['Miles Davis'],[423829],-0.5202203148714827,-0.25193225550677456,0.2737599121945034,0.16207764696636914,-0.6061039249396771,0.4253832488658534,-0.04144794145999798
['Miles Davis'],[423829],-0.6386493949205284,-0.45138291705560984,0.25051574154965817,0.26730391404576276,-0.5783437506266544,0.49658715364282396,-0.0716431295586456
['Miles Davis'],[423829],-0.9187113433236433,-0.42988529621691063,0.08989139915435346,0.24676982486078777,-0.6383637082295994,0.6476888839279457,-0.09477813674575018
['Miles Davis'],[423829],-0.3875478308106008,-0.29912543630443117,0.17537778709593144,-0.042817139282949467,-0.0037193882456934843,0.4018182537089755,0.10785912994939571
['Miles Davis'],[423829],-0.5305793496731539,-0.48337152347751444,0.2856850207765516,-0.03972390539524163,-0.13995295964567425,0.7271450791777405,-0.02762690368007245
['Miles Davis'],[423829],-0.7541886562440978,-0.43055499061299185,0.12743228021086384,0.12204528824444226,-0.2905963309260326,0.7209937380823834,-0.026075736454809106
['Miles Davis'],[423829],-0.46756152617038016,-0.26866955442878543,0.13993397757966836,-0.003785488185254224,0.10950000571320591,0.48024326683832935,0.16376225573282968
['Miles Davis'],[423829],-0.6324694665324074,-0.5097314578874887,0.14733525537896783,0.1857522056024909,-0.658814675906598,0.683113994905511,-0.031067901865554696
['Miles Davis'],[423829],-0.01751338942502301,0.1594075146486495,0.2040761957237902,0.21307856476447606,-0.6597503291405218,0.6927859174789399,-0.2635486230885286
['Miles Davis'],[423829],-0.24081048591535373,-0.41362320905849675,0.19742363428481668,-0.05247146576836262,-0.09958561882767028,0.43561901879501785,0.14024435984989234
['Miles Davis'],[423829],-0.41652660862090024,-0.268581428462116,0.2141721210400298,0.11018441886105039,-0.5256087876896641,0.47248803476028917,0.0974567734676258
['Miles Davis'],[423829],-0.7970027076495962,-0.3515938766721868,0.18897506296862046,0.12589515497128997,-0.47475707974019626,0.6876018767001764,-0.06572007224520282
['Miles Davis'],[423829],-0.7945552071955179,-0.1655672852935013,0.03892635125384661,0.2054878459212611,-0.573670882468285,0.6066292835995243,0.04807523561009247
['Miles Davis'],[423829],-0.36154514263926274,0.08148357178505286,0.1483845179770253,0.18403575050181953,-0.4953875126544891,0.5413559585816452,-0.13117520458028128
"['Milt Jackson', 'Oscar Peterson']","[489845, 489316]",-0.428868626341098,-0.4759156856205545,0.3626448727401301,0.013985714971294798,0.12370382243508099,0.5707080086173506,0.005244749516447471
"['Milt Jackson', 'Oscar Peterson']","[489845, 489316]",-0.33968837842477473,-0.414520908727243,0.1675224995467078,0.025912121727184108,-0.32976230045307015,0.6918792765400009,0.12379697223428976
"['Milt Jackson', 'Oscar Peterson']","[489845, 489316]",-0.5119293346410019,-0.5496301007682456,0.1934342372086325,0.08935143167524616,-0.04787303849785824,0.5510332957687929,-0.025939960856776086
"['Minnie Riperton', 'Stevie Wonder']","[500889, 622805]",-0.7399666965962278,-0.31324191325035544,0.2803988405659326,0.10228582152843221,-0.05132444740573727,0.40281149164101643,-0.138757929665788
"['Muddy Waters', 'Otis Spann']","[608701, 486775]",-0.9118178229951078,-0.573037637909527,0.21794364952001438,0.10573690621726509,-0.011370237484763165,0.6110384544360057,-0.1572668528775659
"['Muddy Waters', 'Sunnyland Slim']","[608701, 490769]",-0.5219598951026041,-0.6547285727628843,0.2044041941589135,0.007005914081768674,-0.047742856637113036,0.643661999264006,0.014376275868989829
"['Muddy Waters', 'Sunnyland Slim']","[608701, 490769]",-0.4275796076343533,-0.6811307951810078,0.2909260742356645,0.15740545531329844,-0.5038921027320932,0.5519158909245483,-0.031437506499857694
['Muddy Waters'],[608701],-0.9983034362239613,-0.2581972130126837,0.34105639841966456,0.12661294921254157,-0.8288573197645291,0.6815858255882029,-0.29004904646085494
['Muddy Waters'],[608701],-0.9522668838283328,-0.15970494997276177,7.374197207967698e-05,-0.0017534721045270624,-0.6611605178753115,0.782912243428075,0.0006737639554085552
['Muddy Waters'],[608701],-0.7839057296180233,-0.6760581897460158,0.17311393640962341,0.08892397829357537,0.17228015936552898,0.6912144150089504,-0.09751519411915102
['Muddy Waters'],[608701],-1.089793555870932,-0.2903135331873425,0.12103915428649174,0.07079493809916988,-0.7130446171541439,0.9638884069300622,-0.09483342352149184
['Muddy Waters'],[608701],-1.2819807323091852,-0.15978943458712438,0.020165523589660547,0.09332279700345703,-0.15714617396686864,0.8449395249986135,-0.16454872381349706
['Muddy Waters'],[608701],-0.5878471349125203,-0.20102894319558792,0.6696875894303285,-0.10907241747230492,-0.7657683523791325,0.9528843645150583,-0.21428085980877817
['Muddy Waters'],[608701],-1.0367655491017014,0.14005697595301966,0.6484040600041724,-0.17873855142149134,0.1512759655809637,0.8115881304607276,-0.22497133845766693
['Muddy Waters'],[608701],-0.7172258998269634,-0.44136182905120325,0.21459374122331284,0.06545490606374077,-0.1341444231232616,0.5616745335827752,-0.09512671452716821
['Muddy Waters'],[608701],-0.2786736330802503,-0.6858590426199428,0.2565596877479363,0.17213674364730608,-0.7009363899622739,0.5205793188237126,0.02636423477629839
['Muddy Waters'],[608701],-0.9210841746979976,-0.06982308468282605,0.3895287684761396,0.26732231945802887,0.0717652150505228,0.8520701202488868,-0.8472471349182247
['Muddy Waters'],[608701],-0.5139088509339483,-0.43215877787175566,0.22273662219398957,-0.11330943717341022,-0.3256430594469777,0.8305996948283663,0.0814101620172032
['Muddy Waters'],[608701],-1.189065773437088,-0.30220397724469805,0.4023901785936022,0.3142831306344371,-0.7937463699614568,0.6921828628732408,-0.38880513437575587
['Muddy Waters'],[608701],-1.1004309072040896,-0.15212280113992238,0.4951720158609137,0.3116328757161213,-0.4022407993482653,0.7349885266936889,-0.6863738964720763
['Muddy Waters'],[608701],-1.2090576408740838,-0.28074491735333573,0.005216015516332957,0.13577733068888037,0.006311440815907045,0.663743142891937,-0.14761971579034272
['Muddy Waters'],[608701],-1.1824270604531633,-0.15667441076267302,0.4123289743091921,0.1340955601104216,-0.27916355436229495,0.5729137885423392,-0.3491799129664209
['Muddy Waters'],[608701],-1.163745243293351,-0.14816869663771243,0.3956618394715032,0.1707573203767016,-0.006018650427943893,0.5039188370583334,-0.28953439363922845
['Muddy Waters'],[608701],-0.6524524019604567,-0.6775326241560018,0.18508464960915647,0.21058128826358988,-0.7386484205856103,0.7396431584013281,-0.03674276230912566
['Muddy Waters'],[608701],-0.5910541013353442,-0.6651340083975001,0.22299116880368822,0.14642086014208666,-0.307903270912922,0.5514891565794523,-0.03843225952980007
['Muddy Waters'],[608701],-0.7736366094679774,0.1627795411798328,0.10633993718981914,0.4048681604316501,-0.744438874186643,0.8477765899121386,-0.7268064580318107
['Muddy Waters'],[608701],-0.5905294839434881,-0.6000239051027664,0.36487137465530545,0.07002870815697551,-0.04569756500687553,0.5576187359902853,-0.1552396506527713
['Muddy Waters'],[608701],-1.3238545745317396,-0.3746901109615359,0.020560770106405377,0.38378232506101834,-0.423424231535836,0.5519650054406259,-0.2938041071044525
['Muddy Waters'],[608701],-0.8106168629060462,-0.05939168470445454,0.7009340307949256,-0.17066683896018317,-0.037901101649321735,0.8055398951528938,-0.2805049425155145
['Muddy Waters'],[608701],-0.4588661933570469,-0.5080514155469071,0.16488024766725207,-0.01748628842254329,-0.7701573848713467,0.8744800294549128,0.15038863032309013
['Muddy Waters'],[608701],-0.7426193137034105,-0.5922541364644123,0.18036924202374907,0.3633935597551104,-0.8285847990398196,0.58981896983628,-0.12418600621835343
['Muddy Waters'],[608701],-0.5328581071456869,-0.5465529021329762,0.24087340601230903,0.07878163084996459,0.11877796740059882,0.43654852566560276,-0.03611585996978335
['Muddy Waters'],[608701],-1.1878782363059124,-0.16402091315815912,0.05761731727538149,0.19304415069511557,0.17436013909466566,0.4378497996678598,-0.24253354625798035
['Muddy Waters'],[608701],-1.2363966243202402,0.004807804333425765,0.24180420985030854,0.07244609958643221,-0.44610526251548605,0.8535989531495285,-0.10787606026383986
['Muddy Waters'],[608701],-1.040896778763931,-0.49215926679604116,0.22219242758519314,0.23774962788889625,-0.0021605444626167057,0.5736897471154259,-0.26415712299829647
['Muddy Waters'],[608701],-0.5442439702255246,-0.6141567408872644,0.22996030357242703,0.038689711369624985,-0.049028845009463244,0.5539876313967775,-0.02897713917411137
['Muddy Waters'],[608701],-0.9954750225339555,-0.23213191721353146,0.5155773528912114,0.12313149942660691,-0.014600477374499196,0.5644499787938352,-0.2969978984849421
['Muddy Waters'],[608701],-0.6765717408682012,-0.5172566094591011,0.14666877618836754,0.09021161893295988,-0.6519113176849759,0.8648464519252098,0.06384742522885799
['Muddy Waters'],[608701],-0.8065510939785032,-0.4979605921537916,0.24411435056000869,0.12435087565864379,0.002780317575084888,0.7191794789701469,-0.27987390367427
['Muddy Waters'],[608701],-0.28125036971075207,-0.6713064324940052,0.3114737920943469,0.08650112451234324,-0.2566870841276737,0.4683624032886032,0.07077914371905764
['Muddy Waters'],[608701],-0.516581670335822,-0.40089840531972665,0.22941769132742318,0.024637153909033607,-0.6873426668481446,0.6802066585769387,0.03709394800893383
['Muddy Waters'],[608701],-0.5691071542381084,-0.6816196822967648,0.2185716277672743,0.14332056928569453,-0.30895232642803244,0.5533654173236372,-0.02411026668169175
['Muddy Waters'],[608701],-0.6009489514076475,-0.6060666578721821,0.3426437656991199,0.06935966959412554,-0.05029349451974424,0.527871158355996,-0.09170823655659385
['Muddy Waters'],[608701],-0.6090384957413723,-0.47861735858066573,0.22515195712827224,-0.08271976053355717,-0.3105884558499788,0.844023886855689,0.066805835165792
['Muddy Waters'],[608701],-0.7291184146823323,-0.23864073823675253,0.7984851107966204,0.08798963165302062,-0.3190877437536364,0.4707685643718202,-0.3792188799017383
['Muddy Waters'],[608701],-0.24102742625062884,-0.3670289015984225,0.19578427370223528,0.0886523354051775,-0.5322467105603461,0.527048428416263,0.094262084537845
['Muddy Waters'],[608701],-0.36122517408905497,-0.4647549218212063,0.17003871106423307,0.04806591688455566,-0.2594398372814769,0.475606997778042,0.056132988179426295
['Muddy Waters'],[608701],-0.6669024484012088,-0.5719758993917529,0.1828990371297676,0.1814844035005871,-0.6611966017994831,0.663924717904605,-0.055527610125837706
['Muddy Waters'],[608701],-1.199251912906037,-0.18595319667451365,-0.011430647214353423,0.1035977399705368,-0.26713486049483515,0.7343984247244553,-0.09232776592967111
['Muddy Waters'],[608701],-0.2490967710066987,-0.5075558757399107,0.23968784893354778,-0.1075587745149203,-0.2591575167648023,0.7371702529195083,0.21546530676500708
['Muddy Waters'],[608701],-0.6049211553301506,-0.2670768413128964,0.27465952017670514,0.051871330343617496,-0.08039848166473682,0.31616510272045506,-0.054769792867553596
['Muddy Waters'],[608701],-0.7056041370691234,-0.5879245957324494,0.27962702583102017,0.05376042930851596,-0.03320467458766726,0.5992086045202153,-0.10104997459211167
['Muddy Waters'],[608701],-0.9178904404670928,-0.08295478793025791,0.5633924131708922,-0.11033439949835022,-0.0381687905420251,0.6743050706450217,-0.2210574777691296
['Muddy Waters'],[608701],-0.6886257587023185,-0.48337970741224573,0.12188293185635146,0.10221231474879937,-0.3145513794969409,0.5583646979758214,-0.04037251758297612
['Muddy Waters'],[608701],-1.2632498095975355,-0.23372861500559836,-0.005930922013435295,0.036856520103293634,0.18886957303025756,0.7506409175112353,-0.13589707597529518
['Muddy Waters'],[608701],-1.0473891130416613,-0.10354708014960629,0.39922079094023627,0.2572021804491505,-0.4790034445087708,0.43105335600488837,-0.3320251222133599
['Muddy Waters'],[608701],-0.6152099712276462,-0.6417189416739099,0.16684280991686168,0.18914123410692213,-0.48863477698863844,0.5685460954017952,-0.07609925052157593
['Muddy Waters'],[608701],-0.16852025259127856,-0.2839414242124284,0.16972368813671818,0.041655207763680896,-0.2844618416114794,0.41886665185941624,0.1069983227151345
['Muddy Waters'],[608701],-0.5414255252794075,-0.800863046127066,0.2785678074858619,0.21069969709222072,-0.6487098714735408,0.7502721801746484,-0.02133668070210879
['Muddy Waters'],[608701],-0.7218534808342183,-0.6132614328589865,0.25017383887586936,0.10741721193866974,-0.0327226104430646,0.5564248356083334,-0.16078441329780896
['Muddy Waters'],[608701],-0.6059296785783975,-0.3578339012980374,0.2571127026516685,-0.12769524106279914,-0.32186607289665464,0.7935964328939256,0.04743144318611603
['Muddy Waters'],[608701],-0.9813360822645397,0.00573022956259611,0.558613513855892,0.1504951232966632,-0.8384552699306083,0.6339523111650887,-0.217043978181069
['Muddy Waters'],[608701],-0.5832728775547101,-0.5186967914734985,0.2745897666301071,0.12548762533609886,-0.32537279152964677,0.47177899079168006,-0.07441792142833349
['Muddy Waters'],[608701],-1.2649941788395913,-0.15748546250750728,0.06423724903962244,0.28608296562842256,-0.6248216687133251,0.5724897713317498,-0.15539984583826663
['Muddy Waters'],[608701],-0.6763941503323136,-0.37818535546462584,0.711394615383244,0.02153861186091562,-0.05467847322062623,0.5019685661103915,-0.3111923839758074
['Muddy Waters'],[608701],-1.1369341671615136,-0.3071124946407455,0.2892361685788233,0.1866404977756116,-0.3597309421828227,0.6199738832384422,-0.2937775696976394
['Muddy Waters'],[608701],-0.9974376924341416,-0.46453980976343673,0.22858551317349426,0.13116306052305735,-0.18400042691629448,0.6630893210966408,-0.23249030858147207
['Muddy Waters'],[608701],-0.5230913945972777,-0.8269921445801066,0.30780248397271637,0.1514585407756997,-0.03562735929255507,0.5875428053750211,-0.07784512518379405
['Muddy Waters'],[608701],-0.7592528340666684,-0.6299861353268927,0.22753244854442412,0.19996677997832066,-0.7315359884095559,0.7274847761550589,-0.09553241363358676
['Muddy Waters'],[608701],-0.69456309620443,-0.1414313585477617,0.5842273048608002,-0.1773678771053283,-0.32033175874724873,0.8435056934864105,-0.12172019546811703
['Muddy Waters'],[608701],-0.7480830503620336,-0.8076082597475225,0.2389440650786945,0.2528867024711694,-0.27992711487793714,0.5942631363210908,-0.15022639992952191
['Muddy Waters'],[608701],-0.9745241208886226,-0.19081139477280695,0.5599830986718727,0.08513305814954858,-0.19887206882746383,0.6099412754691566,-0.2503096587893961
['Muddy Waters'],[608701],-0.4014073484294354,-0.23458857954361517,0.12918419271210288,-0.08803181151874263,-0.2507087975028514,0.7214966486974298,0.1459205425830109
['Muddy Waters'],[608701],-0.8735473420289094,-0.5887654144360829,0.31026173936837403,0.04655220627388065,0.0817409025290176,0.7208381460317822,-0.18679470029378625
['Muddy Waters'],[608701],-0.4505288316839433,-0.7124380410914968,0.2488863593639324,0.03340515383186821,-0.050102752725680745,0.6154027793892136,-0.019730480518045098
['Muddy Waters'],[608701],-1.0081251197303138,-0.45797965165211724,0.2696267587096045,0.1274488605231486,-0.1836731232711547,0.6688373639547449,-0.2507409627643359
['Muddy Waters'],[608701],-0.6053530387711668,-0.5395839896078221,0.17146360819682296,0.010450810388608399,-0.7529289901479086,0.8840128842259461,0.07838150294819074
['Muddy Waters'],[608701],-0.784269861553005,-0.48873738803531563,0.3104581498941184,0.07256949199229366,-0.03703011209575243,0.5015162998219888,-0.21302631623649743
['Muddy Waters'],[608701],-0.9955297258996538,-0.18855773300548717,0.3880880403439696,0.14063925698500393,-0.6487116793762437,0.6700511942959284,-0.15287339855876875
['Muddy Waters'],[608701],-0.4349792798116762,-0.47441743682997106,0.20131947976048867,0.11664219419087095,-0.2604471406040191,0.36093607502358405,-0.0016824637479413093
['Muddy Waters'],[608701],-1.1864600710415167,-0.25884268468093985,0.4156890994833932,0.30622769653803183,-0.79749281604682,0.6771566954441309,-0.3777982879833075
['Muddy Waters'],[608701],-0.43238140373470374,-0.6995804703396875,0.26837197240864374,0.062008996034159665,0.1190640251258862,0.4615592758426323,0.009433106769922584
['Muddy Waters'],[608701],-0.5092720184196727,-0.5254712994765582,0.18629516944427119,0.08430795193652073,-0.069488334236337,0.36783673825564356,-0.027025271939421693
['Muddy Waters'],[608701],-0.5805067873663448,-0.14586835657393346,0.4291728351898834,-0.08503399257600511,-0.6918559151176162,0.7891282490021664,-0.04313016300360244
['Muddy Waters'],[608701],-0.832200790521369,-0.39651740073681596,0.26982742173569507,0.041165828356850634,-0.035431742582435644,0.5645582479567353,-0.16020167162579937
['Muddy Waters'],[608701],-0.896245477694304,-0.028795859246893745,0.45360939853187787,-0.02168414180567279,-0.05067799504752356,0.4892516774630428,-0.13402637253775507
['Muddy Waters'],[608701],-0.8115995383418628,-0.5364289637086426,0.20684497501802124,0.18405789764597494,-0.5628830282175249,0.6162516661317707,-0.12708723672825553
['Muddy Waters'],[608701],-0.14300377763914462,-0.36119175599927955,0.20465714216378844,0.02539625839541494,-0.28616248539247485,0.41365803351376357,0.14574063590242803
['Muddy Waters'],[608701],-0.2191057781324478,-0.19709184732086962,0.04530137043454537,-0.01530189727342966,-0.21107438449095886,0.8745756964611043,-0.07649617714007372
['Muddy Waters'],[608701],-0.08524032533307546,-0.42340163968453876,0.2330855198702408,0.16307023415590416,-0.2432214041159416,0.4894559962828504,-0.13847233578454457
['Muddy Waters'],[608701],-1.196665802527278,-0.023845401718515683,-0.05999761215662041,0.04134999697109933,0.16867986757308417,0.6048607757060128,-0.03439498514385019
['Muddy Waters'],[608701],-0.6826961206392638,-0.628487273961111,0.1941850049574122,0.16640959478413378,-0.03466421576739854,0.455522638894633,-0.11850224096870801
['Muddy Waters'],[608701],-0.44707389601132635,-0.4094278865853513,0.2559069978219533,-0.12346707101711002,-0.16588967032301383,0.6300783490024078,0.04549799976070162
['Muddy Waters'],[608701],-0.7159714809487807,-0.436089199358508,0.2788876921838379,-0.07489720660889126,0.13489429820894916,0.6129829189506206,-0.10504700330136096
['Muddy Waters'],[608701],-0.671754935210688,-0.6680132569314529,0.237926421538433,0.1149923515195494,-0.03542696889980914,0.5167604735252688,-0.14513555346879076
['Muddy Waters'],[608701],-0.7792849300718564,-0.3636964888057418,0.3150890752946936,0.03635342397727626,-0.645352405936545,0.8454740274350319,-0.1821189556290669
['Muddy Waters'],[608701],-1.0268587836510898,-0.4954697503630941,0.5023541749136179,0.24301910369368301,-0.7951627520542709,0.7765537993326523,-0.39663720958881
['Muddy Waters'],[608701],-0.6030740860931819,-0.5317353530081322,0.2269704691995512,0.11248881889464957,-0.051123440233997,0.4906373347703549,-0.01433082933541137
"['Nancy Sinatra', 'Frank Sinatra']","[366407, 792507]",-0.761187994909855,-0.2560683167194625,0.1283086145112722,0.12265842286900776,-0.7687654829400661,0.568334868484846,-0.00954332490067866
"['Nat King Cole', 'George Shearing']","[317093, 642664]",-0.08288719766714739,-0.19642865895221506,0.2039244073091657,-0.03326074329514102,-0.598785757001796,0.22519261514488828,0.07913948008421219
"['Nat King Cole', 'George Shearing']","[317093, 642664]",-0.15631452496401066,-0.18034181697949694,0.18586767540175247,-0.0826530432193442,-0.6702316149066202,0.4127851552363544,0.14070997433586493
"['Nat King Cole', 'George Shearing']","[317093, 642664]",-0.3604626336236916,-0.4169326830187247,0.2785373206536577,0.08125818643524947,-0.7979810638096219,0.5764348132058245,0.0367316053142174
"['Nat King Cole', 'Natalie Cole']","[317093, 74195]",-0.30976855706038936,-0.10586029034424312,0.19109309206819128,-0.1658016455494452,-0.04093706202022484,0.2876340460121454,0.0600608242332003
"['Nat King Cole', 'Nelson Riddle']","[317093, 322027]",-0.6189201248734453,-0.432902659804706,0.29500294382797804,0.008417641945304314,0.11741745348257698,0.4587782119176201,-0.11043980368632561
['Nat King Cole'],[317093],-0.11827611257656674,-0.27067446750131086,0.06287172141851295,0.20009845278647984,0.09811646479003074,0.7177818360754735,-0.554598770230962
['Nat King Cole'],[317093],-0.6087838456380206,-0.7010260165758798,0.2101735638466572,0.08375549618787881,0.13710750538594033,0.5071621366870768,-0.06696760886781278
['Nat King Cole'],[317093],-0.15364248736483554,-0.20488933904794973,0.08953196757392341,0.13653106033755177,-0.20901703131804394,0.6324577085503067,-0.39003888700969697
['Nat King Cole'],[317093],-0.6416228393755938,-0.5209092350703318,0.12462783351557549,0.0580127854718221,-0.3015815561198457,0.7190550986175052,-0.02945763287993936
['Nat King Cole'],[317093],-0.24446272795566337,-0.06391294948892937,0.26417763364311786,-0.1599858823138982,0.04916273795645677,0.24054111529546393,-0.04080366372215842
['Nat King Cole'],[317093],-0.6510149470597676,-0.6735511225066806,0.22000195857665414,0.10176182793097595,-0.4690618612163695,0.8048508587679947,-0.022668052149145287
['Nat King Cole'],[317093],-0.5840714285467768,-0.3829256772479773,0.18656136562795292,0.022629358182614367,-0.3351184681299329,0.5472802973999641,-0.01308686414028497
['Nat King Cole'],[317093],-0.44332239999562084,-0.27075448602524416,0.22739091754421023,0.035128584826570525,-0.6271280295262669,0.4816053693930608,0.016084484356929617
['Nat King Cole'],[317093],-0.7137161444418624,-0.33775671173519206,0.1785337250029831,-0.00203062202447872,-0.1466754917229168,0.5279146917943971,-0.038150139421948295
['Nat King Cole'],[317093],-0.6721495800271728,-0.7340764164894432,0.2171672472388213,0.09988308579407794,0.06007686805348518,0.6025712502372716,-0.09192133951624211
['Nat King Cole'],[317093],-0.33580037987257527,-0.10167998780976685,0.1324084476641548,-0.0037421479702116124,-0.39964090218426596,0.20103691999564907,0.04962409855472231
['Nat King Cole'],[317093],-0.32614618001733997,-0.11931731563333073,0.35163345924905676,-0.05059982460706682,-0.5707611487506417,0.3607972228704843,-0.06494887780179395
['Nat King Cole'],[317093],-0.5057726794722617,-0.02391779159022286,0.2170168599460258,-0.1748915172263497,-0.8137850926542447,0.6910965394561496,0.06970772830744026
['Nat King Cole'],[317093],-0.24530254347774358,-0.25955423684565293,0.20156407719702774,-0.16098750819456514,-0.034272647603972826,0.3661382922457221,0.05184082728089952
['Nat King Cole'],[317093],-0.27104561876541944,-0.33016562527456195,0.26233307768036557,-0.047736360261173304,-0.19098263165653057,0.40180889496372485,-0.0443069334986993
['Nat King Cole'],[317093],-0.7287529588914762,-0.42055712429780623,0.25271343199964263,0.020490113772658438,-0.7490001043632912,0.8657057500815919,-0.03897001993132703
['Nat King Cole'],[317093],-0.6394492407015846,-0.4729156856957888,0.1970309923313226,-0.060928508397639095,0.1512667213758556,0.7388180854562368,-0.09964186134816572
['Nat King Cole'],[317093],-0.48740824427075047,-0.4477851456994068,0.16506194214084524,0.26941862160363944,-0.7285459480943863,0.676112369920259,-0.3947416604655429
['Nat King Cole'],[317093],-0.800537262241164,-0.5795235500682407,0.39048441770425213,0.16084419020510707,-0.2851046850964237,0.6432861836412255,-0.30610683608861516
['Nat King Cole'],[317093],-0.6940623147062989,-0.41566908707490147,0.15001964996821832,0.16213389895578312,-0.5013231022101956,0.45358980884463884,-0.07856017385672369
['Nat King Cole'],[317093],-1.157800372236835,-0.46001419258837056,0.18240223464171032,0.29586546315589807,-0.612686132828821,0.6852390442890539,-0.25565237737437685
['Nat King Cole'],[317093],-0.5827849996789591,-0.4335334150502239,0.1670516600707877,0.061875419307888875,-0.4222136401438107,0.5283623108539977,-0.026984342686520193
['Nat King Cole'],[317093],-0.4464602531312774,-0.6790969214486372,0.23728014124330532,0.06387281867633032,-0.5823187406686053,0.7833196377588129,0.054982266958941324
['Nat King Cole'],[317093],-0.41894591305274753,-0.2864034099226728,0.2721696014600351,-0.07437330668182934,0.07825792491153437,0.34489216479677126,-0.003868938851533204
['Nat King Cole'],[317093],-0.367764523185141,-0.115935202114559,0.10146471596396345,-0.15295092899610582,-0.5559659733160169,0.6097311504881219,0.19026621225248003
['Nat King Cole'],[317093],-0.7140717216699628,-0.5101075350530823,0.45016900479885985,-0.01740640748962496,-0.29683103264211347,0.8778107823780397,-0.05666125332136202
['Nat King Cole'],[317093],-0.8628074759579822,-0.4424758524960726,0.2525522510750172,0.10634166071349367,-0.7289127511173907,0.8564091667564169,-0.11626013610197133
['Nat King Cole'],[317093],-0.5793919356297288,-0.4432634545257033,0.14406052230692248,-0.0004291749964488966,-0.32702784604193486,0.6277458997178156,0.025209566454365014
['Nat King Cole'],[317093],-0.43148471790576753,-0.04160458649222581,0.2307987755784026,-0.09758027676607034,-0.20951832015773644,0.2742802609821066,0.005485725103920441
['Nat King Cole'],[317093],-0.5985801427318349,-0.3010590280796768,0.12170220054008014,0.015934237633065687,0.09845665935252967,0.3180971725023668,0.01196666069168122
['Nat King Cole'],[317093],-0.524475143611359,-0.2927213377917979,0.27182530044264575,-0.1987561959172165,-0.16563320769628,0.7338063384397677,0.01245194488995598
['Nat King Cole'],[317093],-0.4623838926486239,-0.18486182154952807,0.4705860463579103,-0.07346424130040573,-0.5434869663549438,0.5240335272790849,-0.16648716016735432
['Nat King Cole'],[317093],-0.47291855094711527,-0.30276377753096034,0.2436928971217546,0.01228685437987494,-0.6236360886408505,0.5028641564268608,-0.026153130314365832
['Nat King Cole'],[317093],-0.5326152702137013,-0.14751863569149964,0.08858229731919759,-0.19203393772813723,-0.17708208629843122,0.6349177774999742,0.12227437700281515
['Nat King Cole'],[317093],-0.46443336222913656,-0.30341751815910095,0.1420607995480524,-0.03634358161073001,0.08102691338311856,0.3268218525462756,0.02076892864554492
['Nat King Cole'],[317093],-0.4700474128323096,-0.12021912510317607,0.5790882864765301,-0.16899142002660816,0.07549024027791557,0.4026489373417176,-0.16490564777132233
['Nat King Cole'],[317093],-0.4508821079034169,-0.36107927421893854,0.27131080487037357,-0.028549200276952,-0.091802828171765,0.3789507857892444,-0.05161028887284194
['Nat King Cole'],[317093],-0.5882986625455178,-0.41735122594613383,0.24324515293854712,0.09750802781049193,-0.599929952622087,0.559273885007268,-0.09503989034683125
['Nat King Cole'],[317093],-0.7468171232399675,-0.46598302860728064,0.3118523234508176,0.1325541416742715,-0.48061895627104256,0.6628449544377034,-0.16200968406206712
['Nat King Cole'],[317093],-0.6739685683775962,-0.4496941025650362,0.07663503171644691,-0.002036586242213032,-0.04501467226585845,0.7035039471285679,0.05799515733531302
['Nat King Cole'],[317093],-0.6777342225554999,-0.45464826233751104,0.14927473854781528,0.049392187853761614,-0.05140821725945195,0.5433436222602248,-0.03418696481395877
['Nat King Cole'],[317093],-0.706171832358467,-0.7649420470642806,0.2753746402714256,0.08167910912027766,0.16537504112740248,0.7189899109851874,-0.0062804671468275584
['Nat King Cole'],[317093],-0.5686008617570492,-0.5213603693265618,0.18702847617907103,0.08962082859738592,-0.3259831828867401,0.5483437537736273,-0.042403237447165884
['Nat King Cole'],[317093],-0.19072698223504758,-0.18741578192942315,0.20527788729360633,-0.2736858330616501,-0.12012273773717251,0.6077610780542048,0.23479187661505924
['Nat King Cole'],[317093],-0.35433981700327016,-0.036125940542204374,0.17038284452250346,-0.05249261720597853,-0.5745420570029605,0.33721609413560977,0.0391433638148433
['Nat King Cole'],[317093],-0.6325444278875684,-0.39845332513988324,0.18824024702363132,-0.25251110819555284,0.12826191316906496,0.8749139292894232,0.038026305688631086
['Nat King Cole'],[317093],-0.9608009909041062,-0.6986872686431846,0.18720260705965006,0.2288121940561354,-0.439172774313523,0.7214084270087542,-0.20994895385943013
['Nat King Cole'],[317093],-0.793156637587605,-0.7911255666013061,0.266983273287757,0.1717533425896842,-0.2694829848035613,0.7723563944791403,-0.12884934990038466
['Nat King Cole'],[317093],-0.6047088840025251,-0.7410903966826716,0.20437045418121677,0.09991565673749174,-0.03471478852428037,0.5958745256281244,-0.05726606284045502
['Nat King Cole'],[317093],-0.6795756950044393,-0.45864026338200253,0.19123798701619094,0.13305308813097924,-0.7650893337793865,0.621023571019543,-0.1188094647580861
['Nat King Cole'],[317093],-0.7253967869529315,-0.5789914979057541,0.42293860994553806,0.05567196736465765,0.15322832072268006,0.6852181015868634,-0.004810009191658719
['Nat King Cole'],[317093],-0.28694009842268564,-0.39302898374045614,0.22123180862875855,-0.015563887185399755,-0.541162724933857,0.5500690476577493,0.1308881486895444
['Nat King Cole'],[317093],-0.37270067265852885,-0.2899727314190541,0.21912688738695818,-0.01694159789882433,-0.6277052118612696,0.5812846594258053,0.0967056225963748
['Nat King Cole'],[317093],-1.0160193345450197,-0.37815173079969705,0.21637051219067374,-0.02423700145299777,-0.3628536962947182,0.8997305049257743,-0.14182176119874426
['Nat King Cole'],[317093],-0.790439395222709,-0.4412330100972647,0.2995081246648221,0.15627978604358192,-0.48083856800062924,0.6070705793424722,-0.1462935399245422
['Nat King Cole'],[317093],-0.4163242761792963,-0.23587956257406797,0.18192190443711878,-0.04494471370482449,-0.28556058494118663,0.35828193919043766,0.03460709335155935
['Nat King Cole'],[317093],-0.25583999049345824,-0.34250153845717773,0.21422929782213973,0.0583051419890373,-0.827352280449444,0.4219141347443099,0.010178265826893691
['Nat King Cole'],[317093],-0.506214049471072,-0.6079629650852416,0.380385269029994,0.11609837968552113,-0.32768995928107886,0.5101748939006154,-0.1287555454062876
['Nat King Cole'],[317093],-0.35522513921974985,-0.007517381677733506,0.2388168597334924,-0.037980350555611636,-0.8478059718049155,0.35934573994684627,-0.007993863067666092
['Nat King Cole'],[317093],-0.5615672848623515,-0.5444921380543266,0.3458025414957757,-0.05126159937309535,0.11913867263470981,0.5482007512850693,-0.13559558465051635
['Nat King Cole'],[317093],-0.6252106451991902,-0.3749206177768722,0.1337840476480801,0.10314160748918327,-0.60358888322849,0.5017706659675899,-0.04401563819736003
['Nat King Cole'],[317093],-0.7291077646881299,-0.2516577183759899,0.22159201613638974,0.10092459920237352,0.10706499006002321,0.2429819213830608,-0.181584306002111
['Nat King Cole'],[317093],-0.40402385577546657,-0.3677975657810494,0.15676108298019462,0.09394906280674173,-0.8051622363750018,0.4978111641010774,0.03407681335506826
['Nat King Cole'],[317093],-0.725498585421481,-0.29574778221559134,0.2965892533834814,-0.055624691911113106,-0.14121160330073862,0.6370867985063144,-0.07031452735500587
['Nat King Cole'],[317093],-0.7142252825521449,-0.7566269705715081,0.21895873222832166,0.17584962100215212,-0.455587933503339,0.7785535515299029,-0.06940676586357976
['Nat King Cole'],[317093],-0.6545669637992849,-0.6949856368269278,0.331968532059297,0.01744862689068629,0.14942515638910006,0.6650983939493059,-0.12329565630385082
['Nat King Cole'],[317093],-0.49998954145353697,-0.6953963538437785,0.361460006072819,0.05164751123656116,0.12740177200463676,0.539994916538027,-0.04407185815032198
['Nat King Cole'],[317093],-0.3391156762124866,-0.13256176585000432,0.15520680635775555,-0.09996056312682218,-0.21317054576848782,0.30495336310159027,0.065121888962518
['Nat King Cole'],[317093],-0.9532086146792592,-0.31994071261622814,0.41851943757768945,0.08455988518836734,-0.46662266395556984,0.7136845741940504,-0.2945129989620194
['Nat King Cole'],[317093],-0.5556455736509262,-0.13949874148398056,0.2219698093212909,-0.0878046881865291,-0.5356538170563768,0.5622701201230352,0.008165005304019876
['Nat King Cole'],[317093],-0.14342944340968336,-0.2705830543661271,0.23435688054040235,-0.1303779224920099,-0.04631417746484913,0.28474120674250336,0.08197011967560043
['Nat King Cole'],[317093],-0.6676653093086548,-0.5019425895342657,0.3108769455630188,0.12890574409832933,0.1357694267975982,0.4670490726467337,-0.03588323632198746
['Nat King Cole'],[317093],0.06505243625572206,-0.16012359151631156,0.03754523719284974,0.0628352187973785,0.18111507971528149,0.9040061571752227,-0.45179154284456613
['Nat King Cole'],[317093],0.13141636083921376,-0.03368566630501117,0.02028603895858528,0.1014234530612608,-0.2823913324978784,0.8922374697229016,-0.40955715632684264
['Nat King Cole'],[317093],-0.2950281037437594,-0.2039054377963368,0.18333281968476015,-0.143826135836588,-0.3790709787357929,0.5202104017583109,0.13055462840044751
['Nat King Cole'],[317093],-0.35501352906486433,-0.18079870823247796,0.15438975453627496,-0.2984420592748532,-0.016453783358276124,0.6250780956369878,0.17796152504445517
['Nat King Cole'],[317093],-0.3677060751360071,-0.33034451927390657,0.19068253992815154,0.04435842083312233,-0.816665829207879,0.4478882210563046,0.013471713659663095
['Nat King Cole'],[317093],-0.28544984815780655,-0.24752860783439984,0.194535673887871,-0.1301887544098212,-0.6448841397700967,0.6107003322081243,0.13625627236928672
['Nat King Cole'],[317093],-0.37230855613998315,-0.14848589770387055,0.15237469140056834,-0.29055142267020084,-0.1100486874492491,0.6020620935650502,0.1472194050812969
['Nat King Cole'],[317093],-0.27339410707020056,-0.14896303670064046,0.16958932274394956,-0.07983130431818418,-0.6647130203762525,0.3873459926866604,0.09776461065746436
['Nat King Cole'],[317093],-0.2994744436288993,-0.06956437856233208,0.20173448966932603,-0.17684307168202926,0.041874771880375125,0.2291255030611545,0.05026217006170413
['Nat King Cole'],[317093],-0.5448330992193899,-0.50107004010837,0.19206912283763497,0.06417400551457264,-0.33115131254722974,0.5478325937017388,-0.04126025651370076
['Nat King Cole'],[317093],-0.22990899877230722,-0.252475487953988,0.2328434300650166,-0.12743693789575836,-0.03708986981193706,0.30056458529252605,0.059232100486172785
['Nat King Cole'],[317093],-0.6017216286348722,-0.5700361812645593,0.19229171432647388,0.1276063273308593,-0.7665950012588161,0.6417157270990197,-0.07847107592030578
['Nat King Cole'],[317093],-0.5400431017228826,-0.23721260972619265,0.27750539594060974,0.043269069297700406,-0.7118316342927521,0.4676237157032449,-0.06557342853700655
['Nat King Cole'],[317093],-0.214904396459924,-0.1906192486320528,0.3147241469062769,-0.11444337137517414,-0.3987481262059844,0.3856090230592177,-0.01322031543749403
['Nat King Cole'],[317093],-0.6361740481039236,-0.47393801562011634,0.190922804612914,0.07954273501625111,-0.24044398164626232,0.4662226173001595,-0.08242212189677618
['Nat King Cole'],[317093],-0.08257632849894475,-0.2331188170538104,0.0176530325103245,0.12108770533066672,-0.24378154430059984,1.0903355757396838,-0.4171548468750976
['Nat King Cole'],[317093],0.11215678329767682,-0.13600262026410745,0.04719170417978803,0.17725149269104643,-0.27186560293451323,0.8669359243044475,-0.45341311889462754
['Nat King Cole'],[317093],-0.17727626472612162,-0.462430319318716,0.04969441012622394,0.2910871630986067,-0.3898698049029581,1.130969791378509,-0.5213835105268471
['Nat King Cole'],[317093],0.17939577878905094,-0.1648745970355277,0.10112036961683282,0.23598030799815828,-0.2886765690959787,0.7024071677807762,-0.5267286956922417
['Nat King Cole'],[317093],-0.12050332476913596,-0.5336422552146892,0.11515263677666543,0.3694625984872675,-0.39870131723421504,0.9841647663003339,-0.6371740511844649
['Nat King Cole'],[317093],0.20561959601392138,-0.22105060785097683,0.08954017495306434,0.1629576914495226,0.14888995144343872,0.6098030055759082,-0.45919674513695846
['Nat King Cole'],[317093],-0.3467085315370477,-0.6985436545314295,0.28816504558294387,0.1087486466309545,-0.3358358195610718,0.5383542049135494,-0.017596368130516224
['Nat King Cole'],[317093],-0.4003383075925204,-0.6636584303565765,0.24200454890488785,-0.010700717665741282,-0.3218365537102752,0.7782669076531294,0.06088199273690106
['Nat King Cole'],[317093],-0.20584894638051304,-0.48199152024723424,0.0598717157815572,0.32181677510188805,-0.46864458998232633,1.1775109213447483,-0.577577882523012
['Nat King Cole'],[317093],-0.35474363363128764,-0.6106108206091833,0.22199258636731353,-0.08219027787821495,0.1245732648545979,0.7337672061974286,0.07146478350775808
['Nat King Cole'],[317093],-0.07749734984139105,-0.4130973879001927,0.25218233576833365,-0.025746918177275212,-0.38969708012380033,0.40975169434531067,0.09816856426392101
['Nat King Cole'],[317093],0.12723378464600396,-0.12065044954609132,0.0509271350204566,0.28818996084929716,-0.7325615496117828,0.767317341486826,-0.5527966486455796
['Nat King Cole'],[317093],-0.44916116634049114,-0.11004756844435969,0.21726010160939596,-0.17144755739703746,-0.19722575407821216,0.44945764006614397,0.042286827523211654
['Nat King Cole'],[317093],-0.4420775847441339,-0.05374677779735078,0.2838037740485087,-0.24241090420032446,0.06837193720196581,0.4612446480075976,0.044614402797227164
['Nat King Cole'],[317093],-0.49879526555875975,-0.4247342567949594,0.18303268462340888,0.03009007845611698,0.1015866109104022,0.37150997271030456,0.029451843358531134
['Nat King Cole'],[317093],-0.38091357551055255,-0.0016362467820141525,0.2993258381881312,-0.16270475288728786,-0.1313685090325871,0.2636552106739135,-0.04023776664120037
['Nat King Cole'],[317093],-0.659974712288101,-0.4957209315143056,0.14613441667589652,0.16354841184437988,-0.7633849264788405,0.6314146741847534,-0.0852662472685298
['Nat King Cole'],[317093],-0.7310072173605693,-0.751743561414578,0.24821906785183911,0.17704898464093508,-0.45328362557095475,0.78608267850047,-0.09147077802794351
['Nat King Cole'],[317093],-0.27747079762097443,-0.34046007639629816,0.3106496734089205,-0.13192891681100347,-0.19422870227901573,0.5229057115541587,0.0324928447300162
['Nat King Cole'],[317093],-0.8899334921122104,-0.34371236682124134,0.8732356005984111,-0.17531289435746045,0.16998813279309383,1.0556746530176981,-0.17962290249399185
['Nat King Cole'],[317093],-0.31043182842421707,-0.14932805996638382,0.23038017673836617,-0.12317395049494655,-0.2144193962164389,0.3369652145586321,0.0383300659432348
['Nat King Cole'],[317093],-0.8002388010756672,-0.7418270407259588,0.28166571719516703,0.19760137186489746,-0.6346494192273594,0.77754219115991,-0.2030367078744287
['Nat King Cole'],[317093],-0.5226000899254583,-0.25297679520123045,0.26403078667245294,0.047243831790786776,-0.8002211820360784,0.5163758653661242,-0.08661787638051309
['Nat King Cole'],[317093],-0.7690935897754629,-0.4614789927595363,0.14384081163706702,0.07953006155125444,-0.3089158738176996,0.6051878369619834,-0.1151069988831413
['Nat King Cole'],[317093],-0.4252343204367748,-0.47564078508001245,0.206337843274078,0.020055030650642135,-0.1688224157480143,0.45175922625716713,0.01570864712413425
['Nat King Cole'],[317093],-0.3423193673089173,-0.46232233159105485,0.20540586200784425,-0.04502753256935908,0.09382013227550245,0.4569311837620914,0.13442118982302548
['Nat King Cole'],[317093],-0.4447962607797007,-0.4868017274234462,0.23057245384702166,0.05537279549762844,-0.7817522607514573,0.700169926340407,0.04901182041733842
['Nat King Cole'],[317093],-0.10551718272099768,-0.15290546250358117,0.2395685836001334,-0.08864825605357683,-0.5909391017402564,0.3671547893200033,0.05988997552143068
['Nat King Cole'],[317093],-0.049532167860863785,-0.4065265681695055,0.2618026763698771,-0.09458508047646084,-0.03866307238983539,0.3414124077955351,0.07099571636401468
['Nat King Cole'],[317093],0.1683696396468091,-0.10871184934741597,0.10627023778883811,0.2810484566039953,-0.5508308863401655,0.7479957022945493,-0.5896762415898921
['Nat King Cole'],[317093],-0.37502152727891314,-0.5986191096349738,0.2893362805303059,-0.03782895495224437,0.022378530472951342,0.6234317286237571,0.08183488788560551
['Nat King Cole'],[317093],-0.5116255100344338,-0.7056056055151445,0.2715064516822002,-0.036385031168392486,-0.47746045454326186,1.0219708028840209,0.07341834739705452
['Nat King Cole'],[317093],-0.33974787939858025,-0.6660187968856583,0.10913356870244557,0.3039673527628268,-0.4008192121638505,1.0482709295426098,-0.4824783622214701
['Nat King Cole'],[317093],-0.07064400132526436,-0.32556911308873115,0.23358476829284136,-0.008034580920815697,-0.670551672731692,0.3702877631571769,0.07783661299854427
['Nat King Cole'],[317093],-0.6399130741039625,-0.3133603111486294,0.07874005119627345,-0.15221436069023866,-0.32812750770548665,0.7949239431408011,0.07588895923385411
['Nat King Cole'],[317093],-0.44371821746270973,-0.08796001799732178,0.21559163789823207,-0.09910816908867959,-0.38192487871514025,0.40753885065421974,0.025299642963288096
['Nat King Cole'],[317093],-0.5666653481771249,-0.12487358709461721,0.18887096127842265,0.057724005478894266,-0.6343706541822018,0.34695559133557746,-0.0768652546590874
['Nat King Cole'],[317093],-0.73403878700236,-0.44064748823428285,0.09364562609617093,0.022507632675891558,-0.1345894291092082,0.6084639314832224,-0.0335756071284536
['Nat King Cole'],[317093],-0.7589348030458185,-0.40501652256802567,0.19515966701409992,-0.06908556188067402,-0.4827814013887426,0.859710904108293,-0.0060300958929431665
['Nat King Cole'],[317093],-0.2399825388134475,-0.10346812838605324,0.14786727609026612,-0.21570419242369845,-0.04129384449943916,0.3986628936827395,0.16610313275736585
['Nat King Cole'],[317093],-0.34690418830980435,-0.16698402884792463,0.22335089287167367,-0.01582025271462566,-0.6541942932208773,0.37290651784348755,0.004729621182063083
['Nat King Cole'],[317093],-0.36962195902100564,-0.11378499559935511,0.11597892690215729,-0.17212036120336532,-0.03144034634051108,0.3441434541630159,0.12184402090806856
['Nat King Cole'],[317093],-0.28290588389938015,-0.13612587768880569,0.15374708341191035,-0.1564952327030957,-0.032695426977550616,0.3657834632309682,0.1543202207954152
['Nat King Cole'],[317093],-0.35504822361136645,-0.023542568732306594,0.1483179185249439,-0.05597791734535928,-0.6718582148799118,0.2893304120223287,0.02572006949433058
['Nat King Cole'],[317093],-0.494641204657002,-0.2951890408199116,0.1714911519404106,-0.06537440088048387,-0.092559282611671,0.40748289379680247,0.022179389160958636
['Nat King Cole'],[317093],-0.32889606844340086,-0.3718592815148409,0.22432564359965754,-0.01464135686868622,-0.8192139226246089,0.5294943367660953,-0.01884270966189918
['Nat King Cole'],[317093],-0.6088880376091232,-0.6531411390894568,0.19286306826759295,0.1506562792995228,-0.8478540236204954,0.7005733646890926,-0.12296553086999021
['Nat King Cole'],[317093],-0.15197286838812699,-0.10423391258090534,0.15185098075320513,-0.32802294157197875,-0.1306863597581064,0.5994620453131704,0.23674406162379943
['Nat King Cole'],[317093],-0.2690184913321426,-0.08955976986461568,0.24135355328783412,-0.09323606770159983,-0.31724464053313667,0.22934139772502277,0.026700815692860026
['Nat King Cole'],[317093],-0.21875168611906226,-0.25925320538405283,0.19329150682785073,-0.10892682688135161,-0.3080135401331688,0.3493724637971244,0.06467397320313084
['Nat King Cole'],[317093],-0.18888035618986704,-0.191088092614272,0.19250198453180878,-0.0933900775390062,-0.6724031179249704,0.39196782209779346,0.07358862844230282
['Nat King Cole'],[317093],-0.15800890737120069,-0.3822837479248397,0.2486849036628732,0.04860814329085772,-0.6650078587184821,0.282071643121179,-0.013325006274114691
['Nat King Cole'],[317093],-0.4480236154872797,-0.7393129486812501,0.32421855979573,0.09078318094264595,-0.32456275437593946,0.5816019603089116,-0.0984786200032974
['Nat King Cole'],[317093],-0.4758247017312843,-0.07580545903467048,0.12212717703516218,0.01468786476556464,-0.6504629427324786,0.32850100014521516,0.0038983120396356096
['Nat King Cole'],[317093],-0.31831039186513754,-0.020488657365393636,0.35751567055452865,-0.20210742971065537,-0.13731837529094915,0.2762297329827552,-0.02265126742291956
['Nat King Cole'],[317093],-0.5209066084643438,-0.6552483295324856,0.23024421200656067,0.07461506281960173,-0.056923853387469366,0.49510025746175346,-0.05132842557944632
['Nat King Cole'],[317093],-0.37303788947198274,-0.058495964908127904,0.18854347264503493,-0.14498212247509862,-0.6522270860694088,0.542535354770627,0.10576787732112969
['Nat King Cole'],[317093],-0.33213773037809013,-0.35932561949014824,0.22240747926554283,-0.06957912385845649,-0.01368225439501167,0.39238428289179883,0.06128040775256853
['Nat King Cole'],[317093],-0.703232599947626,-0.7578636769107518,0.3110173494140379,0.08636340394654336,0.16538067946323476,0.7255555334652575,0.009885068778654998
['Nat King Cole'],[317093],-0.281481783468506,-0.19450253438060242,0.17350097597248593,-0.09503028663816572,-0.3979184229801327,0.33015760422887375,0.05090832102416721
['Nat King Cole'],[317093],-0.18095999077372707,-0.22123604709054656,0.19951800009385343,-0.05425503096987048,-0.39970779450599764,0.3167877527426322,0.07586726668747318
['Nat King Cole'],[317093],-0.41960582995170614,-0.11066705434286879,0.5694301634103961,-0.15904895830562318,-0.10858724472616904,0.4154429819062775,-0.1615767406491064
['Nat King Cole'],[317093],-0.296374310147249,-0.0535740527525056,0.31250495934140066,-0.05425644403647185,-0.8446893825806538,0.39789144727232745,-0.0206938640570904
['Nat King Cole'],[317093],-0.44363585113806264,-0.7993158867984684,0.30163302019215893,0.16164931238258376,-0.31511244155684837,0.5641999417887248,-0.0556366498672099
['Nat King Cole'],[317093],-0.8774993993585922,-0.41549616260392297,0.3437555921164005,0.06885451977802418,-0.2928753255387328,0.6866735559791592,-0.16387272300155273
['Nat King Cole'],[317093],-0.388210329356885,-0.059142495609294105,0.1595917018363178,-0.12803914220597237,0.053337413723823085,0.21807723034686594,0.05575568369391346
['Nat King Cole'],[317093],-0.49617261260045453,0.03228349263650325,0.1074733737850069,0.023070784415109912,-0.5683034027085659,0.24172731275513726,0.013244712613269876
['Nat King Cole'],[317093],-0.9699360904079695,-0.6536699098567624,0.2587536449325959,0.2103255818264121,-0.4413610750991263,0.7243886022186505,-0.2523737811959855
['Nat King Cole'],[317093],-0.7752083052286154,-0.43171593004645853,0.3110376094514901,0.03949756252803173,0.13871602823641607,0.5282118186214378,-0.13736381221359611
['Nat King Cole'],[317093],-0.699388288596348,-0.6802468817441418,0.23912515092737052,0.05581517772327754,0.1517464640190603,0.6096173196321495,-0.0551031618103864
['Nat King Cole'],[317093],-0.03581110101225481,0.024973824973093587,0.0249773982598022,0.04142111205434424,-0.2973990685661194,0.7987034101663321,-0.3533296971046791
['Nat King Cole'],[317093],-0.2285102736511953,-0.15523248721947608,0.17693172331530926,-0.0989571346349937,0.07200112708689592,0.32855275123778077,-0.07136333910344433
['Nat King Cole'],[317093],-0.4653932614428612,-0.3708160258035022,0.2016829268524906,-0.050211185908884404,0.09493604754054637,0.4316978523655727,0.05850011859449173
['Nat King Cole'],[317093],-0.5472783390705576,-0.42500941966026534,0.2661095108023781,0.0971608847264684,-0.5211682486765056,0.4370946349836173,-0.102212712651542
['Nat King Cole'],[317093],-0.277247328666016,-0.10925817473440161,0.1742953006583155,-0.09873165935471181,-0.40227098210226325,0.29646394325559294,0.0651641611104316
['Nat King Cole'],[317093],-0.45959552539622417,-0.049033539890703,0.16830441674302077,-0.05875955590077951,-0.5563692648384556,0.42590961984177006,0.06762781651269083
['Nat King Cole'],[317093],-0.23949222308469084,-0.01933007593035906,0.15262484640752347,-0.13978600737801675,0.055471444859256,0.2540227144544358,-0.03214039194230974
['Nat King Cole'],[317093],-0.29236019724571527,-0.060996687911384094,0.16523637157884488,-0.1850280800860611,0.04345468642336332,0.2443856830308592,0.09472983518226123
['Nat King Cole'],[317093],-0.7893542337085394,-0.7984562750211031,0.27118517977372336,0.17116954421195882,-0.2691598535723542,0.7746890697631539,-0.13153932198189214
['Nat King Cole'],[317093],-0.41236846338270083,-0.2435944024760969,0.18205363501226643,-0.029918662571542874,-0.2848283042750141,0.34567218145599815,0.04789338606899292
['Nat King Cole'],[317093],-0.41931111015371575,-0.06548060834668068,0.2192662077747981,-0.1326891625159344,0.055183617662655185,0.26272991283482805,-0.010255835646014816
['Nat King Cole'],[317093],-0.6351055453944304,-0.7010000869488221,0.3274871629331458,-0.001171689323569997,0.1469388065665022,0.6778654158779777,-0.12155084126501962
['Nat King Cole'],[317093],-0.4911530914561357,0.13308440090562612,0.13134857911528475,-0.1633454479222599,-0.7381433557110403,0.5958388399742153,0.12236624320260342
['Nat King Cole'],[317093],-0.676471523649091,-0.7051671598769548,0.34674134333888035,-0.024907259620205492,0.1507439437703442,0.718801875649275,-0.1642928944824987
['Nat King Cole'],[317093],-0.26046061676978705,-0.20173384950623174,0.20229195364848318,-0.1489765538253764,-0.041740268427782924,0.2702001657526723,0.06994932620128033
['Nat King Cole'],[317093],-0.6452457719595474,-0.4048257962484038,0.19388043658278303,0.04876954019135578,-0.32040220790219576,0.586411221079558,-0.013624910108527347
['Nat King Cole'],[317093],-0.23520568424653113,-0.2075138554657363,0.14300252740547376,0.07110848960060265,-0.6233491487355133,0.4612816367142392,-0.12105531722453083
['Nat King Cole'],[317093],-0.6336830980069854,-0.5224647610736207,0.16212039470566744,0.12561860079050355,-0.5826499123053601,0.6163930552373783,-0.03921720858070568
['Nat King Cole'],[317093],-0.32267682628422756,-0.08810274359417279,0.15106815298129408,-0.0842870642348991,-0.30786866761659326,0.28754756063766296,0.055285805328015955
['Nat King Cole'],[317093],-0.3440052580597904,-0.14626914962904014,0.15831434610566802,-0.06683225216292306,-0.12434361664335504,0.2566554368092161,0.043960145180694125
['Nat King Cole'],[317093],-0.40239331240497894,-0.10829109107010113,0.17937995913101443,-0.10637894470675957,-0.3781847394735079,0.45386506381025504,0.08795209705886035
['Nat King Cole'],[317093],-0.43084680441090245,0.02839943958071296,0.09695243049697355,-0.02232926145302722,-0.6608996737523286,0.2906286292066891,0.0519163898835828
['Nat King Cole'],[317093],-0.6529865753722033,-0.5113774019215576,0.15614514350369665,0.14387622463116095,-0.5845019214515726,0.6086365674831679,-0.07621003230532948
['Nat King Cole'],[317093],-0.3633994869100753,-0.2986926899302823,0.20257007913927078,0.009538228316636557,-0.5527989461653772,0.4106973545185839,-0.015180266989635094
['Nat King Cole'],[317093],-0.25524055608425544,-0.2564346516515709,0.23899570518277666,-0.03806413121144218,-0.6576258344472474,0.40310649150716465,0.02593547169060624
['Nat King Cole'],[317093],-0.3136741400332956,-0.13308777495507834,0.15912586730597403,-0.06362749958290857,-0.659522752997732,0.4128543181131842,0.06250979284844428
['Nat King Cole'],[317093],-0.3989647114026019,-0.5037481170284079,0.23457694626791142,-0.05281899308791038,0.010127145404499518,0.5107576291573325,0.04000768211730381
"['Neil Young', 'Crazy Horse']","[379125, 130932]",-1.161283622528659,-0.25797692170690245,-0.05633438956902169,0.22968370471377808,-0.45124506912957923,0.6265543895696543,-0.15287788557255358
"['Neil Young', 'Crazy Horse']","[379125, 130932]",-0.9016689464943265,-0.2522380058332842,0.03402577684241631,0.09739722904721303,-0.46301312361660113,0.758582519378395,-0.07026456180392848
"['Neil Young', 'Crazy Horse']","[379125, 130932]",-0.2842401652656163,-0.41890748891097274,0.2359869177116072,-0.007039488108137815,-0.5445406860751397,0.5054791838641955,0.06207971264600783
"['Neil Young', 'Crazy Horse']","[379125, 130932]",-1.1698592169129178,0.1514549435590419,0.5214458331426693,0.18522976571052244,-0.4733518336677343,0.47833533103445836,-0.3878220647116359
"['Neil Young', 'Crazy Horse']","[379125, 130932]",-1.0464909458152147,0.22353112124417648,0.33821519101181763,0.2680680876465535,-0.6247544268453216,0.6217868861614326,-0.46351894961406
"['Neil Young', 'Crazy Horse']","[379125, 130932]",-0.5016335009669532,-0.13409742173210426,0.7400326517728846,-0.08831647830095458,-0.3545799093357967,0.5335982548521931,-0.2688338764992909
"['Neil Young', 'Crazy Horse']","[379125, 130932]",-0.620030634656338,-0.07703696115162269,0.5004668160527566,0.05972677771378999,-0.532924264339866,0.3866646009778016,-0.2278988224344965
"['Neil Young', 'Crazy Horse']","[379125, 130932]",-1.1571609346309506,0.15488333321685543,0.5451219264796486,0.2365816743829372,-0.6202252939389886,0.6465792103099184,-0.5414499003774035
"['Neil Young', 'Crazy Horse']","[379125, 130932]",-0.8198656071522563,0.004181804059976442,0.6600780665835577,-0.007122358354875878,-0.5097129810819275,0.5598316706685249,-0.34860358639404293
"['Neil Young', 'Crazy Horse']","[379125, 130932]",-1.0612230613798734,0.3271938026809847,0.4735546111692612,0.25048028206216877,-0.4299520807284422,0.6259881984700023,-0.7323887590825865
"['Neil Young', 'Crazy Horse']","[379125, 130932]",-1.2006700686408556,0.1845166525347119,0.5469735354223022,0.05679472863677927,0.14939421203659517,0.40248593980394426,-0.47062079047064054
"['Neil Young', 'Crazy Horse']","[379125, 130932]",-0.8678901717324978,-0.14675184847337233,0.6826689678016307,0.026356845025996486,-0.04416677075786523,0.49906019507058985,-0.36460223216420873
"['Neil Young', 'Crazy Horse']","[379125, 130932]",-0.6154052457518674,-0.3664598610844444,0.13207829517783656,-0.06735876887175829,0.028531563027560533,0.589571767917421,0.05241874425165862
"['Neil Young', 'Crazy Horse']","[379125, 130932]",-1.1219124057774164,0.2478616082972391,0.5854609476573701,0.019869800692528805,-0.045080126638962846,0.395962670136362,-0.39904581304482534
"['Neil Young', 'Crazy Horse']","[379125, 130932]",-1.0324349100560244,0.09787006680543227,0.5609953684316344,0.14139092672521983,-0.6565125595616784,0.6019035783411896,-0.3895259315859257
"['Neil Young', 'Crazy Horse']","[379125, 130932]",-1.017404810732377,-0.18429481636643488,-0.04367462604926098,0.2572675998875759,-0.6260882907850429,0.7223979834934646,-0.005883659715299732
"['Neil Young', 'Crazy Horse']","[379125, 130932]",-1.2928785310180646,-0.3716732100107777,0.015500413490490333,0.36513140541227945,-0.43006175567212584,0.5361436980854396,-0.227027971516783
"['Neil Young', 'Crazy Horse']","[379125, 130932]",-1.2523831665080367,-0.2899624511034127,0.1781903374334216,0.18688740538814766,-0.4332029135716494,0.7797488249583368,-0.25326984137115804
"['Neil Young', 'Crazy Horse']","[379125, 130932]",-0.9240395340868358,-0.22422383006005378,0.05030415877732278,0.24864740097818996,-0.2018297881081371,0.48272963003410874,-0.06801441423879634
"['Neil Young', 'Crazy Horse']","[379125, 130932]",-0.5472155034079744,-0.3298287505949321,0.3101534344475745,0.003635050161738178,-0.5121674097743216,0.6250807220280501,-0.050877126909759034
"['Neil Young', 'Crazy Horse']","[379125, 130932]",-1.1598899377278342,0.15279079482855346,-0.05068701159540217,0.16060435115319727,-0.27680376235598386,0.5960042162592039,-0.02668339995647903
"['Neil Young', 'Crazy Horse']","[379125, 130932]",-1.2527178210867327,-0.09504144065997364,0.0012589763042705215,0.3474438855697115,-0.6224853882530116,0.5181074758027419,-0.1657482925366571
"['Neil Young', 'Crazy Horse']","[379125, 130932]",-0.9540768181697513,-0.2622316899248,0.0494648126249052,0.24082244461278052,-0.46979162197788493,0.518468956103262,-0.1105313738505661
"['Neil Young', 'Crazy Horse']","[379125, 130932]",-0.5824480866710426,-0.46944127259635704,0.1266720192348476,0.053419606310387786,-0.04983135724904605,0.5670206295616297,0.037054013708949195
"['Neil Young', 'Crazy Horse']","[379125, 130932]",-1.0736012194076305,-0.015621978915701308,0.36608756775630596,0.2158244099905531,-0.15583144039360292,0.6686372133433989,-0.5179310602616088
"['Neil Young', 'Crazy Horse']","[379125, 130932]",-0.950520360236407,-0.2638265824723829,0.07542340512726285,0.16423375508817262,-0.033398996299013765,0.42799050056592397,-0.06305906800283795
"['Neil Young', 'Crazy Horse']","[379125, 130932]",-0.370199694349837,-0.25539125317556177,0.17083627205640708,-0.03280082559417955,-0.5384525696228531,0.5557005888836125,0.09386941970762419
"['Neil Young', 'Crazy Horse']","[379125, 130932]",-0.5402369169726845,-0.1087572079377064,0.11525249455201099,0.04666371347104255,0.07695505753806398,0.13836826161599886,0.031985942813011405
"['Neil Young', 'Crazy Horse']","[379125, 130932]",-1.2001292401294634,-0.06878320446074075,0.0631294975695742,0.176644285140589,-0.016128563706822873,0.4303848306825212,-0.2214221361961835
"['Neil Young', 'Crazy Horse']","[379125, 130932]",-0.9032793913318466,-0.3725592010616913,0.08387573035962542,0.12933999973952406,-0.024659833604522577,0.5715814491840427,-0.07804417666315602
"['Neil Young', 'Crazy Horse']","[379125, 130932]",-1.1995288297255682,-0.4481453036331168,-0.00010551317115815146,0.33984433045850554,-0.6121201919733841,0.6648072545054416,-0.21060591426716396
"['Neil Young', 'Crazy Horse']","[379125, 130932]",-0.8792527630399201,-0.3622422987517732,0.019962213930357384,0.16562241832340058,-0.47261317530542035,0.6841569596553249,-0.02426781621047347
"['Neil Young', 'Crazy Horse']","[379125, 130932]",-0.4167688732947226,-0.32079908039636984,0.1455869256037753,-0.07696829510071172,-0.34637840559869165,0.677527229105683,0.10329725640653374
"['Neil Young', 'Crazy Horse']","[379125, 130932]",-0.8003571567998871,0.10540961490670625,0.11270401519890753,0.06733701781311252,-0.07009046227014668,0.33694038959592376,-0.01409062757577463
"['Neil Young', 'Crazy Horse']","[379125, 130932]",-1.0477362734823243,-0.4983331335939173,0.04372848327851163,0.23563241345925837,-0.1822709848934631,0.5906791474749113,-0.17550706899683252
"['Neil Young', 'Crazy Horse']","[379125, 130932]",-0.932149859380951,-0.4406842254142265,0.07979365919954196,0.12835247763496788,-0.1930164258506714,0.6891937375140649,-0.08439957860820653
"['Neil Young', 'Crazy Horse']","[379125, 130932]",-0.943432000625394,-0.20637233766541413,0.02693338078313602,0.2530619423195339,-0.2005101867648064,0.4659739721731955,-0.06708700301517623
"['Neil Young', 'Crazy Horse']","[379125, 130932]",-0.43832523727935774,-0.3891400088238166,0.11787604021514618,0.02831626603711089,-0.7015265948546843,0.6698500829416456,0.10757179959722313
"['Neil Young', 'Crazy Horse']","[379125, 130932]",-0.58246997889193,0.1211865052464036,0.6772917314494958,-0.11265080097051396,0.07455296492485897,0.28468205306248756,-0.27848842641495575
"['Neil Young', 'Crazy Horse']","[379125, 130932]",-1.0850274019859645,0.10083999885190209,0.5257841051900444,0.1083127464450983,-0.20615966070048772,0.5159568432550193,-0.3716558291185181
"['Neil Young', 'Crazy Horse']","[379125, 130932]",-1.1932100445601141,-0.01283156991547285,0.159577441844544,0.0939239206389713,-0.019883579391277186,0.5102522450694279,-0.23467899256195407
"['Neil Young', 'Crazy Horse']","[379125, 130932]",-0.6463028982115411,-0.14644942127274924,0.7073686469508708,-0.037424546341298624,-0.5090766541164533,0.6511839842178122,-0.29247952163733837
"['Neil Young', 'Crazy Horse']","[379125, 130932]",-0.23676311604244432,-0.4705512546847809,0.21027512410998117,0.0756225203487803,-0.5472135163855574,0.41969279858918934,0.0832761080934746
"['Neil Young', 'Crazy Horse']","[379125, 130932]",-0.9306017300322329,-0.05555501114737331,0.1274492230800338,0.10269789720534366,-0.22884012449540433,0.4572105584907885,-0.11716468067079416
"['Neil Young', 'Crazy Horse']","[379125, 130932]",-1.0199796754686667,-0.1750434954962687,-0.054528508335638055,0.2826594781083829,-0.8051537244759527,0.7429990758369133,0.0046275687915801975
"['Neil Young', 'Crazy Horse']","[379125, 130932]",-1.2707313211301652,-0.3708337329554076,0.015218961403795236,0.3619102718859925,-0.4325280820949097,0.5343484985120553,-0.21786793753978395
"['Neil Young', 'Crazy Horse']","[379125, 130932]",-0.9895349331672179,0.11473469393361693,-0.03591755608263427,0.17646323949421636,-0.4983648851377117,0.4043747256549591,-0.016763174862730098
"['Neil Young', 'Crazy Horse']","[379125, 130932]",-1.1445887357363023,0.137060181992987,-0.055061103169635285,0.15467013831065782,-0.2784960469312543,0.601011984844664,-0.015015486053089493
"['Neil Young', 'Crazy Horse']","[379125, 130932]",-0.9682382004342435,0.09912344878305933,0.5983396365489642,0.08811037128757776,-0.4902735114889608,0.5050543010597804,-0.37811704498617515
"['Neil Young', 'Crazy Horse']","[379125, 130932]",-0.5623024962522079,0.0030059069653918073,0.5346518018750762,-0.0850340626063529,0.07546699440537433,0.2733773303776174,-0.1976577653770693
"['Neil Young', 'Crazy Horse']","[379125, 130932]",-1.13795963108322,-0.23962219695985135,0.0006517489252593438,0.30119381205567775,0.007896083541982787,0.48696211601636186,-0.10939825939460962
['Neil Young'],[379125],-1.1206104066971134,-0.46428772711406047,0.09664978225900321,0.3275220910499707,-0.4379860805599838,0.6131788995241427,-0.2811143906573256
['Neil Young'],[379125],-0.3694361562340539,-0.23935811255268977,0.1524508624152936,0.004188519458393631,-0.08303746646230405,0.45548347025918606,0.20259236194739863
['Neil Young'],[379125],-0.28676896703171995,-0.29057587979735205,0.6769533684770548,-0.22719242393180555,0.0811525824593108,0.6327344781287287,-0.06915593232480748
['Neil Young'],[379125],-0.9143193104991064,-0.5398687493616084,0.14529875928685468,0.0962620945485185,-0.27447091176408556,0.8045948852026819,-0.1164994872897023
['Neil Young'],[379125],-0.4522188168752444,-0.19188766350003233,0.1454410889299447,-0.06650995048423182,-0.7042174291209186,0.7253803366986646,0.17383167988935283
['Neil Young'],[379125],-1.2294743637469903,-0.07440647212605518,0.09910897636255458,0.32552499282580966,-0.6253746511688776,0.5355896093883756,-0.20780435462200372
['Neil Young'],[379125],-0.7622817728047375,-0.3977143155775803,0.08593226192817201,0.18257579311522143,-0.03886559150580723,0.4605967353467923,-0.032285449473305104
['Neil Young'],[379125],-0.5320206244666172,-0.1525225978743921,0.19981792791975317,0.10306851123326756,-0.2353728921089135,0.48541954377466084,0.00537024571658779
['Neil Young'],[379125],-0.9442319325899738,-0.5229393454863506,0.025607672911670803,0.12794349617887743,-0.4480693141094864,0.8571937234092036,-0.0475959259447295
['Neil Young'],[379125],0.006236786614686881,0.2269818507675544,-0.07905150142873418,0.09243942513455183,-0.7374012415016635,0.945613449006968,-0.3800821425647432
['Neil Young'],[379125],-1.1031345894372,0.0014780114805123716,-0.08677517601920337,0.3088941331707669,-0.4190344914908113,0.702818167366818,-0.2753077817712319
['Neil Young'],[379125],-0.5080759812670901,-0.23886192347191648,0.1409631847915121,-0.13979922592881117,-0.08219138972208802,0.5637973642625604,0.11052886261410459
['Neil Young'],[379125],-0.41374438619517084,-0.4024764936270349,0.22373668636989008,0.07727687001289865,-0.7997021070645685,0.5271969925928154,-0.063261843704865
['Neil Young'],[379125],-0.821889869518132,-0.2665597653708194,0.46360276275188833,0.1257482169355793,-0.034460993351095696,0.5112849864784121,-0.20401746049306516
['Neil Young'],[379125],-0.6767020745663332,-0.3695732587992147,0.11569782241962984,0.1981044825527631,-0.051581250286671744,0.33624272573958686,-0.06009834137945845
['Neil Young'],[379125],-0.8833425408665991,-0.2688650218867626,0.1725994862837489,0.04993962345051696,0.13246607362646814,0.40119231739322825,-0.13624449792867982
['Neil Young'],[379125],-1.0611638540605914,-0.31264352957826874,0.022814262503428193,0.3281200852204539,-0.6282111877931196,0.5560268969636538,-0.1838924149348248
['Neil Young'],[379125],-0.949211347572264,-0.40997095903978276,0.05541909749724264,0.1759937338367084,-0.46049707727701744,0.7228912503775762,-0.08019955830485757
['Neil Young'],[379125],-0.8077332691936767,-0.5637585943026079,0.10248784314296928,0.2412620329790057,-0.6450901374143642,0.686041232462701,-0.08759479094809906
['Neil Young'],[379125],-0.9248241764842994,-0.147356290190561,0.22454340643546264,0.01798482367983639,-0.040627311740793086,0.541421169229872,-0.1328173027884818
['Neil Young'],[379125],-0.9404352168718231,-0.35480986338000514,0.19329973844606838,-0.022731242835372343,-0.6309017653442944,1.0417706278680279,-0.13876184816692247
['Neil Young'],[379125],-0.24955319614492708,-0.08124448560025808,0.69865974334666,-0.33930456917431323,-0.11272468710093086,0.7075929056964783,-0.051148343012285095
['Neil Young'],[379125],-1.2684375820440352,-0.10905247828693511,0.3212829329306014,-0.008956071968442801,0.015751631297296363,0.8909541347465465,-0.2847385957499951
['Neil Young'],[379125],-0.3244339390769266,-0.6897191024428299,0.275833393219743,0.05589393438502108,-0.07386002229316227,0.49524438340077653,-0.02714663617209129
['Neil Young'],[379125],-0.3587964236409298,-0.3944824065692901,0.24748903342927608,0.010801790093255418,-0.09218872392926411,0.3810591191073182,0.022848547660465464
['Neil Young'],[379125],-1.0085869211658203,-0.5798522572605561,0.03696718391852172,0.41653568901111593,-0.7794408605450956,0.780804810740386,-0.13031382718405463
['Neil Young'],[379125],-0.3027101781131387,0.036865481831288086,0.334446635492352,-0.1675535768045725,-0.3623916582931194,0.6004042067347339,-0.2108688424128567
['Neil Young'],[379125],-0.9175756857014035,-0.17220738634979532,0.4439983035186218,-0.0064874078840552515,0.14645076792141484,0.607525699430487,-0.21902104801469738
['Neil Young'],[379125],-0.6507288936658457,-0.39998209607223306,0.10150037001158115,0.22156058333812498,-0.3255952444021403,0.3916114472914528,-0.03337373426986328
['Neil Young'],[379125],-0.21306129263127907,-0.1952108643984772,0.04835512289761634,0.27598150391263065,-0.46300216006528855,0.6509627852929367,-0.3917856382797535
['Neil Young'],[379125],-0.695310557062186,-0.5414977599383979,0.12399369880929151,0.2231875664428558,-0.028871208281391687,0.4669446463554012,-0.16729595211898965
['Neil Young'],[379125],-0.8273726955511462,-0.25335564402564936,0.037545719532085534,0.18689316100477926,-0.31413198871722603,0.4352662682226953,0.005533920089434908
['Neil Young'],[379125],-0.5669088056562961,-0.7100153846605808,0.19399676122268464,0.05597401187787875,-0.4749069103316621,0.8617363412253171,0.04060028445096374
['Neil Young'],[379125],-0.8293552438926208,-0.3385342484614451,0.15205660350176933,0.019212367251955055,-0.6575213333641612,0.815662754573702,-0.03931956004417339
['Neil Young'],[379125],-0.11603094901452987,-0.12073149225924376,0.12248601021908478,-0.09031678461044632,-0.7192760402502527,0.7121367608923349,0.025635371626475743
['Neil Young'],[379125],-1.239460696488083,-0.11778638615646772,0.014936025348760514,0.3459646290534111,-0.621509985534507,0.5376299257659168,-0.17224957185857484
['Neil Young'],[379125],-0.6629547117169575,-0.2805110422388093,0.07080233448419387,-0.0399059767619877,-0.49335676782730126,0.8359818594241888,0.15929333274123142
['Neil Young'],[379125],-1.0240926723991624,-0.2583795972630467,0.17235411962521083,0.1659928239034445,-0.47109429673568454,0.611240112449323,-0.15786943174889057
['Neil Young'],[379125],-0.6021601737505791,-0.4662260757991445,0.09243123337679676,0.2595104872984693,-0.012505104457640316,0.5212420418977471,-0.28378766068814587
['Neil Young'],[379125],-0.1108215424806604,-0.19702690434141856,0.20348369978379732,-0.1561072860747129,-0.14116668990265047,0.29586785410784755,0.11598402819712778
['Neil Young'],[379125],-0.3137536699970988,-0.09686796322459924,0.5850328914541623,-0.1693936011633182,0.06605502433319922,0.3972560777747734,-0.10743934037957248
['Neil Young'],[379125],-0.7285504098917547,-0.4714100769298698,0.10116935207565979,0.12736069789550214,-0.21166665938420842,0.6134710359980474,0.03441681115359843
['Neil Young'],[379125],-0.6304475054828558,-0.3506249265255056,0.15927998695376128,0.15643856875893444,-0.5054220124058519,0.5030288659092743,0.0018772355121604214
['Neil Young'],[379125],-1.1109529531115478,-0.37378191533761584,-0.006133258911225394,0.050500925598642894,0.004540325276722084,0.7940967600749106,-0.07267871507859994
['Neil Young'],[379125],-0.45354231177102056,-0.11401450461407042,0.1378657854348076,-0.03843327875758117,-0.5461637633428175,0.4689428414022245,0.10490276185759438
['Neil Young'],[379125],-1.1337733832955605,-0.12565605750391923,0.457829525566328,-0.05253844349469724,-0.0004222381147441343,0.9016353856007346,-0.19142677410464115
['Neil Young'],[379125],-0.9114085279087817,-0.1370669567379184,0.004582687452291625,0.14816880761481846,-0.6450644155222801,0.7223859591889943,-0.008666010515178695
['Neil Young'],[379125],-0.7171486634350082,-0.2719319022374982,0.18012034902207327,0.10261521662339637,-0.5072899517321454,0.48954642139600085,-0.055497097002785295
['Neil Young'],[379125],-0.35668116625688284,-0.3599858498615873,0.2600969773988641,-0.005964466619290229,-0.7974793087012518,0.6877904494495262,0.029318256223003797
['Neil Young'],[379125],-0.4195214621802466,-0.38613244898905713,0.17426169091683605,0.10805390374654168,-0.6920471194098348,0.6035926619695471,0.0858940492525573
['Neil Young'],[379125],-0.24718676207067863,-0.25336787900598645,0.5606222494321247,-0.17567549284785872,0.06485783977715918,0.43049267892866605,-0.06356623292056174
['Neil Young'],[379125],-1.1303975578424306,-0.3699398292111776,-0.018514243680617624,0.27886067823407645,-0.26929268608599244,0.5451110679481647,-0.13368577686783212
['Neil Young'],[379125],-0.9601648320989845,-0.38679288172635323,0.1913873471613778,0.11226302612996651,-0.02212671943541906,0.5404971566751285,-0.17805764243816335
['Neil Young'],[379125],-0.7523502907958969,-0.38980370807369447,0.10240168552042658,0.13044124018174266,0.13643122717297634,0.43942502245615583,0.014510155291710288
['Neil Young'],[379125],-1.0049666395213164,-0.45013236615816543,0.1501884767303019,0.2748258743028313,-0.4486958119589439,0.6668611581692806,-0.14655589396631244
['Neil Young'],[379125],-0.8500318041567445,-0.16419210522356234,0.4959024993016947,0.08359276249753389,-0.040539451549199815,0.5174718421688265,-0.2676750698518557
['Neil Young'],[379125],-1.0482349299270177,-0.42783338642560925,0.0033847334211400486,0.17017896440097288,-0.4366489417964122,0.8447248814184595,-0.09960817199556905
['Neil Young'],[379125],-1.025008694686649,-0.4231958295492802,0.015696885591971844,0.11876121600765954,-0.1760565036232408,0.7899620132567833,-0.06980388207384175
['Neil Young'],[379125],-0.6727429316793948,-0.46405474040145406,0.1010635538560059,0.12024602806362339,-0.21751910062617455,0.6111327064163394,0.05358610539903002
['Neil Young'],[379125],-0.889101441099784,-0.47023999289011065,0.0182118386923829,0.3115909475415266,-0.6299041109194181,0.7108136688226874,-0.04475754785479197
['Neil Young'],[379125],-0.4271959222830627,-0.3278325669231742,0.579155054460824,-0.009380856504453462,-0.5286068426772189,0.5808741935719077,-0.16657412624093024
['Neil Young'],[379125],-0.6276509503891171,-0.4242673262049353,0.12724429221627773,0.24912361407959016,-0.6596868802652854,0.6000841739799235,0.010943724829188003
['Neil Young'],[379125],-1.2838938666879924,-0.05402347693867298,0.1379452776146475,0.20038236265077913,-0.18240772412336306,0.5030689146279492,-0.22028177905148202
['Neil Young'],[379125],-0.6301005696182802,-0.42208600895239623,0.14387280790069748,0.1051510167429435,-0.05091716393250609,0.4749607890735398,0.02623968058640069
['Neil Young'],[379125],-0.2897251303960232,-0.4156166548862214,0.22223932791663858,-0.0022060071463961863,-0.544785464362636,0.4927567339898847,0.06939773120458773
['Neil Young'],[379125],-0.5298368196114845,-0.5220493582479631,0.178010015164294,0.0797464712370671,-0.059343038193830105,0.47538924916398634,0.05459815846033014
['Neil Young'],[379125],-0.9261206856278023,-0.23339360626325942,0.04244886670082383,0.09695616151288791,-0.46340806558968906,0.7509972298160504,-0.06981807787531707
['Neil Young'],[379125],-0.6144204664540758,-0.3683406532759676,0.1143031791862362,0.09219071026616632,-0.32846982251290435,0.5190754027281701,0.08489972083212677
['Neil Young'],[379125],-0.7928734100799586,-0.35084637246969197,0.1278950573511721,0.010353836860357958,-0.660937490944393,0.8227185687310822,-0.021513281968630154
['Neil Young'],[379125],-1.0474004709419458,-0.3757536261508915,0.15402208618441313,0.24629604848345507,-0.6222419039135896,0.7802264808487812,-0.14430276672400272
['Neil Young'],[379125],-0.997541693728338,-0.43897958329414655,0.019739666246522427,0.12041637122873695,-0.172873914411424,0.8177083511951708,-0.087685908980816
['Neil Young'],[379125],-0.7002257645845381,-0.4699761114077124,0.1061895052022834,0.12028598594864735,-0.2149868927971781,0.6094844350259768,0.045588137962887985
['Neil Young'],[379125],-0.5964234802602585,-0.4977011995700247,0.19787619419057859,0.1383563712425735,-0.3264935520954839,0.4377812163428745,-0.06033197730655288
['Neil Young'],[379125],-0.9879413683902513,-0.4242591666142507,0.051570539290664394,0.17595852901253756,0.16298908315500119,0.45856985306392206,-0.13399521446207877
['Neil Young'],[379125],-0.3726238481778909,-0.4096637566601071,0.20140154570914504,0.020295960141688017,-0.09025720686697251,0.3843984260992327,0.03820800564061848
['Neil Young'],[379125],-0.6166048263592397,-0.1091875732506753,0.1815714027144276,0.14463223848122192,-0.6801495609177276,0.5807819803474968,-0.06979307325329942
['Neil Young'],[379125],-0.1465652810398159,-0.12111900693223387,0.19816530686775993,-0.30669700922051196,-0.1298039162235403,0.5806916596423087,0.23608909538668896
['Neil Young'],[379125],-0.7036575595703858,-0.20665341205532714,0.11336323283735177,0.03593801640351919,-0.5032400328672914,0.6185156433306094,0.020722969491962843
['Neil Young'],[379125],-0.6458374414854916,-0.7173217531059924,0.21150749151258275,0.18045884304776819,0.00034631760746753034,0.6917283685209572,-0.2558897519701511
['Neil Young'],[379125],-0.45768541603615953,-0.42547151914628956,0.24145930456431586,0.0952604794435368,-0.5135799165156173,0.5484766659716866,-0.0486068094614007
['Neil Young'],[379125],-1.3837842360167913,-0.24259955052707552,0.06189251794598116,0.24845086591021026,-0.5916382725616933,0.841446976545388,-0.20954608131182464
['Neil Young'],[379125],-0.6794402687602761,-0.27456320084178887,0.09852357027064014,0.1574105893243169,-0.30334661086357473,0.588010450077724,-0.002028047913967814
['Neil Young'],[379125],-0.5777539246458246,-0.7337772416041513,0.1957003916987613,0.06484473548772778,-0.470183278751823,0.882848092172811,0.02827280282256194
['Neil Young'],[379125],-0.3589747941912783,-0.2585208848371612,0.5608747106492347,0.07171473742193676,-0.7890250481776409,0.5976505870082672,-0.23621410942073875
['Neil Young'],[379125],-0.8808076873231228,-0.2941706214175583,0.03445871375180855,0.01495569748480791,0.14530399260239113,0.6028147607841644,0.008890533200429552
['Neil Young'],[379125],-0.7195767798517965,-0.41132977876647847,0.12275511015935611,0.08162394274694702,0.13373686298676218,0.47082398357368127,-0.028623572393634396
['Neil Young'],[379125],-0.6307663789117748,-0.3021819270260943,0.09322865883207679,0.19856896903562327,-0.5085047159149568,0.42997138100929744,0.05844142458263583
['Neil Young'],[379125],-0.5294240566950073,-0.3623621387143728,0.14132178948120647,0.10731039719797575,-0.5049097369436383,0.5789561711096427,0.07417010100545504
['Neil Young'],[379125],-0.5054428660866385,-0.8100029194984595,0.27482316525459155,0.042560693336309595,0.14934365054519355,0.6871960612084397,-0.07717466314715311
['Neil Young'],[379125],-0.16946531536400256,-0.208624367909727,0.2593270446050818,-0.07279617438440923,-0.5788479799905331,0.3773846343748908,0.031386161466135036
['Neil Young'],[379125],-0.4048890039303937,-0.19049169791147882,0.057122332010716814,0.058458471682304045,0.11653329203976931,0.4437858699328951,-0.03520604610983535
['Neil Young'],[379125],-0.7323386329453266,-0.2968067672063528,0.03339600406767236,0.11087241869446848,-0.49829304646142525,0.5924086836054023,0.04311464313216019
['Neil Young'],[379125],-0.596609538110488,-0.38625140395111957,0.1268694162979181,-0.07147012462384522,0.028454525893097556,0.6027076172060336,0.06113283318901846
['Neil Young'],[379125],-0.659930113322345,-0.6076349487377547,0.1361513038083311,0.18665617895914555,-0.48085159419122486,0.6451003601887444,0.018086126151375587
['Neil Young'],[379125],-0.1625751663493646,-0.3937452685311751,0.2307655408958577,-0.049534234943953925,-0.5675080513611049,0.45231490185665935,0.03825426116620697
['Neil Young'],[379125],-0.49633759166645947,-0.22505960472847364,0.3169766373374511,-0.008755638168192505,-0.7105519832672511,0.5580220570249599,-0.0380882551990554
['Neil Young'],[379125],-0.1510137464052215,-0.3322288684403849,0.18520260378050263,-0.15097056103471976,-0.38026905111376563,0.6142278345301179,0.21184869510151694
['Neil Young'],[379125],-0.4562975668768089,-0.1213223637695144,0.11568272843156152,-0.017532757397654027,-0.5450347414085973,0.4690083160735811,0.11146370119871431
['Neil Young'],[379125],-0.8916528288283619,-0.3775675678993739,0.039737394392565385,0.20664364002465752,0.15343246157599197,0.4385206391872185,-0.0487127876307086
['Neil Young'],[379125],-1.0667803540875214,-0.3323036704207351,0.023375109653363393,0.33532828801738196,-0.6224875327602383,0.580512104490036,-0.2071330728013871
['Neil Young'],[379125],-0.583914117078255,-0.1885714423223775,0.06898436742295008,-0.021667334474291616,-0.07421736679928835,0.5202520317787669,0.12882957354980962
['Neil Young'],[379125],-0.9730801063585454,-0.11583763722063647,0.5722584005317284,0.005814820289776506,-0.02424709326968901,0.6871878145669736,-0.34583706483339377
['Neil Young'],[379125],-0.8313116182263653,-0.5131572808219658,0.05478785479136418,0.21552150011611948,-0.026032318572269737,0.5016355351750377,-0.05006635894080916
['Neil Young'],[379125],-0.3528159497229264,-0.4537328589078336,0.19878858905657687,0.009643519806154249,-0.07808451280770375,0.48961431347008544,0.10959506133524276
['Neil Young'],[379125],-0.5024083499717634,-0.5196984784197902,0.1996266943066355,0.0004737183626316343,-0.06264577085831008,0.5549406424005272,0.00705266816777586
['Neil Young'],[379125],-0.6591020313777026,-0.14659792294723947,0.03954827816403885,0.0345179075980957,-0.06715266639719124,0.4506652862193336,0.058741913548073295
['Neil Young'],[379125],-0.6119852792347873,-0.40733914536078664,0.1136941171223393,0.18182181946548004,-0.5012680251981103,0.5354248912378072,0.020765336804877577
['Neil Young'],[379125],-0.495800042938499,-0.33056690568829866,0.5624739443332382,0.006565234991199005,-0.5220098860046222,0.5725111596612886,-0.18074799216849013
['Neil Young'],[379125],-0.560625706656809,-0.4180105047094615,0.13786358320074432,0.10874515305550099,-0.5002881154542549,0.6334521294540078,0.025427046280489227
['Neil Young'],[379125],-0.30715109251655914,-0.4307504750328112,0.18543891079076194,-0.005079721137553746,-0.5319031208337056,0.6121204390739424,0.1292860206545035
['Neil Young'],[379125],-0.6150321056472999,-0.5458190958233857,0.16184692677657145,0.15992145561856616,-0.02979459417000335,0.5728556397688067,-0.041976113679704816
['Neil Young'],[379125],-0.35112704012929213,-0.12144359588792226,-0.021883041516629065,0.16194132446311316,-0.43830784662271566,0.9346787268733877,-0.3407644345819505
['Neil Young'],[379125],-0.8640269234209788,-0.08754136633711894,-0.13730389964929382,0.4574336819114591,-0.34296959828049955,1.037616640750557,-0.7683860889030272
['Neil Young'],[379125],-0.720125198891815,-0.4772151494437692,0.21875568915128205,0.13368956042282512,-0.03330263917060915,0.5587021054969293,-0.04040394669805537
['Neil Young'],[379125],-0.7360032319259472,-0.38720834309926583,0.0746037200336928,0.0706348588055756,-0.48481501985694003,0.7305923313816095,0.030209017890684312
['Neil Young'],[379125],-0.5535769982495444,-0.4825297233787085,0.15032903108381923,0.21301208790014087,-0.49245697184481735,0.5412951970289823,-0.013660387998516592
['Neil Young'],[379125],-1.1494662311374468,-0.27265894171221255,0.2369724318042489,0.23426341853993182,-0.17838550721655574,0.5391487541652642,-0.3519525099996663
['Neil Young'],[379125],-1.1891526868832716,-0.16208125396168874,0.5228267355437821,0.07999075111438529,-0.6192024246775318,0.9095243194739175,-0.4151855869747634
['Neil Young'],[379125],-0.6455638501944856,-0.5003192437250259,0.16627466717899728,0.049048699603053955,-0.4919078798507449,0.7035950443816825,-0.0144236720304607
['Neil Young'],[379125],-0.9307570711017844,-0.778363870042756,0.07675713804144227,0.3826191281040893,-0.42212375161044907,0.7527075214399993,-0.11895440024029143
"['Nelson Riddle', 'Frank Sinatra']","[322027, 792507]",-0.190659961275586,0.05255955500484035,0.11181056039491342,0.16867007294907968,0.18268555054900204,0.6565249796714987,-0.6168722045439893
"['Nelson Riddle', 'Frank Sinatra']","[322027, 792507]",-0.602293894458516,0.27237101298759925,0.1614915478074027,0.24403631259397845,-0.2739502631329061,0.5710894083904727,-0.6385647755666221
"['Nina Simone', 'Bassnectar']","[411761, 144767]",-1.0791252793258044,0.06617749029517198,-0.033434707287575575,0.14964274874167646,-0.4859543862563092,0.4956588381447551,0.02780922033811713
"['Nina Simone', 'Felix da Housecat']","[411761, 169239]",-1.264511595174723,-0.3635539282854948,0.22142730515126793,0.41420667811747086,-0.7729730700737748,0.6905177275854155,-0.26204987729604456
['Nina Simone'],[411761],-0.23878640387866928,-0.2872326697180497,0.22539346460753137,-0.14415722302795655,-0.21095234859621478,0.4085077701472814,0.0601958063521421
['Nina Simone'],[411761],-0.3729880197690684,0.10043134029307099,0.5535542056590107,0.18186707105604394,-0.6022098839566786,0.9595031471454311,-0.7850955323693728
['Nina Simone'],[411761],-0.26555136027085896,-0.08303265594480462,0.6278656352253493,-0.2950551479685426,0.05868263932359761,0.5163571211791296,-0.05261410507631459
['Nina Simone'],[411761],-0.7326696518277385,-0.4634787127640714,0.1757542067920396,0.04392217455179367,-0.5764746672536272,0.7272502940272604,-0.08842110548115574
['Nina Simone'],[411761],-0.28609507227342235,-0.17843980124750453,0.3252283702052661,-0.06483930858990505,-0.4711556266402423,0.43320189748743443,-0.00045599723524446164
['Nina Simone'],[411761],-0.27765481327606445,-0.23797941044061321,0.5681386213993515,-0.1073689118026836,-0.5355510590954943,0.7204314446711625,-0.04568919270377161
['Nina Simone'],[411761],-0.4548062499756023,-0.13240716082585963,0.18738791171663463,-0.17462941984488584,-0.3665881702230753,0.595751129340251,0.08062305534904586
['Nina Simone'],[411761],-0.3697141404259798,-0.08584448058865954,0.2886740888780511,-0.07914940564057497,-0.568080055364859,0.3615551110256613,-0.02248603942790186
['Nina Simone'],[411761],-0.26053375152918146,-0.0986300875843723,0.21530193301629563,-0.018630535160150494,-0.7541373729497494,0.3399833694250622,0.06891273652974875
['Nina Simone'],[411761],-0.2813161592086275,-0.18495106950014262,0.3140330592577927,-0.1974833124942231,-0.03356036566101159,0.38969705632591684,0.0549641025953664
['Nina Simone'],[411761],-0.8063456732148729,-0.26759467260348857,0.0805506708284085,-0.1637585041953513,-0.21918632728585485,0.8443721180223235,0.05963570971701667
['Nina Simone'],[411761],-0.37419420307171447,-0.0009448114459304996,0.5905859545534422,-0.18360557379974196,-0.543127398589708,0.7298390116451898,-0.004099898851082835
['Nina Simone'],[411761],-0.7725674208571499,-0.056662220636490394,0.7073972962524422,-0.20876239796311077,0.12500346965734568,0.7305555800778858,-0.1741956862894493
['Nina Simone'],[411761],-0.6066224922997007,-0.2636884671751381,0.13281152086215264,-0.04222172302693997,0.02031472801146454,0.48719505157348136,0.0505579727530056
['Nina Simone'],[411761],-0.744032215589757,-0.7153329720080049,0.19494604218148423,0.14517404837456002,-0.1850807740721662,0.7310510039787966,-0.1716762566936198
['Nina Simone'],[411761],-0.23643262761124187,-0.1644234126345159,0.16776100872127725,0.060090800547890844,-0.9324060584260401,0.34887985878846434,0.07256684211110817
['Nina Simone'],[411761],-0.937043434409199,-0.6345465128404512,0.14579669764824985,0.29778763444971884,-0.2719601933784666,0.5542716563294856,-0.19063578643018933
['Nina Simone'],[411761],-0.862282850683915,-0.48484963373966455,0.10982869462760797,0.14929657204635585,-0.6375118034535101,0.8341734740491614,-0.0008575373659277262
['Nina Simone'],[411761],-0.5259985649227589,-0.4202471127819274,0.2108372725623311,0.06018184016817524,-0.3447350914952948,0.4312665644757916,-0.05649202452138757
['Nina Simone'],[411761],-0.5535264339141777,-0.27013496264280173,0.187982616680864,-0.030441778532783244,-0.3456333991340449,0.5418195787621854,0.02139307782784096
['Nina Simone'],[411761],-0.32399375498281147,-0.2576244724652522,0.1622843233238299,-0.0519523165316012,-0.5606732298530582,0.42731677413038993,0.04884192424880191
['Nina Simone'],[411761],-0.32354667330045656,-0.48232264118634666,0.19622080282062887,0.06126466005637067,-0.7089663486076851,0.5845102232652326,0.06425867220789916
['Nina Simone'],[411761],-0.7654450601764591,-0.031342720441949766,0.6424430369005498,-0.010998422627449324,-0.6791885083998679,0.7011475266387154,-0.3099009906852576
['Nina Simone'],[411761],-0.31548284083123,-0.04273762240547258,0.04136125116038368,0.2584656873929214,-0.21872436511461774,0.9688409960340105,-0.6292232960670759
['Nina Simone'],[411761],-0.7749275923658623,-0.18337734918888077,0.16444989580799343,0.10211289355964073,-0.6731285782137423,0.6163396565553522,-0.07208101194853171
['Nina Simone'],[411761],-0.13778072854348192,-0.18461560043535208,0.2810405712574821,-0.15426383494011506,0.03257372480855018,0.19570792309086923,0.06243518012616665
['Nina Simone'],[411761],-0.3005824853818837,-0.19482795928181884,0.20184847545820353,-0.07667944637033935,-0.3901098476722333,0.3260757050665283,0.05023716474037376
['Nina Simone'],[411761],-0.17182126537748643,-0.048228699800243094,0.6087430237568604,-0.12015927657015855,-0.5866867008848606,0.3960603381090532,-0.12868194403981978
['Nina Simone'],[411761],-0.6740103708258686,-0.5488650220639891,0.22015146631696317,0.05740640837785559,-0.30928368044427257,0.6441717953852787,-0.07631160667576327
['Nina Simone'],[411761],-0.33944793571850085,-0.06853414417823502,0.4224419258193535,-0.13406758069103103,-0.39379674964812633,0.38345293813399006,-0.09886106789094479
['Nina Simone'],[411761],-0.08508818656620334,-0.4164954929909225,0.20634865064780986,0.030906148951893933,-0.7283115076124781,0.5682967945000613,0.017605517882109546
['Nina Simone'],[411761],-0.8118517643179407,-0.4548753130046927,0.12671069130530413,0.1842910681745515,-0.4716065635776426,0.6210590831780675,-0.05024350907791876
['Nina Simone'],[411761],-0.9576248826283682,-0.5259500858097997,0.21103651025512837,0.18816267861609487,-0.7194083557544212,0.7615648787271789,-0.20925925276253282
['Nina Simone'],[411761],-0.5933897536793181,-0.1499543316105211,0.16882001702772492,0.028560970459643377,-0.7141665008384755,0.4576302485580007,-0.04542265309926439
['Nina Simone'],[411761],-0.5454956620639374,-0.015823204294079928,0.6655203727419159,-0.0653423594636683,0.09663195750115187,0.3803910649673736,-0.19647151462927606
['Nina Simone'],[411761],-0.9456773913883076,-0.1618735987849894,0.6799777780790545,-0.04185905927533327,-0.6461684904344653,0.9900529610472311,-0.2243706946190306
['Nina Simone'],[411761],-0.605842510485171,-0.30470309928645595,0.7197957748077518,-0.0006858205154612611,-0.48787799809725924,0.8122954945616248,-0.19318792436145796
['Nina Simone'],[411761],-0.39875784464379477,-0.46790690878908753,0.33854536580793054,-0.1912908334817244,-0.07003234085796715,0.7870406587988172,0.05152598362277922
['Nina Simone'],[411761],-0.6591483390099908,-0.5453029046123247,0.21861429358465848,0.07893155787233007,-0.12921188339632897,0.5739192961480566,-0.1119742540870615
['Nina Simone'],[411761],-0.7368439854767365,-0.6020710461575793,0.2054406931801622,0.21076589602211343,-0.7356499152448408,0.7318035005545223,-0.05723980947935293
['Nina Simone'],[411761],-0.28505501209477485,-0.11705809563609917,0.33161123579820373,-0.16198021618400926,-0.39095235905906617,0.45492559438937574,0.04168478926212879
['Nina Simone'],[411761],-0.7917559120150336,-0.4277613158505368,0.30622817797672397,0.026684881186238314,-0.5686809878620647,0.7934221571263151,-0.17455686051484576
['Nina Simone'],[411761],-0.5057572128320742,-0.3611554946320325,0.5623316428613233,-0.10391264713915035,-0.07336285051652267,0.5946453792537411,-0.2369940634519614
['Nina Simone'],[411761],-0.5189279960277103,-0.49011601974683505,0.36240602632717206,-0.03168538100151827,0.12013874652786175,0.5452800385072827,-0.0664034904450985
['Nina Simone'],[411761],-0.6740721287612295,-0.23448160122978684,0.566146677922977,-0.01586257849586652,-0.045290567386092405,0.591205291573743,-0.2110790480602871
['Nina Simone'],[411761],-0.2807590231031344,-0.10380123989246845,0.5893860933713023,-0.08182004236454686,-0.6580238142090387,0.425976430103892,-0.16586888172105993
['Nina Simone'],[411761],-0.7287374534067792,-0.4733902901023153,0.167552562943759,0.008488112334740713,-0.04370541759155789,0.5805108971936247,-0.04225128549495021
['Nina Simone'],[411761],-0.20563780851828653,-0.14646844428910535,0.21245000936293695,-0.26257847817393476,0.052427462075204476,0.4536957035048797,0.12142630621190409
['Nina Simone'],[411761],-0.39345604465009903,-0.26696904644257125,0.7269818879421793,0.11275735150117085,-0.8765492499215335,0.6745282124415769,-0.07243884800621526
['Nina Simone'],[411761],-0.5274675022679917,-0.36838749477648414,0.3434181493361089,-0.025919019744079223,0.008402869426085558,0.3904436372021979,-0.13191812177928208
['Nina Simone'],[411761],-0.6410842326993712,-0.20280931859407228,0.15575458258109529,-0.09827986969413008,-0.6914136005302697,0.7847858540989678,0.01324237998967887
['Nina Simone'],[411761],-0.9405134155121554,-0.7895328591773503,0.17012986664920154,0.27943265127381667,-0.5172562057333696,0.827478254249852,-0.14358251917243214
['Nina Simone'],[411761],-0.2888290087034121,-0.38522991950452734,0.21775356599949705,-0.01521102364874646,-0.46089506207360653,0.4465554642615565,0.10944852087308331
['Nina Simone'],[411761],-0.8455642960979968,-0.4078331829713392,0.5299123980729332,0.23649681706806827,-0.4430384764953696,0.7262555626513443,-0.34470713897267624
['Nina Simone'],[411761],-0.8081038646072782,-0.24873174775271248,0.5224982719533805,0.25314816658511063,-0.6665088490558692,0.5225756592287863,-0.30450955028858645
['Nina Simone'],[411761],-0.4903147388348295,-0.38220676366861533,0.27356684475076826,0.019444592781333127,-0.43813416582991704,0.49215569708237145,-0.10696956210779726
['Nina Simone'],[411761],-0.13461653205792062,-0.03871012648671123,0.2510479952811645,-0.21251732245436825,-0.351448591122066,0.8098365436437535,-0.14650339150130645
['Nina Simone'],[411761],-0.34817955911027526,-0.1661250852759812,0.5925179608219858,-0.0588045643924528,-0.37198823644707774,0.44192206392383043,-0.09683549249044687
['Nina Simone'],[411761],-0.9139952329579407,-0.20289272671125455,0.20401231587897364,0.08129589185891457,-0.4910938055018866,0.5792758030401901,-0.2060132083061658
['Nina Simone'],[411761],-0.1177251865920185,-0.2888242167327922,0.23043615485022492,-0.07922052361779273,-0.41059421815346336,0.281777367500348,0.05481141621959901
['Nina Simone'],[411761],-0.15543424033952605,-0.24839741570691015,0.22156982011392018,-0.10405241597513595,-0.3142627082854061,0.318504721005518,0.07157746386789138
['Nina Simone'],[411761],-0.7524863669969963,-0.6175939493133564,0.1872929928496078,0.15260210298847682,-0.647119336016024,0.7821188186706262,-0.1115900712661543
['Nina Simone'],[411761],-0.1546963265782653,-0.08068172960360723,0.27951029305231506,-0.10191802570501171,-0.5646374139748173,0.4816242531365476,-0.11630946058460395
['Nina Simone'],[411761],-0.42595343305231903,-0.5247229926249135,0.2038164912815198,0.16418910517494437,-0.8688413177063469,0.5928473965733689,0.04041519672804959
['Nina Simone'],[411761],-0.003464937695001685,0.06420046730240807,0.17747662463929856,-0.04193515020350438,-0.25899802129099764,0.5614457148507416,-0.2861309942294902
['Nina Simone'],[411761],-0.737622700030432,-0.6839048322642698,0.25946896962544785,0.15756855401770173,-0.18763286759594103,0.7730363115833532,-0.044087427758154746
['Nina Simone'],[411761],-0.7666145065913933,-0.2896040331522135,0.4066633751822964,0.07319707511001089,-0.4935305789819184,0.5841879696692728,-0.21677876592475978
['Nina Simone'],[411761],-0.31590475282625285,-0.3198211914659925,0.234066648792317,-0.07395651306174435,-0.28562816524447365,0.42985535472821346,0.020796023619930833
['Nina Simone'],[411761],-0.30643795557568715,-0.1289952731141247,0.15623913057233657,-0.017891063281807666,-0.749524466490665,0.375407900069242,0.08059439987036718
['Nina Simone'],[411761],-0.34076986971208084,-0.4620091267692033,0.24412247164626588,-0.051237616653223385,-0.17812707756224697,0.5040050704311725,0.08211713484105364
['Nina Simone'],[411761],-0.9035654806474337,-0.3385612685101714,0.697120565402065,-0.012076669764013018,-0.1054248357839755,0.811330760620327,-0.2886455137984659
['Nina Simone'],[411761],-0.3980818614002405,-0.030480012434739166,0.8644221378884295,-0.12108351604288417,-0.27958129018779926,0.5094061686503032,-0.24032942541048014
['Nina Simone'],[411761],-0.867867451179774,-0.7450304657149481,0.2591700741531121,0.215232011991272,-0.43818710873432,0.800476549577957,-0.1751285836860198
['Nina Simone'],[411761],-0.6110299542084696,-0.06370092380868393,0.28459397077395854,-0.21998524448514278,-0.08799082129051161,0.6022167193502297,-0.009615620188476124
['Nina Simone'],[411761],-0.7776455389517118,-0.4207879870562812,0.08136087988199475,0.24754598577754705,-0.6677239485749116,0.4834829584359092,-0.08247374155211502
['Nina Simone'],[411761],-0.25494823373253644,-0.2667995373487086,0.21538367517225943,0.0034369935472410473,-0.7331405254617778,0.4647413569584973,-0.04629955786202809
['Nina Simone'],[411761],-0.4020746989848854,-0.1530667146080189,0.7455600504979889,-0.09541719851340238,-0.3757849806330056,0.4339715650025023,-0.33190854712695544
['Nina Simone'],[411761],-0.4065988027462448,-0.2685462016958137,0.7805297099931792,-0.0975503674993911,-0.09429559146445642,0.4675201004516756,-0.30214887723279893
['Nina Simone'],[411761],-0.16210981787907333,-0.09005638415691375,0.6797337493095295,-0.20266248463222705,-0.3110934554331406,0.47169218909407135,-0.12558845844715438
['Nina Simone'],[411761],-0.7368205338763957,-0.2537519060561657,0.09035964302664852,-0.04086087527854059,0.0508940901605306,0.6639621995083894,0.05406318107424857
['Nina Simone'],[411761],-0.59337900001665,-0.7234799640911986,0.28313077202323544,0.18291347916251882,-0.7396439283182957,0.7990193824918134,-0.08634617823805253
['Nina Simone'],[411761],-0.286682265418168,-0.37438571957124656,0.1896886756791403,-0.050679806149822725,-0.37207568095064314,0.4662498973889944,0.10774754302282699
['Nina Simone'],[411761],-0.5590049203756456,-0.472161055837483,0.19573378009810333,-0.014617735676858517,-0.061865231804835,0.5534683792280658,-0.013654358353671191
['Nina Simone'],[411761],-0.36893528069103404,-0.27052676671667464,0.14861003798368633,-0.0794840722699429,-0.5478762723711312,0.5426750648161714,0.0976473200623661
['Nina Simone'],[411761],-0.3746404544882276,-0.21462381281579254,0.24209412379388068,0.04564862238579107,-0.7351306862623799,0.3785180282446427,-0.0032270334435930024
['Nina Simone'],[411761],-0.6190550231811178,-0.4036343484673905,0.43086642815815057,0.010986314988387128,-0.4990980220444389,0.6943357506358679,-0.13683732368051235
['Nina Simone'],[411761],-0.5080972491696645,-0.740206180117386,0.36960862877567113,0.0359556702317642,-0.30698951008068187,0.7649341175961332,-0.11924828184579968
['Nina Simone'],[411761],-0.37896947746289034,-0.21778947303248689,0.2358567519794999,0.014278125101318576,-0.8244493731305674,0.43283665115965614,-0.04447705817257448
['Nina Simone'],[411761],-0.6676493008131158,-0.44899567304395843,0.1738007316076451,0.018211658811226987,-0.0492618066792172,0.5568462848227371,-0.003761037378005389
['Nina Simone'],[411761],-0.6212113632513228,-0.605429975221537,0.2502586435745314,0.19291252111764173,-0.8352250600290594,0.7316510442343576,-0.05675388428338802
['Nina Simone'],[411761],-1.1257747515943641,-0.20249811916215002,0.23427962745729183,0.10418338840582034,0.07605213932072409,0.5407422257944012,-0.21705578567532285
['Nina Simone'],[411761],-0.6397477757743115,-0.4126917657048075,0.17711572288750194,0.1428088144348353,-0.6850928742913888,0.5182236388990062,-0.08083532196915778
['Nina Simone'],[411761],-0.37128219531948997,-0.34517990114881586,0.1881079909653549,-0.1455791269384825,-0.27032364172591816,0.6128981765171538,0.1317955063180948
['Nina Simone'],[411761],-0.9032429375391308,-0.16100790061591969,0.28096825226241817,0.20893070586206963,-0.6713041431744226,0.4864721738906068,-0.20998337635280567
['Nina Simone'],[411761],-0.5178478542212418,-0.3390171928564833,0.2177943932317756,0.058124822967085495,-0.5260106916281985,0.48726000279117365,-0.04190169732350806
['Nina Simone'],[411761],-0.4982167703616889,-0.1443778348431492,0.10571701470732946,-0.04914679211924059,-0.17435423507798964,0.49757754917386005,0.1324664031184589
['Nina Simone'],[411761],-1.1076437329720563,-0.26881686880899675,0.0794874378229016,0.2191851081654416,-0.7076782795276524,0.877473604092169,-0.01975238652573848
['Nina Simone'],[411761],-0.1963781329052442,-0.23463904464281754,0.22295558562344936,-0.08298950545085847,-0.40154011887228214,0.31417333694643046,0.09876632038976706
['Nina Simone'],[411761],-0.49113803156195074,-0.42871515266564725,0.24533175412818872,0.05723593194857395,-0.6993528166784818,0.5909574118618869,-0.0355352071240445
['Nina Simone'],[411761],-0.3203264212691267,-0.012455116401401818,0.29690726635218945,-0.2841684449284336,-0.568523745858701,0.6597460636423624,0.10536956979461101
['Nina Simone'],[411761],0.02478368370096213,0.19369127208851558,0.4011816360672921,-0.002213243506652711,0.07830999183094389,0.8507527982006019,-0.6443370589573287
['Nina Simone'],[411761],-0.3684345822020484,-0.33156908880525493,0.22752205017940422,-0.025117330920638333,-0.376295134357879,0.35896963013057587,-0.039777102505353094
['Nina Simone'],[411761],-0.19973579440205025,-0.25072479216998383,0.31904541983138524,-0.08474677428100216,-0.5750843376256823,0.41127747952384824,-0.024478963684229516
['Nina Simone'],[411761],-0.13919713065845893,-0.2569307338914402,0.18784811066377124,-0.07033186422271483,-0.3954161173260495,0.3855160481158298,0.09652041298971842
['Nina Simone'],[411761],-0.648253368415029,-0.6050638319770271,0.22240414317740764,0.13556974576786493,-0.7501762326145545,0.7287496825582073,-0.058746533454517656
['Nina Simone'],[411761],-0.979725099293251,-0.1950577484404256,0.15037011498535727,0.26117940162818043,-0.6511042857477473,0.53148294520545,-0.24745448038269272
['Nina Simone'],[411761],-0.18845266397658017,-0.22520357790007486,0.684176412493086,-0.15696370738443308,-0.11317404074203861,0.49737296477966,-0.1619354616570662
['Nina Simone'],[411761],-0.7570439077028016,-0.21998881747740584,0.2235308694213067,0.1878941841343306,-0.4154118453262257,0.37673882391622987,-0.13501931160029762
['Nina Simone'],[411761],-0.8942531545785367,-0.4041392213431323,0.12186975323867341,0.2662004852834077,-0.6548469035358855,0.5330561569711229,-0.1566600585433415
['Nina Simone'],[411761],-0.8767356981850761,-0.5336618891379458,0.1611751702811391,0.18024929266536377,-0.6362307969873221,0.7361406268941514,-0.09892775197645362
['Nina Simone'],[411761],-0.31630574950369816,-0.4615229832757807,0.18684458434573892,0.12055764006138205,-0.8847741297407804,0.5829689652803701,0.08882004998905095
['Nina Simone'],[411761],-0.8047326015760023,-0.26102703320962356,0.0005429697689292182,0.06323613348173882,-0.6669902373271009,0.7454869207198438,0.05237292888217455
['Nina Simone'],[411761],-0.7397524751504956,-0.36440402996307175,0.11977337768107893,0.12749897039948319,-0.11801829995294474,0.5994382925080054,0.0029001110222329316
['Nina Simone'],[411761],-0.14159372882746377,0.07997296377865155,0.29977155035742653,-0.06453703568906029,-0.40236407054036244,0.2834483858529052,-0.12263324508019559
['Nina Simone'],[411761],-0.218230040393695,-0.4320337292827135,0.22157568516375883,0.08509802621072776,-0.91105079789381,0.48824449244034523,0.08107235123107391
['Nina Simone'],[411761],-0.9515457126793264,-0.29685290129549624,0.16479956928350595,0.27379099752226393,-0.6571869870512215,0.49118304050127415,-0.18864300572945372
['Nina Simone'],[411761],-0.17838037936997797,-0.18248212756405913,0.5520819539068827,-0.09246844671064186,-0.8374910990439005,0.562893998712397,-0.05900180611366649
['Nina Simone'],[411761],-0.3667640514642767,-0.23999838249091712,0.1517043597879571,-0.20394021492151382,-0.635000985772876,0.7515362732549512,0.112368844989657
['Nina Simone'],[411761],-0.20604253495764477,-0.17587559249663426,0.19781059832111608,-0.10115945763353656,-0.6670313407757228,0.43012539149850854,0.10293691049645026
['Nina Simone'],[411761],-0.2549729709925922,-0.17458971399132903,0.19736480820572244,-0.0756218334027966,-0.5637415491270368,0.4350837216589152,-0.011924006322909577
['Nina Simone'],[411761],-0.8685889771721041,-0.18441132662143947,0.5038227722579937,-0.08649641393062005,0.15117059201509456,0.7247562702809872,-0.17260241885895425
['Nina Simone'],[411761],-0.10071486592033993,-0.33272960553976666,0.2951919242692381,0.032527536192448914,-0.7520488702454741,0.4043778405862159,0.08728910322260107
['Nina Simone'],[411761],-0.2854742936690965,-0.12517234473893507,0.14671972964718247,-0.08366361145302775,-0.7377718273412469,0.5482942962073195,0.18000647811478873
['Nina Simone'],[411761],-0.6734413777343143,-0.4846175535109816,0.16183881754530546,-0.09845397114894168,0.13618067727090966,0.7322589517458606,-0.0030233289746008636
['Nina Simone'],[411761],-0.5409738513444837,-0.5116284960031748,0.7638539012854807,-0.055548678939749345,0.1409307751742859,0.8093989878747109,-0.11063261379806798
['Nina Simone'],[411761],-0.203215228814023,-0.25827228161250027,0.19013530657767364,-0.021855213509684716,-0.9223620433513249,0.5296937841260916,0.14167348964600945
['Nina Simone'],[411761],-0.8145084543974992,-0.5152989093586774,0.5111972441965213,0.07575877383210759,-0.2883699523399546,0.7482076016826198,-0.24641752596560537
['Nina Simone'],[411761],-0.6760673965978189,-0.325801952532184,0.09178319376142224,-0.004163769546397814,-0.5004241391813807,0.6985017852354648,0.03174688654990274
['Nina Simone'],[411761],-1.18679034442549,-0.03699519553380611,0.6578370272600033,0.14922648677190614,0.0857946037012255,0.5642013893609231,-0.4008540511733069
['Nina Simone'],[411761],-0.2731144512402333,-0.539802181361631,0.404022263172749,-0.055024601145791364,-0.08140397994978556,0.6431398742689978,0.0915123836564896
['Nina Simone'],[411761],-0.8473769667012092,-0.0628779159614747,0.2342070130551715,0.19739010974908647,-0.4546515453867035,0.7004623331900961,-0.008130369540527623
['Nina Simone'],[411761],-0.8534260377347131,-0.3235882852666516,0.6697127228868573,0.0409717204060396,-0.1946520400225079,0.8109316287082078,-0.31642997311634824
['Nina Simone'],[411761],-0.4746465780068349,-0.5734476987972397,0.2616726320715267,0.09699643103327307,-0.2324522849621833,0.5856285956893392,0.08352729021525457
['Nina Simone'],[411761],-0.1010015076127304,-0.4066595498059535,0.2731708793938432,0.002461444703784417,-0.30048244545331415,0.33004143081361514,0.09141230823331044
['Nina Simone'],[411761],-0.3604839466739803,-0.47067496853954544,0.22516180401396907,-0.08442129681519864,-0.5160625862513165,0.8336956603919421,0.08816124260072428
['Nina Simone'],[411761],-0.5498512018498648,-0.1415853334040688,0.6101700965489048,0.14613217217002628,-0.8830168927502648,0.4889891433487882,-0.2436272335791836
['Nina Simone'],[411761],-0.710779880741314,-0.24814031955940424,0.2670164460496137,0.007419156391246079,-0.8557244101756107,0.7832012223818382,-0.054563896064094446
['Nina Simone'],[411761],-0.49524247176753805,-0.41512212330639653,0.25822507098238673,0.04200965531514464,-0.5270106715183168,0.48474335171899907,-0.08516420263388255
['Nina Simone'],[411761],-0.5459704611760551,-0.2922156086353647,0.2030291771410784,0.03293990143639604,-0.4421421617255356,0.41606934269182727,-0.04405849315177966
['Nina Simone'],[411761],-0.7769889977346481,-0.3407573755810632,0.13778086675703197,0.20298221058565155,-0.8185895926777771,0.8091189825368525,0.013571294411045168
['Nina Simone'],[411761],-0.21752251686196789,-0.32793237435729544,0.18617027832074862,-0.08853719001167863,-0.4646449653384478,0.5558526413782227,0.16657650789143003
['Nina Simone'],[411761],-0.7848034518438036,-0.5676331242225939,0.20184585985308148,0.21167282677985919,-0.7340384895709791,0.7101773726084661,-0.06901835132596
['Nina Simone'],[411761],-0.6622642205150557,-0.4401117808833462,-9.362974322693141e-05,0.32914287958846766,-0.5847887497171204,0.9887756870661832,-0.27929300116531636
['Nina Simone'],[411761],-0.09043693777835948,-0.29217944753367686,0.2137868078732163,-0.1229769511951566,-0.3133471058131457,0.39167285338400026,0.14569410414683104
['Nina Simone'],[411761],-0.6876183569298203,-0.5427085090627279,0.18924589978641715,0.0513035979444331,-0.8281541120191186,0.9803526963669922,0.020673183121004038
['Nina Simone'],[411761],-0.10338929334067343,-0.3185756893706785,0.21068632951595825,-0.052543308439940255,-0.6551970703358274,0.5298664068715577,0.15784400979270194
['Nina Simone'],[411761],-0.29792868892837293,-0.20173939030359883,0.6666325700570301,-0.042866181651752024,-0.5618464539416816,0.39941673761932345,-0.22894183440965177
['Nina Simone'],[411761],-0.21905687940816418,-0.18045462090308997,0.17094054382983323,-0.15288888824084665,-0.11072095710976602,0.4525401228963951,0.09794635647842322
['Nina Simone'],[411761],-0.9220721736609326,-0.5581746668516068,0.3486165134203884,0.3092803217926336,-0.8002859320011413,0.7589809302655366,-0.1334463320145886
['Nina Simone'],[411761],-0.7301134926404751,-0.5501393734646393,0.3035966060202499,0.02036028685569016,-0.196531758988991,0.8515583676554744,-0.08319226508184961
['Nina Simone'],[411761],-0.1055254472111455,-0.16510468608396606,0.5700090251920624,-0.08097795286052416,-0.8477682380383031,0.5037074335570744,-0.11742037689735116
['Nina Simone'],[411761],-0.32624289024306347,-0.29660762949441044,0.24075143216164305,-0.06718713709320985,-0.2850678309759172,0.4112290144033356,0.061606651338094225
['Nina Simone'],[411761],-0.19333357705238355,-0.3464514059226458,0.20646840352088017,0.044127009953897636,-0.921333463898719,0.46761848050155297,0.10293119274190579
['Nina Simone'],[411761],-0.5153152379039844,-0.44431052245297664,0.2562282853012199,0.20612481216595707,-0.7816111078516896,0.49445283759103364,0.0217683412319467
['Nina Simone'],[411761],-0.7358451976532404,-0.6164713237885111,0.23231728470251387,0.09160537495569436,-0.030628003325149856,0.576525454357353,-0.09962271273575142
['Nina Simone'],[411761],-0.5869418014888838,-0.6303668728291316,0.2478736204892918,0.04384877528287462,0.13338431567325273,0.5221164479012198,-0.09437106529721101
['Nina Simone'],[411761],-0.41526928951934966,-0.3326145904380003,0.1192798204190112,-0.04334332599294935,-0.7017708312180061,0.7322955700218534,0.16424556807139773
['Nina Simone'],[411761],-0.22577015160982875,-0.19971086305897562,0.13639088840788297,-0.03363813107090597,-0.735805156880706,0.5305873886713441,0.18064525871763168
['Nina Simone'],[411761],-0.12487802079058048,-0.20363493771247676,0.1725929547491962,-0.13105612647021475,-0.7529041186406044,0.5834872514206486,0.19371691034598448
['Nina Simone'],[411761],-0.46443772642637166,-0.42224558937500517,0.2520707241176695,0.05281288687765473,-0.4366390787947514,0.456267583513397,0.011800186554750793
['Nina Simone'],[411761],-0.9956213788343481,-0.23930200810627697,0.6143991157816617,0.12189615156064516,-0.46709565129399155,0.6726460534744257,-0.3750606694906041
['Nina Simone'],[411761],-0.8047326015760023,-0.26102703320962356,0.0005429697689292182,0.06323613348173882,-0.6669902373271009,0.7454869207198438,0.05237292888217455
['Nina Simone'],[411761],-0.8942531545785367,-0.4041392213431323,0.12186975323867341,0.2662004852834077,-0.6548469035358855,0.5330561569711229,-0.1566600585433415
['Nina Simone'],[411761],-0.5872256065880048,-0.45079377268087145,0.1498101753671355,-0.03559332345261493,0.030003781817129108,0.5665842316442637,-0.01394275717085971
['Nina Simone'],[411761],0.21892981597888006,0.0687660849812786,0.017913921091732024,0.1870237997065823,-0.6755386059260364,0.6488986973304381,-0.4751406225106309
['Nina Simone'],[411761],-0.17928470142465414,-0.3237477064602368,0.26013363601364,-0.06887600114043264,-0.4759746005242202,0.4685369104361778,0.10097529021403441
['Nina Simone'],[411761],-0.6379674151478945,-0.5221769466315334,0.19452694309921087,0.17805794653643792,-0.4883485554945499,0.5754865256987698,-0.0447194866156207
['Nina Simone'],[411761],0.023587433887134215,-0.11581672628011365,0.08361509211636795,0.18404075962727903,-0.10250050116024996,0.709772707066835,-0.40889382560724835
['Nina Simone'],[411761],-0.7184935733511506,-0.27037298559103495,0.6403264607845418,0.024990418767483896,-0.12750390055151575,0.6354319408838467,-0.25690518042784066
['Nina Simone'],[411761],-0.42660045362577176,-0.4714170039437937,0.2607624113809229,0.048585850783228295,-0.5320087000336523,0.4671902406604621,-0.11399680961852522
['Nina Simone'],[411761],-0.48527143300535786,-0.4150063594344722,0.17079823556253443,0.04364385821163982,-0.699161042176385,0.597833491386864,0.028243634164234012
['Nina Simone'],[411761],-0.5813458643482672,-0.5692090695812775,0.20034884973730144,-0.030977192084221564,0.12454605981357375,0.5597481502077434,-0.051401961474410694
['Nina Simone'],[411761],-0.6090811515847141,-0.46327852873684977,0.2253526460107017,0.04528870917763985,-0.4111891008796662,0.6107362416286573,-0.035169998978977
['Nina Simone'],[411761],-0.25646968405848614,-0.27139188429137423,0.21363353931010642,-0.14241107166100503,-0.5559260106949988,0.6174591991433797,0.12803650431735605
['Nina Simone'],[411761],-0.6592120051187728,-0.5744722466093793,0.2075273611071509,0.07203276047742062,0.12944122081818915,0.44773546955493404,-0.109800062322052
['Nina Simone'],[411761],-0.7242575860235906,-0.2814644071531808,0.187835752793275,-0.10843171889928724,-0.23380786538030468,0.6836498849239784,-0.005800012202484962
['Nina Simone'],[411761],-0.4937866333681567,-0.5346469076958332,0.2299384444624794,0.06741480918942773,-0.5081783930332399,0.6032307490929509,-0.008891665224653946
['Nina Simone'],[411761],-0.6893005098018828,-0.47506126017503447,0.380844095969228,0.01795080792105464,-0.21928294332533022,0.6650328044029772,-0.13411957008157604
['Nina Simone'],[411761],-0.8772148223876053,-0.6315756307867332,0.15924461495878003,0.22045717569230958,-0.7223868843198753,0.721958849337749,-0.1347797363565274
['Nina Simone'],[411761],-0.6165715573217586,-0.39857631784565795,0.12680976526829021,-0.037975483150832524,0.027482113462490416,0.5311144999325613,-0.007240657789588085
['Nina Simone'],[411761],-0.9984006388707204,-0.6422202693739327,0.1974530920016084,0.14853557105438572,0.19033887115817638,0.6802292397534551,-0.1214665369558812
['Nina Simone'],[411761],-0.09878256646324543,-0.2880702477141415,0.2540862638278069,0.0009670137113916317,-0.9246888211254733,0.5364111559365503,0.11359720431100537
['Nina Simone'],[411761],-0.2976575862781046,-0.4981190747327329,0.20381385059661086,-0.021568256854718314,-0.6190734356010117,0.6852628726801457,0.11581623225082359
['Nina Simone'],[411761],-0.5835855779189776,-0.5959349157144472,0.2279751287743052,0.19045429410533204,-0.8405890139018534,0.7122720213856644,-0.02407770734218356
['Nina Simone'],[411761],-0.7199106369471285,-0.11361957523362647,0.1551239931483183,0.1288495581922048,-0.4242163053234609,0.43090654151986585,-0.021414690704122153
['Nina Simone'],[411761],-0.6458160602780781,-0.25081281545126094,0.17320607571454932,0.15855883868529438,-0.426287345834261,0.3789441942131124,-0.07086965689040979
['Nina Simone'],[411761],-0.9540239614578242,-0.2950673080236921,0.46821950121661254,0.14444299272229388,-0.5422928097269256,0.803434714456869,-0.30086913229504847
['Nina Simone'],[411761],-0.30430779576350026,-0.2505705502736554,0.2536497507570865,-0.11261853418376452,-0.11540295621436195,0.3569163957443821,0.08383516380231903
['Nina Simone'],[411761],-0.33849615824939483,-0.2318676209224582,0.17980449131193696,-0.0804515452952493,-0.29241768987430933,0.3801619541063559,0.08800718733897081
['Nina Simone'],[411761],-0.7855264072259597,-0.22662357066340097,0.11020046781514964,-0.07007645387724519,-0.225273039670853,0.7146498590078635,0.048350691965037794
['Nina Simone'],[411761],-0.5678972180683316,-0.3032495007413493,0.5951297127121434,0.060085907540749,-0.6856214164462548,0.6465732306425591,-0.32002252622582233
['Nina Simone'],[411761],-0.44978462480135617,-0.43934500569781604,0.36705294683876805,-0.08832097396988899,0.0077328790410532405,0.4979589122678004,-0.11390689883626455
['Nina Simone'],[411761],-0.6215534849753469,-0.531826497838535,0.24249989871774982,0.03477088065149321,-0.75570242617036,0.8253163691588044,-0.08214269307262216
['Nina Simone'],[411761],-0.21530119052612892,-0.2772737349545005,0.23839903438864907,-0.030421638300378407,-0.39825657420154953,0.25786275504802464,0.017919895154295967
['Nina Simone'],[411761],-0.8516635486524169,-0.4094124599817499,0.14046678340221017,0.030676895834428404,-0.6463282438852695,0.8733468657853912,-0.03763243430303468
['Nina Simone'],[411761],-0.27166173777973324,-0.19086626188502678,0.26224577122168374,-0.11288775763236383,-0.4778136857586062,0.4248380940979842,-0.03550499619197337
['Nina Simone'],[411761],-0.12997146964920228,-0.32856242021083665,0.032002315144607704,0.1807773782714196,0.22184890216154968,0.9640050692089119,-0.49928149670890226
['Nina Simone'],[411761],-0.5376121504828147,-0.20075499412055356,0.1445510058802131,-0.2322032086956131,-0.17058993067636796,0.7102405397039946,0.10660395266437997
['Nina Simone'],[411761],-0.7915950584598972,-0.2304893239186717,0.3775981977568203,0.09906210839276837,-0.85208418686669,0.6659345914533291,-0.2032606907392581
['Nina Simone'],[411761],-1.2217747075745198,-0.32635478055256056,0.4729180716473933,0.2239797178588155,-0.4309261436573676,0.7313639024399035,-0.43137044694840976
['Nina Simone'],[411761],-1.2515548101518605,-0.31055626499599714,-0.013226485638251451,0.1931772074704771,-0.3332002342875878,0.8006395645424691,-0.12945831704338107
['Nina Simone'],[411761],-0.23290006559712123,-0.08018060316851848,0.5499616857954649,-0.11670920865305279,-0.7499557010827347,0.5192764441424599,-0.08308563785065609
['Nina Simone'],[411761],-0.18554910342656633,-0.08687032449472719,0.5779146033318342,-0.05991689316559291,-0.7656241587960929,0.3375018531661473,-0.139052528224317
['Nina Simone'],[411761],-0.17193574517448518,-0.3045104498351196,0.19655486061830812,-0.0890421413457106,-0.2961294810694197,0.4499418025973524,0.16370812009567892
['Nina Simone'],[411761],-0.18656277174603053,0.10830006453263802,0.024169193625054982,0.2606346846930257,-0.6376763621162593,0.6781570308858023,-0.5681772744741012
['Nina Simone'],[411761],-0.7152789795001171,-0.5280398438269887,0.23951264279102547,0.06200162601531916,-0.2950419644703958,0.7396740242427757,0.023264673298316423
['Nina Simone'],[411761],-0.33434642303961476,-0.09271607575956892,0.7281985148397886,-0.027759173986445975,-0.7322412563623887,0.5101999958687392,-0.21458210171344952
['Nina Simone'],[411761],-0.3004323159173455,-0.08098734641434244,0.7253867028592447,-0.10979700366583019,-0.9173214516580472,0.6328414541868425,-0.18768769661343435
['Nina Simone'],[411761],-0.44554451477494894,-0.10708725925843528,0.8208580964039275,0.03860886941165232,-0.43804894937126276,0.5736321979819619,0.009868222107243868
['Nina Simone'],[411761],-0.37853087739619506,-0.6189037487895926,0.24054336436859577,0.05886439395831673,-0.6954628275867033,0.6672216926795282,-0.0007970507635864577
['Nina Simone'],[411761],-0.8861180584479658,-0.40406394076016494,0.16751065937080475,0.051044240739195175,-0.019497481397815934,0.6477320322725441,-0.09576178049294652
['Nina Simone'],[411761],-0.4357797397740024,-0.3730849455182576,0.1974059146561239,0.051868674054068614,-0.5357975090279564,0.43931194794310674,0.023381346167066417
['Nina Simone'],[411761],-1.1204020578520728,-0.2935186216765233,0.17594177601394184,0.25461092466928836,-0.6306019568464676,0.6074010676631316,-0.15692326329223893
['Nina Simone'],[411761],-0.2850613934465509,-0.16919808000404565,0.647022926204898,0.038587027175470794,-0.1783498516240751,0.4288727867038738,-0.01871441606973218
['Nina Simone'],[411761],-0.750272194033325,-0.5227305407547927,0.1639446255159129,0.19896242035687184,-0.7427783894434169,0.6760236456778171,-0.05376406605256707
['Nina Simone'],[411761],-0.2774679336002599,0.035454974486961686,0.6651661566734888,-0.13959755333430662,-0.12883009193727799,0.29321897359978144,-0.18496151874086225
['Nina Simone'],[411761],-0.5905711562350855,-0.37041445276457086,0.6492522114710425,0.01859748464968628,-0.5898661874414369,0.6971044276025284,-0.2530555086291795
['Nina Simone'],[411761],-0.6338879815356117,-0.6228358355857758,0.26471926503261584,0.023606667424323016,-0.03864853588763808,0.6148769465416039,-0.08212496762463518
['Nina Simone'],[411761],-0.4370207595542203,-0.31179062846358513,0.18878047499050157,-0.0021681790137828166,-0.7000406832598257,0.6582749444824266,0.09259832030878228
['Nina Simone'],[411761],-0.1934761382571216,-0.001028261529789997,0.7258677114722827,-0.199743148674014,-0.7459832313417809,0.6803704094213889,-0.10871785747514823
['Nina Simone'],[411761],-0.12121506739375751,-0.07663219677630505,0.5980683966878437,-0.13082459020836354,-0.3093394917551339,0.3816745383692579,-0.11156988118776762
['Nina Simone'],[411761],-0.3646171357969062,-0.30198404208950247,0.17391276538365893,0.06787806464770733,-0.9041868382319306,0.5014907140566108,0.03253028696648362
['Nina Simone'],[411761],-0.5842352318862424,-0.6445211490489339,0.25145919253161486,0.14892629087982956,0.07240806462641759,0.6026736700892625,-0.1647290573732528
['Nina Simone'],[411761],-0.33693951305345243,-0.2504463617708166,0.15709306426250733,-0.11846983877494265,-0.20119820614050166,0.41756430501450903,0.08555137513422326
['Nina Simone'],[411761],-0.19679668438240508,-0.23997939149450953,0.2053973950683568,-0.03676266909002764,-0.48044192214145426,0.3719061166056101,0.12301436828103428
['Nina Simone'],[411761],-0.49036715773258427,-0.17790523596006838,0.11994357092359195,-0.23973102701234594,-0.17790802049029997,0.6892356822824994,0.13914036936794946
['Nina Simone'],[411761],-0.596757703327159,-0.24149928138115279,0.6923704844690737,0.015345065375952208,-0.4954037888095234,0.7425290662264046,-0.12819832117402294
['Nina Simone'],[411761],0.061472997705042866,0.16687670028493234,0.45895393573379606,0.08389790370295462,-0.7006056559616037,0.5833063738997692,-0.5325961746897774
['Nina Simone'],[411761],-0.7576177803019316,-0.43789408640661515,0.2033403196337799,0.04049442156631212,0.04717537171037583,0.5109075210265761,-0.12805497653415934
['Nina Simone'],[411761],-0.8885882576939323,-0.1911107174217093,0.6045689833415004,-0.08852592314181557,0.1591475676819987,0.7858095257260427,-0.22574398294435394
['Nina Simone'],[411761],-0.7521003873264993,-0.2196301769910721,0.20365362420320043,-0.05107114391720931,-0.40881619606643327,0.7239725699514163,-0.042629895718538854
['Nina Simone'],[411761],-0.3981982222779553,-0.03702835893425321,0.5331587682317916,-0.2753327369903566,-0.009303354236067433,0.6249180390146238,-0.04048235147551677
['Nina Simone'],[411761],-0.5547334800877182,-0.5298426534765722,0.20878729367136153,-0.012354943900930023,-0.2346125701441866,0.6239536710625369,-0.018457665788963223
['Nina Simone'],[411761],-0.30295609923517886,-0.1080780425634265,0.15152270054715405,-0.15789523463202257,-0.7357739582378175,0.6428767906000379,0.19470314795429852
['Nina Simone'],[411761],-0.3160806185266978,-0.27826070526465274,0.19775040202126246,-0.20978804743663973,0.07196184208250596,0.48955876816286303,0.14594323672529824
['Nina Simone'],[411761],-0.26563221127357023,-0.11223280785901366,0.5981997161833618,-0.14290206468865063,-0.1206188573786231,0.38714714959511437,-0.12101367990867562
['Nina Simone'],[411761],-0.47427476474036573,-0.2721982788963978,0.1330805462640936,0.08748543288545968,-0.7187346489661358,0.41916893012868395,0.03648886580149681
['Nina Simone'],[411761],-0.38160700802553116,-0.21100762307520957,0.29761919708046086,-0.0930635407959249,-0.1963753697922239,0.39195839858439546,-0.026684031497517902
['Nina Simone'],[411761],-0.3622994302500236,-0.31925812409379234,0.21882742551005174,-0.006612373051359019,-0.3726851297379321,0.36758113572778817,0.001180479623758581
['Nina Simone'],[411761],-0.09388632304943842,-0.16292496569712484,0.21201812456320815,-0.17125141726483875,-0.14500332804144742,0.2940642168991243,0.11246761266502102
['Nina Simone'],[411761],-0.7287374534067792,-0.4733902901023153,0.167552562943759,0.008488112334740713,-0.04370541759155789,0.5805108971936247,-0.04225128549495021
['Nina Simone'],[411761],-0.4811923715127907,-0.3968641903087739,0.20851887771974573,-0.04289755926216373,-0.1662501859872629,0.5163808067859621,0.01593712086845488
['Nina Simone'],[411761],-0.8891779403523773,-0.568064603382464,0.157323313218447,0.2606750389419213,-0.6378500199142796,0.6717556064207499,-0.13048762800962013
['Nina Simone'],[411761],-0.7484530569961646,-0.5970079118231646,0.204795412652053,0.21240224215298997,-0.7348894359981939,0.7283809271311293,-0.05299499099119881
['Nina Simone'],[411761],-0.650342265377831,-0.3211362787719355,0.15059686234809322,-0.07799820328171622,-0.23876814042749853,0.6415796494203132,0.047789494593466104
['Nina Simone'],[411761],-0.5170677869623049,-0.2716975923952352,0.569126586513599,0.05333345764789469,-0.4331502025550014,0.49260663428247464,-0.23349134282770542
['Nina Simone'],[411761],-0.21977677545699864,-0.2824786400480621,0.18905807016952628,0.09572833193014242,-0.7167204556358051,0.5148429459218167,0.22339671875562428
['Nina Simone'],[411761],-0.5235082665955516,-0.36776204187591527,0.09925284359445,-0.15744206649221473,-0.51809445016893,0.843122314209565,0.1235386313032651
['Nina Simone'],[411761],-0.3329016321360595,-0.12284831392700109,0.31756894757789816,-0.10330414524451006,-0.3035756278467709,0.30045831136384366,-0.020738537019869895
['Nina Simone'],[411761],-0.4343869003142029,-0.23169353477175295,0.33817810855146146,0.040998394725793974,-0.6357799165343418,0.4209086050471656,-0.11185343242863136
['Nina Simone'],[411761],-0.2588656908101651,-0.4342688453594406,0.21634694777323465,-0.03637790209678429,-0.36910645857430463,0.4888714091080754,0.06575871069369776
['Nina Simone'],[411761],-0.6864490884906995,-0.2842653822273527,0.5237977653322744,0.01865783934003996,-0.040182834067358154,0.5856696583253956,-0.18120147645540538
['Nina Simone'],[411761],-0.627340720029265,-0.500357463366519,0.29836353537399185,0.011405526248965464,-0.04819905695565181,0.6172724193220209,0.014556022776132872
['Nina Simone'],[411761],-0.44879870509661357,-0.48609015625272123,0.16926113227549,0.13604300682293363,-0.6949234019098101,0.538649971466538,0.07521970706419162
['Nina Simone'],[411761],-0.5108843775206281,-0.20480950324882186,0.6026575197931358,-0.02700636529909994,-0.06434827618773384,0.5300377979136635,-0.15770056927049753
['Nina Simone'],[411761],-0.7754267614433517,-0.4595429727639565,0.6258020716227394,0.07170179779946251,-0.47334189388920567,0.7459256339699316,-0.3166427077785759
['Nina Simone'],[411761],-0.4869148864798956,-0.4134644480539021,0.16286064940510278,-0.031865294981392935,-0.5120320959946718,0.7108498845355632,0.08582927618312781
['Nina Simone'],[411761],-0.09178518992200756,-0.2748262829747505,0.2564471489215939,-0.1887244748301087,0.03986851097476912,0.33019998049600224,0.09504207785450867
['Nina Simone'],[411761],-0.543984470485961,-0.5839093994074832,0.2247022984985466,-0.03141986531907991,0.038580161596861555,0.6331539846797892,0.01018716385055693
['Nina Simone'],[411761],-0.520752534560199,-0.3774379004891395,0.18514066999105203,0.12278748837387805,-0.7975616498967831,0.4258970194090126,-0.04406427938954482
['Nina Simone'],[411761],-1.0299588424273771,-0.3543680877661446,0.2567371801003711,0.15086552673519543,-0.809204334566815,0.788626267190036,-0.21969093258622954
['Nina Simone'],[411761],-0.2858234847635592,-0.09150137971287224,0.6888324382392014,0.034507954686176706,-0.18454014417933914,0.38874609138922017,-0.007470509422666242
['Nina Simone'],[411761],-0.9261732624004475,-0.5520590683343146,0.14170808321544434,0.02041252648223427,-0.1830402453892918,0.8460147500314935,-0.045863528357513915
['Nina Simone'],[411761],-0.38851406445400566,-0.3091045650906,0.17828737484842366,-0.026072721840404958,-0.6301077641431798,0.5418945318463448,0.07068777658217575
['Nina Simone'],[411761],-0.32465916524915606,-0.3645591272234098,0.20784705468298206,-0.031571986326411984,-0.6244914533635585,0.6195245415582625,0.11546167261051409
['Nina Simone'],[411761],-1.0988133752128881,-0.4847370614028708,0.34006020169462614,0.2010450586256763,-0.439868159865227,0.6792889558411546,-0.30723123755977605
['Nina Simone'],[411761],-0.3491314979405731,-0.06682591826674113,0.16135069492795487,-0.0530003395860604,-0.5752914882024044,0.3120119300461845,0.0518884730538297
['Nina Simone'],[411761],-0.2575902665271627,-0.32806601650182277,0.19570579040326397,0.00783613393503557,-0.7378023108917734,0.44501235451443005,0.07341268086261712
['Nina Simone'],[411761],-0.4730076398491669,-0.36343406246036625,0.13608018902214492,-0.2646285120074164,0.09938964866187647,0.7314591238901931,0.12282873728675331
['Nina Simone'],[411761],-0.2745358690440178,-0.5502003361141539,0.22807930515943892,0.08611572989474009,-0.524789048971273,0.5603382538710706,0.06983304507528976
['Nina Simone'],[411761],-0.7349112479412927,-0.3771016179637981,0.1346716439829661,0.20146987509435418,-0.8201063956851138,0.8258483757375792,0.01814307216760408
['Nina Simone'],[411761],-0.15740458377425276,-0.16499267782187085,0.1862870062243707,-0.0884443310737828,-0.5860101849308785,0.35392374677441096,0.10341725807232413
['Nina Simone'],[411761],-0.5965159029651538,-0.37128050154045483,0.052059264400387835,0.3274796631493189,-0.39949782371758946,0.9116726067911735,-0.5718365631962322
['Nina Simone'],[411761],-0.27486475895710244,-0.4461164344655536,0.20195875027454738,0.008196402401151078,-0.6262713464618875,0.6168798942331258,0.10482095213498789
['Nina Simone'],[411761],-0.3428519878003283,-0.21266582214417212,0.1846903659239412,-0.15950581563450175,-0.7211296966075049,0.7610505978907195,0.12475656170921402
['Nina Simone'],[411761],-0.8041429017100927,0.11228282687532072,0.08051967700690003,0.43643908519491786,-0.09164550037956608,0.8740600854298071,-0.7436979870891577
['Nina Simone'],[411761],-0.34072800852735874,-0.21614583679191995,0.14969265208168653,-0.12107593813219825,-0.7235209257113051,0.6871130557487342,0.19726452553103352
['Nina Simone'],[411761],-0.4431115184259151,-0.4376197294028972,0.22651312334639065,0.017367799302121296,-0.08503017666307211,0.36836080858617226,-0.017094670307807945
['Nina Simone'],[411761],-0.7364628817310951,-0.2426644111948047,0.32535882226975726,-0.15471037808637825,0.13031469466444154,0.6912800145203337,-0.0507493762857305
['Nina Simone'],[411761],-1.285826997394801,-0.4500119556118914,0.18565532746133756,0.33032061292860243,-0.41817648410586317,0.6723287717432115,-0.3240660905637966
['Nina Simone'],[411761],-0.7601750760342039,-0.5475277825591717,0.4153824366894245,-0.019838862970401733,0.14729614621232032,0.6220053543885232,-0.26085254881879166
['Nina Simone'],[411761],-0.9614967779951563,-0.536677540679775,0.14933481376184238,0.33720532666473213,-0.8151852914349701,0.5824560538501428,-0.20344612308250593
['Nina Simone'],[411761],-0.9379674350526299,-0.6181144304941514,0.14654107638532257,0.2240791195644442,-0.624524830077779,0.736431770732825,-0.14913130189418633
['Nina Simone'],[411761],-0.9143478536432498,-0.46199908719772237,0.22535608632881798,0.15075479796109148,-0.7332724502939983,0.716753017952255,-0.19697645473931338
"['Oscar Peterson', 'Buddy DeFranco']","[489316, 638918]",-0.7671947613122374,-0.5306072945564049,0.3142771041597213,-0.10011603430063244,0.15609440990271486,0.7967393275892305,-0.14290485106695014
"['Oscar Peterson', 'Buddy DeFranco']","[489316, 638918]",0.017902666908150032,-0.18512041259439158,0.11174156101602742,0.29112606724863804,-0.7132756118417175,0.8569565374797069,-0.6132533176325546
"['Oscar Peterson', 'Buddy DeFranco']","[489316, 638918]",-0.05653823261401117,0.02329302541359912,0.12493967295725296,0.10417107190985751,-0.6778791565468111,0.6881371173023034,-0.3211714186148584
"['Oscar Peterson', 'Buddy DeFranco']","[489316, 638918]",-0.23252714014645368,-0.18464855838831237,0.172013936634705,-0.057635582487871116,-0.280250815498646,0.44664639304846,0.054287683041498655
"['Oscar Peterson', 'Buddy DeFranco']","[489316, 638918]",0.1373987264507734,0.21692494118545746,0.18764751277503158,0.08731070052445467,-0.4096818197211491,0.6332108822340433,-0.5535126800501925
"['Oscar Peterson', 'Buddy DeFranco']","[489316, 638918]",-0.021510670300165,-0.09946672106275417,0.18712253431702833,0.043220044037362376,0.030967023213596824,0.5308738561992637,-0.3053283175606904
"['Oscar Peterson', 'Buddy DeFranco']","[489316, 638918]",0.1477088674924378,0.09172655320162368,0.10544819238207258,0.13054180325795148,-0.502637800287136,0.6047449701716249,-0.5059929057029481
"['Oscar Peterson', 'Buddy DeFranco']","[489316, 638918]",-0.21407366084562404,-0.3889403467368119,0.20510416688126631,0.13615367922269853,-0.6007176975151142,0.5789217970096204,-0.12366319683203962
"['Oscar Peterson', 'Buddy DeFranco']","[489316, 638918]",-0.1834013033561093,-0.35794761379916895,0.3009175046223241,0.08275923370706437,-0.32321766427334636,0.6110629720151122,-0.24087715941021517
"['Oscar Peterson', 'Buddy DeFranco']","[489316, 638918]",-0.7670994146292961,-0.6465312981379115,0.1978175952068539,0.0697597736189478,-0.4575160134791743,0.8732924900047613,-0.09628549200230056
"['Oscar Peterson', 'Joe Pass']","[489316, 209773]",-0.5207455722445596,0.15305583315405363,0.5082780854282656,0.07557728347957104,-0.2024842716456935,1.232711369848771,-0.92192583228906
"['Oscar Peterson', 'Joe Pass']","[489316, 209773]",-0.14858445317368799,0.21540242996421427,0.530386343582573,0.3299124029744534,-0.6901389938913196,0.8629819952243051,-0.8372337818958817
"['Oscar Peterson', 'Milt Jackson']","[489316, 489845]",-0.418931834523261,-0.3817069996982802,0.13393265262682533,-0.06983983386482927,-0.5967551467406055,0.8799337097331993,0.10679417139802716
['Oscar Peterson'],[489316],0.16201377606237985,-0.07649131038841447,0.05727697629433975,0.18725602146188647,-0.2907434943127606,0.7174636906055156,-0.5086091934858308
['Oscar Peterson'],[489316],0.02745112349449925,-0.052795741754235084,-0.0026484998511630046,0.10295001953859743,-0.4461632870536174,1.0090942570795485,-0.41874760451274784
['Oscar Peterson'],[489316],-0.08386914893516424,-0.5232725084271709,0.09305932013431928,0.298860795369531,0.14387103784420713,0.9522698498205818,-0.5741782320884506
['Oscar Peterson'],[489316],0.06208550864686382,-0.0801749513316272,0.0336353858398701,0.07196186294034743,0.17747439611877683,0.843267244883457,-0.43544593466733467
['Oscar Peterson'],[489316],-0.1443396483126611,-0.3775319876052242,0.10004918227666296,0.3194131726526574,-0.4109425766040116,0.9392036034586393,-0.5137204761276778
['Oscar Peterson'],[489316],-0.12382279267654252,-0.4618217951037087,0.08793459283023164,0.2408423265518344,0.2294822203051409,0.945654672166575,-0.6334056746937492
['Oscar Peterson'],[489316],0.15873296886945426,-0.16438920153897135,0.04693772393016129,0.23150035604477093,-0.2783880146112732,0.7468625528688454,-0.5694237685591585
['Oscar Peterson'],[489316],-0.12859216365114373,-0.37927797582700357,0.04781644424499491,0.3456651736367604,-0.6648047909474737,1.0869895146574993,-0.571711203740985
['Oscar Peterson'],[489316],0.019167278525046846,-0.1959264046566086,0.04346781583539475,0.16878741648039133,0.18549585503030178,0.7638019178686213,-0.5523120087199694
['Oscar Peterson'],[489316],-0.0456589040611558,-0.44012652655021217,0.08848725042068552,0.31845191222018,0.20171136868668804,0.6797283404139836,-0.5760121786265311
['Oscar Peterson'],[489316],0.015710126837529523,-0.29078593737623354,0.05760905032145643,0.2718572931813279,-0.24359492267768457,0.9224807560391867,-0.5188939409676686
['Oscar Peterson'],[489316],0.2355585427374143,-0.09222268518937224,0.033213908739834666,0.15101950539740064,0.16236021175753385,0.7140440268049248,-0.4096436312522341
['Oscar Peterson'],[489316],0.19523450862365332,-0.06653197701724023,0.04561538964791476,0.05465171457852955,0.16479601074068162,0.8388812899028566,-0.4192865242390751
['Oscar Peterson'],[489316],0.10599527783130848,-0.26638298440124525,0.0726075909383053,0.1682736199392177,0.18689816936882003,0.8298613360854141,-0.5184368340690393
['Oscar Peterson'],[489316],-0.1328520565112028,-0.5490597083590405,0.16499733223153412,0.36236672314974,-0.0329359773769463,0.9245457628794691,-0.6949211739660432
['Oscar Peterson'],[489316],0.03598071034395875,-0.3013782996370302,0.05285910761393288,0.28709252576418987,-0.33623667872797863,0.919343512879075,-0.5053688468614788
['Oscar Peterson'],[489316],0.04733267471311362,0.017209124283239043,0.13953221871905697,0.1855028946679228,-0.26965295388112026,0.841064168756223,-0.49309888883811215
['Oscar Peterson'],[489316],-0.05390543335662345,-0.2154217826826489,0.01915481603043929,0.29756543024568094,-0.6131219358723392,0.8835610841596985,-0.48384288766810357
['Oscar Peterson'],[489316],-0.6128281528887735,-0.16633400569306436,0.21561059948380124,0.06926861917443332,-0.5086393372024135,0.5777882824076674,0.024023309667942767
['Oscar Peterson'],[489316],-0.024765647577380468,-0.40129599438192104,0.09039671854696771,0.23264059450991123,0.21731456781813818,0.9114099214409357,-0.5384765572500834
['Oscar Peterson'],[489316],-0.06632551693927106,-0.4067529619798608,0.09103316848256152,0.29564928811013136,-0.237346266569417,0.9146646154582257,-0.45565516353647256
['Oscar Peterson'],[489316],0.2619342327809588,-0.24761960791258858,0.08035020324723045,0.2728683182375886,-0.27635735768110237,0.7791703803294514,-0.5488069458517947
['Oscar Peterson'],[489316],0.12786949669948255,-0.21610016533647625,0.06250470302930902,0.2847879497541533,-0.4529921045942934,0.7696459797520335,-0.5038934657453606
['Oscar Peterson'],[489316],-0.06940443683240226,-0.4527579951834224,0.0941649039282375,0.34747459215702636,-0.21360324767802852,1.0157290709730078,-0.5142381520289798
['Oscar Peterson'],[489316],-0.3436564640126455,-0.2588332599728611,0.4320653514923657,0.1830796006692999,-0.3440424073097354,0.4504428921168752,0.18886238003996086
['Oscar Peterson'],[489316],-0.21142405703227066,-0.24900033542505234,0.03508412236238066,0.2890762970341711,-0.40933307093781596,0.9373954620313679,-0.6355844177072157
['Oscar Peterson'],[489316],-0.03523511677317092,-0.30237158065206643,0.06460447951829817,0.3896586542658251,-0.6984725774483792,0.8169764587492998,-0.5347825715277132
['Oscar Peterson'],[489316],0.0723458307993575,-0.05966937811971406,0.04737049307427313,0.054564518060320165,0.1738241359863987,0.8436464198326323,-0.43614269845887266
['Oscar Peterson'],[489316],-0.1463594285348544,-0.2733281376701463,0.02366364417224933,0.294319146303222,-0.6754080908714265,1.0905304187446474,-0.46682519003016504
['Oscar Peterson'],[489316],-0.052956709756803624,-0.3189788288079055,0.056674767577980636,0.26633726159178206,0.20560735868295255,0.7784653134778955,-0.6097746647131234
['Oscar Peterson'],[489316],-0.17997121895385634,-0.34637318880072343,0.059954010130768454,0.19690375028749574,0.20715129807139163,0.8464232267764361,-0.5365742482265612
['Oscar Peterson'],[489316],0.26392167520893123,-0.13279080248209063,0.04931505676814201,0.2079590470966136,-0.018549680567403932,0.6942252465051217,-0.44808132326679706
['Oscar Peterson'],[489316],0.19363611166113923,-0.08901516960027543,0.05277554537119006,0.21858115781747642,-0.5498082066929455,0.8625612857466679,-0.46009705581971344
['Oscar Peterson'],[489316],-0.18297004404988723,-0.4052769015673922,0.0593397884602667,0.2793067215884336,-0.39277461517428536,1.1015962948366764,-0.5388921289534413
['Oscar Peterson'],[489316],0.07387425720456389,-0.026609827965365592,0.2500870188627996,0.11882611130462437,-0.7872779982043967,0.6112106448067007,-0.4401727886247233
['Oscar Peterson'],[489316],-0.2644408939606629,-0.46171548710260263,0.0608232185261126,0.44987287342119814,-0.6522451121987894,0.978285253703811,-0.7445266704887381
['Oscar Peterson'],[489316],-0.2674679699954773,-0.3802723697702191,0.07174400071358797,0.24586073487050966,-0.7031986670687528,0.9662161846566343,-0.33669500922049767
['Oscar Peterson'],[489316],0.13750900979608627,-0.07389617869210925,0.04444699013597516,0.14287120830576502,-0.29059144456590463,0.7861009476195288,-0.41079768566507496
['Oscar Peterson'],[489316],0.17101183204130893,-0.1818404782177518,0.07732877931968543,0.2766119433108385,-0.284131344417471,0.6714949277778864,-0.516304347977978
['Oscar Peterson'],[489316],-0.07564161306192525,-0.3953341800557595,0.09532105632009824,0.33033387587068597,-0.4215377218919493,0.9021117108862732,-0.4296523736235895
['Oscar Peterson'],[489316],-0.02034076329589674,-0.17776570668558875,0.06472636777719777,0.17129024514259503,0.19195776448728522,0.7972230225917761,-0.5154671649464644
['Oscar Peterson'],[489316],0.2176316109966913,-0.09546398324368707,0.07514933773935345,0.15820096560350316,0.14736069292158177,0.5927849528563729,-0.486127653576228
['Oscar Peterson'],[489316],0.12694702625919455,-0.11879059487639586,0.06489061992361668,0.25263797350820805,-0.2835068688052698,0.6655765017618999,-0.5112462117977388
['Oscar Peterson'],[489316],-0.2777653929850278,-0.3542947836133758,0.021305322074759336,0.19892299877261424,-0.20605245851671178,1.155390258431404,-0.656551060335517
['Oscar Peterson'],[489316],0.10426859563303606,-0.07456486266427968,0.06429328710503411,0.1674469399440252,-0.2994758576115974,0.6676763489630378,-0.4593323404810599
['Oscar Peterson'],[489316],-0.37971729229490975,-0.5981424868163132,0.1713328904255796,0.09400701626676558,-0.4500619658412634,1.0229025879392726,-0.06183640007679434
['Oscar Peterson'],[489316],0.05392196958630599,0.0077121979659827075,-0.029515460101736106,-0.0190727445020526,0.08506017719594595,0.9657534979925104,-0.39097229037147635
['Oscar Peterson'],[489316],0.08523620548379253,-0.23545579792831636,0.05132904649249071,0.2476575171474709,-0.43958753487605234,0.9245667567515993,-0.48928056929030567
['Oscar Peterson'],[489316],0.21339130612733193,-0.15195138710395334,0.08523972449646762,0.2471258942882691,-0.2919145451161153,0.6923728668963197,-0.46856485420397453
['Oscar Peterson'],[489316],0.015991418051329292,-0.35878245529302827,0.0905300932689329,0.18695613322432014,0.19588743107664908,0.8457099923904401,-0.4765193803734813
['Oscar Peterson'],[489316],-0.15209949582316498,-0.27796243280508387,0.059604999197376364,0.3120034278831674,-0.34020956853131296,0.7761046772195943,-0.49570909160541204
['Oscar Peterson'],[489316],-0.06585110393896385,-0.4964808682307321,0.13384863869769584,0.34018623016815625,-0.04521207837092131,0.8785621077804522,-0.6592397985560743
['Oscar Peterson'],[489316],-0.08397585310492578,-0.4292840367128855,0.11441652977350361,0.33658398438718795,-0.2188494507952602,0.9727506297371252,-0.5909853289906949
['Oscar Peterson'],[489316],0.02053578869193273,-0.2199540781302287,0.08012733077842656,0.18794308640171786,-0.7602499751021791,0.7219874559248793,-0.35209276688104196
['Oscar Peterson'],[489316],0.13972735228365962,-0.17159483270448767,0.0780469209688699,0.1536119644760669,0.16083131528401803,0.6800685379564049,-0.4026696466997898
['Oscar Peterson'],[489316],-0.2602411268080172,-0.42308914308292417,0.051773030607011286,0.26159393334704895,0.15403927004454615,0.9890901657995835,-0.5882174863599092
['Oscar Peterson'],[489316],-0.7299465763085079,-0.40988804674129203,0.27834056063750584,-0.0046128855610227315,0.056753162319664825,0.6945434170156897,-0.15102363957503878
['Oscar Peterson'],[489316],0.1874317214065591,-0.09377715306349256,0.06137753027528754,0.3350062975496735,-0.738333906376399,0.686616596334251,-0.5468854982163203
['Oscar Peterson'],[489316],-0.15830613428120932,-0.46818633790959496,0.07376443778122806,0.3378737621254567,-0.21762299876265934,0.942586989902186,-0.6740138049288178
['Oscar Peterson'],[489316],0.1263092540473275,-0.11171841204497807,0.06977709851770925,0.20085001954776593,-0.19481217954124397,0.6990764347571171,-0.534139466712678
['Oscar Peterson'],[489316],0.09022675692836828,-0.03497029716426521,0.06344382093673144,0.26036054797528846,-0.6503309390865191,0.6866715361114812,-0.5192606702153669
['Oscar Peterson'],[489316],-0.051481934396878044,-0.2964889917956883,0.13483322437840445,0.21405242191474796,-0.2869973028938122,0.7014022194284882,-0.36515696873974407
['Oscar Peterson'],[489316],0.256569065595348,-0.015692635870051222,0.0630026655384851,0.249932408149167,-0.29480928288261105,0.6553553249205857,-0.4946750116240525
['Oscar Peterson'],[489316],-0.00932743054428408,-0.26471505303430787,0.11906594140533719,0.1809941906377889,-0.29847245449231247,0.6663719320831178,-0.3346663895454431
['Oscar Peterson'],[489316],-0.2654922313423155,-0.4144474851760886,0.06939936084047733,0.27910070415544885,-0.33562888636858457,0.8688685777149467,-0.4118746927338097
['Oscar Peterson'],[489316],0.18349171673784817,-0.13334011050769176,0.06800795767956087,0.2705757754300568,-0.28026796938884985,0.6927221910458792,-0.5233722436993008
['Oscar Peterson'],[489316],0.18813872373805438,-0.09701145869710665,0.07036998188504073,0.21056115569082065,-0.11009612645816173,0.651029532966114,-0.5300771983698384
['Oscar Peterson'],[489316],-0.24233225503701172,-0.42192474610945996,0.058371991381650896,0.36089009248550613,-0.6534443768618386,1.1030412900544737,-0.6657084281334738
['Oscar Peterson'],[489316],-0.16387888241742546,-0.36653103851019386,0.10017654292124946,0.2895918342623193,-0.4053676826175889,1.0013200526109811,-0.5612625122041834
['Oscar Peterson'],[489316],-0.11373372269151177,-0.39692674241805015,0.08622765610274409,0.18547295214856901,0.21351415516696198,0.9191727075878723,-0.4890834133384778
['Oscar Peterson'],[489316],0.14501473455207264,-0.17252494316628197,0.11045292118031705,0.21782180529725226,-0.11052056902614449,0.6475702291217845,-0.500457661801577
['Oscar Peterson'],[489316],-0.4435060347618809,-0.49630969848520745,0.24226838564213662,0.15837697750566618,-0.3396483432721683,0.4216036636401576,0.002171433754110503
['Oscar Peterson'],[489316],0.001973740985322326,-0.04688716712296697,0.017730431075829535,0.1368701993085114,-0.2681670359439109,0.8747055632123092,-0.4673436580961733
['Oscar Peterson'],[489316],0.10298411032358845,-0.23859864202533493,0.05607408229816622,0.3200498011482134,-0.5316692086561496,0.8156411831722092,-0.5041674433395831
['Oscar Peterson'],[489316],0.12760536823572974,-0.1929248700247069,0.04868276041305999,0.24751558923420255,-0.44670705400480815,0.8557836777048837,-0.5488865682021489
['Oscar Peterson'],[489316],0.1346789642331138,-0.19106112900314143,0.06682105482359162,0.24954467236099848,-0.26943660164696126,0.7852283713374955,-0.5286957819124494
['Oscar Peterson'],[489316],0.17962329873187025,-0.06867183699377112,0.03909316082766209,0.24822591643432787,-0.4660873364182846,0.7197053238752321,-0.5228304857984922
['Oscar Peterson'],[489316],-0.14697192727581868,-0.39240641194890197,0.09822192305102778,0.22797262842403795,0.21873478468996002,0.8627825011818208,-0.6732395468142564
['Oscar Peterson'],[489316],0.123612351952994,-0.07449662026329883,0.020933022060486563,0.14567718515934566,-0.18688367162344455,0.8412851660754843,-0.41485311969312794
['Oscar Peterson'],[489316],0.06734133745920526,-0.2773035881636832,0.1026361387282475,0.3652118819692494,-0.7061441979037044,0.831536797899372,-0.5883149156072698
['Oscar Peterson'],[489316],-0.220753981455466,-0.5204098340444727,0.09742426787489884,0.2557549429380664,0.2332555129508716,0.9228217338668483,-0.63618161072463
['Oscar Peterson'],[489316],-0.07025151865182262,-0.3788107502707506,0.08776192846003897,0.3505145203893708,-0.23437687542608787,0.8292934685790398,-0.6466936464138056
['Oscar Peterson'],[489316],0.06271663845804748,-0.28892448754150923,0.07516840868361627,0.33723594189071615,-0.43299455868603337,0.8062173491970632,-0.5758543995236415
['Oscar Peterson'],[489316],-0.19381416327462914,-0.35823509467779885,0.04219927938529086,0.28968072854409815,-0.47984372926065383,1.1138933479609372,-0.6611159588599628
['Oscar Peterson'],[489316],-0.1243946497068387,-0.39617211879821845,0.06021145373169288,0.3009106438016037,-0.22152573019218894,0.9717268532668571,-0.6042310144740146
['Oscar Peterson'],[489316],0.1234297413744677,-0.09990208158345054,0.051885499043661985,0.2404927145201871,-0.27742102685867304,0.7196676672657607,-0.5291229675525498
['Oscar Peterson'],[489316],0.13634797057425266,-0.03787954966599743,0.05679199374425781,0.23198771051727865,-0.4696562772665845,0.6933133382810978,-0.5399092439977458
['Oscar Peterson'],[489316],-0.08116906784075044,-0.4271005596685064,0.10086644103218728,0.27631284293415515,0.21629560195311484,0.8128054987721368,-0.6398620777170656
['Oscar Peterson'],[489316],0.01636551192160293,-0.21257562998169485,0.024941411719621345,0.23055651372286298,-0.4264281455670884,0.9808021332954311,-0.5204492726579902
['Oscar Peterson'],[489316],-0.6077635159896608,-0.4572495145459041,0.16014298618125425,0.17449701382556707,-0.23170812300612387,0.4811198656690739,0.0620662271923723
['Oscar Peterson'],[489316],-0.28256552667350643,-0.37559877488702254,0.10172540911384269,0.294241090337145,-0.7130369488014303,0.8309380873543146,-0.3444552508969603
['Oscar Peterson'],[489316],-0.30891878356253727,-0.37833621616236823,0.10003626641258932,0.020329265916580557,0.15276000840089596,0.729487556397749,-0.1515271624875146
['Oscar Peterson'],[489316],-0.10491799869307793,-0.31481430605067295,0.07929346262923753,0.2750530768878072,-0.2273602502959646,0.9707904882539914,-0.5426700516572952
['Oscar Peterson'],[489316],-0.10296320691333097,-0.37463764055640775,0.07817566480468836,0.3397498754275142,-0.40890163375514277,0.9208695519632775,-0.6384246910063612
['Oscar Peterson'],[489316],0.16220385251252284,-0.06557134551746407,0.03132918103742926,0.032482249733894165,0.15936676797894267,0.8215826861458734,-0.38741599390619236
['Oscar Peterson'],[489316],0.11285667536305695,-0.28083446236261633,0.08667708763362492,0.3137793216679478,-0.4430575383557651,0.8013854770343651,-0.5494371995675519
['Oscar Peterson'],[489316],-0.113376131672228,-0.32946677927759194,0.024597340644391712,0.08812640578178807,0.22476773052718993,1.122591590054063,-0.48281827054339954
['Oscar Peterson'],[489316],0.08143590675355133,-0.11942272902797726,0.01264195128787942,0.18051374418954658,-0.44419202045574935,0.9446525877811812,-0.4478658487732419
['Oscar Peterson'],[489316],0.03714815351891926,-0.11067619462251733,0.03267658752307436,0.15282604452907925,-0.2635140183722983,0.916234785770785,-0.4567999302952211
['Oscar Peterson'],[489316],-0.020408475104917664,-0.37645088498125034,0.08660932790505835,0.3426735284443648,-0.32893596340426956,0.8610883288368862,-0.5360282106572656
['Oscar Peterson'],[489316],-0.022052918707576107,-0.3744457745793821,0.08798685232490264,0.2623110247881525,0.12285905346601571,0.8577766763507896,-0.5300182446620748
['Oscar Peterson'],[489316],-0.27483247299139724,-0.4160722314034737,0.058907536995212256,0.20978441979299584,0.06444781432386798,1.079489774739255,-0.6292027113998748
['Oscar Peterson'],[489316],0.10832655424113623,-0.08880745319134434,0.07248770092052154,0.24109651644351504,-0.38348083849131126,0.6250857869687434,-0.5118185442866475
['Oscar Peterson'],[489316],0.042342473537893235,-0.10697368822205805,0.020628687925591055,0.2184674359185479,-0.6130884121452532,1.0042499306424446,-0.45224224199716884
['Oscar Peterson'],[489316],-0.10427585105569025,-0.3771976840236253,0.10003141309225823,0.24425384187190838,0.2165565697700116,0.8399500818856073,-0.6469803812326819
['Oscar Peterson'],[489316],-0.2004519448487602,-0.4043769224239137,0.05967201020523181,0.3115746461829779,-0.3915006876034004,1.05027546311077,-0.6450770955463538
['Oscar Peterson'],[489316],-0.11958512510009597,-0.4392043315622657,0.0794858236754815,0.21885203152615026,0.22829501080892187,0.9729774772825304,-0.5414542642142446
['Oscar Peterson'],[489316],-0.03387437236796453,-0.22167378502476912,0.05195991297415448,0.2203757271515349,-0.25721401904909275,0.8391533314983914,-0.5746106987011095
['Oscar Peterson'],[489316],-0.27357713402044936,-0.3783899572347803,0.07091634595098066,0.24476111604696632,-0.20354406776113793,1.109735767854137,-0.6758310245051988
['Oscar Peterson'],[489316],-0.09849991465626118,-0.29998919553885206,0.08288634102437747,0.3101493949772271,-0.24343583679370168,0.7983711600048267,-0.6125810200539339
['Oscar Peterson'],[489316],-0.11046722032411721,-0.3876892133676884,0.06657633647211937,0.35110265631115883,-0.4886869819331552,1.0069773006651437,-0.5795173687410458
['Oscar Peterson'],[489316],-0.3040692070182451,-0.48254345996450126,0.10954307928762715,0.287480027180115,-0.21092616826619143,1.0154065389114006,-0.6355269794574131
['Oscar Peterson'],[489316],-0.04905073236616942,-0.15612308007302303,-0.00340101231300726,0.16471364437680422,-0.6078965860907843,1.0847231095706389,-0.4438608291326597
['Oscar Peterson'],[489316],-0.04888668701470552,-0.2629507340648083,0.07043016171524966,0.17635155849401052,0.1049897671399138,0.8211620278237073,-0.5679875121433351
['Oscar Peterson'],[489316],-0.1510985784577869,-0.460311007565003,0.09334287002399416,0.23007306535610353,0.23250968274943262,0.9684289573249808,-0.6835641009001377
['Oscar Peterson'],[489316],-0.314194839701391,-0.39519068599778445,0.06703180658733686,0.18905126090684785,0.23950258646992495,0.9941590645215151,-0.7057064757030154
['Oscar Peterson'],[489316],-0.370604997009702,-0.2896972296116703,0.03473579232901594,0.27713706281259937,0.2034222364698246,0.7066159079766836,-0.3872106149184785
['Oscar Peterson'],[489316],-0.34460846362000846,-0.2910277208270974,0.14006067287199078,0.05501422335317025,-0.3599728407710897,0.43949853145799234,0.1708014404715215
['Oscar Peterson'],[489316],-0.1739571941822325,-0.2945005433645266,0.2479824589657474,0.01018161402523414,-0.5595420577103439,0.4387945294706276,0.12448153122428582
['Oscar Peterson'],[489316],-0.4838633698134012,-0.4686779282984435,0.31413754955798207,0.17506487178938285,-0.3376180077288508,0.41160135086748717,-0.04650909925434718
['Oscar Peterson'],[489316],-0.10246931578552662,-0.18951762874823372,-0.011336925661970403,0.06748588161126377,0.20617694905010542,1.0545455745917638,-0.473831360036075
['Oscar Peterson'],[489316],-0.051935202547415356,-0.3005870851495145,0.07154901120008968,0.31803352043854927,-0.33717677692903275,0.824146327960076,-0.5682402414322185
['Oscar Peterson'],[489316],0.03853041058311959,-0.17294382230081823,0.032799138771903075,0.0912982574875008,0.1858176547446776,0.8954775225463263,-0.4763491285492698
['Oscar Peterson'],[489316],-0.08015150824755861,-0.24372220616136794,0.08054309664464783,0.32205686759824,-0.4196238587035693,0.8787331275611145,-0.5069120749461156
['Oscar Peterson'],[489316],-0.11207945121427751,-0.34283828414779155,0.07906827472762866,0.257545472335229,-0.24628317305158037,0.8569459608879925,-0.6425954507699145
['Oscar Peterson'],[489316],0.0031079308948537237,-0.3118203902383495,0.0795916506182606,0.3373370180081138,-0.4223512072757232,0.8621165123232996,-0.570675030148493
['Oscar Peterson'],[489316],0.095612477007179,-0.25860974612101295,0.07661588479685373,0.21405005189857754,0.18053481029128537,0.6959234101123702,-0.5505815115871258
['Oscar Peterson'],[489316],0.13321803909197313,-0.34922379947888166,0.11619746544429219,0.2743190721503953,-0.07784305910032625,0.8097856856055465,-0.5806939797710674
['Oscar Peterson'],[489316],-0.06502345634632846,-0.23514720471528563,0.04051317680346137,0.2708625194508676,-0.6013951321946494,0.9824823562835157,-0.5182880260196033
['Oscar Peterson'],[489316],-0.25536438152044755,-0.4341216777099018,0.14439011750746011,0.22038997862940668,0.19564331944990987,0.7402396548281245,-0.4716306713360852
['Oscar Peterson'],[489316],0.14931261234216653,-0.23618404070860424,0.07601173386879874,0.3527245974782345,-0.7148691175672052,0.8186436276240552,-0.5642819605869817
['Oscar Peterson'],[489316],0.008545859814866025,-0.305485576240579,0.07043704158950079,0.20852003260591717,0.1845346118906034,0.723729617318712,-0.43739719054305626
['Oscar Peterson'],[489316],0.17504573797336698,-0.15244776750745542,0.05806253674840743,0.10460775045283506,0.160715226148696,0.7553785613243332,-0.4718641475571932
['Oscar Peterson'],[489316],-0.10331616144935944,-0.4759593524170868,0.10072549803952809,0.35513953772315193,-0.31554482983773136,0.9472829230350338,-0.5858941975112784
['Oscar Peterson'],[489316],-0.3354223958569093,-0.42734311648459394,0.1414452138386449,0.19253972250046056,-0.30048737847412177,0.5978328702286057,-0.22733067521627592
['Oscar Peterson'],[489316],-0.1168389325585759,-0.33775961770733476,0.040202521177997066,0.204460723010084,0.21290003540728733,0.9251421490192794,-0.4546328907454633
['Oscar Peterson'],[489316],-0.15437125564661644,-0.4867672926225447,0.09553208882226596,0.3382742413028967,-0.04004803510864467,0.8768683993361102,-0.6681939208902932
['Oscar Peterson'],[489316],-0.18067139613035363,-0.31099952012855747,0.17718744118350527,-0.009171124146852368,-0.8210428858689324,0.6082515951859978,0.17188781284483057
['Oscar Peterson'],[489316],-0.039748728009153335,-0.08657778816351164,0.01579288201691062,0.1765000085650304,-0.4412231108873619,0.9206621728929222,-0.4798692548776345
['Oscar Peterson'],[489316],0.17906690269658235,-0.19841335467918925,0.06509955479211305,0.29074371996009846,-0.460375439618435,0.7239684132037721,-0.5383966282311142
['Oscar Peterson'],[489316],-0.1215425506662615,-0.28858233100620445,0.04456709643077158,0.15941595805240316,0.21602365159107537,0.9439221533348348,-0.5967452826050232
['Oscar Peterson'],[489316],-0.2632551210757066,-0.5048743982209267,0.07754019459529277,0.33935006531537737,-0.37759388711279984,1.1021159796792366,-0.6728179233077705
['Oscar Peterson'],[489316],-0.19258247257391914,-0.5360492315374797,0.11273277447343956,0.2552939770460531,0.23027622955460522,0.9213354388499618,-0.6340050505461178
['Oscar Peterson'],[489316],0.1903364466235598,-0.12863248751993314,0.08291526257377302,0.24996987919005503,-0.5646620769462236,0.7121352161043042,-0.4776671585454805
['Oscar Peterson'],[489316],0.14348373210521007,-0.33831445963468526,0.11232126164031582,0.3012931329557154,-0.2535246169116455,0.8723007595656408,-0.4883210149819468
['Oscar Peterson'],[489316],0.22791479955654467,-0.05256719827321437,0.04655427627043668,0.21720091961781177,-0.5672783648855524,0.7394585511861916,-0.500508993776764
['Oscar Peterson'],[489316],-0.18332171139797387,-0.29949864834555745,0.031163331767727342,0.34512200455680286,-0.30777330740555814,0.9479931975996695,-0.5966290461278821
['Oscar Peterson'],[489316],0.09238275117652436,-0.027498161706634196,0.08556825482812612,0.12809468047846886,0.1543364797461609,0.5932813148102538,-0.5199957144713254
['Oscar Peterson'],[489316],0.10154137750081377,-0.14361713432814485,0.07441668806717743,0.1625249068846919,0.1695839349437172,0.6771831445467839,-0.5411661448121496
['Oscar Peterson'],[489316],-0.02908016769554245,-0.25204387911224113,0.02735614651780299,0.3494537670335935,-0.6934986786121291,0.8902662934561351,-0.5690678921567542
['Oscar Peterson'],[489316],-0.1197604061237712,-0.40668674121926124,0.08707715892586942,0.42344064166437384,-0.6803813782297496,0.8703798504782012,-0.6287437475213603
['Oscar Peterson'],[489316],0.17645068792981258,-0.049428343817859835,0.03308529978672392,0.11760324439631438,-0.28300841920375464,0.8917064038257076,-0.39962577508830505
['Oscar Peterson'],[489316],0.23517091125271536,-0.12861842043544108,0.07920143163285615,0.2614797956491119,-0.28419063396746136,0.7069138022729301,-0.51407199237188
['Oscar Peterson'],[489316],0.22686727122731903,-0.045890249635181686,0.05217567629648847,0.2525383802714505,-0.659423557176633,0.6966164369088113,-0.5115282221703232
['Oscar Peterson'],[489316],-0.006977192899593197,-0.4092791000706971,0.08044220348683571,0.3575977715601223,-0.5931674109894924,0.9767464270337797,-0.5686197946896333
['Oscar Peterson'],[489316],0.15283357008311008,-0.25169057085244345,0.057740073031933396,0.3093646089670134,-0.5353889352544137,0.83428667736909,-0.49348022886711396
['Oscar Peterson'],[489316],0.16654613069067437,-0.23421770180706344,0.05585670231529306,0.26405269992651603,-0.44454655103051427,0.8758475062808863,-0.549304876905985
['Oscar Peterson'],[489316],0.18222761336232626,-0.19373700558116463,0.06676381503121608,0.2385891607520233,-0.2742298642552225,0.7973781547867631,-0.5075678434027907
['Oscar Peterson'],[489316],0.24897003411932667,-0.0902633547180525,0.0785264789859311,0.19775444599220598,-0.11395314289692704,0.6710345653101455,-0.532803891574601
['Oscar Peterson'],[489316],0.19598469098111124,-0.18814990952305216,0.05178432279589353,0.3045225814116645,-0.45462372875342466,0.7531316998737876,-0.5122110031499647
['Oscar Peterson'],[489316],0.2060666163629875,-0.07150758584847398,0.025348366565945624,0.0737488797612239,0.16288276753919684,0.8071591735975749,-0.39561983279325896
['Oscar Peterson'],[489316],0.2382239459947488,-0.10958306775653057,0.06980985746210723,0.2985116387833885,-0.740606507656531,0.7431466271502624,-0.4900013872620908
['Oscar Peterson'],[489316],0.17022063836650728,-0.15308052866152408,0.07152870491285584,0.35963608621429727,-0.820131269501599,0.7318643856931137,-0.5265820454805357
['Oscar Peterson'],[489316],0.05650167629802361,-0.2569426905905514,0.05704183328239967,0.20982163014528912,-0.07277527306783135,0.8875422678323737,-0.5391028036534675
['Oscar Peterson'],[489316],0.15254299479633388,-0.14521090243219847,0.07506159614313244,0.19645509338921197,-0.10192470483260226,0.7236285234474501,-0.5558861577742301
['Oscar Peterson'],[489316],-0.06950499047052305,-0.27523550948535874,0.07503650933609107,0.3041601439389419,-0.44167474643343996,0.7583578298088705,-0.47492311074829097
['Oscar Peterson'],[489316],0.03245974823113705,-0.2512983724305292,0.05290987738548265,0.2982091433991094,-0.7044412154262552,0.9140355291363369,-0.6106760501356944
['Oscar Peterson'],[489316],0.1056863465642448,-0.17405978045950288,0.05719874181928959,0.19333963967458037,-0.18251041558459016,0.7994007639207438,-0.5498094862600036
['Oscar Peterson'],[489316],-0.15009822433239808,-0.44442551207244624,0.07452989932167958,0.2784539251763701,-0.21475343007758463,1.069422239030819,-0.5409592617897226
['Oscar Peterson'],[489316],0.14948941580237862,-0.09065368940256455,0.040528333588598774,0.2593202183882406,-0.6437021409113989,0.7699233900861799,-0.5227011929594764
['Oscar Peterson'],[489316],-0.06269013691999253,-0.3982534105466419,0.07487473136619612,0.3363133250792618,-0.4082727874456319,0.949695088724811,-0.6527023993455534
['Oscar Peterson'],[489316],-0.2178876307325834,-0.4356486950064892,0.06040150359014087,0.3333591288393535,-0.47455643216211596,1.0887679834356758,-0.6768961136032855
['Oscar Peterson'],[489316],-0.11456464705945713,-0.3157273651733778,0.14081549551961714,0.24612489271529853,0.1978334596360627,0.7503750800835269,-0.4305322095718591
['Oscar Peterson'],[489316],-0.4053231026863989,-0.27784777495365076,0.03468795917104733,0.3702242429715644,-0.6788746506497295,0.8761354925601444,-0.6067342604767082
['Oscar Peterson'],[489316],-0.8470455290376181,-0.43638342616650344,0.08557788476770246,0.27211505604048986,-0.6520407277787401,0.5707416059127399,-0.06740527789159273
['Oscar Peterson'],[489316],-0.8870498172607454,-0.3267878463982278,0.1038459869816431,0.22949848619989408,-0.7434345794986464,0.6569221178967148,-0.01816188866764116
['Oscar Peterson'],[489316],-0.43689272152537995,-0.31267625051643805,0.2045294109271911,0.19987438693438403,-0.7136583235777751,0.3667321265588122,0.03968531199117176
['Oscar Peterson'],[489316],0.09433960704070363,-0.3037785161638311,0.08646689582988724,0.17682811145900237,0.183683326416219,0.805996452227145,-0.48413314238996896
['Oscar Peterson'],[489316],0.1650805650115971,-0.09655866440397019,0.04939649852424876,0.18387457308967883,-0.36904900712385613,0.8494961428492938,-0.44150590299233305
['Oscar Peterson'],[489316],-0.26875536274020073,-0.3290595269084889,0.0075612799939803145,0.23810460177548592,0.2315565361765443,0.9578520611414617,-0.5669378280033248
['Oscar Peterson'],[489316],0.005657254288535188,-0.313992686870857,0.0781446800216438,0.1642387704053184,0.2014153001048845,0.8988512948620294,-0.5333508630354643
['Oscar Peterson'],[489316],-0.059770990834744235,-0.4114477625313323,0.07398547341258063,0.3819306427650932,-0.6724405112929978,1.0113053448405127,-0.6610787427061123
['Oscar Peterson'],[489316],-0.12608343134438485,-0.4282617192575657,0.06295673249795082,0.25495477442624914,-0.033342401976274035,1.0587938269505042,-0.5372714193836112
['Oscar Peterson'],[489316],0.07122572591543377,-0.07008395434728831,0.051823458947977054,0.3495011695828646,-0.6341805846081021,0.6585064112926315,-0.5564561255352445
['Oscar Peterson'],[489316],-0.18517934348938075,-0.45964122639249366,0.09181234479758563,0.323912126257596,-0.20848739310302306,1.0226251940055975,-0.6685416426452603
['Oscar Peterson'],[489316],-0.09824409158821507,-0.47768546832321235,0.10019629192483745,0.3136225380355187,-0.04455235508909844,0.9059252066315743,-0.6296121463372133
['Oscar Peterson'],[489316],-0.11947923991140844,-0.45637630438473265,0.08643848196997812,0.2789461912184078,-0.22966526945020935,0.9619383271505448,-0.615162517407419
['Oscar Peterson'],[489316],-0.3127242456648976,-0.3860472537645426,0.04673395892054241,0.4492377085876732,-0.741478627732029,1.0051665283096962,-0.6704396141435415
['Oscar Peterson'],[489316],-0.40660503998372366,-0.4014237296318682,0.03203758362911225,0.30242894364938777,0.1693244379018717,1.0248419401812536,-0.6536985056113196
['Oscar Peterson'],[489316],-0.38864228612227625,-0.25237308683997134,0.05404291082150769,0.25702812243956963,-0.1880939482427748,1.1452241587149445,-0.7202383801535901
['Oscar Peterson'],[489316],-0.326672863881393,-0.36500508773454726,0.061370808979629383,0.2534482354243915,-0.32979262952127153,0.930257640558918,-0.3309111545455257
['Oscar Peterson'],[489316],-0.41549793361937587,-0.4320405901230981,0.26458800454658143,0.06253506070786143,0.09760344141641288,0.32090629181634217,0.00581149000801103
['Oscar Peterson'],[489316],-0.5443415907003516,-0.4339825889691906,0.186738669283406,0.19106357585023007,-0.6917242651476434,0.4761608570839763,-0.006453824677411243
['Oscar Peterson'],[489316],0.21567488920307254,-0.12023796801420256,0.06324759693929206,0.2930309105495547,-0.5548215415593163,0.7195100209722217,-0.5528956861118481
['Oscar Peterson'],[489316],-0.17176131458801822,-0.25943858582299134,0.06384748224631372,0.09726302618816517,0.19735652914458282,0.9053279349897729,-0.5146382403304941
['Oscar Peterson'],[489316],-0.724474847155666,-0.5440548558532563,0.12157281910352473,0.20961004425747629,-0.2639863662386736,0.7116339641029698,-0.2743471911468829
['Oscar Peterson'],[489316],-0.061912019900971546,-0.4137240325908681,0.050962909237453696,0.34032073678311775,-0.48099067002910195,1.103831911724722,-0.5462972354037415
['Oscar Peterson'],[489316],0.046192817742085564,-0.4217300489998252,0.08545211172089068,0.21721220146347642,0.2084984416200383,0.8997182010698307,-0.5592496775480881
['Oscar Peterson'],[489316],-0.23548605092166439,-0.36540614204347893,0.0384151724179698,0.2989657058435692,-0.4737349337674968,1.1324018313254092,-0.6126131786342218
['Oscar Peterson'],[489316],0.020594445457599427,-0.40855858678773177,0.10590458817172571,0.22248955375285517,0.20271369567982983,0.8366607866618757,-0.6144239984177918
['Oscar Peterson'],[489316],-0.02324358226091766,-0.46855993870726104,0.10045585124729466,0.2586669751749233,0.2187052273106314,0.8868366346758184,-0.6154388806394405
['Oscar Peterson'],[489316],-0.07082687603024439,-0.3754431180276125,0.07888677963321904,0.36832501651363697,-0.493286029981913,0.9714085517226914,-0.6275172286326488
['Oscar Peterson'],[489316],0.1885034781990077,-0.19499607451102233,0.07772536479839208,0.253020327992071,-0.2799442284519645,0.7369889033533794,-0.5114825186597075
['Oscar Peterson'],[489316],-0.006356553686997146,-0.3854591790361444,0.12724544080091024,0.24733181810398466,-0.05662374413658463,0.9395365435909239,-0.6108356439365166
['Oscar Peterson'],[489316],-0.10335951114987811,-0.5383480334331607,0.09866310606630842,0.3998716686015064,-0.4810074821648885,1.0153858795316972,-0.6724082806628059
['Oscar Peterson'],[489316],-0.26611787224780104,-0.3157300025857146,0.007077561273336582,0.2013754727213215,-0.29984234522786796,1.1819183563066409,-0.5139398270518448
['Oscar Peterson'],[489316],-0.23975246281676954,-0.1896120889507177,-0.02925047884446187,0.09910281251045862,0.2219212841225219,1.0374566852498872,-0.5852971579495185
['Oscar Peterson'],[489316],-0.31220049334146094,-0.46090442875106014,0.11605507458825601,0.31491334153551176,-0.2672994146088843,0.6659398248205397,-0.3658513692528943
['Oscar Peterson'],[489316],0.0785813728144518,-0.18981950909840922,0.035156345912386436,0.15609420922140307,0.18001579097580286,0.7898594914511984,-0.4536771473157563
['Oscar Peterson'],[489316],0.16825644488042726,-0.29683937956784695,0.08119989882055476,0.264267473906753,-0.08277156839900779,0.8191952988198801,-0.5058169885848932
['Oscar Peterson'],[489316],0.0710867971350103,-0.2950674266894897,0.06174959611993015,0.34628668887519765,-0.7044545111353602,0.8905743269541386,-0.5150275520736965
['Oscar Peterson'],[489316],-0.11728260982245618,-0.2479865080426839,0.010684963774089971,0.26474194749991276,-0.4109524646141334,1.007145720679636,-0.5550757375495402
['Oscar Peterson'],[489316],0.005991971283297359,-0.28562713418377217,0.07123381958942844,0.3361387572574382,-0.6027900406294523,0.915821716566849,-0.585303444657973
['Oscar Peterson'],[489316],0.05871375775818177,-0.26735449021412827,0.059898928185717536,0.3672117186179772,-0.7093456506923536,0.7984311326454597,-0.557136957489174
['Oscar Peterson'],[489316],-0.0021824233848902162,-0.3145792506617791,0.09126043205562262,0.30604048122570204,-0.41395342082927833,0.9748086117326964,-0.5606721989564692
['Oscar Peterson'],[489316],-0.6626225016326254,-0.4155551508982558,0.2027392646209746,0.04439020955898473,0.13111437610884158,0.5060940421005924,0.035264240531953726
['Oscar Peterson'],[489316],-0.34983530180933264,-0.38956000311728733,0.3150084651969177,0.1072873383402348,-0.5389666426779006,0.40553588356087455,-0.01986664055904843
['Oscar Peterson'],[489316],-0.18083897050306752,-0.3002123812514537,0.31596439312939095,-0.1878002280812442,0.057336516591019925,0.4230673383493109,0.11984026397747682
['Oscar Peterson'],[489316],-0.18768072996909196,-0.42935257747700406,0.0673853917790513,0.41760092827435075,-0.6627057634770614,0.9815756926541822,-0.6629312789355186
['Oscar Peterson'],[489316],-0.17665700688817698,-0.3409093583668861,0.04537427525140527,0.35254312945421595,-0.6645447578328099,1.0475175137305082,-0.6570971110835081
['Oscar Peterson'],[489316],0.1542328279178447,-0.03608490928978639,0.04627760895148508,0.16126451238740855,-0.20381787507940682,0.6945723863877531,-0.540448492727515
['Oscar Peterson'],[489316],-0.48566583327083435,-0.294357670341395,0.008506332209764699,0.2350928813978908,-0.4581298058612079,0.7427226014279931,-0.21126414389937526
"['Otis Redding', 'Carla Thomas']","[414251, 170454]",-0.4653598590259253,-0.2656329817234098,0.23696876364130648,-0.13784484578569794,0.006396435282731748,0.6195677811781851,0.04254217622504991
"['Otis Redding', 'Carla Thomas']","[414251, 170454]",-0.4566731396388775,-0.31916971000837546,0.09224676793645098,-0.047302386207307305,-0.07756943150007263,0.5953120608715482,0.13326044692999342
"['Otis Redding', 'Carla Thomas']","[414251, 170454]",-1.1089611497503515,-0.7526356748285339,0.11995406024260459,0.2856734270181212,0.12077207500066778,0.6682550616992423,-0.18330676755571335
"['Otis Redding', 'Carla Thomas']","[414251, 170454]",-0.999544983221737,-0.7797832372240368,0.11355226093728522,0.3690803434303556,-0.2462013717116761,0.6725512802723711,-0.13596282936651827
"['Otis Redding', 'Carla Thomas']","[414251, 170454]",-1.0688504817938602,-0.6279335288617942,0.08153226026207805,0.29895110855796514,-0.16196931828420574,0.6844846316999091,-0.1378639474995102
"['Otis Redding', 'Carla Thomas']","[414251, 170454]",-0.999544983221737,-0.7797832372240368,0.11355226093728522,0.3690803434303556,-0.2462013717116761,0.6725512802723711,-0.13596282936651827
"['Otis Redding', 'Carla Thomas']","[414251, 170454]",-0.7465573475238871,-0.7059329356524665,0.15053159737942062,0.26159647767900407,-0.5528467105413755,0.6878671656278659,-0.13915566352836395
"['Otis Redding', 'Carla Thomas']","[414251, 170454]",-0.9538102335742228,-0.7394929419972365,0.13523535539254214,0.28357611310861114,0.18974129934312986,0.5851949065097174,-0.11061816581427675
['Otis Redding'],[414251],-1.229041526892249,-0.6103346288079676,0.016767491145401787,0.29762423606749805,0.028567330627410344,0.6198906280896573,-0.17758228221186612
['Otis Redding'],[414251],-0.6416302848666715,-0.46261374634948943,0.46911496338050584,0.09595611966711227,-0.23481178418884796,0.4464437586752358,-0.2292041360395751
['Otis Redding'],[414251],-0.9769041116271979,-0.4751741595250073,0.04600998653314027,0.36084060041609006,-0.7231226824029744,0.6126713078612054,-0.06536119847284466
['Otis Redding'],[414251],-0.721793044145185,-0.27274666316540963,0.09974410029514263,-0.07262342911449789,-0.05306011586663251,0.648117995538315,0.05834590092536003
['Otis Redding'],[414251],-0.7000282992483019,-0.5736300933485812,0.1899204853093084,0.2666799311763144,-0.6643191436979614,0.5270750323487209,-0.13422740908352804
['Otis Redding'],[414251],-0.9573221499188723,-0.4661415920097617,0.14056418623159114,0.2323389095241667,-0.10192726914561885,0.5266921897026521,-0.009236658126041674
['Otis Redding'],[414251],-0.5198790193708434,-0.37537401384337044,0.15795961508843415,0.0228758439687578,0.017172230591023744,0.4578296186645852,0.06638443337409305
['Otis Redding'],[414251],-0.5473815188235123,-0.4191756461658373,0.16154246210978385,-0.10345526575458655,0.027590859005130877,0.6299464749529547,0.09178047740892269
['Otis Redding'],[414251],-0.4656165745176711,-0.604005924237315,0.20467242139102862,0.07788006391229942,0.024837632009403296,0.4201629826623521,-0.010139907694774209
['Otis Redding'],[414251],-0.8233669858717227,-0.6894868301411564,0.14890954021595507,0.24472915687868127,-0.27852512278284525,0.6433744878373181,-0.13277205843025425
['Otis Redding'],[414251],-0.7084671678898389,-0.5862391426750999,0.17491615384575082,0.217854390260136,-0.21836648966228414,0.4426375301018521,-0.10407735093149255
['Otis Redding'],[414251],-1.0980112537665425,-0.5885585205819556,0.6153549080435678,0.20489321066841795,-0.15446732501267568,0.7459560208661775,-0.44698242508684555
['Otis Redding'],[414251],-0.3563397567650201,-0.37384697132772815,0.21758157507855855,-0.025556201732756047,-0.2633358074960318,0.553133242711043,0.10958705590301729
['Otis Redding'],[414251],-0.6148851088039199,-0.15051249268572317,0.16012093798116445,0.20434902025705448,-0.7058053329565732,0.37844047164137584,0.036126852696293815
['Otis Redding'],[414251],-0.7910575852487586,0.0176738508356277,0.6277774693287169,0.00325255024104659,-0.32848243310875896,0.5231361227535041,-0.2630706080732837
['Otis Redding'],[414251],-0.8863381649876878,-0.5887791999714195,0.0933351619291561,0.2564067584714015,-0.10014068561769703,0.535391386952691,-0.07323218856238105
['Otis Redding'],[414251],-0.9802994410252667,-0.6725535207360154,0.23763619531777117,0.24445916938319118,0.18877008086769603,0.5802867097560926,-0.2240865931990863
['Otis Redding'],[414251],-0.5290729392904643,-0.4383437802320842,0.14917800994635438,-0.08997933255261564,0.11330722472885418,0.6018654516320934,0.07380689510909602
['Otis Redding'],[414251],-0.7348650347292265,-0.5842195916824261,0.14004186078025155,0.1500311367062952,0.14560977488124396,0.4801177536552168,-0.038058295398098026
['Otis Redding'],[414251],-1.2047223009372532,-0.07830059785372853,0.24698900753555986,0.21128346319756336,-0.2861581253631142,0.43899726813292383,-0.28268477039794726
['Otis Redding'],[414251],-0.9222258692905774,-0.8368683462285803,0.14426301038895414,0.2669606831988053,-0.07287460676792742,0.6796566053409646,-0.13842812721165085
['Otis Redding'],[414251],-1.089706818536402,-0.6413447325898527,0.28252568160276764,0.3758646331433566,-0.5935064815734061,0.7839704695483352,-0.3282224193174935
['Otis Redding'],[414251],-0.6223457419904009,-0.5065165220000015,0.2214848112864702,0.1357563145809276,-0.2298374305762998,0.5033985551491689,-0.06505975740061279
['Otis Redding'],[414251],-0.9289402695928672,-0.31307877606760715,0.5815710690821819,0.2629836130524578,-0.47022024157893,0.5193335648182832,-0.16480444150608042
['Otis Redding'],[414251],-0.8892532029587361,-0.7299870058651806,0.3252321782818585,0.15160716022903967,0.18453780509813428,0.7050799749255248,-0.2069336044669304
['Otis Redding'],[414251],-1.0059136071082326,-0.5524859332450861,0.21107701244830165,0.18328166761061002,-0.16763536483478927,0.7502642776651378,-0.1103116782058303
['Otis Redding'],[414251],-0.8835641098918783,-0.26215793969675555,0.6044262611641795,0.22661365276821047,-0.6583826155353979,0.5542546041278141,-0.295493196094558
['Otis Redding'],[414251],-0.4849135582892895,-0.6841369715999329,0.5417865306155493,0.09847565544414887,-0.221996895384222,0.6536063260559009,-0.190286128108217
['Otis Redding'],[414251],-0.9453261766798986,-0.5565487236587522,0.021218952173661633,0.34831336370560023,-0.6292171772662578,0.6279764202867703,-0.06943965808428244
['Otis Redding'],[414251],-0.5758231955868792,-0.46847061256432465,0.19906320654402052,-0.05109740827827665,-0.7623641260253072,0.9325000789391895,0.0062258800191785256
['Otis Redding'],[414251],-0.9290012010315051,-0.31471622367484936,0.578104776704095,0.2626372601460025,-0.47015401072305835,0.5190083226735255,-0.16617760270071366
['Otis Redding'],[414251],-1.3174442465780245,-0.2243339356910452,0.3853067364596625,0.4055750941741673,-0.7867738528930718,0.6053960117888182,-0.40735449561023335
['Otis Redding'],[414251],-0.9401751854479943,-0.06624412563040087,0.08217515753900596,0.0781990014856563,-0.7507790397418265,0.7480112097630954,0.0762298602514605
['Otis Redding'],[414251],-1.2223224460289186,-0.2539207517423798,0.4412547467945443,0.22043895850206774,-0.17521905698758158,0.577849617558532,-0.3375579302999515
['Otis Redding'],[414251],-1.1440792114599585,-0.6338825633103722,0.01934382429411422,0.36220364012613976,-0.42376446483120106,0.6781174897984235,-0.15314051496824876
['Otis Redding'],[414251],-1.0683373012821549,-0.7659253299088215,0.06143542734831501,0.3217005244792822,0.026734595378491776,0.6724434192629525,-0.14214386497074782
['Otis Redding'],[414251],-1.1676314564982748,-0.6348885885124677,0.30575053304244293,0.21624830099307715,0.0398950969102427,0.7474655855999334,-0.32992769191652577
['Otis Redding'],[414251],-0.4711396813500931,-0.21233490605206284,0.08815100730528548,0.021987652592129855,-0.7124627219091181,0.5612125594266358,0.15589768373669904
['Otis Redding'],[414251],-1.0995475692541437,-0.3282845386786094,0.4428786565758099,0.2274444633278742,-0.7158767840013102,0.7497895875017065,-0.35184384158710696
['Otis Redding'],[414251],-0.6432110073592705,-0.5950427160382379,0.2881751450028969,0.16731782874973467,-0.22394798637095897,0.4745574792375211,-0.15070805177369828
['Otis Redding'],[414251],-1.2452997767674276,-0.23238267032153093,0.22241414003795612,0.13187532504161412,0.0064781128240981745,0.656271729380449,-0.21243899270091457
['Otis Redding'],[414251],-0.6375647747092766,-0.2373663629390358,0.09178909445890562,0.04789110088058218,-0.6928881533526248,0.624751744320065,0.03611630445440188
['Otis Redding'],[414251],-0.6255501886617294,-0.4150545771203024,0.13861280537113796,0.013030908669057158,-0.7659564213730363,0.8051124113071743,0.0344768583535664
['Otis Redding'],[414251],-0.47114700637731494,-0.23393105179483584,0.09840528462073908,0.0035967238858279084,-0.7110075411132649,0.5869980730978646,0.1539950082780631
['Otis Redding'],[414251],-0.6748231164932694,0.03473314636034106,0.4124463809982568,0.08406864225072878,-0.7101528660263113,0.43799507153422074,-0.14020240665417008
['Otis Redding'],[414251],-0.5827101350636832,-0.4931187497999429,0.1553448181397886,0.24905449253272086,-0.2090429087762629,0.5295144988759058,-0.09750471710646721
['Otis Redding'],[414251],-1.0391753545567686,-0.6531853582206285,0.11132474351504573,0.26884507674150615,0.10797703283813562,0.6432231901558106,-0.17764103962779532
['Otis Redding'],[414251],-1.0442675826548593,-0.42094567993000526,0.08255564796125385,0.16666626128356568,0.16657594881079926,0.5037846203209111,-0.14686582388248778
['Otis Redding'],[414251],-0.8915694613266246,-0.5101081691952702,0.09599874897969765,0.1311505657307277,-0.6300937243594208,0.9382057177847557,-0.02623471434510526
['Otis Redding'],[414251],-0.46611193577318155,-0.44758418819050816,0.12909591396383752,-0.17059825825302694,-0.045869169732841976,0.9120748760706322,0.11713499436050334
['Otis Redding'],[414251],-1.1557254408972835,-0.32933061210186626,0.03343861193433924,0.14829553117194202,-0.003875939261611908,0.6082676884429591,-0.12273593638680845
['Otis Redding'],[414251],-0.5696989912130999,-0.23444385301396964,0.2099891235811372,0.164747013885162,-0.7951091905788014,0.4058361605780075,-0.03150116020057963
['Otis Redding'],[414251],-1.268321233539077,-0.028811412598037867,0.5646750263280135,0.09948958632899473,-0.6231094339113534,0.7931238702201072,-0.4309734314534922
['Otis Redding'],[414251],-1.1043144219035128,-0.6593364308755396,0.09984071197415767,0.2806322721045272,0.20290545812568037,0.645879165777758,-0.1212187534899346
['Otis Redding'],[414251],-1.290122191055519,0.07733866039201369,0.3856890603377236,-0.07478260500993507,0.17046236653637897,0.7104412730488061,-0.3462003313183719
['Otis Redding'],[414251],-0.9949640831132622,-0.6914714123336155,0.10692202791534744,0.3770432257678599,-0.4250562201889878,0.6666019064270673,-0.2200230764971358
['Otis Redding'],[414251],-0.7110721884383746,0.06711011072409148,0.5937277125259245,0.02393169030190441,-0.5201493015459097,0.535402171335982,-0.2470370919237058
['Otis Redding'],[414251],-0.8947502676746473,-0.35055332257053534,0.1221209917441946,0.4130847164049928,-0.5139251512685922,0.6550354713918731,-0.4049220581450865
['Otis Redding'],[414251],-0.6223457419904009,-0.5065165220000015,0.2214848112864702,0.1357563145809276,-0.2298374305762998,0.5033985551491689,-0.06505975740061279
['Otis Redding'],[414251],-0.6422728050579264,-0.6112336137020326,0.1742419532463959,0.1277064688630455,-0.039546298900631466,0.5086996564291508,-0.017653980498621213
['Otis Redding'],[414251],-1.0454701210946997,-0.7708712715461593,0.1095259891080746,0.4291180832239424,-0.6856691268770179,0.7544990174498974,-0.16075820498782378
['Otis Redding'],[414251],-0.6068156447379646,-0.43290595419646216,0.1506281230653769,-0.03379166726990295,-0.7628376213065045,0.8947300141755002,0.028399782580769358
['Otis Redding'],[414251],-0.7136857847295529,-0.6013142524969005,0.2164698934281132,0.11306253057771712,0.1451774832305036,0.5048973875403221,-0.06555264897523723
['Otis Redding'],[414251],-0.4867267026544073,-0.22471329238252133,0.10429328234578908,0.0133126217525844,-0.7101625582832504,0.5748032728671368,0.14053675649295744
['Otis Redding'],[414251],-0.6974104734421269,-0.4441686546055079,0.18335373755932383,-0.06858271115766444,-0.1312161182903311,0.74721923126549,-0.0007580727065146964
['Otis Redding'],[414251],-0.6148851088039199,-0.15051249268572317,0.16012093798116445,0.20434902025705448,-0.7058053329565732,0.37844047164137584,0.036126852696293815
['Otis Redding'],[414251],-0.7070912188379578,-0.20448157536508343,0.06675865587302048,0.013882026386522377,0.11546423795973373,0.4545501616836879,0.07239170904142497
['Otis Redding'],[414251],-0.6422728050579264,-0.6112336137020326,0.1742419532463959,0.1277064688630455,-0.039546298900631466,0.5086996564291508,-0.017653980498621213
['Otis Redding'],[414251],-0.6413518336165976,-0.41856558014479844,0.09793202549491235,-0.14460741154446938,-0.042944130040725254,0.8523153686193593,0.1369584595383363
['Otis Redding'],[414251],-1.1672979484693797,-0.5218508299907265,-0.00289130296889198,0.2950789496019945,-0.7827562040701996,0.8375526981877474,-0.1521349253306503
['Otis Redding'],[414251],-0.6301573161969993,-0.4626035018454601,0.12601259651761787,0.03677177679412791,-0.7600439366609645,0.8347647161910131,0.031147846504775117
['Otis Redding'],[414251],-0.5307611229962234,-0.6329245127172403,0.15555156010628013,0.022824817225588993,-0.4823421013656647,0.8988901505787675,0.10653747794077355
['Otis Redding'],[414251],-1.051818754438133,-0.45440749038540035,0.04478135119380549,0.18881252219449773,-0.44266433759663054,0.7957309814412937,-0.06245842061717154
['Otis Redding'],[414251],-0.6634455072935099,-0.09284713918098228,0.18240019940285146,-0.05977395015286375,-0.3395048186097234,0.596697020565988,0.07592510177327912
['Otis Redding'],[414251],-0.8964515876954087,-0.7869116515952359,0.3345882839726349,0.22275314549685432,-0.07654181780174323,0.7050001379047492,-0.22474674303192357
['Otis Redding'],[414251],-0.520490771438034,-0.23687094591702684,0.3306893655756783,0.03781720787691759,-0.35419031011439356,0.4002275091509769,-0.08271529199431647
['Otis Redding'],[414251],-0.45973394297739456,-0.43043095244879065,0.17764711053448068,-0.12291742299348132,0.10496202996645558,0.5995418182915752,0.0831546983952638
['Otis Redding'],[414251],-0.8564644621778504,-0.7124780924481595,0.1972336525227358,0.3231680961387103,-0.7159942562856453,0.7122156662385534,-0.18592046662787448
['Otis Redding'],[414251],-0.6303224736513559,-0.40595247168789045,0.2557021220123333,-0.054756808994788804,-0.7615608037542136,0.9130463961644343,-0.03404904804003594
['Otis Redding'],[414251],-0.6413518336165976,-0.41856558014479844,0.09793202549491235,-0.14460741154446938,-0.042944130040725254,0.8523153686193593,0.1369584595383363
['Otis Redding'],[414251],-0.9290012010315051,-0.31471622367484936,0.578104776704095,0.2626372601460025,-0.47015401072305835,0.5190083226735255,-0.16617760270071366
['Otis Redding'],[414251],-0.5797984682983859,-0.3950311918214207,0.23268951849843397,-0.08957297054082258,-0.3201447717977351,0.8328431001603204,0.05065985380462231
['Otis Redding'],[414251],-0.9297916208024355,-0.7378148075633938,0.1484020333945324,0.22482385732436613,0.18616387821882266,0.5843625586059836,-0.1658749358106139
['Otis Redding'],[414251],-0.9486586952653852,-0.552934805940103,0.09815891306214279,-0.007596836166946649,-0.0822883174149754,0.9644537732163935,-0.031554375781058734
['Otis Redding'],[414251],-1.2762559285945307,-0.5777734339324458,0.06318355447905899,0.27831825933041454,0.03274092300629195,0.6330876017069756,-0.22735591879772288
['Otis Redding'],[414251],-0.5366094467129845,-0.42241421547837593,0.16965482588062544,-0.03073430166898594,-0.7706785340395989,0.8590773558214673,0.07439838930969606
['Otis Redding'],[414251],-0.8296018707252691,-0.049773111349060574,0.154970650928854,0.04920198980556853,-0.7623029839951576,0.7631250783306429,0.07641500528701495
['Otis Redding'],[414251],-1.1066762754203523,-0.714195691895507,0.07727400654850262,0.37432729768360407,-0.3293184926503746,0.6804272877074139,-0.18215743113385893
['Otis Redding'],[414251],-0.4314812678082171,-0.27222303145698434,0.3750133176097704,-0.06989719817274692,-0.5316123114819179,0.6238192665607729,-0.022651305474639876
['Otis Redding'],[414251],-0.7010223720770036,-0.41594473365580326,0.10771234144454142,0.07734599222511256,-0.04660074784146308,0.557384092162989,0.03295557997641056
['Otis Redding'],[414251],-0.4656165745176711,-0.604005924237315,0.20467242139102862,0.07788006391229942,0.024837632009403296,0.4201629826623521,-0.010139907694774209
['Otis Redding'],[414251],-0.39987786050726903,-0.3616221228100941,0.14390566850024222,0.041087159467478734,-0.8009917556040175,0.5952284982290389,0.11050458996837925
['Otis Redding'],[414251],-1.2565446171833794,-0.2080563038889774,0.1073689906580991,0.22258367125796066,-0.6086387444596286,0.8749948875383077,-0.044054168801079145
['Otis Redding'],[414251],-0.6217076932553937,-0.08246413965941606,0.2938959284063039,0.17293874888215108,-0.7086479722224047,0.3920982125443474,-0.04066680512786769
['Otis Redding'],[414251],-0.6413518336165976,-0.41856558014479844,0.09793202549491235,-0.14460741154446938,-0.042944130040725254,0.8523153686193593,0.1369584595383363
['Otis Redding'],[414251],-0.6974104734421269,-0.4441686546055079,0.18335373755932383,-0.06858271115766444,-0.1312161182903311,0.74721923126549,-0.0007580727065146964
['Otis Redding'],[414251],-0.8617142026154659,-0.8011033625136408,0.10580334728519256,0.3679017230160582,-0.6709432508659068,0.9060379749968204,-0.2773002594414468
['Otis Redding'],[414251],-0.6665540878103928,-0.7075726249224814,0.25146573463693594,0.16560624880343136,-0.2978150941097291,0.6163720991148591,-0.15562087598643567
['Otis Redding'],[414251],-0.47114700637731494,-0.23393105179483584,0.09840528462073908,0.0035967238858279084,-0.7110075411132649,0.5869980730978646,0.1539950082780631
['Otis Redding'],[414251],-0.831579450693905,-0.34179840588687227,0.062136782869805965,0.4008921243424743,-0.23827219522098064,0.6433406868709809,-0.422007527379213
['Otis Redding'],[414251],-0.7144058340056091,-0.046726678148823655,0.293309016997898,0.17368547371922877,-0.7037693326759077,0.36613295862405215,-0.06535696874897332
['Otis Redding'],[414251],-1.0799738408105448,-0.37844260589458684,0.019378031408422168,0.07216954644069311,0.17879707448019086,0.7361658431179632,-0.03518066647308568
['Otis Redding'],[414251],-0.7270835784490203,-0.4696322948605317,0.15536427348601206,0.12113355602323406,-0.7508000150102456,0.7706133478340919,-0.022712240602606966
['Otis Redding'],[414251],-0.48772917372777325,-0.5686691479048037,0.2595710231633314,0.2057148544855331,-0.7780899579107431,0.523120116963237,-0.07580752600641681
['Otis Redding'],[414251],-1.2990339312200359,-0.5200034691896848,0.23945808356296297,0.3777603248730858,-0.6722122264416922,0.8137926765155069,-0.3090840309802246
['Otis Redding'],[414251],-1.0001554041086034,-0.44220437797138956,-0.03371663962782884,0.257057589559041,-0.28696077446337076,1.1151412602609294,-0.3005610446469381
['Otis Redding'],[414251],-0.8026116673388892,-0.22233892592977922,-0.015546198641068976,0.1517994003465831,-0.6751469427399917,0.6034933982030328,0.05150231949264181
['Otis Redding'],[414251],-0.9728563790943998,-0.6101176863083415,0.19504278668202188,0.18903384638122148,0.18064493810026452,0.6017339913642675,-0.16735508710693672
['Otis Redding'],[414251],-0.8843939690764399,-0.5024740790399396,0.08198111566954491,0.16170169789627645,-0.11020403305914443,0.6034788478885419,-0.08336901954609043
['Otis Redding'],[414251],-1.0313002872868182,-0.4021241482398017,0.06457101838388184,0.19287379230470397,-0.09456661358875046,0.6004455293599404,-0.09628554592895881
['Otis Redding'],[414251],-1.1043144219035128,-0.6593364308755396,0.09984071197415767,0.2806322721045272,0.20290545812568037,0.645879165777758,-0.1212187534899346
['Otis Redding'],[414251],-0.2923430456649802,-0.34710783166332465,0.18474296336852108,0.010496538688560658,-0.5455288212009748,0.49866272567350567,0.15726834706138687
['Otis Redding'],[414251],-1.0586121388552332,-0.547658636738236,0.2149151606147583,0.17667127112662775,-0.15914739052911428,0.7675757917282561,-0.13622789472246435
['Otis Redding'],[414251],-1.1100809392318556,-0.5855558717225094,0.11168856928417409,0.31114435302334237,-0.4313237821975722,0.7013180260603018,-0.2052217392768231
['Otis Redding'],[414251],-0.7975844353937906,-0.6726455863299794,0.20399620831055684,0.1909268493898274,0.16211322916923823,0.5332988179538931,-0.1277451657311022
['Otis Redding'],[414251],-0.6375647747092766,-0.2373663629390358,0.09178909445890562,0.04789110088058218,-0.6928881533526248,0.624751744320065,0.03611630445440188
['Otis Redding'],[414251],-0.9274781219240462,-0.758863507691894,0.10308478862761594,0.22990624026358258,-0.08023729782150836,0.6966390662552351,-0.1181021612560602
['Otis Redding'],[414251],-0.8473982494026877,-0.8098263186402237,0.16199667631641618,0.22757669961423133,-0.2605992764779955,0.7530317529877928,-0.09587726212204471
['Otis Redding'],[414251],-0.9397264087373587,-0.7127594455340268,0.20809666558175544,0.157882802632075,0.18811844631389915,0.6797286613594669,-0.1863278185984686
['Otis Redding'],[414251],-0.9091762611904477,-0.4735517904103846,0.12790069662486903,0.3338704609454171,-0.6511125019676185,0.4682611643735131,-0.16933928454003663
['Otis Redding'],[414251],-0.8693786689661608,-0.7785209132732326,0.1736725442475916,0.30674482353619953,-0.44111030975154203,0.6953259345441795,-0.16476050531085207
['Otis Redding'],[414251],-0.5229350515682759,-0.17545504832235478,0.1099698729447419,0.05840863162488558,-0.7110109731710199,0.522021577711121,0.11786061118763257
['Otis Redding'],[414251],-1.0218604688097075,-0.6385822179811728,0.1935592173725487,0.1908390315461384,-0.1573405169478402,0.7907893216315021,-0.11792222761334399
['Otis Redding'],[414251],-0.5202404383431594,-0.5408681865157758,0.3266849070527796,0.10552475198961915,-0.6763987383203394,0.6907271853845028,-0.03562394658919859
['Otis Redding'],[414251],-0.5705866687238519,-0.3813091086718154,0.154675032236813,-0.09928823968761982,0.11253927944176745,0.5656241947577423,0.07518358901392669
['Otis Redding'],[414251],-1.1911725056857647,-0.6199838518492566,0.04594996504551902,0.2670146599711112,0.026327374770698273,0.6429436680455122,-0.19579320405384468
['Otis Redding'],[414251],-0.5520169697189076,-0.1177956190319932,0.2567249403110404,6.197651908263479e-05,-0.7117808444667302,0.5391218086051404,0.0344895827970982
['Otis Redding'],[414251],-0.7000282992483019,-0.5736300933485812,0.1899204853093084,0.2666799311763144,-0.6643191436979614,0.5270750323487209,-0.13422740908352804
['Otis Redding'],[414251],-1.0705341804756905,-0.6029681632090577,0.10674194936901885,0.3304999637993348,-0.2613936511264589,0.5271796469793543,-0.2067469848474532
['Otis Redding'],[414251],-0.7711821490071488,-0.5064290529838583,0.09131966994718597,0.07673888378170247,-0.7407536947255239,0.8683020616441189,-0.023692568851500444
['Otis Redding'],[414251],-0.5663594400987307,-0.5709402093390994,0.24388201975650667,0.12476439085324922,-0.6703811137640427,0.685568446605216,-0.007325766833719278
['Otis Redding'],[414251],-0.4450889352295761,-0.3163838558164727,0.135762876518302,0.025208817953754726,-0.8006207705017793,0.5845485949259203,0.11559385002082188
['Otis Redding'],[414251],-1.0624709648126476,-0.6703137176078013,0.06268603398683767,0.4115046534387936,-0.5244852758526917,0.6086180987546084,-0.23480677180061696
['Otis Redding'],[414251],-0.7533869976589116,-0.2157537930411566,0.12161138447384712,0.13349756691104134,0.1094363823941304,0.1905020410312985,-0.02938008925789046
['Otis Redding'],[414251],-0.8750278937391823,-0.3636956908560214,0.10568010969240613,-0.11107290576836468,0.1541874779347224,0.8025243565752298,0.05764429955504067
['Otis Redding'],[414251],-1.0134426900452116,-0.8081263222753833,0.12771378059184893,0.28503158679237006,-0.06608816842714835,0.6574673084633708,-0.1603654029507111
['Otis Redding'],[414251],-0.6761402077801392,-0.3511028617561334,0.27320146066403006,0.10245196010237141,-0.23284688579946666,0.5121392641597096,-0.0773889600757422
['Otis Redding'],[414251],-0.7719157355245924,-0.8357124416364903,0.13410608259603876,0.3252033362960998,-0.34877411214359694,0.6991851022923059,-0.15216979717517345
['Otis Redding'],[414251],-1.0279395846544994,-0.5172646862806233,0.09220933646565084,0.2845642885361917,-0.006115883876639721,0.4732518368289893,-0.16787639550510594
['Otis Redding'],[414251],-1.0294894201281983,-0.49213725645432177,0.1030376875532551,0.05966035745750982,0.18172428141304536,0.7529773180991903,-0.06940074726792647
['Otis Redding'],[414251],-0.5990487355114625,-0.20397549649083585,0.08973909664391402,0.1200248102060751,-0.7858130171817616,0.5652174652539534,0.11484231128063828
['Otis Redding'],[414251],-1.0130152418838427,-0.6846481230417322,0.08319402033728848,0.26014266982893763,0.012924886913003426,0.6244523540712784,-0.11576408872090108
['Otis Redding'],[414251],-0.8831112388919748,-0.5657976332615305,0.3274311607508372,0.14844162249249163,0.16790548277042242,0.5864137845845497,-0.17004391385641865
['Otis Redding'],[414251],-0.6100071345133387,-0.5616184172576977,0.14896048877415366,0.09574152593275638,-0.1329490092742054,0.5818046726767504,0.022780986654718508
['Otis Redding'],[414251],-0.7750313942349099,-0.47697688657920156,0.13064323258862062,0.042973946690927606,-0.12314440244714538,0.667534278715786,-0.010494731263200338
['Otis Redding'],[414251],-1.0218604688097075,-0.6385822179811728,0.1935592173725487,0.1908390315461384,-0.1573405169478402,0.7907893216315021,-0.11792222761334399
['Otis Redding'],[414251],-0.6811590977399471,-0.41729019356316543,0.16682175970245516,0.044550749923282305,-0.7513038219248888,0.9045939839384788,0.0028949404718128322
['Otis Redding'],[414251],-0.6726077730027729,-0.16869240092087706,0.11963043319421268,-0.017907270583593718,-0.3322921242589125,0.6144599658413921,0.09451689734042025
['Otis Redding'],[414251],-1.1993964280081277,-0.5400934762708502,0.027494353406724292,0.2591424485545189,0.02409611486923672,0.6362165801466889,-0.13177280166942026
['Otis Redding'],[414251],-0.6851637728674929,-0.3118931742128804,0.08984544405555286,0.07159212431631144,-0.7616368578288006,0.7717809067266699,0.09064894498948131
['Otis Redding'],[414251],-0.6561164012408895,-0.3465367143219237,0.05296608139961373,0.0773269293349291,-0.7637370722606917,0.7704909091301679,0.12553169201544884
['Otis Redding'],[414251],-1.0134689064117373,-0.7194583914381424,0.04667207412331299,0.3927627926824954,-0.42666863707251035,0.6717296561407898,-0.11154072954305486
['Otis Redding'],[414251],-1.0377321324286277,-0.5264665197413722,0.05577001823881021,0.3739393006405308,-0.6061960186979426,0.7472785073145871,-0.12331862135635774
['Otis Redding'],[414251],-0.820881197155339,-0.5650892109764548,0.17192697828203632,0.18333465582276698,-0.10817355568034198,0.5923982056175311,-0.028716890015697112
['Otis Redding'],[414251],-1.078601541116402,-0.4336057593251585,-0.05671868926622743,0.2367934053420962,-0.29972752533779645,1.0362540480058056,-0.1903737735481042
['Otis Redding'],[414251],-0.4572968127510931,-0.47618130559286337,0.20335696445641796,0.03570578804558599,-0.780710473871492,0.7136849746039602,0.07131446816667847
['Otis Redding'],[414251],-0.9326781321359108,-0.6937702997764424,0.18882805033825736,0.30126513253627313,-0.7121381076023718,0.7189219207756548,-0.2098854637591315
['Otis Redding'],[414251],-0.6207456968127113,-0.0653297062487069,0.3697732291998311,0.006684651373115291,-0.7071937222003716,0.5434099178850481,-0.049586473665133836
['Otis Redding'],[414251],-0.9696916143406094,-0.583018327361207,0.18442314190823977,0.33226676307389563,-0.6271410557890358,0.6391090601707679,-0.2003756138019244
"['Paul Chambers', 'John Coltrane']","[747984, 175553]",-0.7622503304379417,-0.32570235688758825,0.22998980872554775,0.11521951643043955,0.13558539233846947,0.38901645026734466,-0.09924920733640799
"['Paul Chambers', 'John Coltrane']","[747984, 175553]",-0.8496066568106091,-0.3644147842301621,0.1582124624766491,0.19278365175881093,-0.3853566422685274,0.5361444441716487,-0.12135294088855628
"['Paul Chambers', 'John Coltrane']","[747984, 175553]",-0.6821059917662579,-0.3380379770643019,0.3337668418512709,0.13897595417450426,0.13744634097141994,0.44450534147802695,-0.21557448233102952
"['Paul Chambers', 'John Coltrane']","[747984, 175553]",-0.583030276389447,-0.47947938061716094,0.3219361665478836,0.02864384232342569,0.12289690586200366,0.48438061065515015,-0.11790108420865762
"['Paul Chambers', 'John Coltrane']","[747984, 175553]",-1.042736297520319,-0.4222387226541306,0.18209974137579174,0.09036425733564951,0.17939293467173997,0.6446532419232742,-0.15375663245664353
"['Paul Chambers', 'John Coltrane']","[747984, 175553]",-0.721106388167899,-0.2749969938181169,0.2689756552754495,0.19675630719250378,-0.7582052451329755,0.5708412226976468,-0.07944850376741691
"['Paul McCartney', 'Michael Jackson']","[29884, 467203]",-1.2101426225779437,-0.5936357301224218,0.02439025769362691,0.4604763218878334,-0.6778255520059717,0.7027632453810644,-0.17083173700237161
"['Paul McCartney', 'Michael Jackson']","[29884, 467203]",-1.2101426225779437,-0.5936357301224218,0.02439025769362691,0.4604763218878334,-0.6778255520059717,0.7027632453810644,-0.17083173700237161
"['Paul McCartney', 'Michael Jackson']","[29884, 467203]",-1.1158737905534661,-0.6315226476432113,0.018049703507192885,0.4574819839883669,-0.6841587808009874,0.7261675137460375,-0.14335048780104437
"['Paul McCartney', 'Michael Jackson']","[29884, 467203]",-1.2101426225779437,-0.5936357301224218,0.02439025769362691,0.4604763218878334,-0.6778255520059717,0.7027632453810644,-0.17083173700237161
['Pink Floyd'],[346336],-0.2438713987339833,0.2303566576232569,0.009733127209717826,0.08263744692390532,-0.5812116735260455,0.6953999368400953,-0.23837351026084572
['Pink Floyd'],[346336],-0.5721824021931404,0.19974296504247827,0.07548828175257691,0.16721349242818034,0.17463288034883215,0.48371476583241296,-0.572578719709403
['Pink Floyd'],[346336],-0.5711296791352551,-0.278462638400512,0.09838534151431845,0.11385472496645484,-0.25224225261219096,0.3578722469142199,-0.006631130072765454
['Pink Floyd'],[346336],-0.8102455236836904,0.3132525995774171,0.6099036513373433,-0.0031947200067095234,0.09368874309258596,0.24322837151696733,-0.27219230513834547
['Pink Floyd'],[346336],-0.8532153917036085,0.09953377462039717,0.22204955868415072,0.1646068196173528,-0.5119847726144804,0.37990564657244874,-0.16466976645845718
['Pink Floyd'],[346336],-1.1097742467471272,0.2037838642389271,0.49343109885580355,0.16162558813113648,-0.6569930888466122,0.572599482717694,-0.33350846628704633
['Pink Floyd'],[346336],-0.6631573480588344,0.078266704592411,0.47712096201059023,0.08464461235107125,-0.08552563937684897,0.25705407337792013,-0.2035453073302771
['Pink Floyd'],[346336],-0.6631428860593774,0.20502910359523727,0.6171782045228376,-0.08505672722140173,0.0829717148721227,0.28320703079523596,-0.25798336027218477
['Pink Floyd'],[346336],-0.9748129128567518,0.024547954080758643,0.5734127970121837,0.1712841239537433,0.1604287005119508,0.43008445226748115,-0.4080716268794806
['Pink Floyd'],[346336],-0.22109490133200882,-0.02818426791560971,0.1921439675006099,0.174913939908446,-0.04702881000246286,0.48312664811778194,-0.22985535225425335
['Pink Floyd'],[346336],-0.029005122346519707,-0.07600217588189004,0.07233415276307116,0.12474799244026696,-0.4775880378619964,0.7358993917077219,-0.5277449156354748
['Pink Floyd'],[346336],-0.948269333888179,0.048027605430321196,-0.0493005846742144,0.19471027244128766,0.17702763182020953,0.5179610028104598,-0.21231322952543707
['Pink Floyd'],[346336],-1.0072395242191179,0.28504963437600783,0.4537837341866676,0.34546269951854514,-0.5998509027467721,0.6856606561380009,-0.6333416628673025
['Pink Floyd'],[346336],-0.8587744216650166,0.09894922559866703,0.4451623572773543,0.10008769843700761,-0.6793159589080793,0.5658665291493385,-0.2158483141132322
['Pink Floyd'],[346336],-1.0822116044821162,0.031234735480671447,0.42385825720731457,0.1467428319461245,-0.2125885747367077,0.4428763559892293,-0.32110143273682706
['Pink Floyd'],[346336],-0.8190435645866808,0.08419529020033262,0.43641458293038593,0.08541147368678642,-0.8746290679133463,0.5625318500547126,-0.23774178519856382
['Pink Floyd'],[346336],-0.951164462230611,0.04039295355457452,0.405884938214448,0.15199146501106084,-0.2218388822618526,0.3953103575448174,-0.2383292806654969
['Pink Floyd'],[346336],-0.5664657177171132,0.04441181837206726,0.6527193675414297,-0.014950666661049772,0.08954568419118783,0.2779680831832021,-0.2516884009056521
['Pink Floyd'],[346336],-0.018183941392691357,-0.08840764089254909,0.19323865650233688,-0.0632366988035988,-0.5565254276720146,0.5246000833717999,-0.14788953042534925
['Pink Floyd'],[346336],-0.4633421156291733,0.15770295740255205,-0.03450212795504603,0.26689280128087245,0.024276218752003694,0.6635872567127139,-0.5346151688801828
['Pink Floyd'],[346336],-0.8089986722240858,0.20684313381246802,-0.15574323220761335,0.47755800175245344,-0.552651155506986,0.8631756481834916,-0.6371930367143309
['Pink Floyd'],[346336],-0.9032673659710192,0.05592153465691772,0.39058124596164434,0.23424686599742905,-0.8096996593058976,0.7544231897272304,-0.3411044291356284
['Pink Floyd'],[346336],-1.1151129396418131,-0.06082747227360219,0.48020051479424286,0.1255426174514467,0.16780427417017763,0.5134686173111672,-0.41119501572556105
['Pink Floyd'],[346336],-0.595051378742879,0.32726172235616563,0.12120386739698892,0.30453480835420266,-0.7692075314183066,0.9608797653775561,-0.7083187360210581
['Pink Floyd'],[346336],-0.8826102604011125,0.3845173619391656,0.4459868119661851,0.3467813243218096,-0.6302972089659995,0.5024615844859767,-0.5386359459043567
['Pink Floyd'],[346336],-0.3709232316993498,0.2190647074856881,0.6454074003839009,0.027869405726533243,-0.36166517959462324,0.34042345293333587,-0.432771285569898
['Pink Floyd'],[346336],-0.7671163037417478,0.14527842914483932,-0.13344352140083063,0.39530995201797836,-0.7740970241474561,0.7543712347763245,-0.4972376212451702
['Pink Floyd'],[346336],-1.0578391254992645,0.2734536534617938,0.5233644310405233,0.23631301676445077,0.007198564142911019,0.5102601316773099,-0.483913521876684
['Pink Floyd'],[346336],-0.7074726370878576,0.06534025700614815,0.48409561558449704,0.057915100316416494,-0.0815040401170603,0.28183643405839853,-0.22904324572630988
['Pink Floyd'],[346336],-0.9644859391680448,0.5365843811875789,0.3435430488766632,0.1568851152573665,-0.6413026438967525,0.6367585190044946,-0.5513282872786633
['Pink Floyd'],[346336],-0.9610305143635176,0.021767818209324885,0.5741604363253668,0.1723289438232483,-0.8299317514848467,0.6869789128439248,-0.33426043914185094
['Pink Floyd'],[346336],-0.6531439583032922,0.2665831453652515,0.5397863263796855,-0.28588005505048336,0.07899444742380815,0.5382758473672329,-0.13384591332111861
['Pink Floyd'],[346336],-0.5605362903196023,0.005851019312787027,0.2868250014384894,-0.120355476428776,-0.09704322440573096,0.46093852293894694,-0.020956889729511135
['Pink Floyd'],[346336],-0.5637134698283658,0.24877410676908443,-0.10313261813446312,0.5102491494619426,-0.7710888707365997,0.6858187710773977,-0.660746123450392
['Pink Floyd'],[346336],-0.5168774172644913,-0.22763282946954624,0.3274648423076121,0.033272897252312444,-0.5214099551866943,0.5481957533437363,-0.013621510023717592
['Pink Floyd'],[346336],-0.012050496014024154,0.1528229238931143,0.30194192396415376,0.14131160721539315,-0.027195537903535103,0.6462271656671525,-0.5588322775181536
['Pink Floyd'],[346336],-0.7858844536691297,0.07945145920021553,-0.04576429843009581,0.4061889580258587,-0.5362367043199462,1.0594721642701381,-0.8169566396676547
['Pink Floyd'],[346336],-0.3784938148846511,0.19125201358162305,0.3213608335559677,0.09673126903228227,0.024259058380354307,0.46267302050716314,-0.330561552944054
['Pink Floyd'],[346336],-1.1151871206138713,0.23186527866126116,-0.13869656102880926,0.09634595045980421,-0.8477130184211459,0.6206445577840578,0.006559672656067872
['Pink Floyd'],[346336],-0.6712092385526002,0.03658366491204946,0.6666374806788216,-0.026754594926977883,-0.5240646942155021,0.5342886261174896,-0.1992742062846036
['Pink Floyd'],[346336],-0.8667661762288837,0.5324316705748721,0.4029762881356814,0.13995739429616358,-0.015181258487004478,0.5183832002398675,-0.44605958643678073
['Pink Floyd'],[346336],-0.15396688352992074,0.15106342096458358,-0.017576303478814576,0.12601967292903446,-0.4822725288893266,0.6964815687703596,-0.190207496222275
['Pink Floyd'],[346336],-1.0523978183675702,-0.14352596767324483,0.06943044503551142,0.31844845022735385,-0.8210066182117008,0.5796251497694561,-0.08995941980348891
['Pink Floyd'],[346336],-1.0285892804146244,0.4443899995786274,0.5611571656684233,-0.1266466828177475,-0.24810253065062152,0.5785477923352521,-0.20175425076687456
['Pink Floyd'],[346336],-1.0429448232610132,-0.3962632232789544,0.3607151154103681,0.2015715535693289,0.174707302662691,0.5276483306117089,-0.2901844754859779
['Pink Floyd'],[346336],-0.9063578234208136,0.284040230254194,0.4770931323812775,0.23646734605732156,-0.8744767824766155,0.3212876741182389,-0.36442189763001775
['Pink Floyd'],[346336],-0.7511504782465537,0.07249228611522203,0.20915041791243,0.08557101617156038,-0.5087019903922007,0.5337140534561294,-0.05123354818105656
['Pink Floyd'],[346336],-0.3662998520684691,0.25413495036544886,-0.09566774767405478,0.4081587148395349,-0.3303600142823401,0.7331741834545921,-0.2045637710810559
['Pink Floyd'],[346336],-1.1233489243381738,-0.28333953636823744,0.19003459706101844,0.3163939645400007,-0.6201960118935548,0.6950891839581851,-0.16529025736427963
['Pink Floyd'],[346336],-0.7028526581938304,-0.1316196112372582,0.1598512187376818,0.12835943313024428,-0.6842472711145945,0.5475115075645457,-0.0014150730493375024
['Pink Floyd'],[346336],-0.48831169435731825,0.0385509182949324,-0.06593311168395018,0.334783011905926,-0.7892451583062321,0.8086170670273243,-0.4650411481825158
['Pink Floyd'],[346336],-0.6512762733938185,0.1305518718996086,0.08912595923363811,0.07643716765944399,-0.042010632552147195,0.5290860894088316,-0.24045465739840874
['Pink Floyd'],[346336],-0.1706934371174951,0.09761820997542281,0.4180234782521459,0.07820929901980565,-0.05164037730318166,0.4902769971027176,-0.4620810883562014
['Pink Floyd'],[346336],-0.09698978266062143,0.0910983440364311,-0.053817077916332806,0.1660932576520999,-0.2763963832455181,0.7583627240966537,-0.473314259467702
['Pink Floyd'],[346336],-0.7316213395522412,0.2584972305075419,0.061134233418314594,0.20781642888057048,0.24346395522149547,0.8984950252998898,-0.7638697470533189
['Pink Floyd'],[346336],-0.6682235320791364,0.20728372576724327,-0.16222689860100473,0.475208640963786,-0.7042697531198912,0.4977978222248771,-0.5756931736152238
['Pink Floyd'],[346336],-0.3443025010925576,0.18153574659906516,-0.08309826720460185,0.22073691042132162,-0.4173299744483555,0.9413060971346051,-0.486106180561934
['Pink Floyd'],[346336],-0.055489954834839386,-0.045156231729640096,-0.056294059441729674,0.2302883275293719,0.083153504452473,0.7077331771219979,-0.412440351703742
['Pink Floyd'],[346336],-0.5253552731755334,-0.15600581323804869,0.6101609035108023,-0.020175508985261097,-0.5190848373112045,0.6258177604385795,-0.191317899242599
['Pink Floyd'],[346336],-0.9662843539732395,-0.21932482879773865,0.3872318819084145,0.10309020857250521,-0.1929010170921851,0.6470917439758844,-0.31566976679113895
['Pink Floyd'],[346336],-0.18262897534148623,0.20676659596638028,-0.04043480059183494,0.1989308597764362,-0.460447130638063,0.7313032762403311,-0.24518807851082408
['Pink Floyd'],[346336],-0.4738378239029046,0.013766998858117281,0.02947217715435396,-0.005852951200629219,0.10636384729621816,0.4100407433042886,0.06135235497747527
['Pink Floyd'],[346336],-0.352171779951895,0.3333545129133477,0.03151734929809958,0.3052571408729432,-0.415335650344978,0.8270726787661925,-0.5338494490557476
['Pink Floyd'],[346336],-0.7876938713186852,0.1212801614278887,0.02806874576700587,0.21821460359079223,-0.04884754856940358,0.30761877434703955,0.09362684899088762
['Pink Floyd'],[346336],-0.7045005907471514,0.0005966601782778535,-0.0786967187686818,0.32960542470689386,-0.8240263164382405,0.5931580241381826,-0.14044005703839743
['Pink Floyd'],[346336],-0.9414412671408404,-0.49405398672212647,0.17200415979970332,0.22033948776922582,0.16997974929159468,0.5241283641300578,-0.1525904773618773
['Pink Floyd'],[346336],-0.6752958934231087,-0.21575716003624362,0.07746543727041881,0.09558856249512389,0.11315661967612459,0.3382781277451388,0.05905339640820138
['Pink Floyd'],[346336],-0.5930996894922643,-0.1967053433226003,0.02711316832855461,0.15774755882174826,-0.5141960815738449,0.484695826443357,0.14189348319065195
['Pink Floyd'],[346336],-1.016188998076116,-0.12718557629400898,0.3955135456338204,0.37030487406391316,-0.7981757130994194,0.6361000825973439,-0.4939085464457934
['Pink Floyd'],[346336],0.09457158298719061,-0.25977477254984416,0.10970902863372425,0.09902027746909928,0.13710982024504556,0.6166268845913419,-0.25968065140051105
['Pink Floyd'],[346336],-0.2068949304075282,-0.3237750785088349,0.33226832308153553,0.006807643898550112,-0.5539193008539144,0.47261697795645913,0.08349834912312332
['Pink Floyd'],[346336],-0.9239347708286776,-0.010721653232111755,0.4045030007686289,0.40696276051869096,-0.5882187691766624,0.7448323432963927,-0.6240922183366252
['Pink Floyd'],[346336],-0.40756778190150017,-0.3702006463789211,0.10608444429807044,0.4248400059305734,-0.5800005958912369,0.8990288068165239,-0.5826130422824106
['Pink Floyd'],[346336],-0.6305922663252184,0.03634516105179108,-0.06801334529384673,0.13157117901225862,-0.6552798715344827,0.7108131302961077,-0.16486368570501
['Pink Floyd'],[346336],-0.9013325990825402,-0.1648510525597769,0.04929810855040022,0.008392192193660608,0.14952906449027278,0.6138056321369841,-0.008336576421848808
['Pink Floyd'],[346336],-0.6397162393978797,0.236324889850805,0.11002298703961708,0.10727030062915502,-0.026325310256484196,0.5136956946188636,-0.35102276138548255
['Pink Floyd'],[346336],-0.36721142139380264,0.1743008758819054,-0.016577235021021028,0.2480851138707266,0.024527133588485503,0.6788835266649996,-0.5795033639337835
['Pink Floyd'],[346336],-0.34720925089005106,0.19119687119697976,-0.005725999453905801,0.16360440037508897,0.1791545686042336,0.5660909270369342,-0.6255006600797162
['Pink Floyd'],[346336],-0.7027743507230336,0.22712658903326213,0.11340031493000258,0.3846663391313422,-0.12729249810673698,0.7338469566706727,-0.7672345675748136
['Pink Floyd'],[346336],-0.8177964273775629,-0.46037766061484253,0.05673212776195163,0.1716153732262389,0.15531580645381354,0.5158651408204259,-0.016519564821728495
['Pink Floyd'],[346336],-0.5435112157446503,-0.14391652934584662,0.04482301306630311,0.05616498155268926,-0.7057433740980911,0.5668609762817828,0.12288891830605382
['Pink Floyd'],[346336],-0.8603284173403436,0.27634801647137247,0.440498368859827,0.2652836611319257,-0.15529772028687178,0.6927706578348177,-0.5475299855411058
['Pink Floyd'],[346336],-0.6492967357886076,-0.37874964915650244,0.19259630227821284,0.14635175169132622,-0.4998122291704572,0.5926989823108794,-0.01568211535001525
['Pink Floyd'],[346336],-0.8426550976898456,0.4734953310432981,0.14161160491399893,0.32209634913333046,-0.6176434298213543,0.6335966534347195,-0.4184075646935558
['Pink Floyd'],[346336],-0.6798284164172208,-0.4332120924200086,0.06313255466425409,0.1590382704042375,-0.4950498754371822,0.6089900547464928,0.020705646882836118
['Pink Floyd'],[346336],-0.09693390684094963,-0.05400441741713317,0.07623752329356356,0.03294425448150259,-0.7186144981525762,0.5959083443212674,-0.04894923205449602
['Pink Floyd'],[346336],-0.5442822961137906,-0.003228231730928952,0.4129156453714615,0.015533154097598808,-0.726042963764193,0.470707430478204,-0.12051140174696419
['Pink Floyd'],[346336],-0.9486618226038023,-0.2731295870379892,0.23354895705404435,0.17637991036556813,-0.03432553351780931,0.4245701354245666,-0.1838974842870061
['Pink Floyd'],[346336],-0.6086538218044355,0.008477264488921672,0.12311871524770403,-0.1572204424371576,0.0899758551923614,0.5255079704148806,0.14731813777184902
['Pink Floyd'],[346336],-0.46629008599824145,0.20976150380630781,0.12736188531912193,0.4319957171831266,-0.7833621411390538,0.7204923698405739,-0.7079308115851917
['Pink Floyd'],[346336],0.1308114125039842,-0.06451168565538284,0.13032067013012286,0.10230034743683163,-0.037831234544932944,0.6982542992722297,-0.42790831409340363
['Pink Floyd'],[346336],-0.1990204455015139,0.09889083665249697,-0.002225913104777247,-0.2126936836424984,0.1138690380098378,0.7950422403219704,0.006157495088986959
['Pink Floyd'],[346336],-0.47652476392579185,-0.2574401537559388,0.2647326963706528,0.06011137470055946,-0.2643367183735647,0.3766310536502421,-0.029835057182939568
['Pink Floyd'],[346336],-0.5986937066339729,0.3528024014594188,0.29485894455290984,0.10126758883216015,-0.6513639865923558,0.7381137780520475,-0.4566833454749499
['Pink Floyd'],[346336],-0.5644418477548377,-0.2748526551321544,0.16697134315439166,0.10963825431423792,-0.5004621317674371,0.6061555815786932,-0.08332897954718489
['Pink Floyd'],[346336],-0.38412002871793893,0.3690848736091418,0.16093829925804642,0.26168671058941195,-0.6371414175644189,0.7187638614798456,-0.5783951901191283
['Pink Floyd'],[346336],-0.18144312596386147,-0.10290476427289678,0.2654945175836825,-0.018890294076193838,-0.3269441535312758,0.16227163627659566,0.019204015525228157
['Pink Floyd'],[346336],-0.7202275746524246,-0.4209249629793801,0.4314481391959773,0.17383265800306263,-0.48786897418322994,0.5454306746755313,-0.27574133188535543
['Pink Floyd'],[346336],-0.5098059918557951,-0.10904747252563596,0.17479521058167008,-0.16702668411777877,0.09745483519324882,0.5770035681382616,0.013351171330452027
['Pink Floyd'],[346336],-0.11346517964209579,-0.5449865119441574,0.22506383507461544,0.06731068527654241,-0.7342659750736422,0.5032308880772004,0.05842396492553367
['Pink Floyd'],[346336],-0.04167945061993371,-0.16628668748936928,0.07279436832105819,-0.05425521936679436,0.12090016521051979,0.7340091819991897,-0.26241317348355886
['Pink Floyd'],[346336],-0.40222508108974314,-0.2137578015714327,0.19144527668149353,0.07980120185523037,-0.37536111165844044,0.20770543735255556,0.028969790550538946
['Pink Floyd'],[346336],-0.6843823218031152,-0.1723362138954184,0.050024371459237826,0.16883610593222653,-0.5140762413549859,0.3928805790037021,0.025944857794239676
['Pink Floyd'],[346336],-0.921210844729553,-0.15452217447356062,0.16283757106782246,0.048854666625946515,-0.48485013269645455,0.6407903952154071,-0.1290460764902732
['Pink Floyd'],[346336],-0.750796312944122,0.044607638566533624,0.6615432659842767,-0.010828923710482212,-0.5167584779712793,0.5198959600813274,-0.2181289486307418
['Pink Floyd'],[346336],-0.5891021649178424,0.5377404966946551,-0.06623219135473477,0.5288698449798409,-0.7691501510437541,0.6387332137991195,-0.5666207408349742
['Pink Floyd'],[346336],-0.1001342682670607,-0.33493665845500986,0.18744070889113013,-0.14843624095209287,-0.11962002769092998,0.48938716020731143,0.19321373988471657
['Pink Floyd'],[346336],-0.16207502426235817,-0.34399443174261574,0.08393972782774806,0.2895970580876692,-0.4467273456213595,0.7573597779625937,-0.4994583046260286
['Pink Floyd'],[346336],-0.19357471649188804,0.09329972278694024,0.014604483462386802,0.12405501240361655,0.19155355379957392,0.7656925725629838,-0.48635906787027267
['Pink Floyd'],[346336],-0.04968160348396503,0.24593705243451025,-0.09074140544474676,0.4003185693927144,-0.5936162201281702,0.884570843512746,-0.29329602333759575
['Pink Floyd'],[346336],-0.5749368081324491,0.09625674157906819,-0.07871506324132882,0.0326352705917237,-0.015801649336730974,0.7285600819782881,-0.22503604566758487
['Pink Floyd'],[346336],-1.0000127281602906,-0.14210454557364197,0.046711962218744074,0.10095342024670391,-0.03786538242231327,0.43470396001154743,-0.07752320556133203
['Pink Floyd'],[346336],-0.797509398593355,-0.0010308176818178074,0.0020592210240164043,-0.014852253013914955,-0.07733548900078625,0.37526693250988885,0.043651879840819745
['Pink Floyd'],[346336],-0.633026244008665,-0.10517152088166754,0.036338685285346894,0.1222490659380948,-0.6190206718621839,0.41655553045832666,0.070553619878702
['Pink Floyd'],[346336],-0.7640494683422995,-0.373380331765607,0.04402076704951292,0.25246778821545685,-0.48893328979817413,0.480678770927257,-0.0699246383812794
['Pink Floyd'],[346336],-0.7028639675886337,-0.10083448509898456,0.19502417855324147,0.21036220091025137,0.13852101449683257,0.311085575511569,-0.1933963188455951
['Pink Floyd'],[346336],-0.9510439676012602,-0.1831064939984238,0.0364409034877532,0.20524990936962875,-0.21759163959035555,0.38506465910364235,-0.06715938132812993
['Pink Floyd'],[346336],-0.8154541540712402,-0.05404068632191154,0.43052720124800853,0.09976172468392139,0.1208494046639776,0.3203568724623355,-0.20094016948812518
['Pink Floyd'],[346336],-0.6109173747450358,-0.07763252991308539,0.12152334562791312,-0.06248886625462308,-0.27078606880286515,0.42930231587800305,0.01559971010526251
['Pink Floyd'],[346336],-0.8510741565055923,-0.12309270865052534,0.04315002342646723,0.12678779836133944,-0.6807006780452552,0.5248485100582484,-0.023674524778553606
['Pink Floyd'],[346336],-0.5713589715895797,-0.3659486243625042,0.142106107872843,-0.002265350841855587,-0.07164902949235244,0.46458262172179665,0.030144465921790962
['Pink Floyd'],[346336],-1.1790870594754277,-0.11654699262279135,-0.012382279961085362,0.22403840547421672,-0.6255317048331827,0.7132438190954156,-0.14366835963811922
['Pink Floyd'],[346336],-0.40014907789926735,-0.05451356118868917,0.14094635149534152,0.20373483776413956,0.039854200102523885,0.8852890929352965,-0.6755901710493225
['Pink Floyd'],[346336],-0.2653083386960387,0.060118601564281775,-0.0813910095466922,0.27643721374430996,-0.6019966938231057,0.9093112265779848,-0.5253397040935985
['Pink Floyd'],[346336],-0.7277048497582432,0.023249902849897888,0.12376976884678004,0.007662556596931337,-0.2664351435541083,0.344903406793687,-0.004230411664704845
['Pink Floyd'],[346336],-0.7514262719223076,0.12204331069387776,-0.12629304851513318,0.3792120263195413,-0.7785887452808578,0.7439206958317901,-0.4695824304636129
['Pink Floyd'],[346336],-0.4111592804111115,0.1355676473501386,0.4683113531797469,0.08329511154100216,0.12651682456140984,0.42027119924462725,-0.5036896458580102
['Pink Floyd'],[346336],-0.012886468553081573,-0.2053645221568775,0.08068388068747202,0.17509808704367413,-0.3886896379820677,0.7097492442980041,-0.2997542860617156
['Pink Floyd'],[346336],-0.2004550043575484,-0.4739911225278595,0.2100718517449327,0.0369601120504862,-0.08883194968235726,0.42674130688835105,-0.03709026345850693
['Pink Floyd'],[346336],-0.7840904289220844,-0.24285806971296767,0.03933875413736416,0.25872670352607874,-0.6700415591130742,0.48657324298274707,0.055546479418793586
['Pink Floyd'],[346336],-0.579095357607679,0.30463851441861967,-0.1897684170031034,0.1439905472839797,-0.005919605155023869,0.6608832857172297,-0.31760009719037213
['Pink Floyd'],[346336],-1.0066826356547933,-0.45983338057855017,-0.004261248891554102,0.3292113771224206,-0.44808701543536106,0.6103945143098513,-0.06130460500575439
['Pink Floyd'],[346336],-0.5252404130516031,-0.22001477539426478,0.3229480828727388,0.03652662089715502,-0.5211150395013104,0.5443473884269772,-0.016522161567457477
['Pink Floyd'],[346336],-0.46438272511620654,-0.173547121966564,0.1289749867940586,0.01286445902474522,-0.5340318142635798,0.5137387302434029,0.12674765336804364
['Pink Floyd'],[346336],-1.0997317868764596,0.08085050685160201,0.5113794761487546,0.16158296496149746,-0.21420999733471982,0.36191561646654624,-0.36615043520448964
['Pink Floyd'],[346336],-0.30805089072889635,-0.24812953053600798,0.4021831233852995,-0.14408357293160234,-0.3760434243356875,0.553334853255534,-0.02206190121094176
['Pink Floyd'],[346336],-0.2792647691595224,-0.031003546174819534,0.3769419969660099,-0.17584189159326744,0.04243447918180466,0.25043746986232424,-0.011203121013573443
['Pink Floyd'],[346336],-0.7887580889329605,0.2919276027199506,0.5126265902830377,0.03348468595718379,-0.36002019318158457,0.2834755717108519,-0.2577350806186393
['Pink Floyd'],[346336],-0.40651161784554884,0.025787396718467786,-0.01809507054769709,0.3266660314896372,-0.46906211132007125,0.492204471896626,-0.37293517113098246
['Pink Floyd'],[346336],-0.6890557038298137,0.050508318544285745,0.03587959646615977,-0.13730570738967454,0.10191399376796005,0.5050554142242523,0.16118392217443298
['Pink Floyd'],[346336],0.14459017395867882,0.1550777582636169,-0.014945129581615474,0.08264081099460543,0.14289335830467995,0.6315650544332834,-0.4383104889193798
['Pink Floyd'],[346336],-0.6423736037716401,-0.4031436261381439,-0.08603347021490512,0.2869272925923063,0.08145489139399398,1.072745192565759,-0.5559725984815516
['Pink Floyd'],[346336],-0.5151639905122356,-0.162841823751837,0.09371382473063088,-0.1257505808725296,-0.09491510978335375,0.4606308115795531,0.07185799101708878
['Pink Floyd'],[346336],-1.0106790374301344,-0.008486930687444062,0.04030058880536261,-0.07108758856653932,-0.038762208071489564,0.639229861088848,-0.022833563513924144
['Pink Floyd'],[346336],-0.2990249806827932,-0.24186826747567156,0.1392894771576297,0.07764468293288798,-0.7349593646438408,0.3855991529169206,0.06380117566413293
['Pink Floyd'],[346336],-1.1200766434829643,0.2295694857014363,-0.12806197024029772,-0.03506937527880664,-0.13807191268965255,0.5246271807852813,0.032714930483345284
['Pink Floyd'],[346336],-0.42840362065331944,0.0017244915994417697,-0.028485881915086515,0.20618212094933433,-0.38196218271085247,0.6763338118271921,-0.023043863324152775
['Pink Floyd'],[346336],-1.0014261839282743,-0.17111864921327188,-0.009633577507846252,0.3015629302745876,-0.8362640418816992,0.5123276277170433,-0.06640727173542336
['Pink Floyd'],[346336],-0.33872018676745236,0.0705466761376736,-0.014309247385577102,0.19564082181323622,-0.5777693992391654,0.5699327803355642,-0.2893500584204655
['Pink Floyd'],[346336],-0.7681090336634234,0.21227908981282623,-0.16870561836411835,0.33411639882625904,0.06496395921477693,0.8064726452452391,-0.5577431381250939
['Pink Floyd'],[346336],-0.40569735547318103,-0.2726096807793722,0.1557661282359091,0.0051021456089566835,-0.5399409031154873,0.48181551555148056,0.09010025259512587
['Pink Floyd'],[346336],-0.6803737571773582,-0.26896406450726473,0.10220000527099593,0.21113917454347605,-0.013402593033188278,0.5915926935738799,-0.11836886298975328
['Pink Floyd'],[346336],-0.4470678679143071,-0.22360351234342754,0.13462337467983482,-0.005207778717854141,-0.5371632687683346,0.5256318111822542,0.1310346667303198
['Pink Floyd'],[346336],-0.5150072221428469,0.07072755341524305,0.13691965448478122,-0.14794094518376277,-0.5510262152474207,0.5635990205056574,0.1522233659665986
['Pink Floyd'],[346336],-0.1495251554596774,0.13471159231417063,-0.10028343569385928,0.05818366455994429,-0.019095514949910332,0.8221459985620002,-0.3081871873963773
['Pink Floyd'],[346336],-0.6199300737383554,-0.26016093908889576,0.1401055741825196,0.10346260811101382,-0.515707887483628,0.48451914148293673,0.025084686286044475
['Pink Floyd'],[346336],-0.1751516219711175,-0.25509702321847216,0.1654272600188552,0.02542095429478053,-0.5712476695091644,0.3439785350788046,0.09355471087845137
['Pink Floyd'],[346336],-0.864057795285205,-0.24168416876738694,0.07687354306438626,0.16573913306016405,-0.12194021581925255,0.454806278313437,-0.030854972821458066
['Pink Floyd'],[346336],-0.7694104532576306,0.08368351011450827,-0.08041608854712279,0.41628203340104125,-0.6274873869650235,0.48895337455678173,-0.2590326951971843
['Pink Floyd'],[346336],-0.6611362366260582,0.17751118218840053,0.4083606271022107,0.0983963074403073,-0.534702475035912,0.30464980547344434,-0.29394562740246555
['Pink Floyd'],[346336],-0.9549093902633616,-0.07208233105000253,0.025369234715983395,0.22991325768924442,-0.2172014740130957,0.33607794814456293,-0.049632213695303073
['Pink Floyd'],[346336],-0.904573065201165,0.03659263122266503,0.10318280094545444,0.20587069241164252,-0.49946409350365356,0.3685455231526282,-0.055353096372223444
['Pink Floyd'],[346336],-0.5681042689383458,-0.05611438185592308,0.15174417470211476,0.011430055088083065,-0.09645736936725449,0.26093252368574027,-0.030126836579375166
['Pink Floyd'],[346336],-0.5520324264643431,0.4544608232059384,0.2084526010116417,0.3502790209530784,-0.6281149673750813,0.5761866582845216,-0.675579354526319
['Pink Floyd'],[346336],-0.4767501377072195,-0.20519453485837613,0.5510154084628509,0.13777720447525146,-0.22462382634319553,0.6860412426044814,-0.048050503701887175
['Pink Floyd'],[346336],-0.04464872438269745,0.08473524089853596,0.10547993994427676,0.16724003609332097,-0.02841471213426651,0.5911807133683558,-0.4447393542096928
['Pink Floyd'],[346336],-0.31406753842661317,-0.3259232801723259,0.21702730141357515,0.03137599442257025,-0.36089840952651264,0.48032276851990563,0.0645750356729208
['Pink Floyd'],[346336],-0.3167231462965584,-0.43322873936148676,0.2292124957212936,0.013004596746070447,-0.5450407067834355,0.5136006534136759,0.00300550339676649
['Pink Floyd'],[346336],-0.5060426060598157,0.17771332156019062,0.012401466670169812,0.19177416421210444,-0.6233684361005115,0.3215630097770473,-0.10859410916029488
['Pink Floyd'],[346336],-0.9199580557692492,0.05951621226284148,0.018834712954088898,0.23346239547602843,-0.5034021029407998,0.31368430220393595,-0.06052288857769843
['Pink Floyd'],[346336],-0.7459519990939417,0.23178124092883326,-0.13135564753264103,0.16487422902773458,-0.28517581875283937,0.6325962519449778,-0.12904754851752415
['Pink Floyd'],[346336],-0.777717661929847,-0.271192707308004,0.05281861468945772,0.29397990482765696,-0.7418359149076056,0.587000598305747,-0.018476350686349865
['Pink Floyd'],[346336],-0.49574018960808425,-0.19166578021483072,0.22874438741436612,-0.03970782921812181,0.08245213043719983,0.29542609112904217,-0.020802190882946596
['Pink Floyd'],[346336],-0.8569712772340455,0.40597974645302143,0.42455926465575,0.1855465231664732,-0.6599246390610068,0.5450417124375799,-0.3625595489467667
['Pink Floyd'],[346336],-0.16146930661836853,0.14585483670774915,-0.01606111575192428,0.3405633573816057,-0.6142083414571247,0.7405853901389572,-0.5729850563844686
['Pink Floyd'],[346336],-0.8898490304026716,0.4367889858624085,-0.274652490915173,0.2709578477070038,-0.5795976375594966,0.9003981795690378,-0.526620908600809
['Pink Floyd'],[346336],-0.6675861576537053,0.002318662272463092,0.9608652747458101,0.2377877815275444,-0.5072815425473558,0.5241423883905069,0.04475891479019088
['Pink Floyd'],[346336],-0.35199385945348666,0.03825431435517152,-0.08758615349293553,0.1726243290428513,-0.0047349688324298915,0.7204072073609014,-0.3353838909675535
['Pink Floyd'],[346336],-0.43075355367421886,0.2879838158683409,-0.14727729354918379,0.21799281807624707,-0.4758260347955591,0.6164987328993476,-0.27301533186552013
['Pink Floyd'],[346336],-0.8299825541818693,0.30784819747723235,0.5168247603697039,0.10585195840720502,-0.5218694450764056,0.3755271991261146,-0.2734161308364685
['Pink Floyd'],[346336],-0.7440232998240585,0.3516015265367565,0.540202693716679,0.020817060738708523,-0.5191965496788978,0.5206291861995586,-0.14969640247041624
['Pink Floyd'],[346336],-0.9369401313052871,0.3466216680462503,0.5111203962636044,0.12759197185299245,-0.8646643729181781,0.5148368748434837,-0.282111708590538
['Pink Floyd'],[346336],-0.3812230804663134,0.2943532242181777,0.3664942012078641,0.07157926166863493,-0.44542815190068114,0.9154119424566417,-0.6083031674113162
['Pink Floyd'],[346336],-0.6222441472907365,0.48236739090295144,0.37939839606760206,0.3483350647352474,-0.5767426828249013,0.8691919552835746,-0.6919929531271377
['Pink Floyd'],[346336],-0.5977317393159136,-0.09683847801362194,0.38090869145127954,0.053462648956370734,-0.6873726734923796,0.6242556165393294,-0.26052692130332855
['Pink Floyd'],[346336],-0.15776649922882896,-0.1557502837678005,0.16287424540832782,-0.0664201378960557,-0.8565435934229251,0.42288133955010915,0.11148226664392083
['Pink Floyd'],[346336],-0.3353171806845698,-0.22245219677056846,-0.06553976007795206,0.20952735240433082,-0.5955302672620604,1.0737217629641467,-0.4622064370311624
['Pink Floyd'],[346336],-1.0510016610700665,0.02785445556030952,0.5981586443238297,0.11009052202791052,0.14404946765865806,0.37981442679369903,-0.43281910224406034
['Pink Floyd'],[346336],-0.7212158944499084,0.24297987159987494,0.21604005522662018,0.06207465067548285,-0.5150963777679448,0.4969788017665582,0.026098393876551038
['Pink Floyd'],[346336],-0.76406991884419,0.27066473878545977,-0.2319681218855071,0.4708443528454498,-0.7385340121632676,0.8747059659944136,-0.6688224787147388
['Pink Floyd'],[346336],-0.8403961535202212,0.11801543650671602,-0.05282445216605107,0.18623304802145638,-0.6919331556359628,0.39137936465241363,0.05307421384321445
['Pink Floyd'],[346336],-0.5146705568076512,0.35209406276886074,-0.047947937318283264,0.2992352715110263,-0.44223880823730694,0.6305392705520967,-0.7513974798261902
['Pink Floyd'],[346336],-0.18861881463202404,0.20923924363497945,0.016806826057964398,0.21802851441885554,-0.6319568683720641,0.7194769356362245,-0.6336771053284351
['Pink Floyd'],[346336],-0.188844254113489,-0.18374764129058077,0.17773161795838466,-0.09185498100689683,-0.05874492460200764,0.15869908922117412,0.06656461800836876
['Pink Floyd'],[346336],-0.5485625683015727,-0.029347845542038342,0.5438472737922595,-0.022683351905615958,-0.5320513929625612,0.539045568489361,-0.14279781632092062
['Pink Floyd'],[346336],-0.9718397413353689,0.3164579440355238,0.5384050797358079,0.21553315783416288,-0.8671664331890706,0.3646331494322014,-0.42345971770171076
['Pink Floyd'],[346336],-0.18523814292531887,-0.307360295499039,0.08269791178418943,0.17995230284900482,0.22412490611982402,0.9640525566553452,-0.5913646782103685
['Pink Floyd'],[346336],-0.5909428847210241,-0.07241719750838566,-0.06286872850399751,0.253855159440962,-0.28430697148045386,0.5603310330081646,-0.27062962573070243
['Pink Floyd'],[346336],-0.029190122115002756,0.13775106210639848,0.25269504305453705,-0.13397760699226993,-0.5484751937539939,0.6812566892519016,-0.0507067628121745
['Pink Floyd'],[346336],-0.5050515981094045,0.3607126136630836,0.43397670782761066,0.20292038469532803,-0.7992174449616246,0.783824975859461,-0.772853040098289
['Pink Floyd'],[346336],-0.27391355252965993,-0.338343088367982,0.11340347407007158,0.18024490010549746,-0.3020523417528235,0.6409042941963706,-0.16416115699555994
['Pink Floyd'],[346336],-0.4446438139515225,0.3771577254982629,-0.17739525258299654,0.3120681107665548,0.006372674505493963,0.5101667715317632,-0.567983859186375
['Pink Floyd'],[346336],-0.8229108028911163,0.5166368587845068,0.2377423835859202,0.3146506624693645,-0.14565145657473905,0.67896175940455,-0.6309352550340893
['Pink Floyd'],[346336],-0.8351641154173111,0.23559550770982196,-0.020132520029375357,0.31142067356570613,-0.665702030424469,0.3797865237269208,-0.1602548097422891
['Pink Floyd'],[346336],-1.125991170192705,0.0320829435394482,0.46139793324750933,-0.012478358279215822,0.16272978850727943,0.6510322679560652,-0.26952302889622937
['Pink Floyd'],[346336],-0.6445332470930774,0.015110010568496013,0.6632962463156428,-0.030707966643104823,-0.515998412751721,0.6290550568948987,-0.24410623350455835
['Pink Floyd'],[346336],-0.7187713236668634,0.1513943170357898,0.5307137857805673,-0.043661002269645144,-0.26486139532357467,0.4209644112424108,-0.22320132314405472
"['Queen', 'David Bowie']","[858827, 531986]",-0.947750058531537,-0.3530734063205848,0.10981498842902275,0.1778540092676341,-0.02092295072249936,0.4614251397578233,-0.06910777406188608
"['Queen', 'David Bowie']","[858827, 531986]",-0.8159898346505595,-0.3595721381210697,0.10271453658829492,0.16036702191214322,-0.0348252790820924,0.45699283013475056,-0.01654699281752677
"['Queen', 'David Bowie']","[858827, 531986]",-0.9169550120735127,-0.4076944747943938,0.11804531276889169,0.15798505040754826,-0.02074550612570269,0.49013991000728346,-0.07069965576094793
['Queen'],[858827],-0.4106239006582927,-0.18240439481781434,0.13182819106049518,0.043792417792778975,-0.7302666932774601,0.4009095562587025,0.06427673666176074
['Queen'],[858827],-0.8309801887429423,-0.33432484945046526,0.030057750791939734,0.13654695931975974,-0.204943505755942,0.6205117639723465,-0.13142168355958875
['Queen'],[858827],-1.0142419115835357,0.2532980594902418,0.3359723877350868,0.17094082155962045,-0.6818152475006294,0.3951860556935041,-0.19688196983596679
['Queen'],[858827],-0.740164219504117,0.11156318956448158,0.058796879392537166,-0.02633361239872165,-0.522219378806345,0.5603505990519215,0.04984543545439219
['Queen'],[858827],-0.8824667855631293,0.12588472681495189,0.4905576894620059,-0.041066960546476065,-0.06670673599173224,0.4207351681970703,-0.2701250153187612
['Queen'],[858827],-0.902682699675496,-0.2914015567605964,0.04141316613157005,0.09757050871058856,-0.03052452707064193,0.5488963688319461,-0.11275028005918475
['Queen'],[858827],-0.8745570136591508,-0.18908306685526724,0.06171311112759682,0.17307672553304593,-0.05520136928182318,0.26672115685281456,-0.09100188396649989
['Queen'],[858827],-0.6870794834858941,-0.2540154903465869,0.12270735890042225,0.11294792645402657,-0.06940683197998286,0.30925061488343975,-0.06178293688693953
['Queen'],[858827],-1.2597207005557143,0.02566766672319782,0.15001261745179625,0.08583814454817955,0.1630628078965949,0.4738278565669035,-0.17496460628213514
['Queen'],[858827],-1.005923612622039,-0.14920615116551297,0.0007956350685478064,0.28223247859639344,-0.5729205126376267,0.39774066779139067,-0.08470457903340693
['Queen'],[858827],-1.057971617226728,-0.16484996193063683,0.04304288489766315,0.13452410522976593,0.15325040777453658,0.40355893418172883,-0.09896356131740167
['Queen'],[858827],-0.6985964208877458,-0.3558821921399691,0.10029727417668972,0.09100694481962762,-0.1507261266078618,0.38988655390984855,-0.012033230392841298
['Queen'],[858827],-1.0673946720277967,-0.043568172778211504,0.10887859908382558,0.23239055343107168,-0.6602520622230995,0.447107189696323,-0.12985067078994506
['Queen'],[858827],-0.9670952563392667,-0.10487744939033349,0.33262314764095363,0.12422501601961905,0.13457912655227744,0.31019728040508276,-0.22512624889407795
['Queen'],[858827],-1.1769351307498699,-0.5992466134522264,0.24238404962880142,0.3426416896707371,0.20983001941709392,0.6046045960152097,-0.09652569434783134
['Queen'],[858827],-0.7427864890402188,-0.3521950966698391,0.15928448966872194,0.061748862813310906,-0.05153784850755873,0.4997575033113349,-0.06145287790498378
['Queen'],[858827],-1.0125167229085674,-0.35473521021322585,0.14263142139657226,0.17808040233931102,-0.45286438887117786,0.7141289911985498,-0.029827716673496325
['Queen'],[858827],-1.14071967578096,-0.2065828224692659,0.06796470364848058,0.1426643487142832,-0.008202287555703116,0.5867713570261359,-0.1356907590389605
['Queen'],[858827],-0.5638158406884286,-0.3007244134029515,0.10901976424876672,0.18258688803400888,-0.7027362782653833,0.38077960932838306,0.002218947394478582
['Queen'],[858827],-1.1417155125803364,-0.45408497673885223,0.25432645451125624,0.2559831860112311,0.19731151946463013,0.5838484005151802,-0.2216292128747122
['Queen'],[858827],-1.084507880871036,-0.08606430084887229,0.07129159500449314,0.19854204916748724,-0.03677308428171547,0.2692936014660075,-0.12546832897704527
['Queen'],[858827],-0.9625169484498939,-0.16000669121868694,0.02958843906008922,0.20098617368360128,-0.04381834382257348,0.2898078582136118,-0.0771185703933513
['Queen'],[858827],-1.079875539917284,0.29554157320589425,0.24669898779424257,0.16491839200394007,0.04056080039621534,0.20602200290672265,-0.20811394457352503
['Queen'],[858827],-1.0202184403209207,0.3065757638197682,0.6078053777764562,-0.15032919130963207,0.12155882200368064,0.49141457211980316,-0.2579090237078537
['Queen'],[858827],-0.8703165006687376,0.12300528220804942,0.08443305941767351,0.2022679139125462,-0.04418513512366933,0.30206764472379016,-0.2335090902458683
['Queen'],[858827],-1.0889006824204155,-0.036990939817065416,0.036242151148579586,0.12251247531714893,0.15445840285293377,0.454848748493409,-0.05243113567694168
['Queen'],[858827],-1.150927531548937,0.048100386815381195,0.12700434156763366,0.08100165926164735,-0.03347461063931806,0.4338766389184558,-0.15969440111676317
['Queen'],[858827],-0.9594442093384411,-0.13875532001929075,0.09775013213010025,0.058945111324826105,-0.04226327306951265,0.4575257372417569,-0.0749097290565749
['Queen'],[858827],-1.1413495943505119,0.09782355327843383,0.03542712562331955,0.08714855615619004,-0.21730664970018754,0.46376219484461156,-0.09056271780946965
['Queen'],[858827],-0.9435410915515913,-0.5024312570820874,0.12695860198492057,0.123280837614425,-0.10331483110006426,0.633481107169782,-0.0996678837669044
['Queen'],[858827],-1.0823809071190835,-0.187553506062306,0.19174127224774348,0.12420134490704575,-0.01592666881507041,0.551872027117154,-0.17119471567474595
['Queen'],[858827],-0.9096985750143514,-0.09100920802827847,0.1455929649085097,0.1918526628947739,-0.6728268655087354,0.4793437214149504,-0.09948984565303334
['Queen'],[858827],-0.9461053265316157,-0.13604569257429783,0.028522358104680175,0.061757586368425106,-0.04020710149350918,0.5047557650979262,-0.014764279832738347
['Queen'],[858827],-0.9392398670717365,-0.38270744518602123,0.33093186396831603,0.10285992128366964,-0.19330758515217242,0.6608548001981093,-0.222441413531595
['Queen'],[858827],-1.2604267959612405,0.0636753786296446,0.13955817308188204,0.24224226323898929,-0.8178608794980582,0.6336916792277993,-0.12985134264373052
['Queen'],[858827],-0.8101720324769691,-0.17712379693313404,0.008889571973281421,0.25633317476987905,-0.6813528857243152,0.42172204342004477,-0.001211148273810482
['Queen'],[858827],-0.43476747105041785,-0.4429441621893048,0.3724122601268909,0.1617215675818043,-0.699985350712885,0.4633727959605475,-0.03549315754473683
['Queen'],[858827],-1.203165240978645,-0.35080473295205405,0.08459257503083496,0.32969756730078004,0.011875197004466627,0.4461002654052101,-0.09232287939808605
['Queen'],[858827],-1.2698053606810686,-0.38489920729468535,0.24443665368487813,0.26530710685603504,0.20414324154693514,0.5390801159082735,-0.25124176216887195
['Queen'],[858827],-0.8955487965146683,-0.4001109367190459,0.0625303632357993,0.25180326113511303,0.0744066097278942,0.49919520402680295,0.04026536457512882
['Queen'],[858827],-0.8613958062842563,-0.13223801035309002,0.1654976447226744,0.23493116562251734,-0.5039678178860849,0.34328058578452525,-0.16397573736015003
['Queen'],[858827],-0.6996657199485982,-0.5331175636920745,0.07778559078854315,0.1511630647737605,0.14460604002476032,0.5022685330929185,0.015458879608237669
['Queen'],[858827],-0.7337936241772907,-0.06435743166453778,0.05261681900619054,0.13140229735398906,0.1041793023138942,0.2057859137058712,-0.03162352050032965
['Queen'],[858827],-0.4417703858744866,-0.18549488218752444,0.17700489515000334,-0.10026163193759223,-0.3733730137200765,0.43961197992429346,0.0602059476905303
['Queen'],[858827],-1.2272336624511186,-0.14234916435344278,0.09717245910206733,0.14198659095997668,-0.0029390281104794,0.6001808196275648,-0.12032604254667202
['Queen'],[858827],-0.30157941648128933,-0.30674688435328185,0.16205443926650126,-0.04984365482011265,-0.544461226951754,0.6052921505940283,0.029078308540109545
['Queen'],[858827],-1.1495501461082465,0.14741924799901884,0.03261038814497723,0.13327562254797706,-0.4849487503654533,0.4912681196312634,-0.08619632788415484
['Queen'],[858827],-1.0786915637452497,-0.2840875112144317,0.22493085599210394,-0.01746324395866102,0.16796725023552686,0.7130771022209378,-0.10638433293141412
['Queen'],[858827],-1.132591068000012,0.33133999937751113,0.6001235695975456,0.11941296505292175,-0.5756408524408615,0.48966646042947587,-0.3509853756604468
['Queen'],[858827],-0.3075017668195535,-0.10068504323476321,0.11394071723455483,-0.1696823493547659,-0.11535393538886195,0.4601012276490903,0.19962527171381647
['Queen'],[858827],-0.7204481291426935,-0.38267598096336086,0.31183439215891007,0.034590872271586755,-0.14047729532069975,0.4873366130806443,-0.14650992911078586
['Queen'],[858827],-1.1125917311500166,0.22008429499816695,0.14521667906419516,0.05654973521055806,-0.04923640043781209,0.35094095365268957,-0.10112321541451438
['Queen'],[858827],-0.9921518723365472,0.001663413157870702,0.15674000686236225,0.14242169654357895,-0.05283023202954039,0.29497398414974096,-0.17811188694531235
['Queen'],[858827],-1.114906065621315,0.33001566958905754,0.4240390089881106,-0.010270236332800095,-0.49902000852246736,0.5622200795061546,-0.25785554988960113
['Queen'],[858827],-0.4820979417015374,-0.3252686173136723,0.17870941776949498,0.08196474473958675,-0.5433508799161701,0.34745481578053283,-0.03744831015750845
['Queen'],[858827],-1.1687877615962838,-0.21536599997166408,-0.03199084410615897,0.2617104174239275,-0.7993796446455774,0.7461652537418291,-0.07750160080591154
['Queen'],[858827],-1.1141869059365026,0.10926801571468688,0.171847250975024,0.07689230721118405,-0.041450494952176196,0.39871186181425633,-0.17894726914076503
['Queen'],[858827],-1.0520079108845495,-0.41574293360646686,-0.0016053896861191776,0.400669182846403,-0.63304762706359,0.481475199939982,-0.08272708385661438
['Queen'],[858827],-0.6991279231688939,-0.06001515772750396,0.01598266652557504,0.1227326248173134,-0.08462966167668827,0.200651615827459,0.018906320697452236
['Queen'],[858827],-1.0707398778164001,-0.3788365490117397,0.0717148753298592,0.31212588750791487,0.0005998945944780879,0.4585400578768802,-0.062245715722473755
['Queen'],[858827],-0.5536801394473987,-0.3989251545652925,0.14450644786955438,0.16705708298487557,-0.5161404432568408,0.41624867137955374,-0.018748088493422493
['Queen'],[858827],-0.9644187367359321,-0.5146988257458942,0.03714190952063732,0.39660355412926385,-0.631670767635376,0.5577449516323216,-0.09113603479483694
['Queen'],[858827],-1.0099032193134196,-0.5077703932958361,0.04188769177881885,0.327953569600214,-0.17977549162407544,0.5082183036161383,-0.07458308769280389
['Queen'],[858827],-0.7587533786248445,-0.3258087441917723,0.16134120193712007,0.2150691275322832,-0.6635358977159289,0.5596565859691994,-0.03781102349064278
['Queen'],[858827],-1.2133801560169257,0.2747594730798359,0.6430972225882966,0.025646444391867317,-0.038542486911004176,0.41691057826794503,-0.37307124507115924
['Queen'],[858827],-1.271579965653883,0.2536273515886024,0.5453555493628786,0.1455395839232887,-0.2928730268990766,0.42315617889354956,-0.39793316855813476
['Queen'],[858827],-0.5252831927405177,-0.18270416890227872,0.12795961920250695,-0.030492606956678766,-0.0906954513012993,0.37563787502611945,0.02905478401494909
['Queen'],[858827],-0.758114522602766,-0.06182364689534762,0.0673436585947365,0.08211921045131795,-0.3418190677786202,0.3571465310848701,-0.03936473880088443
['Queen'],[858827],-0.6820968582103237,-0.1064504528550661,0.13708926841388847,0.005981106754610975,-0.08008050169663584,0.34056540744377584,-0.02214032987568514
['Queen'],[858827],-1.0556493694854086,-0.21994264717199885,0.12494166219895352,0.08343557579006887,-0.19334245025745145,0.6842898008586189,-0.18553429198463392
['Queen'],[858827],-1.2505870439564728,-0.031422003114567276,0.26407168135977804,0.07268640167611665,0.1708077603609525,0.5596771761295857,-0.26982036906294765
['Queen'],[858827],-0.6719632334444144,0.04833555160329278,0.24928603182672493,-0.023289168998019597,-0.36947121211149936,0.28330242925476395,-0.12589703905758112
['Queen'],[858827],-1.0168955903722412,0.1087292354536413,0.0906655936983976,0.03947096254218554,-0.05059958535927736,0.42557142781070584,-0.0416351968823219
['Queen'],[858827],-1.0594084187466997,-0.1067479391086824,-0.03058117549979362,0.019629974983791345,0.1536529614057196,0.602294480020713,0.014021451190895921
['Queen'],[858827],-1.088308439092827,-0.6487736756756611,0.25820285085284544,0.3396634329809218,0.20524736105722277,0.6360267631119041,-0.07169704104582915
['Queen'],[858827],-1.1621963128750519,0.21522975637414865,0.4462863534883902,0.031223573735069836,0.14901275345310536,0.5020357329288839,-0.17004128824375841
['Queen'],[858827],-0.552681056281391,0.270497127916725,-0.14635828145105423,0.24106021414703527,-0.002062181576303358,0.5493604211722102,-0.48982863603338256
['Queen'],[858827],-0.9719813078223782,-0.27256492005812566,0.1792693315828547,0.1091691204668419,-0.46680701559935134,0.6997835540325704,-0.12003960068345293
['Queen'],[858827],-0.654322289198527,-0.35909070764650936,0.11851961562680427,0.17831866242145963,-0.510657688863221,0.3815700261173528,-0.03132683143895982
['Queen'],[858827],-1.1835654824833202,-0.5710194784915837,0.013674891065305707,0.21102933755659004,0.02899149620513285,0.7683052932393531,-0.07859263765866788
['Queen'],[858827],-1.1126503661098115,-0.2131733317991973,-0.026792163151786536,0.19855127330685884,-0.2714819135944957,0.6470614298395518,-0.024200603838413822
['Queen'],[858827],-1.1539653887051926,-0.41813871897609844,0.3366218321416448,0.3046510645285027,-0.44019129505678867,0.5802624256828255,-0.41950736137391476
['Queen'],[858827],-1.1684031210364254,-0.4058347999106584,0.05841985260013463,0.4082052556263848,-0.6115361542443133,0.5704303518136511,-0.16869993219119614
['Queen'],[858827],-0.9135102320790334,-0.023542210499512373,0.3261527317600811,0.036931764625236035,0.03190887947976076,0.375418166061738,-0.2503345602812653
['Queen'],[858827],-1.1954207638527594,0.009709118318800971,0.16939698142585696,0.3094090083369891,-0.8298493838249199,0.42771634944889014,-0.2676579794108711
['Queen'],[858827],-1.2754314106238966,0.3485666931988806,0.16842416795294923,0.11720739225380802,-0.6602354830617785,0.5268712021314809,-0.07611491835610883
['Queen'],[858827],-1.1366140594992145,0.011820827715266992,0.10161668452936479,0.19059727150794334,-0.1982300028359901,0.5162408408988629,-0.048474270898952475
['Queen'],[858827],-0.6778194277288798,-0.33147946318141097,0.2709147978026631,-0.021862886518551984,-0.2241126048800535,0.7187830540917081,-0.06627996038090735
['Queen'],[858827],-1.0301707247473961,-0.1961814981392521,0.08872847763386406,0.11196698692062149,0.15665240670725664,0.49879971217490277,-0.02660384727237885
['Queen'],[858827],-1.1741908733484407,-0.17207798678414032,-0.0034124205898157715,0.20936255127629524,-0.18795904720371986,0.5148695239584128,-0.10123096822983306
['Queen'],[858827],-0.08204726645646705,-0.24478474071955433,0.08767907302420605,0.19726397839584667,-0.49677987156381154,0.5956960745035594,-0.38927779195459605
['Queen'],[858827],-1.094395537607286,-0.14816220668768723,0.0695543954874413,0.22667324326186072,-0.4700995234113167,0.514557971509048,-0.10760054313921567
['Queen'],[858827],-1.1663986020749884,-0.30013359588292526,0.06834363686768342,0.14140580257727461,0.004489561889343676,0.6895239242837727,-0.1567512659241897
['Queen'],[858827],-1.2202150000306402,-0.017567262603473705,0.0783325702818986,0.10565839827030513,-0.19675021965595324,0.563042307125631,-0.13985800913522362
['Queen'],[858827],-0.9481097324289791,0.12676626558075738,-0.006836907645147253,-0.005353629028365042,-0.07320207573885135,0.3302847271402667,-0.0177531344751667
['Queen'],[858827],-0.9119712723558895,0.07602115263565674,0.01930370816431599,-0.027954978485481514,-0.23559016702006028,0.5767902566171795,0.014714148054974983
['Queen'],[858827],-0.7591094323711585,0.03202432954263732,0.1933027134092608,0.022631911883719092,-0.06380079993574415,0.4341629478743749,0.023410867845411704
['Queen'],[858827],-0.8761398905631045,0.06359860309101585,0.0207314468503694,0.018945164082535302,-0.0632601137326951,0.4293819019982601,0.03721243396595
['Queen'],[858827],-1.1664272128072304,0.06003811351271786,0.05784113470755442,0.10559128903985732,-0.029368598599187078,0.4365201651965057,-0.12612523872491713
['Queen'],[858827],-1.27639744977319,0.055704909048549654,0.1397508178358289,0.15365810308280425,-0.4686938656507535,0.529640358197232,-0.20480255408555642
['Queen'],[858827],-1.2641144328964644,0.06480553177088443,-0.057378219847597486,0.14875633641017535,-0.634613382340187,0.6885450142359756,-0.057843770757051244
['Queen'],[858827],-1.2706242356607604,0.3186078877629154,0.6065276243124282,0.23537893123750248,-0.8457984354207171,0.37524029281826127,-0.48919477440660886
['Queen'],[858827],-0.631287590328702,-0.041103668309298604,-0.14367163537712668,0.44302064703641963,-0.035509748322996706,0.6708344380393073,-0.6781662437572596
['Queen'],[858827],-1.3155913504719492,-0.4800600701557168,-0.0012560723768703856,0.381580004444297,-0.5867626103153468,0.753230269781961,-0.20898968068445783
['Queen'],[858827],-1.1846858436740009,-0.3118157621663751,-0.018323507779088925,0.21362476590029902,0.0035115363908796962,0.5463436006599559,-0.08916313521406721
['Queen'],[858827],-1.0988379719509127,-0.20321388268972712,0.12483642145957426,0.20487655389137824,-0.02315569256101215,0.35671912117525856,-0.1765899051951238
['Queen'],[858827],-1.2058659906508913,-0.20620463817891402,0.034274330788192336,0.18221657173570058,-0.26191348276545423,0.6698184310284457,-0.09000450935348246
['Queen'],[858827],-0.969464526314898,-0.4701537644563325,0.012499376918922625,0.3676610444563252,-0.1767135317168517,0.5023518597639536,-0.03467393313292223
['Queen'],[858827],-1.2886535179372958,-0.2962171583699289,0.31153357483186706,0.16909664486240278,-0.4247037652893275,0.7971571267562557,-0.34184599000894855
['Queen'],[858827],-1.0981859604527244,-0.3057077575277902,0.13760259974447656,0.28929587348180297,-0.18367126247751014,0.4806173598374104,-0.19112530953654505
['Queen'],[858827],-1.0747109612748789,-0.09317665465250316,0.17223249019567338,0.27709396116347723,-0.29686164238775736,0.3455896126423351,-0.18851151418128856
['Queen'],[858827],-0.5817973951017509,0.25426828110802757,0.7673507432437502,-0.13239190912114904,-0.11873715501756714,0.2264970259423658,-0.30660276472455095
['Queen'],[858827],-0.8992209109449394,0.5252083811053796,0.5238637211975405,0.13375346581861403,-0.43524123756505234,0.7319512648702012,-0.6603277607478658
['Queen'],[858827],-0.7834497625249133,-0.1157012748494397,0.05277523461042223,0.3100361888110772,-0.7791079098340329,0.31589110467875975,-0.0487913679723795
['Queen'],[858827],-0.7141096330709363,-0.4595508433342334,0.345012014928717,0.12673941435068575,-0.04881574199844947,0.4096789748638361,-0.10832092328609662
['Queen'],[858827],-0.758114522602766,-0.06182364689534762,0.0673436585947365,0.08211921045131795,-0.3418190677786202,0.3571465310848701,-0.03936473880088443
['Queen'],[858827],-0.08617848523676877,0.129281174083776,0.056169376013808774,0.15368964110219419,-0.023010324375428225,0.5678124951146708,-0.6571282334639775
['Queen'],[858827],-0.21119462124855196,0.2392639042971007,0.00940139013049926,0.13268260265045345,-0.007164015157450872,0.648035770914687,-0.6046781614971565
['Queen'],[858827],-1.1055021919053216,0.137489963062311,0.019158273424876086,0.08390027793273279,-0.6630919896692838,0.6412224867789502,-0.054291312043816674
['Queen'],[858827],-0.4187920758322611,-0.06921864102868208,0.128106618063605,-0.10414012614764129,-0.7294193337176031,0.5885831076658662,0.14027394543069108
['Queen'],[858827],-0.8778146322412178,-0.18379473952382164,0.18833194625556818,0.014213735109544394,-0.04467913350384647,0.5279154723575904,-0.09834607675461642
['Queen'],[858827],-0.4902096468066057,-0.2818256200087917,0.18115966599719172,-0.0768470747806396,0.077263240096594,0.31370488264985635,-0.036471727460606285
['Queen'],[858827],-1.1777657500872474,-0.22017896682476093,0.07308094816931435,0.05511715238894447,0.17728098258623676,0.6423253900758554,-0.12049791169986457
['Queen'],[858827],-0.36071703868125726,-0.23325927121286014,0.1899569568648529,-0.029470868638134907,-0.37794088460630093,0.3502199414112368,0.0779383667884559
['Queen'],[858827],-0.9570737136846583,0.015247655354182094,0.14927497497606104,0.05362735103153552,-0.0394510100325813,0.5396333566669779,0.09067932014106564
['Queen'],[858827],-0.8139718145286342,-0.29084872830526204,0.29679465637594743,0.19586358129370032,-0.8533446820729521,0.5013249316357848,-0.24096916461611792
['Queen'],[858827],-1.2076996803483793,0.30199128197135433,0.4720146050611896,0.14329684981408636,-0.0319086054766659,0.31634702485975114,-0.4203819179238795
['Queen'],[858827],-1.0577736982999661,0.1986475099462189,-0.08484540903744807,0.19608805230237022,0.0016113468439598855,0.4958563748327557,-0.39162006082749096
['Queen'],[858827],-1.0623243162809812,-0.5957037288347616,-0.004752196256746301,0.2742687458310277,-0.4254220991938496,0.843052020656965,-0.04328843613446764
['Queen'],[858827],-0.9245489296882917,-0.5482468902708297,0.087713803418396,0.34117122546102996,-0.26073146280959686,0.5997039224486255,-0.07962481465587096
['Queen'],[858827],-1.0768423047824283,-0.3825028147871526,0.18411356724154554,0.22775452855337125,0.18678787513839218,0.5430046827982243,-0.20362593939700357
['Queen'],[858827],-1.2127196429453893,0.24889509382315395,0.6027872773501646,0.08335432336610364,-0.2129237077242716,0.4254325678941443,-0.39494338747332325
['Queen'],[858827],-1.0030879792647984,-0.0511215933023214,0.17316426772394314,0.21168869030339327,-0.31298403870978364,0.30641630310254103,-0.18828534328888344
['Queen'],[858827],-1.1366140594992145,0.011820827715266992,0.10161668452936479,0.19059727150794334,-0.1982300028359901,0.5162408408988629,-0.048474270898952475
['Queen'],[858827],-1.1472114092641736,-0.13894380141601262,0.1593204242216026,0.0812450614009639,-0.1903111801386949,0.6578305157338056,-0.2311691074253492
['Queen'],[858827],-0.7935398413430554,-0.2754590955485973,0.33549026057146014,0.018153883010497796,-0.48267620045235304,0.745420357432213,-0.15423626671650556
['Queen'],[858827],-1.2161644470262498,-0.01164770270172216,0.4567990011383496,0.13464146327963797,-0.19559034074534695,0.5271211010663329,-0.4108773732431565
['Queen'],[858827],-1.1582285792140392,0.1447920766292317,0.2478169085032816,0.17874006816670984,-0.6566922469341323,0.5123740144789195,-0.17876062971804876
['Queen'],[858827],-0.8641364259135716,0.16484818637905085,0.0557207979960594,-0.06904960231588596,0.10806521336834919,0.4110302159571119,0.023866218311211124
['Queen'],[858827],-0.9089357236891586,0.15526124803519614,0.4188516594393298,-0.023937886682162294,-0.06711855300989554,0.3760335018957054,-0.22676307158112266
['Queen'],[858827],-0.9373554963899887,-0.03396536463464114,0.10374320741567294,0.20967978696385542,-0.5828155040268983,0.43841993489147646,-0.07923139855183499
['Queen'],[858827],-0.3762587475212987,-0.1854960854772551,0.6837866772329078,-0.14496259140379036,0.06775763705653269,0.33527525009973363,-0.21958272572460527
['Queen'],[858827],-0.27723224899372423,-0.039235999567679855,0.1587087605075123,-0.2844670066661386,-0.20728997406062505,0.605397791851346,0.2495933167843085
['Queen'],[858827],-1.196001174738707,0.2855341810207131,0.19888918200678643,0.21765369138454127,-0.6793556703657495,0.268455946650495,-0.24860756485520735
['Queen'],[858827],-1.0270527609886342,0.1739005447121814,0.04410135548463871,0.4894003790121748,-0.5751655955716726,0.6132801819231808,-0.6999669587682885
['Queen'],[858827],-0.9909745275913207,-0.2706162428063067,0.15007230960710363,0.18828319863882617,-0.027545230909986028,0.40590273151486506,-0.16931560589971628
['Queen'],[858827],-1.0499442079882468,-0.3731162645235523,-0.018136034130888094,0.19444795726993078,-0.005368848409807082,0.5789526146934861,-0.05168691807178379
['Queen'],[858827],-1.1602833673665198,0.16154102857682803,0.127969326689094,0.07627718905832286,-0.6562048739290688,0.6501977783934225,-0.10352083691528076
['Queen'],[858827],-1.1096691619972798,-0.09508202796664152,0.054129914868235936,0.22844203809370664,-0.6439429065475378,0.5527366538515546,-0.09076323595684926
['Queen'],[858827],-0.9160962087186175,0.2870701604258148,0.17520169062574942,0.14761004824313756,0.04338872252366299,0.2740623516737306,-0.29424911652400404
['Queen'],[858827],-0.8831192189717032,-0.10012476118033038,0.06662575588029461,0.2609477951267861,-0.8592476250743758,0.36481663895895006,-0.09362543845041477
['Queen'],[858827],-1.0196494422778775,-0.22435411360329233,0.07383984545454599,0.14577619388750795,-0.014858325254675626,0.5485886997059501,-0.04979304652862628
['Queen'],[858827],-1.3012826899856267,-0.355116670518562,0.04748169628065431,0.3752739481623671,-0.5992621893390864,0.6541481796739314,-0.19747602361135713
['Queen'],[858827],-0.8079038413842019,-0.25511270928338586,0.11689510017745704,0.11554755050752945,0.13078477917739942,0.3694731721664412,-0.020072202603821115
['Queen'],[858827],-0.9681126885501031,-0.47385454336069616,0.04823225624262139,0.3099385514705867,-0.18945487210353112,0.47300196824945256,-0.04985320720090452
['Queen'],[858827],-1.0858678848519996,-0.3636598678759694,0.07186083775737426,0.18088571909989062,0.08870032113615758,0.5935898060057415,-0.07304969281680113
['Queen'],[858827],-0.9843833524044384,-0.1924341669432379,0.16991514497558308,0.20708935727462938,-0.654695265910412,0.6035594864179862,-0.1412933894397605
['Queen'],[858827],-0.7935398413430554,-0.2754590955485973,0.33549026057146014,0.018153883010497796,-0.48267620045235304,0.745420357432213,-0.15423626671650556
['Queen'],[858827],-1.1871639649732764,-0.03445716615877284,0.178797458807674,0.1070483408106209,-0.19702398268439614,0.5810555385321549,-0.13807671704454552
['Queen'],[858827],-0.902682699675496,-0.2914015567605964,0.04141316613157005,0.09757050871058856,-0.03052452707064193,0.5488963688319461,-0.11275028005918475
['Queen'],[858827],-0.6842359593062639,-0.2994827826889573,0.2787136773935919,-0.07691241845456104,-0.4034805456223492,0.8041711308341456,-0.00042968560044395185
['Queen'],[858827],-1.2520686614722292,0.05804374882611991,0.3052512103088738,0.20245684426085858,-0.6414343762709485,0.5743167230760743,-0.3392522557289
['Queen'],[858827],-0.5873942911238912,-0.21303736954762859,0.12917386301411612,0.10010296860324959,-0.7956998978878339,0.46861356151644157,-0.011422329071530788
['Queen'],[858827],-0.7648710722218078,-0.48777179956022365,0.21781560492961252,0.15435917130083382,-0.7440255269829837,0.7537332023794743,-0.13677401769254938
['Queen'],[858827],-1.1513033374479165,-0.17379529033730257,0.14732910945828234,0.2294250521508394,0.1733702481367522,0.4152359887624846,-0.17738509684364104
['Queen'],[858827],-1.1278246431920866,-0.15506511764982778,-0.03419230717896394,0.30095407468556146,-0.639738126136071,0.5085900542761762,-0.05694372164895564
['Queen'],[858827],-1.2041817295385342,0.05619335925906082,0.05589700424066292,0.35734249400456675,-0.6203800195517514,0.5031202348352304,-0.26036782656064555
['Queen'],[858827],-1.0770065203906602,-0.491877301697225,0.05391041704302361,0.4025738047723615,-0.6149854804149933,0.6158835016496662,-0.13885602436400651
['Queen'],[858827],-1.2053648582029364,-0.1972487458016425,0.147248432520917,0.29176317055382983,-0.18160066216597234,0.4253028745767631,-0.21768935238586823
['Queen'],[858827],-0.7197955494497892,-0.5197802054466801,0.1253174249955937,0.24939376004317812,-0.4770945626243,0.5814669111515751,-0.038818018789675945
['Queen'],[858827],-1.1820411260191979,0.053977135058801355,0.2742111825882876,0.1519033440532378,-0.025057162240746278,0.3982408026899634,-0.17932471598902455
['Queen'],[858827],-1.2297688846959565,0.31412707032085385,0.7303455292369144,0.18035706184065758,-0.20670868742196336,0.38805788423994203,-0.3032309936773354
['Queen'],[858827],-1.2451747289742903,0.46922801435959716,0.41257635114351954,0.11779876809443991,-0.4937887912299173,0.3729706095551529,-0.2680058138488508
['Queen'],[858827],-0.6107542403948015,-0.17487892154392198,0.10072420110830596,-0.015323130450029608,0.09700755521958737,0.3251759175680199,0.09670673184896263
['Queen'],[858827],-0.6726925142208837,-0.031345553172366473,0.08331651906026455,0.11067046585939591,-0.5462742167974787,0.21033614300482578,-0.051344509737005474
['Queen'],[858827],-1.2732796941384972,0.0591524343942677,0.49958937586927216,0.1253405049352521,-0.19576338888405476,0.49912923060239656,-0.43229119934118365
['Queen'],[858827],-1.0791208795602323,-0.12115277776368029,0.17413475752722127,0.19335850811859,-0.2146907874357694,0.36177494076766775,-0.2457522575183852
['Queen'],[858827],-0.4986704465975066,-0.12349788136202816,0.1477454260054894,0.022888655079643074,-0.10555594622506824,0.1975235196625186,0.021987949731641573
['Queen'],[858827],-1.195466379415955,0.28864303897465154,0.5557876616049742,0.18711522673210254,-0.6704469632288644,0.3817231590278594,-0.4756089282063778
['Queen'],[858827],-0.8258326169948725,0.24085106787622135,0.6224860539493444,0.0282490583261044,-0.17020001994697,0.29773851438317045,-0.3590135756061807
['Queen'],[858827],-0.990993468862017,-0.20235718559356863,0.46595675633831873,-0.004216162169518413,0.150935917904828,0.5927647130861914,-0.32497288333872076
['Queen'],[858827],-0.6818823164918905,-0.2815437393464427,0.4572205281334585,0.040077417092086544,-0.6001361918086022,0.5719716160360461,-0.2790232665849827
['Queen'],[858827],-0.9508499315375436,0.043476264722359166,0.25244825156886125,0.0693488827577683,-0.4973485334056482,0.5455132983935695,-0.14301193543593133
['Queen'],[858827],-0.6876857131119342,0.11249590096050359,0.09104262294774844,0.42288252606474347,-0.6064254398566576,0.6444028426294053,-0.45034284437845473
['Queen'],[858827],-0.7159821716090472,-0.3531636770794914,0.1393985336330952,-0.010058990231313174,0.12408682801734601,0.47037931556835627,-0.020052659698704945
['Queen'],[858827],-1.2267251734106708,-0.07649507132285888,0.21196344074285095,0.2160246224031064,0.17156319588644395,0.3675188255993504,-0.20110800145508503
['Queen'],[858827],-1.2597207005557143,0.02566766672319782,0.15001261745179625,0.08583814454817955,0.1630628078965949,0.4738278565669035,-0.17496460628213514
['Queen'],[858827],-1.331456436247613,-0.40015131977198426,0.2093295409296826,0.23175692834758901,-0.057433596287719275,0.6850960539194031,-0.3705937299395249
['Queen'],[858827],-0.6150503432898626,-0.6236800270682981,0.5106193190032127,0.09043263480352778,0.1435745584733652,0.6361723538079194,0.08462868570976777
['Queen'],[858827],-1.0319972417946737,0.27385202341682685,0.5509467514960689,-0.0034775860596916535,-0.6769326699383043,0.6125415219915072,-0.3252447883058421
['Queen'],[858827],-0.30157941648128933,-0.30674688435328185,0.16205443926650126,-0.04984365482011265,-0.544461226951754,0.6052921505940283,0.029078308540109545
['Queen'],[858827],-1.256223981263096,0.6487476447984695,0.42712697448868525,-0.19361973420448483,-0.06121171795997607,0.5215358044404946,-0.2323824892081268
['Queen'],[858827],-0.5488392863131833,0.03930629215479243,0.6642219454088042,-0.16719437432236647,-0.09579314891432592,0.4560434455728978,-0.2313169964023096
['Queen'],[858827],-1.0673548834671518,0.2264912322074394,0.4899397543668102,0.0024832095896346984,-0.663757484016964,0.7449096940371573,-0.3084301122930072
['Queen'],[858827],-0.8805550479116937,0.18637537902395288,-0.14378050428403696,0.3892728670835715,0.2429806797003788,0.6015851230419601,-0.8319130390456686
['Queen'],[858827],-1.074162384993418,0.15745827079333202,0.4898803909102095,0.17548352019290103,-0.6540632575747446,0.5439739411217442,-0.5082383882354935
['Queen'],[858827],-1.047627084405394,-0.37157366898339084,0.01209700280532225,0.31090173797400583,0.1171033469030075,0.6175336143883928,-0.18406695728769923
['Queen'],[858827],-1.2613998861766826,-0.5325618374003411,0.029929624435319716,0.31070543870726625,0.21260105548478825,0.5650398039513493,-0.15634113991759654
['Queen'],[858827],-1.122061009253325,0.11190287979573912,0.2759189041780621,0.21154734242323756,-0.026762577252286986,0.3540942078387525,-0.1201891944758691
['Queen'],[858827],-1.1799076773041313,0.40059525098051596,0.3986103181749378,0.07988388744162228,-0.037044008415138795,0.3833288245886475,-0.2131927538462627
['Queen'],[858827],-0.6543891710938412,-0.12707170307881008,0.07844274987388945,0.16281200776747026,-0.5326147626268575,0.2711395835425499,-0.01644861380127183
['Queen'],[858827],-0.8308023642812931,-0.0025244114132185456,0.275695832757473,0.17248417069005534,-0.5139178510756558,0.32810785473909443,-0.14105456275310888
['Queen'],[858827],-1.0030723007902353,-0.3341189780851523,0.10585297505946026,0.24284430077003996,-0.73332397028649,0.6066357330906189,-0.13106330113942177
['Queen'],[858827],-1.150927531548937,0.048100386815381195,0.12700434156763366,0.08100165926164735,-0.03347461063931806,0.4338766389184558,-0.15969440111676317
['Queen'],[858827],-0.7509624730245885,-0.034361253040427066,0.13497295456295913,-0.027824299800425705,0.11119687659140154,0.4330989475436764,0.05249246133119745
['Queen'],[858827],-1.0997600406486716,-0.2626174087962306,0.023322723640143803,0.14220305115651166,0.16225565494191693,0.45018029868028875,-0.11627453114862629
['Queen'],[858827],-0.26625708982966717,-0.29066660726473337,0.209719059512887,-0.05705881225388101,-0.38668622995375407,0.35826827445076026,0.0530568260846213
['Queen'],[858827],-1.0260928975139285,-0.10584190669263296,0.1051657666709631,0.244557667283356,-0.5675731639728181,0.45258441188832443,-0.10702131982015048
['Queen'],[858827],-0.6985964208877458,-0.3558821921399691,0.10029727417668972,0.09100694481962762,-0.1507261266078618,0.38988655390984855,-0.012033230392841298
['Queen'],[858827],-0.7141096330709363,-0.4595508433342334,0.345012014928717,0.12673941435068575,-0.04881574199844947,0.4096789748638361,-0.10832092328609662
['Queen'],[858827],-0.6726925142208837,-0.031345553172366473,0.08331651906026455,0.11067046585939591,-0.5462742167974787,0.21033614300482578,-0.051344509737005474
['Queen'],[858827],-1.3549490167013247,-0.025583405916680804,0.48643228733136457,0.16512256079749488,-0.2575200385512792,0.6800937737867961,-0.32163746616659467
['Queen'],[858827],-1.037534148988036,0.002255793766347492,0.1663728788725019,0.13709426325039414,-0.04854593328398668,0.30522653823831636,-0.19570547385502426
['Queen'],[858827],-1.0648720297150487,-0.24773062740897622,0.0662544170662614,0.1790113761410749,0.14865301078448595,0.33775977105512245,-0.15926273608592406
['Queen'],[858827],-1.0572912285046614,0.09682213810936927,0.0974647730543681,-0.034526701427893484,-0.04103867031490996,0.5898282513455473,-0.05610069408918111
['Queen'],[858827],-1.0599599577734857,-0.5360599156069145,0.1411435189679381,0.5090314470646639,-0.20096740011656236,0.7311926454631645,-0.35622437924260714
['Queen'],[858827],-0.8721725728306275,-0.46185756135923833,0.35383130662337453,0.0906441411869232,0.15007248615925076,0.4485767775020573,-0.2645473139052958
['Queen'],[858827],-1.26207902156261,-0.14206556026000805,0.3762169108233183,0.18029095824881955,-0.25806019378860323,0.7166256304417958,-0.24311608864055972
['Queen'],[858827],-0.9389944114267134,-0.3719723945333579,0.057130649238686444,0.2569795689030727,-0.7367374696016081,0.6038995142872384,-0.08927039623563288
['Queen'],[858827],-0.7881472347461483,-0.5006376572333728,0.21812638706952364,0.3036723975135308,-0.8389116579446503,0.5309102674711352,-0.12588585235606975
['Queen'],[858827],-0.9538349096248978,-0.15355586737798654,0.03994589298494624,0.2583953715394636,-0.5717470792507792,0.45675668648367984,-0.05586335250239503
['Queen'],[858827],-0.9102269948279473,-0.7050925970164391,0.256104659872184,0.3037468779157494,0.08921793368127784,0.5031805486503339,-0.17756257962920025
['Queen'],[858827],-1.0283903543310928,-0.46735226993086054,0.123378925715374,0.3134554502030938,-0.2645561214230228,0.5625475849544039,-0.12199828687936733
['Queen'],[858827],-1.0081736785770665,-0.5094091697146137,0.04155367851795966,0.32722740791724825,-0.17987642517897873,0.5090686394303771,-0.07415094677922955
['Queen'],[858827],-1.0502385115279993,-0.6512677269855636,0.09135085143650729,0.358061549592648,-0.16264782201471314,0.5932369052308832,-0.13358778684890113
['Queen'],[858827],-0.9252713761965553,-0.5048020727170338,0.09729251923160595,0.3140226054466401,-0.2715767484739103,0.5736778933033181,-0.07612769749546118
['Queen'],[858827],-1.2895406629087218,-0.3512503482945592,0.008494987388703688,0.3795754939020708,-0.6012278407327994,0.6381346020642633,-0.17077283330744805
['Queen'],[858827],-1.1932734341134206,0.021231971752699818,0.15962362939266014,0.31372892228456184,-0.831043664040096,0.4130025603443367,-0.25669721537528484
['Queen'],[858827],-0.8135773151199169,0.014033343859038047,0.056961080072911105,0.19511032547547033,-0.8789560315563467,0.3230258576641807,-0.06454716954561776
['Queen'],[858827],-1.0595183657360636,-0.18754770580760313,0.008992679315517478,0.23216788953705336,-0.6452251226690388,0.573094969059943,-0.06114147582867575
['Queen'],[858827],-1.2546019854186792,-0.08840440821753831,0.011574578487844937,0.25016546862494476,-0.45919109702431743,0.4882501218267959,-0.15435596107157534
['Queen'],[858827],-1.1741908733484407,-0.17207798678414032,-0.0034124205898157715,0.20936255127629524,-0.18795904720371986,0.5148695239584128,-0.10123096822983306
['Queen'],[858827],-1.0815940426122612,0.1942929218308168,0.6960492001012802,0.16818990845513815,-0.8334376071045327,0.6716202131151118,-0.22961261782968784
['Queen'],[858827],-0.9091568796735643,-0.38249866522150694,0.04642483481877428,0.26010302831229026,-0.7390773886754993,0.6073029298155902,-0.07539459662292539
['Queen'],[858827],-0.214140210768914,-0.3125696485906586,0.21553811235374626,-0.04950598689297395,-0.3893768722887972,0.3592389123511803,0.06734515912517566
['Queen'],[858827],-1.005923612622039,-0.14920615116551297,0.0007956350685478064,0.28223247859639344,-0.5729205126376267,0.39774066779139067,-0.08470457903340693
['Queen'],[858827],-0.9594442093384411,-0.13875532001929075,0.09775013213010025,0.058945111324826105,-0.04226327306951265,0.4575257372417569,-0.0749097290565749
['Queen'],[858827],-0.9435410915515913,-0.5024312570820874,0.12695860198492057,0.123280837614425,-0.10331483110006426,0.633481107169782,-0.0996678837669044
['Queen'],[858827],-1.1125917311500166,0.22008429499816695,0.14521667906419516,0.05654973521055806,-0.04923640043781209,0.35094095365268957,-0.10112321541451438
['Queen'],[858827],-0.802684532696625,-0.12477597576364988,0.0362903222569609,0.22479264436451854,-0.7821247625887163,0.3558474248001229,-0.021848231560830975
['Queen'],[858827],-1.0298708812616972,-0.11367489978668568,-0.03654697022124187,0.11476046638996515,-0.6503454950441145,0.6912689516643903,0.013550503177491223
['Queen'],[858827],-1.1023259336506273,-0.02655413532231757,-0.035745670028054725,0.11447724945550314,-0.6440858333595728,0.7210832716910668,0.007371575493922862
['Queen'],[858827],-1.0931243016187029,-0.11148232765630758,0.19045611485999137,0.24436497650172462,-0.477683261058581,0.4181018648967682,-0.2446503335528671
['Queen'],[858827],-1.1065213336262638,-0.23394861662972333,-0.028697846070661212,0.19527771122017915,-0.7228024905529565,0.7772777326091532,-0.032056249561355325
['Queen'],[858827],-0.7751457121593918,-0.24089319407242127,0.09565319351909816,0.20423621315822324,-0.5076340397628524,0.34584143962931935,-0.06178877109774726
['Queen'],[858827],-0.9082991709441839,-0.06451368939547411,0.08856921798677518,0.16635965230934405,-0.2306630988662829,0.3574911165028292,-0.03245891160071932
['Queen'],[858827],-0.8779175454426725,-0.07901536362536836,0.07632165952680463,0.15175251645125512,-0.333085285210024,0.26757093001709525,-0.10104391701544052
['Queen'],[858827],-1.0176016787953053,-0.6228988076685805,0.11631945137103179,0.46056960747400777,-0.22563082855810046,0.6874384596485649,-0.22237614379291779
['Queen'],[858827],-0.7879388356055606,-0.14574556632779256,0.1195195493619238,0.10630567418741119,-0.15731873512761246,0.2816047667626212,-0.07359937005215426
['Queen'],[858827],-1.0636860361678178,-0.18335704078588924,0.02119567103389664,0.22913716850115604,-0.6449826826327064,0.5921333571102362,-0.09930191828827035
['Queen'],[858827],-1.1474698706942277,0.09665936254091011,0.15700284744090423,0.24828232174882367,-0.49091332887617123,0.27671381367652526,-0.213702161787034
['Queen'],[858827],-1.2043274264689843,0.06904283874512167,0.29756125029138447,0.2011039066747175,-0.019291060681283324,0.41247432230140346,-0.12398918282328594
['Queen'],[858827],-0.9534241529194023,-0.08417320244342216,0.16589040491338347,0.20475558772294472,-0.23192189689320034,0.27515551734784394,-0.1801606520462051
['Queen'],[858827],-1.077149904470007,-0.15818990943719816,0.08484707115163383,0.20441258365571122,-0.6483767317585524,0.56644898869819,-0.10675481086720563
['Queen'],[858827],-0.4821470106500402,0.08945712123957943,0.09727867439913468,-0.06383808062477365,-0.30389239599034473,0.21751214554412987,0.061825591615487764
['Queen'],[858827],-0.7392040331380049,-0.0431187569261387,0.09487164153848143,-0.019906680026266763,0.11022130788792327,0.4242712661196597,0.07821129380279082
['Queen'],[858827],-1.096562826073257,0.20024561679849529,0.10113302010703627,0.10777489105669817,-0.03156659478298953,0.47098625569566804,-0.032940492235586656
['Queen'],[858827],-1.0255381539567732,0.24927304136703565,0.7328291805577299,0.0763211645913418,-0.840227067981618,0.7769924359831074,-0.1854319699178517
['Queen'],[858827],-1.0030723007902353,-0.3341189780851523,0.10585297505946026,0.24284430077003996,-0.73332397028649,0.6066357330906189,-0.13106330113942177
['Queen'],[858827],-0.7116008166450452,-0.051413247078571235,0.10351658907154136,-0.017081537888740096,0.10865022215964613,0.4377141828872351,0.07439667169423249
['Queen'],[858827],-0.3320927632579446,-0.3767097078528932,0.18564705006523843,-0.02791896910302078,-0.3642905768342542,0.5016860446266997,0.10621938135029958
['Queen'],[858827],-1.3061893112267307,0.2795476325717103,0.11620631561569568,0.08042022943504228,-0.7400810162884354,0.6719892175546252,-0.12699620983929313
['Queen'],[858827],-0.9953494978600864,-0.08438681297631817,0.26774568360640366,0.1523724741767254,-0.5688029698895649,0.6003210902153346,-0.016550182374874822
['Queen'],[858827],-1.035249576414383,-0.315587114791449,0.2653779418054949,0.11634847188619712,-0.1900540093490861,0.6180648763663444,-0.21455037362844556
['Queen'],[858827],-1.2516371435227134,-0.1321045030602574,0.388069213239231,0.1847260047873044,-0.25943402288845785,0.7120166888298867,-0.2272914712449452
['Queen'],[858827],-0.8329882861268196,-0.5624592230556154,0.23150243778402085,0.15477123358010408,0.15481926664100112,0.47695561710712214,-0.20375527494658371
['Queen'],[858827],-1.0136774387711038,-0.025984085163631234,0.13571061545826527,0.2088993414524157,-0.49279342091783673,0.3861259691390275,-0.19447205570480935
['Queen'],[858827],-1.075596474836092,-0.26269145273219724,0.02959914378096932,0.13959475113810374,0.15937961740411902,0.4516891468249538,-0.11040717031972679
['Queen'],[858827],-0.720144040413205,-0.021393234637079026,0.05283240745038941,0.15330356947191406,-0.5414537150031778,0.19578171043965134,-0.06894731812745845
['Queen'],[858827],-0.6094214329760566,-0.40196147466878107,0.12822809240358776,0.07286313435849766,-0.15513957087516536,0.42319779459176704,-0.0051240756752645965
['Queen'],[858827],-0.9621401475498048,-0.6094994274478236,0.05946766838861397,0.3284543123065962,-0.1753423887559561,0.5734974044332343,-0.08449249508010914
['Queen'],[858827],-0.8663956099814051,-0.7572268331763887,0.29313214465735804,0.3008185343077642,0.09025669642546646,0.5461857442807956,-0.18128647831625255
['Queen'],[858827],0.08148849428878786,0.14993446270172495,0.0055696773345884545,0.03528598270454096,-0.20634520507509313,0.8020676974058571,-0.4331199902077672
['Queen'],[858827],-1.163894370863455,-0.03985087901352136,0.20905379889980208,0.2833813283087286,-0.2911264699250891,0.32692414969665,-0.21504433084279037
['Queen'],[858827],-1.1465221970050599,-0.29510751946134106,0.19922779996530632,0.196071227316543,0.18097906856477325,0.48768372854631836,-0.20379152617877047
['Queen'],[858827],-0.8054975382221874,-0.49050745893526826,0.08539843876125575,0.1458937238901138,0.15007173916689232,0.47579891323964185,-0.01552191345196303
['Queen'],[858827],-0.8969732540221735,0.17733475801788234,0.1622843722489085,0.08037071307238097,0.011104078645248587,0.15359166275111144,-0.1254180790643766
['Queen'],[858827],-0.9451897549083196,-0.21593258843888682,0.16356056517793635,0.23065330980877713,-0.6539731117164785,0.4983987385881055,-0.08809617187442911
['Queen'],[858827],-1.2455853624019728,-0.09101266338133031,0.005499461095138474,0.2598351844211031,-0.5388834409507496,0.5717952675138609,-0.1078501029254762
['Queen'],[858827],-1.0997600406486716,-0.2626174087962306,0.023322723640143803,0.14220305115651166,0.16225565494191693,0.45018029868028875,-0.11627453114862629
['Queen'],[858827],-1.0314332082557927,-0.21436672879040886,0.0686126359814208,0.09828809348064943,-0.02294574076455005,0.5487993240495203,-0.08208681509716474
['Queen'],[858827],-1.1105962759408576,-0.11489727622810732,0.00800674477144605,0.2225787220704987,-0.47247725180914923,0.4901516578506745,-0.11646842149802727
['Queen'],[858827],-1.0786915637452497,-0.2840875112144317,0.22493085599210394,-0.01746324395866102,0.16796725023552686,0.7130771022209378,-0.10638433293141412
['Queen'],[858827],-0.9851553940227629,-0.22661914501768174,0.013460961495388377,0.28724549445703207,-0.5669866039544798,0.4563780367771998,-0.10178674173292603
['Queen'],[858827],-1.1413495943505119,0.09782355327843383,0.03542712562331955,0.08714855615619004,-0.21730664970018754,0.46376219484461156,-0.09056271780946965
['Queen'],[858827],-1.0620288269301847,-0.28135913282860725,0.031847022429169924,0.14494640728176697,0.1614953145032639,0.4686926133166743,-0.11804392648598608
['Queen'],[858827],-0.9155838815407059,-0.1974825789546588,0.03981074726610192,0.24992739040491715,-0.5723337954615186,0.47857442663499855,-0.04738955670151326
['Queen'],[858827],-0.6969870393691259,-0.5375276982092417,0.224546424889254,0.2746792444376847,-0.8456825621252944,0.5428142132549234,-0.1036715578554391
['Queen'],[858827],-1.0054323637836113,-0.6497944181973457,0.12338623283650844,0.4522978079495979,-0.22920418119110397,0.6876684846480343,-0.19919152434172505
['Queen'],[858827],-0.7319725875595876,-0.047939485004824985,0.37380972909312343,0.1384038538656656,-0.689936208419424,0.4762203498490861,-0.11305168066602186
['Queen'],[858827],-0.8166422035314252,-0.5597292827536208,0.19984012001249857,0.15684547738111576,0.1523922937007446,0.4598248729697853,-0.17608883780975632
['Queen'],[858827],-1.018181202262362,-0.3132688022975542,-0.0031022198745623477,0.35138098211953184,-0.8284924462828455,0.49672508291503503,-0.14956819389259232
['Queen'],[858827],-0.9502746071687123,-0.6648224503398997,0.08362446647737017,0.35449855842767597,-0.17028748564653565,0.6036462599044305,-0.09669104654507467
['Queen'],[858827],-0.5146121020657769,0.09546025631869887,0.067642680006983,-0.13073434151984945,-0.29099779607757525,0.3929468033484396,0.14623607204421585
['Queen'],[858827],-1.1524367040087349,0.14168314619759576,0.10466223602549678,0.25024167270705633,-0.8479987735173594,0.3856957026333546,-0.22022032952391787
['Queen'],[858827],-1.1707696437329482,-0.10472735661161561,0.06846953422455261,0.16452560043075998,-0.010944809311711599,0.48156068827678145,-0.053596261204139635
['Queen'],[858827],-0.6423395316377635,-0.08468115151257603,0.11269277790956993,0.18868582196113803,-0.8873026030631994,0.34442222432938924,-0.01395564929855019
['Queen'],[858827],-0.5808685911037579,-0.17250818252689396,0.15824611602538557,0.11452090949794366,-0.536855782097635,0.2954325267038505,-0.026202398268265606
['Queen'],[858827],-0.7690773351379137,-0.2252422633711362,0.1147137901658405,0.11013344266482979,0.1256320783201632,0.34891537370269005,0.009252958320763291
['Queen'],[858827],-1.093377494659742,-0.13817491016090655,0.08727659275777673,0.17961315923045426,-0.19702611861367303,0.5232423154004266,-0.05183598719352711
['Queen'],[858827],-0.7591094323711585,0.03202432954263732,0.1933027134092608,0.022631911883719092,-0.06380079993574415,0.4341629478743749,0.023410867845411704
['Queen'],[858827],-0.8843704004188625,-0.0310099077230982,-0.15742144812097209,0.4297760686933758,0.2733574491168168,0.7865083416641906,-0.7242464211111937
['Queen'],[858827],-1.0430649284962488,-0.2608811356923661,0.3353163832465537,-0.046190696241818714,0.16394588314947187,0.742581415085593,-0.19546590022213947
['Queen'],[858827],-1.3167799450890987,0.0021135306549579123,0.3609684059060128,0.16637139560054248,-0.26547050011383655,0.6450243118166051,-0.24897943162463823
['Queen'],[858827],-1.2009702279244636,-0.3101564085892253,0.2433541063751539,0.2899628453653751,0.18328400058645272,0.3905288523365153,-0.21326735675354092
['Queen'],[858827],-0.9852052590581294,-0.02838910155970495,0.16384203889219412,0.05020489029712199,-0.04604801937638392,0.4489807334817082,-0.11459495287869678
['Queen'],[858827],-0.8451135884356228,-0.05280005059877955,0.2781866385408951,0.132967829575711,-0.33430056253124896,0.3266324086307985,-0.2081492093231516
['Queen'],[858827],-0.9179349451973343,-0.4095390212972563,0.07035750055524026,0.25862959952408526,0.07771605104206757,0.50437326991671,0.028335358911335033
['Queen'],[858827],-1.0513129585518948,-0.20534416747838757,0.019841898372031024,0.18091761112235807,-0.1983031691596408,0.5376686664923755,-0.07816677976561007
['Queen'],[858827],-0.7867953559866654,-0.06389851822854722,0.11472228495842,0.14043960766035668,-0.5204531225024175,0.34641972779776414,-0.09359868349796484
['Queen'],[858827],-0.4385820306234315,0.08237704968246697,0.05248259481925902,-0.11357180972046334,-0.2960813082968744,0.4099914974330017,0.1670663716035977
['Queen'],[858827],-1.0453852994227004,0.044188864085714576,0.04419319932435117,0.2507941152936212,-0.8516180379032096,0.4181211046869101,-0.17291481195151978
['Queen'],[858827],-1.059533002782664,-0.1384010818387042,0.1721446637253648,0.2642172849245444,-0.6531212477042696,0.43993322041925653,-0.17520473151633478
['Queen'],[858827],-0.7509624730245885,-0.034361253040427066,0.13497295456295913,-0.027824299800425705,0.11119687659140154,0.4330989475436764,0.05249246133119745
['Queen'],[858827],-0.5909209340266999,-0.16596632335727085,0.0849003634419821,0.15445721941922982,-0.7136152772622283,0.3517217108526839,-0.02353124923830827
['Queen'],[858827],-0.9063800140952535,0.2093884675706317,0.35143788382109975,0.1560164636891694,-0.6883919434169398,0.432413682949914,-0.18379811758228273
['Queen'],[858827],-1.0375078463324137,-0.1186007807805289,0.4102150799782963,0.168857099910088,-0.21401732612663282,0.40970443686299274,-0.36834054441026287
['Queen'],[858827],-1.2202150000306402,-0.017567262603473705,0.0783325702818986,0.10565839827030513,-0.19675021965595324,0.563042307125631,-0.13985800913522362
['Queen'],[858827],-1.0142419115835357,0.2532980594902418,0.3359723877350868,0.17094082155962045,-0.6818152475006294,0.3951860556935041,-0.19688196983596679
['Queen'],[858827],-0.6842359593062639,-0.2994827826889573,0.2787136773935919,-0.07691241845456104,-0.4034805456223492,0.8041711308341456,-0.00042968560044395185
['Queen'],[858827],-1.0997600406486716,-0.2626174087962306,0.023322723640143803,0.14220305115651166,0.16225565494191693,0.45018029868028875,-0.11627453114862629
['Queen'],[858827],-1.1153761602822918,0.12958677323910914,0.13641279498825132,0.05887446194249667,-0.22087929304921006,0.48561448429554177,-0.14218875397373681
['Queen'],[858827],-1.2520686614722292,0.05804374882611991,0.3052512103088738,0.20245684426085858,-0.6414343762709485,0.5743167230760743,-0.3392522557289
['Queen'],[858827],-0.912576608471966,-0.2074036012431105,0.1098986186721516,0.05283679949293144,-0.041107930676817755,0.4963532620806777,-0.07596381447545365
['Queen'],[858827],-0.7509624730245885,-0.034361253040427066,0.13497295456295913,-0.027824299800425705,0.11119687659140154,0.4330989475436764,0.05249246133119745
['Queen'],[858827],-0.440161820747999,0.0851557523940612,0.6689214388560019,-0.21699641029843741,-0.12383742159687496,0.3399405465833166,-0.23912079913040418
['Queen'],[858827],-0.1661907325057878,0.22820111057128717,0.06891487320358951,0.1353310178689698,-0.4722468540645021,0.7019280527344492,-0.6487769893352724
['Queen'],[858827],-0.8586861464844708,-0.48892313129504733,0.12866090430305369,0.09562563506912101,-0.11466161685836108,0.6191298878573271,-0.06915966611030712
['Queen'],[858827],-1.0260928975139285,-0.10584190669263296,0.1051657666709631,0.244557667283356,-0.5675731639728181,0.45258441188832443,-0.10702131982015048
['Queen'],[858827],-0.5775154650773822,-0.39928926377816343,0.1272604266613043,0.0663367354338226,-0.15895207701128342,0.4199238013734385,0.008818794546786362
['Queen'],[858827],-0.26193848391759433,-0.24131430541701981,0.18860045934717565,-0.06787801033352471,-0.20643724800081845,0.3602908424134919,0.11940909093073751
['Queen'],[858827],-0.7895542257574628,-0.1879843314604603,0.01893978220976905,0.053883860045842155,-0.6697777024354593,0.7257880030580645,0.06719393389620723
['Queen'],[858827],-0.8102928361681522,-0.16677592565224925,0.15245681911989561,0.17921567849971395,-0.1522434061118534,0.25439719798776533,-0.083373044270201
['Queen'],[858827],-1.2479377990194116,-0.3735264023399066,0.13998347335112832,0.2584465036320043,-0.6071184458257265,0.7228161796543073,-0.23493008980634705
['Queen'],[858827],-0.7419159517842809,-0.29684534622792835,0.07971374607393462,0.22053270635519157,-0.5047930215850177,0.39228070413351274,-0.0627412520649924
['Queen'],[858827],-1.2186928851357712,-0.18343346345949138,0.19171346719479634,0.23959428183879358,-0.17581939440003255,0.5256526446110035,-0.22862203047102442
['Queen'],[858827],-1.0403434172020118,-0.23512282823202363,0.06059777025351247,0.12285236389416732,-0.019284681314795195,0.5619894174756459,-0.09226428100748359
['Queen'],[858827],-0.9463586994691233,-0.041465675525988566,0.17885952068278735,0.021923172251725402,-0.0490459217462966,0.4772439848723297,-0.12489719929373902
['Queen'],[858827],-0.759876120480352,-0.22856924650724394,0.15536363690693133,-0.008875821116833531,-0.05463739456690366,0.5334232537322713,-0.04045425322790435
['Queen'],[858827],-0.40521979173448563,-0.3257338537976275,0.1956126947481405,0.01610325220857095,-0.7268187140484598,0.4830848482254634,-0.05383524326251619
['Queen'],[858827],-0.4902096468066057,-0.2818256200087917,0.18115966599719172,-0.0768470747806396,0.077263240096594,0.31370488264985635,-0.036471727460606285
['Queen'],[858827],-0.4417703858744866,-0.18549488218752444,0.17700489515000334,-0.10026163193759223,-0.3733730137200765,0.43961197992429346,0.0602059476905303
['Queen'],[858827],-0.5370411516484028,0.017290565010606895,0.2915559184756994,-0.061753123262734126,-0.3804942043435374,0.29985187047898526,-0.09937562365608803
['Queen'],[858827],-1.0155146571610894,-0.2162451861685249,0.017481620478375523,0.17865310751898061,-0.20105350507258202,0.5401216586049682,-0.06568729157915873
['Queen'],[858827],-0.9089357236891586,0.15526124803519614,0.4188516594393298,-0.023937886682162294,-0.06711855300989554,0.3760335018957054,-0.22676307158112266
['Queen'],[858827],-0.3716295302308182,-0.24210175529540837,0.17318925857175343,-0.09273589431746243,-0.37374014348270207,0.476408726700897,0.08300302090153062
['Queen'],[858827],-1.2228046298035056,-0.4180063016809111,0.2498692587275253,0.2045929665583329,-0.07118837503616017,0.6884638636313978,-0.33001904400471654
['Queen'],[858827],-0.8529540387792357,-0.6173437380334794,0.5559016368599268,0.41266106134478375,-0.721352043379705,0.6570757267964725,-0.05249837574724535
['Queen'],[858827],-0.6830568781553128,-0.04497046454131149,0.03329082001327216,0.032819285652286145,-0.06723109333926469,0.4401077722543537,0.1305105613104853
['Queen'],[858827],-0.27723224899372423,-0.039235999567679855,0.1587087605075123,-0.2844670066661386,-0.20728997406062505,0.605397791851346,0.2495933167843085
['Queen'],[858827],-0.5873942911238912,-0.21303736954762859,0.12917386301411612,0.10010296860324959,-0.7956998978878339,0.46861356151644157,-0.011422329071530788
['Queen'],[858827],-0.37863915557228706,-0.1844806615610173,0.20127656324564253,-0.04914179138744107,-0.19714036130690862,0.35994922088995673,0.08996669879021314
['Queen'],[858827],-0.29396207268685276,-0.3779620851871635,0.21107008848911418,0.013847256718912482,-0.3720808866252085,0.4077607848417117,0.0644154447356796
['Queen'],[858827],-0.9839744318069596,-0.12676164769674256,-0.02637007898595044,0.08962812841174964,-0.6484138731533987,0.7748187052222554,0.02235606543324065
['Queen'],[858827],-0.5825510976464547,-0.3620369602284757,0.3835112686474417,0.11343197242240331,-0.691793282427638,0.5082028593331165,-0.12323812511599043
['Queen'],[858827],-1.083390303741108,-0.3705774350231497,0.23982596220035218,0.265493092129803,0.175897489292827,0.42682825326272006,-0.21089100461450308
['Queen'],[858827],-0.5544467281260457,-0.24722921635172967,0.15166123873506124,0.14970740441999894,-0.8889163767409325,0.37778943560602235,-0.008352606222043969
['Queen'],[858827],-0.9868858561464389,-0.544437697364943,0.16061388495256892,0.31453306070286996,-0.4402434661708823,0.687560019467837,0.0026028917886224434
['Queen'],[858827],-1.0705324082386873,-0.11815472425632458,0.07002546836699192,0.19497876866464509,-0.6503660297501923,0.5567865855650626,-0.08725809450344517
['Queen'],[858827],-0.6360436544700507,-0.22048408591626129,0.11057518446687618,0.09656283801277239,-0.1666872509761725,0.3112478005550255,-0.021028250810787335
['Queen'],[858827],-1.2308857629176526,0.17645527727775356,0.6003390631037627,0.09680689467920774,-0.025278892569462485,0.4391001592500421,-0.3680961751802761
['Queen'],[858827],-1.0815940426122612,0.1942929218308168,0.6960492001012802,0.16818990845513815,-0.8334376071045327,0.6716202131151118,-0.22961261782968784
['Queen'],[858827],-0.8778146322412178,-0.18379473952382164,0.18833194625556818,0.014213735109544394,-0.04467913350384647,0.5279154723575904,-0.09834607675461642
['Queen'],[858827],-1.0209915031972538,0.08702410944951157,0.31573275897049324,-0.0589979161579301,-0.2241311794005706,0.6453292770764751,-0.18786125037941892
['Queen'],[858827],-0.25067418775892114,-0.46223526154474126,0.28123263811644955,-0.11828916201269271,-0.11271891873508495,0.4377192852650926,-0.0405337594857267
['Queen'],[858827],-0.2410767024444509,-0.48710914498731883,0.24244133046293798,-0.12416355067137116,-0.10935624700626262,0.48429901023676936,-0.014254612510402602
['Queen'],[858827],-1.1777657500872474,-0.22017896682476093,0.07308094816931435,0.05511715238894447,0.17728098258623676,0.6423253900758554,-0.12049791169986457
['Queen'],[858827],-0.4187920758322611,-0.06921864102868208,0.128106618063605,-0.10414012614764129,-0.7294193337176031,0.5885831076658662,0.14027394543069108
['Queen'],[858827],-1.0791208795602323,-0.12115277776368029,0.17413475752722127,0.19335850811859,-0.2146907874357694,0.36177494076766775,-0.2457522575183852
['Queen'],[858827],-0.26625708982966717,-0.29066660726473337,0.209719059512887,-0.05705881225388101,-0.38668622995375407,0.35826827445076026,0.0530568260846213
['Queen'],[858827],-0.8578332106115427,0.03575529817273101,0.4349632444121504,0.10597270925040903,-0.5108483947942759,0.4009565488115013,-0.2286497128476258
['Queen'],[858827],-0.6729262351035349,-0.30179840579946926,0.28193843633128307,-0.07298436762790705,-0.40399825136610285,0.8096894738268847,-0.004428450531416549
['Queen'],[858827],-1.2257698036470936,-0.045534274545703884,0.12488307777468097,0.2385451947889835,-0.637469303888396,0.5784514705976705,-0.25026040206081157
['Queen'],[858827],-1.034965839021566,0.16746502139367916,0.10207815613833618,0.05865403791866595,-0.05283658895119817,0.3675683145836637,-0.0677963376016239
['Queen'],[858827],-0.12127387571713258,-0.1783230074542395,0.20645230197810888,-0.1274272509779469,-0.22413386896567564,0.34838835739526014,0.14865667615990388
['Queen'],[858827],-1.199274940462168,0.03980663206635828,0.1822606985320135,0.2789878839635021,-0.7413638518588429,0.43811963819146255,-0.2960808766284559
['Queen'],[858827],-1.360056593340194,-0.027541395538737405,0.5056949058360684,0.3430093782737459,-0.7994871907185079,0.577629602443713,-0.39930753750949755
['Queen'],[858827],-1.250710253672089,-0.11778787536516108,0.1623058032938073,0.13634279247453876,-0.002633952065266789,0.5717726524592468,-0.21299725665561817
['Queen'],[858827],-0.5828632543530596,-0.30397627302932073,0.15654904271801628,0.13439455965694505,-0.16643199781637288,0.30565505479925453,-0.008656598518961197
['Queen'],[858827],-0.7928877593025583,-0.29707743965330013,0.09799154653623235,0.06148333245693525,-0.05385712567249424,0.43576953095160004,-0.02821771082711714
['Queen'],[858827],-0.5454379309683991,-0.4093187315620671,0.3875067401958387,0.12166186702989895,-0.6900987837519209,0.5448966149906999,-0.12289378378907015
['Queen'],[858827],-0.8066515040224274,-0.0695402246041952,0.2788543970702906,0.12415751267263733,-0.33719967993541133,0.33182633541473794,-0.1953594001880058
['Queen'],[858827],-1.2072873568739495,-0.2122067036854069,0.002133864511729542,0.23954753047200913,-0.7970494617381877,0.742170869434334,-0.09693077204973861
['Queen'],[858827],-1.1603910805093895,-0.41745234087065947,0.02623243524474522,0.37083218005742413,-0.6087122513777811,0.6707601904613221,-0.13573331375379424
['Queen'],[858827],-1.1376646488682174,0.10732163153300935,0.44371064044855874,0.1437730761548359,-0.02656631119941023,0.43966681079319053,-0.2331481618721662
['Queen'],[858827],-0.4106239006582927,-0.18240439481781434,0.13182819106049518,0.043792417792778975,-0.7302666932774601,0.4009095562587025,0.06427673666176074
['Queen'],[858827],-0.3284807682777363,-0.09167044783864647,0.13203029999981825,-0.19041967233603962,-0.291897476447924,0.5425621917215648,0.17459787917290495
['Queen'],[858827],-1.331456436247613,-0.40015131977198426,0.2093295409296826,0.23175692834758901,-0.057433596287719275,0.6850960539194031,-0.3705937299395249
['Queen'],[858827],-1.2546019854186792,-0.08840440821753831,0.011574578487844937,0.25016546862494476,-0.45919109702431743,0.4882501218267959,-0.15435596107157534
['Queen'],[858827],-0.8641364259135716,0.16484818637905085,0.0557207979960594,-0.06904960231588596,0.10806521336834919,0.4110302159571119,0.023866218311211124
['Queen'],[858827],-0.8985106236787375,-0.6828369751295136,0.19128206087558405,0.13923586884571387,0.1774933701420228,0.6587174481590179,-0.1233294495341074
['Queen'],[858827],-1.050540058609049,-0.632264218694183,0.14263158666337852,0.17793423248867624,0.18812172744311967,0.6151042488569309,-0.14326672641339658
['Queen'],[858827],-0.5094792724047142,-0.2183412203575101,0.15124220407582126,0.09452308027531164,-0.8024772852626293,0.47841978133716934,-0.011623383578317516
['Queen'],[858827],-0.8218207800306255,-0.1162489945282042,0.03429630574029233,0.04500984494752944,-0.05490736071477944,0.4889328733415874,0.031931400288195015
['Queen'],[858827],-1.2487373034088587,-0.09392222638807836,0.2250505329177428,0.14611574004772382,-0.005604554064373597,0.5173786768452244,-0.23635875030326678
['Queen'],[858827],-1.0027253217446406,-0.72129192050165,0.1829400376240087,0.371461874393934,-0.6028409890922638,0.7744776043986774,-0.17189423242709356
['Queen'],[858827],-0.9267507854811075,-0.7611272745855431,0.21039072810011142,0.25273022767373426,0.015592262469991272,0.7155775543558794,-0.15380633075797714
['Queen'],[858827],-0.9034062328244133,-0.30760171969969274,0.1239918472001179,0.11762519765073538,-0.29323759362482565,0.635599846050986,0.022056981526136266
['Queen'],[858827],-1.31310108835485,0.13290183287850033,0.1915488637067758,0.25956944023814277,-0.8182880732496307,0.5923250053169968,-0.10952143452303331
['Queen'],[858827],-1.24893491094427,-0.015366362818100564,0.5931285471995608,0.335898713742662,-0.8182624934840296,0.5100809534220981,-0.46367003533269047
['Queen'],[858827],-0.6538111329469192,-0.10247233810263898,0.28730934824432114,0.13845564971852814,-0.6988762109595347,0.469931719995048,-0.038680572882680044
['Queen'],[858827],-0.8868799577406273,-0.564917097696649,0.1968374443841479,0.24005481468936227,-0.0021888068075861977,0.6593183648451804,0.03951849147007155
['Queen'],[858827],-0.9897457307426089,0.06277239502999649,0.39525503678873025,0.17877149549394247,-0.5002530307501408,0.36041126757236064,-0.30269968547019027
['Queen'],[858827],-0.7770312684179136,-0.09921567864924868,0.19559773307245854,0.2268548133033657,-0.8659835229865788,0.4299851153404941,-0.04581585953349601
['Queen'],[858827],-0.668185731027802,-0.10564472255708789,0.2105777348723489,0.18822532905902692,-0.8764580603032119,0.46016751998094385,-0.031550362657710225
['Queen'],[858827],-1.0183016974493653,-0.4993111969080389,0.06572499997056278,0.32176933033843236,-0.2640589851492342,0.5601620997290679,-0.09000103945694164
['Queen'],[858827],-0.9720314528014379,-0.038561435630548355,0.20467962221121191,0.22556359893639072,-0.5837662596820072,0.35680852744608665,-0.2013217218617915
['Queen'],[858827],-0.3749101776682078,-0.22197261574255986,0.14189719599971912,0.08802943439051766,-0.7333067468698274,0.3429902850948016,0.042890753321841384
['Queen'],[858827],-1.0314332082557927,-0.21436672879040886,0.0686126359814208,0.09828809348064943,-0.02294574076455005,0.5487993240495203,-0.08208681509716474
['Queen'],[858827],-0.6719632334444144,0.04833555160329278,0.24928603182672493,-0.023289168998019597,-0.36947121211149936,0.28330242925476395,-0.12589703905758112
['Queen'],[858827],-1.142799897003318,-0.15929949735223772,0.41046270463499634,-0.017805626334951283,0.1730634373668963,0.7257306512191737,-0.3133575370933598
['Queen'],[858827],-0.5787978719123693,-0.15442347026824102,0.3198157220573186,-0.0010312939911239355,-0.5100360405155564,0.5800043650766445,-0.2539799880765858
['Queen'],[858827],-0.13622742908815175,0.15767018187840912,0.04125908002103392,0.049802972865951395,-0.48497773038861214,0.7554064645026097,-0.45073515395114283
['Queen'],[858827],-0.4400924930031919,-0.048418662645451416,0.08744566573633203,-0.1335761116721275,-0.10650435020294469,0.42146903413222847,0.17325160564325387
['Queen'],[858827],-0.9081999954277454,-0.1771563134776658,0.27357708788281615,0.13596262606762677,-0.570196181755166,0.6558196089631825,-0.03247449878087529
['Queen'],[858827],-1.1349389402382515,-0.017271075881660134,0.3905488929755921,0.14748241572851345,0.1460306692303894,0.2902481607823795,-0.293648908095626
['Queen'],[858827],-1.1734758691162976,-0.051758884053184476,-0.03993143895924378,0.08846765996989861,-0.19515442548407907,0.6220578622751275,-0.022501114609136667
['Queen'],[858827],-0.9091932735530932,-0.11334640134329874,0.0001746192879643285,0.25489553519211045,-0.6778737332481937,0.3853436701140925,-0.023257626473951996
['Queen'],[858827],-0.7788271827641141,-0.29379183080843163,0.06837779318082705,0.23769325856848525,-0.5006822069575656,0.3927696430621651,-0.07293397928782046
['Queen'],[858827],-1.1806997071367165,-0.4285454297403816,0.07358852626489182,0.2943317552858935,-0.6085611954831481,0.735095284005749,-0.18464859052140273
['Queen'],[858827],-1.4088448144580135,-0.40640326980288694,0.003869403408452255,0.406907925917144,-0.5738084800781997,0.7453052423534126,-0.2819194256047607
['Queen'],[858827],-1.0357416536355457,-0.3409785387377638,0.047848834194207275,0.26682520915175234,0.08367780487152564,0.4596384955619688,-0.002534925832759351
['Queen'],[858827],-0.8484537645006268,-0.008774285637490059,-0.003960588858839799,0.14870327767587868,-0.07403818810645037,0.1694589643927971,-0.01729559453202531
['Queen'],[858827],-0.20615597418172743,-0.3083777765176296,0.21718800437732216,-0.08645367307730976,-0.03508458454246637,0.30112065595271276,0.08526025538552723
['Queen'],[858827],-0.3227201861831559,-0.2686874021607881,0.20017020461738377,-0.0052440586837645626,-0.47331292333713487,0.33061145040536155,0.04787425705945119
['Queen'],[858827],-1.0463746026504577,-0.1278982766024267,0.3274049732206618,0.13383122509971765,0.05816759007917356,0.38709043099941637,-0.27990685183996483
['Queen'],[858827],-1.0341384699116154,-0.140997948961509,0.20338862077262543,0.16152790843234927,-0.03704982621500847,0.37654022767773093,-0.23107199753792293
"['Quincy Jones', 'Little Richard']","[378624, 824022]",-0.9335554033360818,-0.468768996710005,0.15039770683945453,0.24225840597384599,-0.7203436902740559,0.7002552371387859,-0.12794263051125518
"['Quincy Jones', 'Ray Charles', 'Chaka Khan']","[378624, 46861, 802302]",-1.2755700473775844,-0.44580498673142566,0.17018755105650168,0.4433316028102843,-0.7695143172951254,0.6755998906742027,-0.2504683440490615
['R.E.M.'],[325459],-1.2107198119248987,0.03714589298701622,-0.05766312540567893,0.45952093795277,-0.7035786919969108,1.0397351223504383,-0.6214979062636198
['R.E.M.'],[325459],-1.417663740215057,-0.18318845482174795,0.09578477066904752,0.12094832912389775,0.02392309003120693,0.714284024132945,-0.2758548051808227
['R.E.M.'],[325459],-1.3425855814340537,-0.3365403381851535,0.024322229587924106,0.1881106223395823,0.20692916647590837,0.6381919854348314,-0.2599259843329853
['R.E.M.'],[325459],-0.7537270460453391,-0.05921099569300407,-0.019141769854015177,0.21249035343575703,-0.6689406473347608,0.5147567185481128,-0.16560915120841133
['R.E.M.'],[325459],-1.3575289487938966,-0.4890846842624133,0.12471333596903969,0.2727532538961905,0.1274583796442401,0.6291787080803249,-0.2786563456041983
['R.E.M.'],[325459],-1.1346801958861055,-0.026408746781801544,-0.03440189411438746,0.1706919659244101,0.058883564875118206,0.32016887126067534,-0.022845559372033024
['R.E.M.'],[325459],-1.282866214045397,-0.4290175579546716,0.027468783839907182,0.3675261837909873,-0.5957865878044859,0.6737727100403775,-0.19945745548270716
['R.E.M.'],[325459],-0.5218173075352373,0.3361246139914695,-0.16627097440184035,0.07520583147756074,0.19097751033672897,0.7996582858270068,-0.4560111621421364
['R.E.M.'],[325459],-0.21170746582069694,-0.1085656615293416,0.0007784839927480737,0.30483107247257024,-0.24944737184171967,0.7248835913523066,-0.539622740587606
['R.E.M.'],[325459],-1.1159520958479971,-0.27538971470351664,0.017585440252222934,0.11283667237267031,0.17914544205407154,0.6509113918015876,-0.1157329396166468
['R.E.M.'],[325459],-1.3212316712204433,-0.06679090372146647,0.10373936821718556,0.17462324451647307,-0.6055748672212099,0.8456709396993004,-0.30248217035733593
['R.E.M.'],[325459],-0.88115470356493,-0.21177288125628962,0.1556682981271288,0.016570698325244444,-0.6595385303051283,0.8520917061954448,-0.09977417448013234
['R.E.M.'],[325459],-1.2414949633345813,-0.4249282661519217,0.010007162743562328,0.256819157163486,-0.16038333195720014,0.6480446458540874,-0.20983240889712754
['R.E.M.'],[325459],-1.2353109450908155,-0.5703577622672741,0.0951675248563616,0.27850797402301813,0.12211590643363827,0.6550014258706797,-0.2236545459438241
['R.E.M.'],[325459],-1.1533862747456534,-0.4244077604739991,0.06532224164496347,0.2588633244315581,-0.4341926623120657,0.6921610884620925,-0.18175636938506343
['R.E.M.'],[325459],-0.9897025064073608,0.14034748016280044,0.13037314357889468,0.07108371248271127,-0.49772728859106585,0.5111665370914291,-0.13119546582390426
['R.E.M.'],[325459],-1.2490560376835091,-0.16747422369706455,-0.01563897260044025,0.23432989337132398,0.054314042219237996,0.7822106517902866,-0.46156559976402134
['R.E.M.'],[325459],-0.9554316771381457,-0.010014099118586056,-0.02600476219868898,0.03439191896898846,-0.04594857474221081,0.483714787050959,0.036859322181362314
['R.E.M.'],[325459],-1.0228211615676306,0.0529706437306995,0.010463849494675858,0.40599505650255013,-0.39316475387715766,0.7116512788394852,-0.5695160769535111
['R.E.M.'],[325459],-1.3203622278818308,-0.43114700662888145,0.013485351465898606,0.3925373824809701,-0.5907668447971096,0.6777144469590591,-0.21083484278258197
['R.E.M.'],[325459],-1.0554826933252608,-0.07554803162563946,-0.012474950541807708,0.10506640264103258,-0.46891203344277516,0.6734988133713306,-0.01761491579331428
['R.E.M.'],[325459],-0.9862292269086649,-0.36252582282841705,0.04027505299222736,0.17068595392936264,-0.017080303434814773,0.5321502413158451,-0.07088538374052233
['R.E.M.'],[325459],-1.3273322718293752,-0.12315024819143393,0.09672019394979126,0.19489287871365943,0.007026088773336533,0.5138214398197798,-0.264485684440662
['R.E.M.'],[325459],-1.1801127976219652,-0.37750823301386816,0.1550580750661669,0.13791016724236985,-0.16792577732481442,0.7637331227987167,-0.28145409992775794
['R.E.M.'],[325459],-0.7185188682974719,0.029144189061397915,0.00815120064893471,-0.00923356177935329,0.08698729097778779,0.24651191290000898,0.07283287821755767
['R.E.M.'],[325459],-1.2539079320304811,-0.22559702720231356,0.03040150006534968,0.2246497184052873,0.011740293705786099,0.541572224151898,-0.19783457921462258
['R.E.M.'],[325459],-1.1980822856477331,-0.3848295190247923,0.017939978677028595,0.18591449505825597,0.20237693915852845,0.6809664876874855,-0.2409747302234777
['R.E.M.'],[325459],-1.2883795339792545,-0.39885963407705494,-0.029128964991999663,0.3702387922871287,-0.7815719055295239,0.7086685476167968,-0.20540750944806235
['R.E.M.'],[325459],-0.9387505761199691,-0.35709638213022465,0.058945011931198936,0.22377129295943796,-0.025305944740434804,0.42500885635861424,-0.11004307133518361
['R.E.M.'],[325459],-1.1011153468395822,-0.3559975588179827,0.01642230865828899,0.2494967777731847,-0.17799694889723314,0.5909278753384735,-0.11559570076175799
['R.E.M.'],[325459],-1.2227118335626659,-0.074634203033682,-0.09025806734519205,0.18392506769007483,-0.6192361173047833,0.7790362453192557,-0.12322583195884419
['R.E.M.'],[325459],-1.2821516248051505,-0.3000942505914874,0.16802313129823637,0.31066100910353484,-0.6102075186716949,0.6688873762785641,-0.3200920356088258
['R.E.M.'],[325459],-0.9769597559103113,-0.007591751451572422,-0.07483604280646719,0.5046335481008531,-0.37018558393132417,0.7367037841159149,-0.6980757357215446
['R.E.M.'],[325459],-0.4738281770819554,-0.08688627748757716,-0.064995663129315,0.4632507503474812,-0.7562006649128358,0.8234910725790616,-0.5962955530509155
['R.E.M.'],[325459],-1.1838789751985639,-0.1671219065715851,-0.1367685907321671,0.4449467263272492,-0.05043820703143393,1.0548153281883466,-0.7116155756507345
['R.E.M.'],[325459],-1.1369685352075134,-0.012165728056863846,-0.07230811893503572,0.08205405326099485,-0.738060630200635,0.7550025629418112,-0.03961342235804245
['R.E.M.'],[325459],-0.6593892146216364,-0.1360982778422742,0.22452654734195138,0.04373344059198622,-0.24641495568244384,0.45131624343424603,-0.07309618322796514
['R.E.M.'],[325459],-0.9565533336137113,-0.309473448399157,0.03381436136800095,0.15704831176343978,-0.019006094128385696,0.5578042815435269,-0.08915544748669563
['R.E.M.'],[325459],-0.7417474102248596,-0.22642196161968628,-0.09555772974524454,0.38239270013884874,0.07670314149234317,0.874768248484706,-0.6626633892553138
['R.E.M.'],[325459],-1.2484412654871675,0.015807015998406525,-0.09747202570859488,0.004487619231538726,-0.013252346384050411,0.6676850159035527,-0.053942319776944324
['R.E.M.'],[325459],-1.09871087528844,-0.2432516963718847,0.028369460493710263,0.2077464444785382,-0.01868454563103016,0.4267337402439481,-0.156622986300746
['R.E.M.'],[325459],-1.1019510831616548,-0.6110205450606414,0.04197873217531314,0.3491697790938068,-0.15233864295008112,0.6615105033410655,-0.15156727115629381
['R.E.M.'],[325459],-1.0321543855940984,-0.5069440319334239,0.05013171475865155,0.16843704390051165,0.1767309540619083,0.6012687620302807,-0.1351961044866618
['R.E.M.'],[325459],-1.417807539665943,-0.08148595080510636,0.12808229999265866,0.10327466267212912,-0.16365854767959773,0.7254223898351975,-0.2618692532922613
['R.E.M.'],[325459],-1.2728841322711741,-0.2816506713967131,0.12016201890485399,0.12272988732093051,0.1046621538158778,0.6619227089921244,-0.28142641362435855
['R.E.M.'],[325459],-0.6945105331563239,-0.34548366039162015,0.10309535953799985,-0.00514738653961729,0.12848628541841087,0.5972060116050282,0.005905807700970806
['R.E.M.'],[325459],-1.0600800290048717,-0.25327055430560674,0.05841567246045225,0.13844381066725983,-0.017451121243249074,0.4963948692583114,-0.10683672408828405
['R.E.M.'],[325459],-1.3164282466342234,-0.05084734118770901,-0.01354048586091266,0.09258877448395268,-0.2673166666370158,0.7007353997595082,-0.11603918862631786
['R.E.M.'],[325459],-1.3627504664645869,0.0005039757775964261,-0.04943244641588484,0.16841797364770542,-0.6260299868212893,0.690620681623515,-0.1403822812624771
['R.E.M.'],[325459],-1.1410398802568058,-0.2819674076891308,-0.06433053037939962,0.2537780933908406,0.11481418585063886,0.6146896587872329,-0.24627426758351056
['R.E.M.'],[325459],-0.4419128853749178,-0.24093260494842736,0.27099264666716905,0.05972480797623122,-0.5410845304098325,0.41293784028564423,-0.04970254018301987
['R.E.M.'],[325459],-1.3462025545872123,-0.2070663853779178,0.052083512529310295,0.31733059409003034,-0.6016187419668081,0.6619944192694738,-0.31353746983536607
['R.E.M.'],[325459],-1.1956613088520354,-0.10418895047425518,-0.03941842067079312,0.3508319913783487,0.09966488046155117,0.9341997823085607,-0.6341996558043871
['R.E.M.'],[325459],-1.392327378794093,-0.2883646580434227,-0.00499769968367314,0.21485347244257225,-0.15053670554120654,0.710982070179925,-0.18510742186674317
['R.E.M.'],[325459],-0.8154241157948433,-0.37939174895936273,0.38200245536695054,0.030152063692770056,0.1467390648828088,0.5651478036536142,-0.20308260207736145
['R.E.M.'],[325459],-1.1917425212911656,-0.24441759368644636,0.11605949455489065,0.28099057956971246,-0.26391501494191777,0.5554458163534748,-0.13048698667205788
['R.E.M.'],[325459],-0.8292911917442073,-0.0753236819449481,0.045488721725640495,0.1401721798190289,-0.06297786240002237,0.28456986452629157,-0.02110077334641873
['R.E.M.'],[325459],-0.8988568927400272,-0.12358084346921074,-0.128170021312756,0.42419756852898194,0.10082260314029233,0.8720497827096708,-0.7827029322394283
['R.E.M.'],[325459],-0.9604909036504946,-0.30112099445060214,-0.019046266784949275,0.34938420919784957,-0.6484979911732077,0.48185768509013654,-0.09253181495255991
['R.E.M.'],[325459],-1.1602415909814967,-0.25654457660887026,0.06278586408384386,0.09585163959637953,-0.17213641285033932,0.7952657468739396,-0.18980990903661488
['R.E.M.'],[325459],-1.2821516248051505,-0.3000942505914874,0.16802313129823637,0.31066100910353484,-0.6102075186716949,0.6688873762785641,-0.3200920356088258
['R.E.M.'],[325459],-0.9198405721585042,-0.2057092465029963,0.06310591961005284,0.08522446098978646,-0.4807702627004022,0.7096751315122128,-0.07727194311411453
['R.E.M.'],[325459],-0.6475417080206116,-0.4873524714120657,0.17240313198846083,0.10533331317861701,-0.4912959200391894,0.6136215614073877,-0.03559384706248645
['R.E.M.'],[325459],-1.1916015925332102,-0.12513301323702494,-0.007123806880495749,0.2517442634507848,-0.28644737181344015,0.3997350869179626,-0.173138983955083
['R.E.M.'],[325459],-1.1558033333340478,-0.047744498200182076,0.021199452975014157,0.30593290951514385,0.06356898955542038,0.7756344241724418,-0.48435745965575105
['R.E.M.'],[325459],-1.2662991744969216,-0.21390463667831275,-0.011400344550961417,0.23027245340836583,-0.15426842436491758,0.681973901922203,-0.22861690119315106
['R.E.M.'],[325459],-1.25893474036092,0.30518809482612097,0.30403013376077415,0.028330836625704653,-0.03145677916623156,0.48257466352231626,-0.17512878474491483
['R.E.M.'],[325459],-1.1387025035520695,-0.20827110067033464,0.013760593803477638,0.16163311557722834,-0.011808856553573529,0.48437512857775883,-0.11480114859570226
['R.E.M.'],[325459],-0.6783660637683856,-0.49816040780554804,0.29878592787700886,0.026352282576866327,-0.03855306327980024,0.6255921579912178,-0.13112482669487924
['R.E.M.'],[325459],-0.7643460022018215,-0.15078309102145698,-0.10837714813749984,0.5931052812973634,-0.5358758653627986,0.8409103790702039,-0.7735695359514315
['R.E.M.'],[325459],-1.052338295285322,-0.3917590231543238,0.17069175116269547,0.24659292643461175,-0.4463456030883072,0.6053975421114345,-0.16829807722663057
['R.E.M.'],[325459],-0.8230344495078125,-0.10657546289399547,-0.009128596108937995,0.34553075275859096,0.08333119280556778,0.9234831880817737,-0.7540823047586357
['R.E.M.'],[325459],-0.8628391835842849,-0.23940372613359345,-0.059055044580173174,0.33069475173132085,-0.14912464956317525,0.7009217614943014,-0.3921528138537475
['R.E.M.'],[325459],-1.3124160018649338,-0.19606646828183452,-0.1107353935976113,0.1349848014711851,-0.4247354833065973,0.8877606126856377,-0.07026709904575153
['R.E.M.'],[325459],-1.3023773313804572,-0.15249663189045135,0.1642503289565186,0.3586236319824486,-0.5166911676126236,0.5595535215294242,-0.3129327402983737
['R.E.M.'],[325459],-0.4362321183361178,0.22267863488334805,0.07267617262968362,0.24080509777251527,-0.16115881401901,0.6999541818253643,-0.7807334778343394
['R.E.M.'],[325459],-1.304642221365669,-0.05554598838435003,-0.018994538927142385,0.2736859440636562,-0.618107328467657,0.6277602067819945,-0.13990172967094217
['R.E.M.'],[325459],-0.9637001199017339,-0.10446353875215343,-0.04552996403132245,0.034331668110551786,-0.5699553727199483,0.7861784042548755,-0.0016279971648272024
['R.E.M.'],[325459],-1.3325338658749672,-0.15149925184508875,0.14017396611757055,0.10005374291318063,-0.16411019612701974,0.780268870231903,-0.26023081809021714
['R.E.M.'],[325459],-0.9684099172601125,-0.2872274388622763,-0.029620380234593267,0.339427114626197,-0.6245531058338658,0.638703288016724,-0.212415807326548
['R.E.M.'],[325459],-1.2411949336202421,-0.051842974547896395,-0.01586411987009082,0.17560041658666997,-0.6304819248292033,0.7112119023388963,-0.14754592749320586
['R.E.M.'],[325459],-0.9371590967902134,0.02566173944311417,-0.055376800520341864,0.2452046509435191,-0.660444145370986,0.454122929987123,-0.18869698913213376
['R.E.M.'],[325459],-1.191763320659626,-0.35165563692072677,0.19351242161607363,0.16326235070091719,0.005944459768374067,0.6058564536773057,-0.2626255225702375
['R.E.M.'],[325459],-1.3531259118994754,-0.2888126177996311,0.09346309928583404,0.20969742912511852,0.026394387282368523,0.6430589295245633,-0.2261662600951294
['R.E.M.'],[325459],-0.6162425185612965,0.050568214773373615,0.0426512450701915,-0.19089983636695687,-0.08258746097016319,0.5870514231341224,0.1447997492097621
['R.E.M.'],[325459],-1.032808268119396,-0.4656059313033185,0.07312780082124179,0.28213083177760245,-0.6246217355124399,0.6423054738205676,-0.11444135454046811
['R.E.M.'],[325459],-1.0740989878080835,0.04769635321425863,0.003960404744950008,0.32131416914944405,-0.7510703978031793,0.34048178442756627,-0.0941590874864991
['R.E.M.'],[325459],-1.0168861018159694,0.11573450654495114,0.03104609026263445,0.21517297325619927,-0.7689502765618149,0.36924197848089063,-0.08536692654243576
['R.E.M.'],[325459],-1.1015610552914523,-0.025990303782823774,-0.046404597671265736,0.041241904969151116,-0.20327030088928627,0.6355424363692777,0.018515425271553677
['R.E.M.'],[325459],-1.3602355356839315,-0.17584774748827717,-0.11866521689562042,0.14409706189474067,-0.4216748242166313,0.870677676350709,-0.0743689605116842
['R.E.M.'],[325459],-1.2636379862321847,-0.10080783833029727,0.13849085165829983,0.15996006979214886,-0.00826332805150033,0.4790183806372868,-0.22228570416673937
['R.E.M.'],[325459],-1.0750742815940821,-0.5952610168213196,0.10546742564202649,0.24612317314317006,-0.16448450622473712,0.6546574324805098,-0.20876781293305902
['R.E.M.'],[325459],-1.282866214045397,-0.4290175579546716,0.027468783839907182,0.3675261837909873,-0.5957865878044859,0.6737727100403775,-0.19945745548270716
['R.E.M.'],[325459],-1.3462025545872123,-0.2070663853779178,0.052083512529310295,0.31733059409003034,-0.6016187419668081,0.6619944192694738,-0.31353746983536607
['R.E.M.'],[325459],-0.49228855578747915,-0.20047419438964267,0.13474861639336522,0.03181384589478515,-0.08809537038907475,0.3148158244046444,0.04851205249744887
['R.E.M.'],[325459],-1.0209338136670494,-0.41659292144160504,0.1485668433616134,0.26140795418903756,-0.4470676109763193,0.6154737666715038,-0.15151955953976476
['R.E.M.'],[325459],-1.1565573877292,-0.25924482754946365,-0.016307247296328896,0.16390816165305128,-0.16829991539025696,0.7484884622877195,-0.17099580341672072
['R.E.M.'],[325459],-1.1859958551517582,-0.2754158172161815,0.04093623544386041,0.33388418562957006,-0.6217652909718719,0.5981529620944555,-0.1765734085622754
['R.E.M.'],[325459],-0.6017057680810917,-0.4972222993028304,0.1735878143757994,0.10419626798440049,-0.49480180416223196,0.6154239233343219,-0.018675592958617506
['R.E.M.'],[325459],-1.2035173043294003,-0.15841285035858593,0.049105056434315994,0.1277334930456362,0.16294784536197218,0.43183816033350825,-0.17093249505069294
['R.E.M.'],[325459],-1.1382078280079058,-0.30793691211098856,0.08561335388855426,0.28427464759863114,-0.6225670496222804,0.6649973862371044,-0.2671360268297847
['R.E.M.'],[325459],-0.848773890878793,-0.06660535198084366,0.07614664100028776,0.12509472514865635,-0.49963536816969006,0.5103813484844512,0.006612761490303319
['R.E.M.'],[325459],-1.1201019863979484,-0.10028290961893488,0.10320460973562492,0.26763475405762627,0.030992121663621384,0.5791553180105102,-0.5340079584373094
['R.E.M.'],[325459],-1.0300667504414998,-0.28628178596045845,0.09737631528190753,0.21212310114544128,0.006472842235490371,0.6227186910289513,-0.22002618061584003
['R.E.M.'],[325459],-1.290898850163282,-0.12370375593952451,0.0166177808991595,0.2189547664037686,-0.40958033119045745,0.8126677830951723,-0.3503718209729893
['R.E.M.'],[325459],-1.4059629394444908,-0.03473292389052258,-0.01833390008836294,0.10439441114822248,-0.4302790980869139,0.824131375374556,-0.11344526891969371
['R.E.M.'],[325459],-0.8335954964974145,-0.10348066840073053,0.036894162485183304,0.023005488927332084,-0.0580118872309867,0.4638133737195124,0.03532822125293714
['R.E.M.'],[325459],-1.1029878783057194,0.046297743379486514,-0.19851345281030194,0.42901180418943274,-0.33126750756279205,1.0627183312216393,-0.7357949196428126
['R.E.M.'],[325459],-1.261308984697939,-0.39109580557008145,-0.001242265761770828,0.2097556712843643,-0.1532881126218763,0.7729131442040617,-0.1726856606161207
['R.E.M.'],[325459],-1.058506988940548,-0.4199362441230316,0.12885983404164672,0.14160072418119185,-0.1707462201947789,0.7921019357502121,-0.16826600582916101
['R.E.M.'],[325459],-1.2358489828370554,-0.23769772210132775,-0.004901128163398533,0.31145626205841936,-0.6179560334286115,0.6265007742554245,-0.19685537481417825
['R.E.M.'],[325459],-1.0884955000812893,-0.17951332148621482,0.02886040828803103,0.24825223526294354,-0.646949057160582,0.5464684587512506,-0.1437491830565446
['R.E.M.'],[325459],-1.1484805441716588,-0.34150400187110647,0.028666275510159808,0.1945473234902693,0.0008893546969135359,0.5866292405138047,-0.1635057056840275
['R.E.M.'],[325459],-1.1859958551517582,-0.2754158172161815,0.04093623544386041,0.33388418562957006,-0.6217652909718719,0.5981529620944555,-0.1765734085622754
['R.E.M.'],[325459],-1.2311995255438588,-0.5148082029408453,-0.0019399799135064839,0.25637844338339916,0.025378048503211674,0.660934465575653,-0.1888641686230044
['R.E.M.'],[325459],-1.329395014620443,-0.329145617440806,0.1429456771922756,0.3594065430490269,-0.5980282887001496,0.6604975526612552,-0.282119280166109
['R.E.M.'],[325459],-1.0905567950150494,-0.35360573526016537,0.04099366749514861,0.15011650292650314,0.0006011195201870501,0.6790843047006082,-0.1412213716971874
['R.E.M.'],[325459],-1.1711567899327568,-0.23504731595229708,-0.0068697755430967246,0.21475243549175063,-0.41982661728477905,0.8399027505149491,-0.2685120301945297
['R.E.M.'],[325459],-1.0750742815940821,-0.5952610168213196,0.10546742564202649,0.24612317314317006,-0.16448450622473712,0.6546574324805098,-0.20876781293305902
['R.E.M.'],[325459],-1.191763320659626,-0.35165563692072677,0.19351242161607363,0.16326235070091719,0.005944459768374067,0.6058564536773057,-0.2626255225702375
['R.E.M.'],[325459],-1.3023773313804572,-0.15249663189045135,0.1642503289565186,0.3586236319824486,-0.5166911676126236,0.5595535215294242,-0.3129327402983737
['R.E.M.'],[325459],-1.0712543955485514,-0.19596819472825777,-0.036953895741603564,0.12055860821328204,-0.4606184979480752,0.7359288442093117,-0.013210519510289634
['R.E.M.'],[325459],-1.3042405668424184,-0.020359976894580776,0.11501229697504205,0.062281800395571574,0.004813868098905247,0.683597517745005,-0.25983826290902473
['R.E.M.'],[325459],-0.6250894416309316,-0.5571878442899514,0.2560468885566669,0.0418313676579424,0.14111716503287272,0.6220765082618324,-0.08738321935403925
['R.E.M.'],[325459],-0.9967481156294509,-0.3423996534574179,0.10516433037249118,0.2663881181356367,-0.275793033951479,0.5945612245943284,-0.07395668952761794
['R.E.M.'],[325459],-1.1897076590998255,-0.26216136294243536,0.19264946981679607,0.345128123302067,-0.5369036080172032,0.5174411394306748,-0.34350941610027813
['R.E.M.'],[325459],-1.3556396539645519,0.05435585343921052,0.09093687158370987,0.17644291800681844,-0.803568462166583,0.7379072657886874,-0.19366942268903697
['R.E.M.'],[325459],-1.1011153468395822,-0.3559975588179827,0.01642230865828899,0.2494967777731847,-0.17799694889723314,0.5909278753384735,-0.11559570076175799
['R.E.M.'],[325459],-0.8156832893298199,-0.17285603593326093,0.1540418503418676,0.18664270594034496,-0.5127305652683376,0.28996103015715685,-0.14826085763945832
['R.E.M.'],[325459],-1.0828598116600663,-0.3429869184227051,0.014831350437454425,0.16782777393760323,0.10306929396277026,0.711948078395886,-0.17636516880826167
['R.E.M.'],[325459],-0.9445692118900948,-0.20708879347670325,-0.04673970935320589,0.29394722355269604,0.06084164588088017,0.8559789949278751,-0.4452808747403237
['R.E.M.'],[325459],-1.2654395233151599,-0.23445972343156019,0.012664594299270814,0.1358910069576614,0.1851134093127559,0.5791345219705796,-0.16391737383133817
['R.E.M.'],[325459],-1.1669830702121653,-0.08044208886557751,0.035125891403597,0.09972103208935584,-0.45843147505691967,0.6877296689557781,-0.05642487997183216
['R.E.M.'],[325459],-1.056433917944958,-0.2704080560572414,-0.02482628142095748,0.2504774376162166,-0.15177724715229823,0.7540354772327784,-0.27651262806990484
['R.E.M.'],[325459],-1.1077536663393537,-0.1768176326366332,0.033886442532468176,0.04208027537888261,-0.27669726062947897,0.7743215687374847,-0.10185563528334177
['R.E.M.'],[325459],-1.2979278202344484,-0.05563593102160331,0.07728483820773395,0.18796950678058005,-0.798382395781402,0.8037415236220432,-0.19232407893711817
['R.E.M.'],[325459],-0.9198405721585042,-0.2057092465029963,0.06310591961005284,0.08522446098978646,-0.4807702627004022,0.7096751315122128,-0.07727194311411453
['R.E.M.'],[325459],-1.2227118335626659,-0.074634203033682,-0.09025806734519205,0.18392506769007483,-0.6192361173047833,0.7790362453192557,-0.12322583195884419
['R.E.M.'],[325459],-0.5181444404962252,-0.07743874758741824,0.07463335690576717,0.1034631491341484,-0.5526460818001279,0.26074056297033577,0.04022477750891055
['R.E.M.'],[325459],-0.9561770662888764,-0.043456199011999076,0.11781436056700936,0.14795426947065965,-0.4887061885958389,0.5192275644149604,-0.056973573559031716
['R.E.M.'],[325459],-0.8690688698998271,-0.16697490693827746,-0.06562088551771435,0.4686712236894035,-0.3927368105202907,0.7213799016805406,-0.4204409787701958
['R.E.M.'],[325459],-1.194717593580781,-0.46643730378219,0.0895800122216487,0.2668176412128328,0.020759182274543448,0.5691279419654159,-0.2381624858359011
['R.E.M.'],[325459],-0.9984711790806403,0.049023044225281684,0.060609140336657326,-0.07088802944953647,0.1372891915477112,0.5753294773579983,-0.02118736898229385
['R.E.M.'],[325459],-1.1692398747453967,-0.14639789406724632,0.008756764148590177,0.321008068199258,-0.6007114849482494,0.7609553167147064,-0.19797381963014046
['R.E.M.'],[325459],-1.2649104184550248,-0.350031314587685,0.10814460494693906,0.1738532158221645,-0.1559282020563029,0.7495322038685459,-0.22452017005391584
['R.E.M.'],[325459],-0.8199924306027941,-0.05434884865060384,0.20694761590727165,0.04456115124804208,-0.23834716047275747,0.40647568536104184,-0.11065226559733085
['R.E.M.'],[325459],-1.3167494169923906,-0.1859830735000761,0.10780516554626261,0.2859218604900289,-0.618435576880131,0.6003825969183804,-0.3068228265886914
['R.E.M.'],[325459],-0.8730740021498031,-0.3874836623574109,0.09671567168107767,0.09992712888222229,-0.02527153237532611,0.573800342545894,-0.07808480341823348
['R.E.M.'],[325459],-1.0325876389417523,-0.2534196088881777,0.022215520718482085,0.21929377315631576,-0.022642287000185037,0.3971328960914464,-0.05011604364863518
['R.E.M.'],[325459],-0.8699257503970467,-0.057306167389332856,0.09191058383075433,0.004040202139973729,-0.5084359919484752,0.5846146442460571,-0.07403444437606965
['R.E.M.'],[325459],-1.185977660669013,-0.07973048280195211,0.01993375970826009,0.23473212510223576,-0.4662733879573952,0.46936643858305227,-0.13116254991698176
['R.E.M.'],[325459],-0.9686301167038391,0.14123479696659993,-0.00737255817929034,0.2579404451735155,0.05443833338143624,0.8109870560020644,-0.541507445673698
['R.E.M.'],[325459],-1.3056457309442981,-0.12635708563203882,-0.03137593119675657,0.23577801660250755,-0.615008930167978,0.7110525196985729,-0.17506316278012157
['R.E.M.'],[325459],-0.7205344275684071,-0.5675973309486257,0.16273584258095466,0.20166218406839687,-0.28378858778316174,0.6409003880768933,-0.14299709080272455
['R.E.M.'],[325459],-1.1986536778721912,-0.3517283968419715,0.036239380443481385,0.42030005464272047,-0.7932660428250655,0.5884497193972079,-0.30670492082564804
['R.E.M.'],[325459],-1.332872747894046,-0.2186727619371464,0.08490573332651623,0.17759617365413558,-0.3350511155102311,0.7932092109890104,-0.26484029416491456
['R.E.M.'],[325459],-1.3801539248954544,-0.12996639134564192,0.08793361408582724,0.22383928945983445,-0.5183122967052738,0.7186056711372198,-0.24389178754844482
['R.E.M.'],[325459],-1.2777723829229952,-0.21732570841781942,-0.031005942103015677,0.2500221731389412,-0.14764704042253132,0.6833279379865486,-0.2694496281602624
['R.E.M.'],[325459],-1.2792347632057754,-0.09663472401970136,-0.046018223451941516,0.17387507406202915,-0.6241353019969177,0.7464074270033852,-0.14442106252450893
['R.E.M.'],[325459],-1.2311995255438588,-0.5148082029408453,-0.0019399799135064839,0.25637844338339916,0.025378048503211674,0.660934465575653,-0.1888641686230044
['R.E.M.'],[325459],0.06702665732249816,0.04020875866711789,-0.01418529820730847,-0.09324884750545917,0.15483478712643486,0.9170706823091185,-0.3163730471136169
['R.E.M.'],[325459],-1.319337138311351,-0.3605526839444539,0.015999979352258078,0.353297140588906,-0.4191405399400358,0.6259675894940306,-0.22219771923217604
"['Randy Travis', 'George Jones']","[396676, 944310]",-0.5775698074867178,-0.4074021490925659,0.44046966036852414,0.15609001751329643,-0.7688744691322019,0.6279999325698492,-0.1719938801775813
['Ray Charles'],[46861],-0.3498830849654783,-0.14329115028836786,0.5393461853728798,0.06905502924368376,-0.8157020359875575,0.47005100157152196,-0.1535817532572281
['Ray Charles'],[46861],-0.9185332357057088,-0.1128128056434475,0.7713599704594574,0.16526912265763205,-0.7384193725395103,0.8153641281052518,-0.2500070184374963
['Ray Charles'],[46861],-0.33832470388611924,-0.4213212946922535,0.17801354782894177,0.00018165981243323202,-0.18853256172330468,0.3675778297081499,0.06174255137220572
['Ray Charles'],[46861],-0.2397354683370192,-0.16281909777860537,0.12357970630526999,0.10302187218898926,-0.21297876501697474,1.2722386385251931,-0.5571742675136222
['Ray Charles'],[46861],-0.1548485480741401,-0.47480050750011416,0.13940209187291253,0.28917905280752365,0.07414266511582161,0.5462459211282708,-0.3001208004422199
['Ray Charles'],[46861],-0.8094879324357009,0.2350878127940624,0.3429834363690367,0.28787479429851476,-0.45246591021935423,1.1675822953199084,-0.887553637267054
['Ray Charles'],[46861],0.14103902300526774,-0.09722357013976146,0.034155651004785036,0.26870007508475713,-0.7311711299186757,0.8271640041981346,-0.4525952529530595
['Ray Charles'],[46861],-0.5516476663464565,-0.5558212011120885,0.12087809063959998,0.2228172449362587,-0.26681841793943306,0.7637043462116876,-0.2147692588697548
['Ray Charles'],[46861],-0.16107222545948235,-0.34527182167059706,0.05369009155124549,0.29284787982248395,-0.3101139426904467,1.0509134856745148,-0.5387144658090127
['Ray Charles'],[46861],-0.8549311434971797,-0.36960234518495644,0.2880150264819768,-0.08296427413840933,-0.5584877941386742,0.9576875049351419,-0.1420936012250666
['Ray Charles'],[46861],-0.5205810743550986,-0.32288601024255276,0.2265904219684696,-0.15005677871238393,-0.33837204594798653,0.7686965699983936,0.04833531859564892
['Ray Charles'],[46861],-0.7731324161915342,-0.5190095806548906,0.8150592943828048,-0.006574494353626984,0.07771807117808716,0.8075843033959229,-0.3698561967546513
['Ray Charles'],[46861],-0.8655153909363573,-0.24326146476664848,0.44516564750381615,-0.050576422603658105,-0.6543865847609961,0.9063358317578905,-0.20570265141317415
['Ray Charles'],[46861],-0.22088090169845215,-0.37601869714868436,0.2355349581807462,-0.0832249003472763,-0.029553776050732134,0.3117266233677322,0.021952007845574856
['Ray Charles'],[46861],-0.21658980420406884,-0.43996241504486383,0.006786025394665641,0.31891995221210506,-0.2042502221921471,1.0817353768451057,-0.6607871782915258
['Ray Charles'],[46861],-0.8239303760694777,0.0869130118830631,0.46897679086994526,0.16846188801312517,0.21920787459062072,0.8450402990526936,-0.7115993458981236
['Ray Charles'],[46861],-0.42723991464620337,-0.14022378867535024,0.42101213022529244,-0.1406073450151271,-0.19127231357695418,0.4862840971246628,-0.0530159950907384
['Ray Charles'],[46861],-0.5623758592097201,-0.023225711399345737,0.0704920497135792,-0.18387179712105764,-0.3608133276105614,0.6291279641759311,0.15074385923445194
['Ray Charles'],[46861],-0.4068926494423193,-0.4381604222114605,0.18522641548928348,0.03538421932834694,-0.17255705197760535,0.3924065024133797,0.013847786012822837
['Ray Charles'],[46861],-0.3176972029153426,-0.3399295057128134,0.2365114124745343,0.03122214208751798,-0.645797291189068,0.3792972247635994,-0.03697745549379612
['Ray Charles'],[46861],-0.19090662152087587,-0.425762321348601,0.2331375005159702,-0.08004424636807249,0.05922637404569541,0.2984436975013264,0.05134415756984084
['Ray Charles'],[46861],-0.35115050153250227,-0.6425351866413821,0.3359452779217959,0.127056644871556,-0.3365563182960901,0.5064127138919282,0.04124912206194976
['Ray Charles'],[46861],-0.6291294057113785,-0.39973639867805655,0.37292013860649365,0.13955131863976736,0.1270870992516983,0.3966391184352281,-0.22248663290735743
['Ray Charles'],[46861],-1.0044945639471627,-0.29798740584923167,0.17687385434657898,0.1030249191384978,-0.5513805962359587,0.7807352639172325,-0.13416326320500527
['Ray Charles'],[46861],-0.22758813278788995,-0.5693992444666628,0.2989928275048693,-0.04491322432935671,0.08248595280034439,0.4133445604720964,0.01338267656736794
['Ray Charles'],[46861],-0.4431492540624727,-0.5445678337700187,0.22621728438793803,0.07947845963235357,-0.611400686502493,0.550043865694341,-0.08013412624374121
['Ray Charles'],[46861],-0.5965083437748806,-0.5151790435062329,0.265865564618814,0.12768551874374823,-0.22153394165723025,0.5884972878225206,-0.04738004158324772
['Ray Charles'],[46861],-0.360147961932637,-0.3770176638325765,0.19275357260436576,0.035331351855553736,-0.5400341390446729,0.4721916165298202,0.08378120177209747
['Ray Charles'],[46861],-0.29144501524257554,-0.21954798717264276,0.16403521776455532,-0.12833358999184244,-0.6459067383554908,0.6111380609406889,0.11695327038855655
['Ray Charles'],[46861],-0.6734891598018784,-0.4523705602192544,0.14845165773107374,0.08257892126603306,-0.49715807916881705,0.6167382316380302,-0.038526567757395755
['Ray Charles'],[46861],-0.48083239490631186,-0.4372033137463456,0.15713805556134425,0.16092016424046263,-0.7911602328890255,0.47637988987501706,-0.01925617458420632
['Ray Charles'],[46861],-0.8956640774008487,-0.36614781413367065,0.3376062822149589,0.01966085069021018,-0.6375640109404721,0.9515457434993881,0.007308429691943242
['Ray Charles'],[46861],-0.7358861431076789,-0.5735331392625773,0.34214858223148936,0.20655276551895255,-0.30266755605275086,0.48717060233099213,-0.11527889826745079
['Ray Charles'],[46861],-1.2634851992778275,-0.44521187551683555,0.055708864620586,0.2273292021849724,-0.5099848982626083,0.7812781712482987,-0.18267947569538767
['Ray Charles'],[46861],-0.4119839834171065,-0.4416455585920139,0.1949983863612684,-0.09512717786073553,0.009906881606807897,0.5526929183775764,0.10612354167456149
['Ray Charles'],[46861],-0.8063561141364789,-0.6472999377254164,0.1940379105534886,0.07037750960127011,-0.2774654533407739,0.8130198570296694,-0.08337407734671211
['Ray Charles'],[46861],-0.8160510392238715,-0.5267561731792634,0.24314570570559718,0.13963967190068774,-0.2017702101849868,0.5610054540539579,-0.17148767147961183
['Ray Charles'],[46861],-0.42723991464620337,-0.14022378867535024,0.42101213022529244,-0.1406073450151271,-0.19127231357695418,0.4862840971246628,-0.0530159950907384
['Ray Charles'],[46861],-0.33832470388611924,-0.4213212946922535,0.17801354782894177,0.00018165981243323202,-0.18853256172330468,0.3675778297081499,0.06174255137220572
['Ray Charles'],[46861],-0.26575661784404153,-0.007960857244706491,0.06391924980559861,0.15747887180754092,-0.24073052720922172,0.9418646233503295,-0.6362319798617084
['Ray Charles'],[46861],-0.34945910516744716,-0.4824052023040834,0.21120944887668788,-0.06024429370240321,-0.17239868905737699,0.5621536383563507,0.11636895151289026
['Ray Charles'],[46861],-1.0193645206843491,-0.5559638850220457,0.33857957805882805,0.38259387940845735,-0.7033415408090994,0.7476125372586223,-0.08478618043906952
['Ray Charles'],[46861],-0.5827497791805575,-0.552028262275544,0.15349165943106677,0.11366405276619654,-0.7629915062188685,0.694750438257876,0.03402686881445478
['Ray Charles'],[46861],-0.4918023901458384,-0.6901122751717658,0.23186812457628952,0.1046708682845662,0.03154302628683403,0.4301025988337075,-0.041317704532409134
['Ray Charles'],[46861],-0.7965348038975111,-0.6483944128233942,0.2024740493402659,0.16175637826591174,-0.6338024228639519,0.8310788411008916,-0.0985403674345062
['Ray Charles'],[46861],-0.40972141703497333,-0.5497719179718872,0.19976854062953206,-0.024651858520076137,-0.25071421620332596,0.5970696994970047,0.07681673891638323
['Ray Charles'],[46861],-0.7535574907613524,-0.8139569010099024,0.23671033926727728,0.2574141757464794,-0.3667305319140935,0.6148867067639784,-0.16798199405213793
['Ray Charles'],[46861],-0.7899540030906719,-0.3713966376563595,0.6452318181709192,0.1453620212906393,-0.4803093421240778,0.6589562571681652,-0.19929625675024587
['Ray Charles'],[46861],-0.5094562057933913,-0.7039425215504219,0.230465826032738,0.045307718072699,0.13648630148841404,0.6134167552525267,0.06478684182000183
['Ray Charles'],[46861],-0.6474800042692197,-0.40558584448225127,0.5466146634703518,-0.1691562759283362,-0.2170846208471502,0.9584697440933413,-0.18829763310043626
['Ray Charles'],[46861],-0.29144501524257554,-0.21954798717264276,0.16403521776455532,-0.12833358999184244,-0.6459067383554908,0.6111380609406889,0.11695327038855655
['Ray Charles'],[46861],-0.6844605446864321,-0.8351127660800596,0.26282634650154596,0.09130958794837081,0.16841047490324992,0.7531800044799039,-0.054430114087876666
['Ray Charles'],[46861],-0.6728042457647918,-0.37060946624295726,0.011790311745373377,0.32733552460882853,0.22616296988164228,0.7520432897357175,-0.4237255522030616
['Ray Charles'],[46861],-0.6114281085452263,-0.7165871084249674,0.23527139754929874,0.10022732499553001,-0.7417356976725199,0.8761815264721069,-0.08289604450228819
['Ray Charles'],[46861],-0.8708933909638878,-0.5300798812819869,0.32189172667230886,0.18522709728255798,-0.10807748087709065,0.5090159651362465,-0.25221981310052893
['Ray Charles'],[46861],-0.562976620476243,-0.44268808655283837,0.3528752021913901,0.1322906784257457,-0.6910933542993463,0.516597835954207,-0.18056658009626375
['Ray Charles'],[46861],-0.40302718498769013,-0.3451865425170109,0.1746267126044727,-0.16786875814820396,-0.16951183570457182,0.7023896919808904,0.177106104860056
['Ray Charles'],[46861],-0.6185425532360326,-0.7401711001243089,0.3463542466141642,0.09932480348460555,0.05892548509516184,0.6111749657752698,-0.07155723010512503
['Ray Charles'],[46861],-0.7694286301017619,-0.760905304496014,0.21087195318652552,0.24226054257913354,-0.5448061455919666,0.6996608990258534,-0.13257884819484847
['Ray Charles'],[46861],-0.4143820143116003,-0.4523147170779982,0.17777335492226598,-0.0988122897985008,-0.16691441702613352,0.6291657724297154,0.09516706877774708
['Ray Charles'],[46861],-0.5623758592097201,-0.023225711399345737,0.0704920497135792,-0.18387179712105764,-0.3608133276105614,0.6291279641759311,0.15074385923445194
['Ray Charles'],[46861],-0.4302119321246574,-0.4322326199296572,0.19915412795397827,-0.052832637967237785,0.09203734207871443,0.4069725558359287,0.030243451989667155
['Ray Charles'],[46861],-0.49368675109042964,-0.7583759920702671,0.2815013384093711,0.023767642114457067,0.13733750899273772,0.6590555915293694,0.03421780131352129
['Ray Charles'],[46861],-0.6193751139499788,-0.5450143872421817,0.5342731012359102,0.004819571174905241,0.06001423902784521,0.8344795839487819,0.13172743543305807
['Ray Charles'],[46861],-0.3176972029153426,-0.3399295057128134,0.2365114124745343,0.03122214208751798,-0.645797291189068,0.3792972247635994,-0.03697745549379612
['Ray Charles'],[46861],-0.312476572780748,-0.4363237156986385,0.2367745404498785,-0.03986472160377295,-0.3599318572713726,0.5244315927914787,0.0931297754540177
['Ray Charles'],[46861],-0.6734891598018784,-0.4523705602192544,0.14845165773107374,0.08257892126603306,-0.49715807916881705,0.6167382316380302,-0.038526567757395755
['Ray Charles'],[46861],-1.0044945639471627,-0.29798740584923167,0.17687385434657898,0.1030249191384978,-0.5513805962359587,0.7807352639172325,-0.13416326320500527
['Ray Charles'],[46861],-0.7984935477493003,-0.4170779570073465,0.10762844662290105,-0.046033105357128075,-0.5607536404650901,0.9463795918996875,0.04690530888742773
['Ray Charles'],[46861],-0.5907312283330527,-0.7042145299909789,0.24290980271469034,0.10840569391929678,-0.1313938584449618,0.5466477820949507,-0.11595098941573609
['Ray Charles'],[46861],-0.39893962486385515,-0.2406867340189249,0.31521299150616644,-0.03248632628110651,-0.36974590258421786,0.4098620839837913,-0.06961673218220744
['Ray Charles'],[46861],-0.7772204961246741,-0.6478107126072062,0.3382825998162988,0.10280092174096342,-0.544362942574837,0.8891358815795906,-0.16285904090273068
['Ray Charles'],[46861],-0.36989837169851925,-0.45620406174572226,0.19954971276162753,-0.08146798100540663,-0.16909318853572883,0.6057915772168762,0.1273972306707702
['Ray Charles'],[46861],-0.34718177919998283,-0.4316137357184372,0.18934974119571765,-0.06459796212674362,-0.7920062876090225,0.822311993580176,0.1680173457082129
['Ray Charles'],[46861],0.006487835663006508,-0.1255568754069612,2.2580008791150924e-06,0.03461848514312253,0.19316477851091335,1.0398088172141433,-0.34098335413252046
['Ray Charles'],[46861],-0.4950763532188201,-0.43551604523658494,0.2663222830606804,0.09129207671613895,-0.5243403378209915,0.4719301637386666,-0.08218755184857766
['Ray Charles'],[46861],-0.7073876016684493,-0.493755164442259,0.5355596832038794,0.164215979202847,-0.30349238173296356,0.543210246033089,-0.32232275601013266
['Ray Charles'],[46861],-0.6943738965622231,-0.7097025248760768,0.2193061810050767,0.19484562742008077,-0.7328221061521111,0.8079587677525562,-0.11197811376060188
['Ray Charles'],[46861],-0.34567900993603834,-0.47454145078539034,0.20414893766440775,0.1254541314709888,-0.8076736480316989,0.42734946300162446,0.014206598508769722
['Ray Charles'],[46861],-0.4723995083821484,-0.5681502262885002,0.20567573065897837,0.016598814046198816,-0.06403474441518786,0.5360852788499982,0.05828853579172305
['Ray Charles'],[46861],-0.5527383926109168,-0.7207922166561956,0.29996761135369204,0.061261057813997245,-0.4795688959053165,0.8280890161980311,-0.09868748907817734
['Ray Charles'],[46861],-0.22088090169845215,-0.37601869714868436,0.2355349581807462,-0.0832249003472763,-0.029553776050732134,0.3117266233677322,0.021952007845574856
['Ray Charles'],[46861],-0.360147961932637,-0.3770176638325765,0.19275357260436576,0.035331351855553736,-0.5400341390446729,0.4721916165298202,0.08378120177209747
['Ray Charles'],[46861],-0.161963436258206,-0.21925626820887356,0.13522025111516112,0.14717562320126723,0.18692075424783475,0.7763010901119874,-0.39761234100080106
['Ray Charles'],[46861],-0.836323350677861,-0.14634670880913575,0.8768943030332976,0.14478517743207894,-0.6504555099538296,0.7660379449157448,-0.2739292469950151
['Ray Charles'],[46861],-0.8883319793278317,-0.4938409080174081,0.14884207346333556,-0.11750277516214935,0.08223353212697909,0.9511572539620111,-0.01719927857250166
['Ray Charles'],[46861],-0.5494140164619368,-0.5759540269556451,0.18577120353420223,0.13483795217340347,-0.41666803740238195,0.5043262396222655,-0.054335436819025945
['Ray Charles'],[46861],-0.7063594371958384,-0.6272600361155156,0.32502456386776146,0.25232989122653676,-0.5678847450919925,0.6158454581376807,-0.10109689204829335
['Ray Charles'],[46861],-0.5820201944504464,-0.6271923562573337,0.36673392483475103,-0.028559279966650766,0.04607040872234197,0.673630410737601,-0.16673325602147637
['Ray Charles'],[46861],-0.48083239490631186,-0.4372033137463456,0.15713805556134425,0.16092016424046263,-0.7911602328890255,0.47637988987501706,-0.01925617458420632
['Ray Charles'],[46861],-0.37578120392239456,-0.1773540026297216,0.28814485974042786,-0.08074591786535207,-0.37347793723338096,0.4821280129701237,0.02099881655090982
['Ray Charles'],[46861],-0.6618753766781726,-0.5321321758200316,0.2445814717627235,-0.021574530602806345,0.13182182121374705,0.5595740881355059,-0.09122682579991609
['Ray Charles'],[46861],-0.7899540030906719,-0.3713966376563595,0.6452318181709192,0.1453620212906393,-0.4803093421240778,0.6589562571681652,-0.19929625675024587
['Ray Charles'],[46861],-0.33873128403588415,-0.4087428519343689,0.2360199996989548,-0.127285159072777,-0.004912720640219071,0.5082866462315322,0.04312158429965918
['Ray Charles'],[46861],-0.2580920134548451,-0.5328878547361094,0.2527734803650409,0.07312046505955742,-0.4542911768102172,0.39848617221948684,0.03128274656460286
['Red Hot Chili Peppers'],[883318],-1.23436966540717,-0.19893756062152518,-0.008775148657447043,0.4734889981274319,-0.28425660672652825,0.7014525844219418,-0.5652874377476641
['Red Hot Chili Peppers'],[883318],-1.3401698428855047,-0.683479073808052,0.09385081274290678,0.5208542103224363,-0.5670856761261426,0.7058275884312393,-0.22913113399794383
['Red Hot Chili Peppers'],[883318],-1.2661854736263332,-0.3555227966160893,0.25229390827452614,0.35967857039235235,0.23189395877226915,0.5836648850197285,-0.500271944491999
['Red Hot Chili Peppers'],[883318],-1.1697479864840379,-0.06154046485569459,0.061498844015019566,0.25036309326302486,0.06562695953424444,0.2496219874925584,-0.1399376064453299
['Red Hot Chili Peppers'],[883318],-1.3278618571917893,0.06256600066242485,0.13932870825943003,0.222408846813709,-0.5478512490405972,0.5227599266998436,-0.19610914643095062
['Red Hot Chili Peppers'],[883318],-1.4452249912882154,-0.009575693327170067,0.4212872812669853,0.334308009199241,-0.7851632741227902,0.6574299779354142,-0.31955834130689414
['Red Hot Chili Peppers'],[883318],-1.1999529314287778,0.12430472163568937,0.051103909640942184,0.2214653276293271,-0.4749785793383788,0.44544986882448057,-0.01636198524161683
['Red Hot Chili Peppers'],[883318],-0.965693249974414,-0.2092143414902948,-0.1365644674396235,0.6335469161764872,-0.3411878474492623,0.8095944137216663,-0.7160309051770272
['Red Hot Chili Peppers'],[883318],-1.0583270636485116,-0.062235132583734774,0.021058471808764388,0.17677378907503136,0.13239855952297713,0.1963859049293167,-0.1195323297644359
['Red Hot Chili Peppers'],[883318],-1.147134683832339,-0.10814355537924923,-0.005310468654698406,0.2761233906732465,-0.19993166703049578,0.3321745890363972,-0.09613529486536634
['Red Hot Chili Peppers'],[883318],-1.2820869371729962,-0.24171336203587962,0.014083273044393805,0.3151250715062832,0.030303579049937003,0.5300876535465076,-0.28276912707149965
['Red Hot Chili Peppers'],[883318],-1.4379084571783811,-0.2519458707434415,-0.004691745505499779,0.35954453999333874,-0.7686181393689557,0.7413447121377573,-0.19430783947312263
['Red Hot Chili Peppers'],[883318],-1.3531407911576459,-0.5939971300369427,0.03978263443940714,0.4367764073001124,-0.3105784572923508,0.6288800413345262,-0.24827774038249545
['Red Hot Chili Peppers'],[883318],-1.229664297620688,-0.11366015392168353,0.10501314599621045,0.32298877378348795,-0.43589393827901024,0.5307524516485057,-0.18861400757614125
['Red Hot Chili Peppers'],[883318],-1.3019638414351127,0.021267250688038638,0.0375370711000439,0.41082454124437523,-0.8089031819290516,0.41119129987422,-0.09750845086105105
['Red Hot Chili Peppers'],[883318],-1.2988510444758106,0.10810944481962585,0.154332691354857,0.3128273130593626,-0.8297959539893682,0.3907910998110591,-0.20016742917462166
['Red Hot Chili Peppers'],[883318],-1.2777885749437594,-0.19117550430582111,0.10463015056979899,0.2994886933377907,-0.0024103128069655217,0.36412408687600684,-0.18751172728511023
['Red Hot Chili Peppers'],[883318],-1.1680295153919402,-0.15053967758304024,0.09628483541653662,0.2423535100262984,-0.17013619586919293,0.6216133924151676,-0.08658022516814277
['Red Hot Chili Peppers'],[883318],-1.2551773506479822,-0.3492546016983687,0.21769432668752225,0.3768734794955563,-0.33757772380262,0.5522833777606196,-0.3228178194898818
['Red Hot Chili Peppers'],[883318],-1.0828676633140553,-0.3583099366624637,0.13770357261369864,0.4674862510275064,-0.11918971171459503,0.6483081066993176,-0.4984712060845758
['Red Hot Chili Peppers'],[883318],-1.3787164525763893,-0.08063553254805066,0.19052186093116558,0.14794717997287005,0.08888511500705702,0.48684389548332513,-0.25484708921525107
['Red Hot Chili Peppers'],[883318],-1.198674126842927,-0.13638539572507855,-0.012684427542836819,0.15979264445895594,0.16322232974893106,0.4053239009389594,-0.09665929283477771
['Red Hot Chili Peppers'],[883318],-1.3321732782930595,-0.40192132119180435,0.0652608654198732,0.41215069979962776,-0.15320214009490749,0.4535827343878884,-0.21048293864658352
['Red Hot Chili Peppers'],[883318],-1.1532123494860527,-0.20384681448911912,0.059346223987482356,0.4100818462462165,-0.6385011748369592,0.3760629092500442,-0.1587315951703187
['Red Hot Chili Peppers'],[883318],-1.1653588888839514,-0.1106354642654856,-0.11234250400642615,0.4109230869054561,0.23590137175672551,0.504314137855651,-0.4881657300616166
['Red Hot Chili Peppers'],[883318],-1.2773378104709456,0.05963968345520013,0.004009195325593594,0.34002434117441793,-0.8181273962720335,0.4536941269238894,-0.09942402943601387
['Red Hot Chili Peppers'],[883318],-1.2187682527560249,-0.19036755843305816,-0.01131303595528438,0.17295038108753838,-0.3528918655254774,0.7240085494983639,-0.10516874678058626
['Red Hot Chili Peppers'],[883318],-1.2443208198301952,-0.5211328913301239,0.031250750114764955,0.48037105581522926,-0.5942801580443522,0.6015341435431624,-0.22653695978174035
['Red Hot Chili Peppers'],[883318],-1.296556254673026,0.13728454657360406,0.14103486705097465,0.2895174158609474,-0.8205154128247957,0.4872813557600517,-0.1670652081699143
['Red Hot Chili Peppers'],[883318],-1.219328708217967,-0.24334026306280762,-0.1200950279648942,0.5011385383036344,-0.28542809816041964,0.6551085383241787,-0.5269237984625603
['Red Hot Chili Peppers'],[883318],-0.5588966370701319,-0.04689065574773902,0.029070201003296433,-0.008200971028868334,-0.5447662452385463,0.4390153194565686,0.14291283261313986
['Red Hot Chili Peppers'],[883318],-1.3816911205159084,-0.15346446915182355,0.12374305782541378,0.23837153218089965,-0.7819136781574371,0.8032949922128951,-0.19246893000864487
['Red Hot Chili Peppers'],[883318],-1.1720180742831572,-0.3561491382714075,0.21657705239121047,0.2900727633061056,-0.177710028307732,0.4559263213207405,-0.2707974256080046
['Red Hot Chili Peppers'],[883318],-1.3381457531086185,-0.13398808246971725,0.20991977596998507,0.3459395169005315,-0.796124991230953,0.5724309597818685,-0.32512019477227094
['Red Hot Chili Peppers'],[883318],-1.4200471779027934,-0.4282460431900992,0.07952401482756387,0.4248646905539219,-0.40840642399940336,0.5704546555033042,-0.282197523857955
['Red Hot Chili Peppers'],[883318],-1.2057361170974557,-0.07542678635776338,-0.017358783304145982,0.17011956956877533,0.15821621306415762,0.3391781856044273,-0.10434097588284424
['Red Hot Chili Peppers'],[883318],-1.2992414425011056,-0.1493119749335209,0.1000507524923719,0.32609178841327774,-0.4398177374757184,0.5164789395144861,-0.2031579021434467
['Red Hot Chili Peppers'],[883318],-1.2281468660958186,-0.06353785439813421,0.032359031906698484,0.17558239226294559,-0.629537709056579,0.7173135865583641,-0.0767463400743894
['Red Hot Chili Peppers'],[883318],-1.3047540278233514,-0.6252843984251872,0.07430207684405427,0.44105403947299693,-0.48123322377610755,0.7663501896606215,-0.22695179742884575
['Red Hot Chili Peppers'],[883318],-1.221311434406288,-0.11498067187247749,0.03571634401440723,0.15539461966665147,0.18631856998073054,0.5623339162419099,-0.24189512561354468
['Red Hot Chili Peppers'],[883318],-1.1291482127635595,-0.5728294923722603,0.029787967279513314,0.3283191313800604,0.19340028627693115,0.467373410355118,-0.18230432594399626
['Red Hot Chili Peppers'],[883318],-1.28154289681841,0.018710342839935924,0.3263732214658671,0.16565106805917262,0.06933098387391552,0.319678325262552,-0.33788193279137435
['Red Hot Chili Peppers'],[883318],-1.2570660469488923,-0.3209452925301264,0.051311497691061886,0.40435481106365,-0.35036389368835846,0.4133089932655533,-0.15050582701032425
['Red Hot Chili Peppers'],[883318],-1.3317961448783477,-0.08922294339209942,0.15977300907171618,0.3619455045512125,-0.7124062989474484,0.4993295702560832,-0.24461118871576507
['Red Hot Chili Peppers'],[883318],-1.1803093413928745,-0.221651872856985,-0.09128433001088697,0.5316046699986968,-0.08104896169444754,0.7267333712432825,-0.6443178222912004
['Red Hot Chili Peppers'],[883318],-1.1412751456118486,-0.0842477043730501,-0.006980318383317611,0.295391564202999,-0.6460476788769416,0.47415348558108517,-0.06898458539215578
['Red Hot Chili Peppers'],[883318],-1.1589229218847164,-0.012237479669773912,-0.060618445121775874,0.13924481018971696,-0.6503501362947302,0.6153331882335349,-0.02543361205610745
['Red Hot Chili Peppers'],[883318],-1.2183840749987158,0.028403129827080393,-0.06038653858286034,0.36175655880627866,-0.6004204411031857,0.6377126141924786,-0.2642329770169057
['Red Hot Chili Peppers'],[883318],-1.066902630300425,-0.05295672522042213,-0.008145567275017414,0.14758681508326946,-0.029861652281177768,0.41294610883112254,0.023867743975693845
['Red Hot Chili Peppers'],[883318],-1.2509161484650593,-0.11850576973268975,0.14870230800057752,0.2326483604272807,0.17123011213289216,0.34219838660022805,-0.1776880226713938
['Red Hot Chili Peppers'],[883318],-1.3281883120777735,-0.4028246358255397,0.14273842561117056,0.5095161070545056,-0.7750592585420077,0.565601060901831,-0.23608222973752374
['Red Hot Chili Peppers'],[883318],-1.3767732616582975,-0.140690590372355,0.4290353249500959,0.3498339081318162,-0.6062267109523699,0.5808146938027778,-0.3659957357243176
['Red Hot Chili Peppers'],[883318],-1.3357500110986364,-0.2720280959339609,0.0560695873830346,0.4110481953300642,-0.43156598326986373,0.4584829564563259,-0.14161071812198714
['Red Hot Chili Peppers'],[883318],-1.1145024921086972,0.17458282123991603,0.0026694266840302495,0.3932600377645905,0.30556632377441173,0.9870404999213548,-0.7389574044213403
['Red Hot Chili Peppers'],[883318],-1.3442728352306272,0.17575806591213172,0.23642124185481428,0.20246147764548747,-0.6458888636443453,0.4956455326869298,-0.20666485590785505
['Red Hot Chili Peppers'],[883318],-1.3034593630935192,-0.3646241007273084,0.00796033776013556,0.3499507003378,-0.2350279488904139,0.6242902180071949,-0.25678626588784864
['Red Hot Chili Peppers'],[883318],-1.2221655587651654,-0.04738534380411296,0.1011090803267757,0.19577645367004945,-0.016647735166326186,0.3608925398943031,-0.16124148185436052
['Red Hot Chili Peppers'],[883318],-1.2096690785110733,0.09885356545418432,0.02610855477146893,0.13444502527647012,0.14442050463068945,0.2795311932779991,-0.051122047721548734
['Red Hot Chili Peppers'],[883318],-1.1750227650911849,-0.11953393497074061,-0.002219639841855556,0.3794577555997302,-0.6409970884721194,0.3664222071715558,-0.12439934227539
['Red Hot Chili Peppers'],[883318],-1.2242504591972114,-0.10448309983111917,0.012642042809378135,0.21693209406472364,0.16162575506648102,0.28274905695049124,-0.11987927291219244
['Red Hot Chili Peppers'],[883318],-0.36142187006095655,-0.17666793179985096,0.27405801738124796,-0.07919404594836138,-0.7336687503377459,0.5544077627560933,0.04922552062558462
['Red Hot Chili Peppers'],[883318],-1.1582422652445725,-0.4156820714362674,0.25462970163953697,0.258831982540454,0.19100147541472004,0.5169092796913799,-0.21056018543891042
['Red Hot Chili Peppers'],[883318],-0.07808898425279252,-0.2458659089034433,0.034925932699180186,0.1813071619041982,0.02913457196533515,0.9294064728270404,-0.6396118642447625
['Red Hot Chili Peppers'],[883318],-1.240670944833178,-0.10058606951448637,0.06769859816631733,0.3405721273599239,-0.4610455182964834,0.34966783221641534,-0.1525817160565739
['Red Hot Chili Peppers'],[883318],-1.2322803438529786,-0.07359489253102589,0.09087328766291196,0.414072858834282,-0.816071830621208,0.4034263438302792,-0.16253894648027373
['Red Hot Chili Peppers'],[883318],-0.7261114670372525,-0.0009104448781243131,0.17291181527947658,0.1271074034067972,0.15965693789360785,0.45830166949956563,-0.486440994654041
['Red Hot Chili Peppers'],[883318],-1.3223841453939789,-0.25177105228020374,0.10094840273801597,0.34337740738075184,-0.163161045358076,0.46731081550490333,-0.27949191023579634
['Red Hot Chili Peppers'],[883318],-1.249539200145475,-0.3095855372360186,0.12205029311092633,0.4013530239470189,-0.7855468444428553,0.6525511095456994,-0.25628951531369365
['Red Hot Chili Peppers'],[883318],-1.1902249668210152,0.04788678725769887,0.019364495854675378,0.16337403239938708,-0.01731754584855735,0.42726938657889013,-0.15135978074811388
['Red Hot Chili Peppers'],[883318],-1.3639980736250938,-0.3414695220714033,0.042579235095322965,0.4123909782811217,-0.600530489161693,0.5735152158323422,-0.23805470272986157
['Red Hot Chili Peppers'],[883318],-1.257310948930231,0.05396008173386168,0.25323601573449467,0.2925022824606216,-0.8220963835553364,0.47202717334406014,-0.28744197332368265
['Red Hot Chili Peppers'],[883318],-1.2729160969478763,0.05594461413181446,0.10399708723218866,0.13521499015920915,-0.19504476272994328,0.507790543250706,-0.08800162740795815
['Red Hot Chili Peppers'],[883318],-0.8972310984168471,-0.1550260548914548,0.033844614851410056,0.12018257302659247,-0.5805517646785182,0.5627191442325723,0.0134435164749173
['Red Hot Chili Peppers'],[883318],-1.41503291637206,-0.34177689247054865,0.05208963612233809,0.24557575932310408,0.030782401270841666,0.6194067815038029,-0.21302803961964847
['Red Hot Chili Peppers'],[883318],-1.2984558663689392,0.08844775396041236,0.19310700487974863,0.12774913577525526,0.1629619832605584,0.4346640721253019,-0.05331389992331683
['Red Hot Chili Peppers'],[883318],-1.1652835098653087,-0.21642773799966164,0.16305821221565886,0.3958594241292631,-0.627566039066792,0.4770905492074573,-0.19545092247797702
['Red Hot Chili Peppers'],[883318],-1.261895340254641,0.08304465726464709,0.11148795417020471,0.26303817473648866,-0.2581651685379485,0.5126068036162954,-0.3787718094838965
['Red Hot Chili Peppers'],[883318],-1.0613751881473255,0.15035946209315382,-0.017230646532794224,0.11221683247717712,0.11426861118190498,0.13529952779621657,-0.08811373710814528
['Red Hot Chili Peppers'],[883318],-1.2231610447391228,-0.2361814546258753,0.2642665600773906,0.26986563924594736,-0.17875907431749713,0.4549228939731409,-0.2896310503823525
['Red Hot Chili Peppers'],[883318],-1.1773372567150588,-0.12023872166461573,-0.16529511343773126,0.6649391393994599,-0.5041414329260105,0.8489698844918382,-0.7299770163102054
['Red Hot Chili Peppers'],[883318],-1.409439898952757,-0.20547266029843933,0.10896861363591949,0.3811883002547165,-0.7828453419063159,0.6583852502760492,-0.12709866782306842
['Red Hot Chili Peppers'],[883318],-1.3116104965795579,0.33209036310625434,0.5446408247427176,0.09792096568508167,-0.3001243819293723,0.43954876637589796,-0.3416848664167226
['Red Hot Chili Peppers'],[883318],-1.2322619300043223,-0.09959867718066175,-0.04475492912056239,0.23097035713171318,-0.18050244529474846,0.5119043934450697,-0.10918026864889319
['Red Hot Chili Peppers'],[883318],-1.4202700032301245,-0.4016728389521509,0.09958905087896705,0.39839048189654175,-0.1388899342177286,0.5449475051869861,-0.2510860028732723
['Red Hot Chili Peppers'],[883318],-1.1451840561627815,0.010093968321617838,0.06315026162042497,0.11282437270572215,0.14849492723832267,0.3473548940917542,-0.07881041624319286
['Red Hot Chili Peppers'],[883318],-1.2063411954016763,-0.21459293440560276,0.00014573994687090726,0.3582698461006837,-0.6290804603184597,0.484275638834567,-0.13207212731594592
['Red Hot Chili Peppers'],[883318],-0.32840307115720646,0.11345102360285825,0.14041179005119586,0.2645360379899251,0.19467592159006827,0.5767243560727169,-0.6520343843934739
['Red Hot Chili Peppers'],[883318],-0.7657544641380046,-0.6073477008606848,0.3014735526482527,0.18813477095317285,0.010085492719445881,0.7424881955653581,-0.20999681386343
['Red Hot Chili Peppers'],[883318],-1.3039975790192198,-0.21613343612504674,0.008170762592161037,0.33565693198526575,-0.6154810909699358,0.585479931937136,-0.1809598478989791
['Red Hot Chili Peppers'],[883318],-1.4037758026198286,-0.29516002548708786,-0.005748670643510054,0.3991651070594136,-0.7776776580242938,0.6475204586334028,-0.20448656533581205
['Red Hot Chili Peppers'],[883318],-1.3456030999486053,-0.3567340218036801,0.014375489223884949,0.3558563704422692,0.02584856856816702,0.4535744571563049,-0.13629418734342608
['Red Hot Chili Peppers'],[883318],-1.3403371366956922,-0.04072058953055632,0.15866178742319356,0.13456206506200138,0.08580940856202406,0.4931806159157405,-0.21730357749099313
['Red Hot Chili Peppers'],[883318],-1.0396097781525062,0.00868234768191152,-0.00017542323049005157,0.09041011659298684,0.1307167889638696,0.3287182224610267,0.025786771337205996
['Red Hot Chili Peppers'],[883318],-1.0742507753389323,0.1355663924701998,-0.1852851284600143,0.3907587253471294,0.19147197372782498,0.8534790192890364,-0.6681489443592017
['Red Hot Chili Peppers'],[883318],-0.8620827089411243,-0.05083761583866077,0.06731791529932943,0.17546473616453326,-0.06859992688695246,0.16810729071688055,-0.04649877910443849
['Red Hot Chili Peppers'],[883318],-0.8428366186383737,-0.16635310201890804,0.15634823712699916,0.5775045368839454,-0.519573595441589,0.9116189824017117,-0.8604287936967289
['Red Hot Chili Peppers'],[883318],-1.2886165765138835,-0.23624793271943093,0.0632440683557668,0.3602578755234496,-0.5242534620617154,0.5679687256937278,-0.12540811790260012
['Red Hot Chili Peppers'],[883318],-1.2742316133586116,-0.05138155479516084,0.024830300373485603,0.2752596354348781,-0.19047776928404223,0.3484658121610424,-0.15121369871722137
['Red Hot Chili Peppers'],[883318],-1.3787164525763893,-0.08063553254805066,0.19052186093116558,0.14794717997287005,0.08888511500705702,0.48684389548332513,-0.25484708921525107
['Red Hot Chili Peppers'],[883318],-1.2738955840255812,0.09420463847580025,0.15119991926387596,0.20201476321629377,-0.3792009525535914,0.41704137267333213,-0.2138895488971051
['Red Hot Chili Peppers'],[883318],-0.9831684102802393,-0.08377863228530895,-0.01762370185602131,0.2359601828163997,-0.6646356762212711,0.46438851008926585,0.007340571107388877
['Red Hot Chili Peppers'],[883318],-1.2634904150972877,-0.08196846915298364,-0.029627137171019117,0.37721342654145057,-0.812990640759304,0.4461882826860361,-0.11934710983697731
['Red Hot Chili Peppers'],[883318],-1.374570013865074,-0.24127095692013767,0.1544800384619627,0.26171951953438377,0.19370493748792586,0.4181826137421016,-0.2839694354150669
['Red Hot Chili Peppers'],[883318],-1.3121880252023161,-0.025133787631604555,0.020437677696193247,0.21600756895742484,-0.18396238754944552,0.4790725654148839,-0.09681935042740467
['Red Hot Chili Peppers'],[883318],-0.8431184017564499,-0.3105785085685074,0.08244890343954842,0.2519075153422761,-0.22055437400987607,0.38008867770482696,-0.07806671589071457
['Red Hot Chili Peppers'],[883318],-1.3021655956306857,-0.35704027563223245,0.0485454008420151,0.4592086844539595,-0.4072790387230083,0.5676872714732998,-0.33499052488613745
['Red Hot Chili Peppers'],[883318],-1.2929403672266193,-0.28888580930817165,0.14458442472491492,0.26255764737731346,0.19246817095460353,0.45754726682392627,-0.27511143239614844
['Red Hot Chili Peppers'],[883318],-1.1572107111943055,-0.10795227613474544,-0.031113038607767436,0.14923013542723595,-0.5407535874988278,0.7615153841414485,-0.07364301749602235
['Red Hot Chili Peppers'],[883318],-1.1750227650911849,-0.11953393497074061,-0.002219639841855556,0.3794577555997302,-0.6409970884721194,0.3664222071715558,-0.12439934227539
['Red Hot Chili Peppers'],[883318],-1.1108280201078582,-0.29772093380614817,0.044772010356239345,0.2295998576022767,0.1623090719394826,0.3346333945089584,-0.15583399788677113
['Red Hot Chili Peppers'],[883318],-1.1985289779700616,-0.13565044764881162,-0.012530306301833901,0.15931623830338995,0.1631289923277418,0.40525111771449746,-0.0968675129505934
['Red Hot Chili Peppers'],[883318],-1.197333979243601,-0.12450768176188758,-0.017120919021030235,0.436360170990452,0.2586779450838076,0.6412859205029953,-0.5801207055195863
['Red Hot Chili Peppers'],[883318],-1.3978703077106098,-0.3909240562307998,0.06698614790794255,0.44682911080481763,-0.5910845608318913,0.571209236549405,-0.3141018437643099
['Red Hot Chili Peppers'],[883318],-1.1893722214297362,0.07942326805944513,0.022687970781901084,0.14227001068292375,0.14543145877959313,0.28960407130706645,-0.05888841862912086
['Red Hot Chili Peppers'],[883318],-1.2133904175899393,-0.2461580378955567,-0.0007011410494845466,0.28523644768661555,-0.001671633525271106,0.38930654632145556,-0.09554621507654167
['Red Hot Chili Peppers'],[883318],-1.0973644126210804,-0.41997755714933305,0.04074372288130515,0.3516811038729208,-0.2707650346756818,0.4450330516615832,-0.15587742546691905
['Red Hot Chili Peppers'],[883318],-1.2415556489822235,-0.14842553504434414,0.016577105376569656,0.3500455272744251,-0.8066256175666169,0.5238724401958839,-0.19429553295851534
['Red Hot Chili Peppers'],[883318],-1.3250150325868528,-0.23677255865443622,0.18294591858724302,0.24025645187353029,0.18851555740309878,0.4230303241566277,-0.30541075364345066
['Red Hot Chili Peppers'],[883318],-0.7597701436651088,0.24117927496053185,-0.18027543214612135,0.46589827337268064,-0.39443247747011334,0.6552846055807114,-0.6932477904843237
['Red Hot Chili Peppers'],[883318],-0.708663091678396,-0.0617565633389915,0.043445333970746784,0.3304855518755627,-0.42209263532195407,0.7848627503228783,-0.4128374608531904
['Red Hot Chili Peppers'],[883318],-1.2748126330833736,-0.20297684529273222,0.27024814574937117,0.3096393581903343,-0.260726720057729,0.48090370130736226,-0.30104507385164003
['Red Hot Chili Peppers'],[883318],-1.0583270636485116,-0.062235132583734774,0.021058471808764388,0.17677378907503136,0.13239855952297713,0.1963859049293167,-0.1195323297644359
['Red Hot Chili Peppers'],[883318],-1.1750227650911849,-0.11953393497074061,-0.002219639841855556,0.3794577555997302,-0.6409970884721194,0.3664222071715558,-0.12439934227539
['Red Hot Chili Peppers'],[883318],-1.1304653540501737,0.25116515613408275,0.00037674400486615347,0.21431463487324995,0.17531269115024453,0.3921746352243469,-0.21310995225995316
['Red Hot Chili Peppers'],[883318],-1.1705845964727968,-0.12956729160916902,-0.02326708816863124,0.03150563182975459,0.16647618558223073,0.6057899858457062,-0.028439906831947973
['Red Hot Chili Peppers'],[883318],-0.8118724549973322,-0.16164316458748898,0.05747612262461509,0.0959575436002761,-0.24195966746129585,0.38187256207616127,-0.048616398118424754
['Red Hot Chili Peppers'],[883318],-1.1985289779700616,-0.13565044764881162,-0.012530306301833901,0.15931623830338995,0.1631289923277418,0.40525111771449746,-0.0968675129505934
['Red Hot Chili Peppers'],[883318],-0.9937340092511218,-0.28727581214147774,0.06253281739449006,0.2792541277149654,-0.20712176678419808,0.37001318220986656,-0.12267083529680496
['Red Hot Chili Peppers'],[883318],-1.2718954387736074,-0.1211687848606195,0.004776095883290645,0.27716546347617677,0.17299444127506639,0.2786371479198288,-0.10373522999001339
['Red Hot Chili Peppers'],[883318],-1.3456267006052014,-0.4088817686891871,0.0933779567381449,0.31833235082892053,0.029087617815082796,0.5535613951986298,-0.18066358890359746
['Red Hot Chili Peppers'],[883318],-1.2541967589963106,0.03649079772168262,0.1599506581313331,0.24122195548726186,-0.02420732506069442,0.254877947581606,-0.15615040496385774
['Red Hot Chili Peppers'],[883318],-1.2249135441488361,0.4143174996597313,0.04919140232713523,-0.04389857173083872,-0.044528282906938825,0.5119071344208618,0.058842060687013226
['Red Hot Chili Peppers'],[883318],-1.1572107111943055,-0.10795227613474544,-0.031113038607767436,0.14923013542723595,-0.5407535874988278,0.7615153841414485,-0.07364301749602235
['Red Hot Chili Peppers'],[883318],-0.965693249974414,-0.2092143414902948,-0.1365644674396235,0.6335469161764872,-0.3411878474492623,0.8095944137216663,-0.7160309051770272
['Red Hot Chili Peppers'],[883318],-1.2522025911996115,-0.06482767306883633,0.07451178812129547,0.21732047289304493,-0.013215601498901922,0.35034382740854003,-0.13998302609322083
['Red Hot Chili Peppers'],[883318],-1.1412751456118486,-0.0842477043730501,-0.006980318383317611,0.295391564202999,-0.6460476788769416,0.47415348558108517,-0.06898458539215578
['Red Hot Chili Peppers'],[883318],-1.2221655587651654,-0.04738534380411296,0.1011090803267757,0.19577645367004945,-0.016647735166326186,0.3608925398943031,-0.16124148185436052
['Red Hot Chili Peppers'],[883318],-1.1752025040204286,-0.1082674760779378,-0.011154622217796454,0.3285337082049156,-0.46313478094383564,0.3717555720731909,-0.11058486341827281
['Red Hot Chili Peppers'],[883318],-1.2029739525288472,0.0015700155844702902,-0.042662571511456526,0.06965796991798448,-0.19503270713040685,0.6195950168893989,-0.0458461344260693
['Red Hot Chili Peppers'],[883318],-1.0594872927254217,-0.14768510576087834,0.049975888291170605,0.3470888264030383,-0.29067403064365627,0.2963265781363738,-0.07674779107119875
['Red Hot Chili Peppers'],[883318],-1.3021655956306857,-0.35704027563223245,0.0485454008420151,0.4592086844539595,-0.4072790387230083,0.5676872714732998,-0.33499052488613745
['Red Hot Chili Peppers'],[883318],-0.8431184017564499,-0.3105785085685074,0.08244890343954842,0.2519075153422761,-0.22055437400987607,0.38008867770482696,-0.07806671589071457
['Red Hot Chili Peppers'],[883318],-1.2168328343157602,-0.22181301705125103,0.06709436187834689,0.46741797560073517,-0.5394240131980748,0.932458578233618,-0.5207562413601461
['Red Hot Chili Peppers'],[883318],-1.2592831545600154,-0.3958735210513124,0.07597906295283682,0.3100160671392128,0.12097760110932039,0.5711688953463631,-0.3112258782595876
['Red Hot Chili Peppers'],[883318],-1.251691820588759,0.0782823930023991,-0.0570129622747012,0.12089798917842204,0.16017540888702306,0.3736717227981995,-0.1616423432545813
['Red Hot Chili Peppers'],[883318],-0.8759144771252045,-0.010846298279774536,-0.008648713600183495,-0.11876186321954638,-0.23356112174463312,0.7027231030037215,0.09497247207898522
['Red Hot Chili Peppers'],[883318],-1.3785953631423902,-0.3995415721968567,0.09109893655777535,0.3665923281214071,-0.14774707615639313,0.5164059742485811,-0.31231526008716765
['Red Hot Chili Peppers'],[883318],-1.3721588344828257,-0.14939707092711052,0.061721505774039905,0.3566749539344577,-0.7933376798067358,0.5689335367983679,-0.2547196802361715
['Red Hot Chili Peppers'],[883318],-1.2415556489822235,-0.14842553504434414,0.016577105376569656,0.3500455272744251,-0.8066256175666169,0.5238724401958839,-0.19429553295851534
['Red Hot Chili Peppers'],[883318],-1.2207638920526644,-0.28267113394522086,0.1075590978041739,0.32161276062211397,-0.1715915229156719,0.46225841526102956,-0.2102242720241995
['Red Hot Chili Peppers'],[883318],-1.076522685314042,-0.32550052628857695,0.014224589503987913,0.2644687932690499,0.16860104132182796,0.382843925627405,-0.12510325988822688
['Red Hot Chili Peppers'],[883318],-1.1680295153919402,-0.15053967758304024,0.09628483541653662,0.2423535100262984,-0.17013619586919293,0.6216133924151676,-0.08658022516814277
['Red Hot Chili Peppers'],[883318],-1.2551773506479822,-0.3492546016983687,0.21769432668752225,0.3768734794955563,-0.33757772380262,0.5522833777606196,-0.3228178194898818
['Red Hot Chili Peppers'],[883318],-1.1994716756924266,0.2105532867607768,0.008109791675522112,0.23059120228125754,-0.6581405484225497,0.4351879904066543,-0.08291916444747029
['Red Hot Chili Peppers'],[883318],-1.3609530379641774,-0.011378050841274715,0.3723838228868925,0.29282851365926027,-0.17768755294182778,0.44361424958883144,-0.18210547387563897
['Red Hot Chili Peppers'],[883318],-0.5588966370701319,-0.04689065574773902,0.029070201003296433,-0.008200971028868334,-0.5447662452385463,0.4390153194565686,0.14291283261313986
['Red Hot Chili Peppers'],[883318],-1.1974287631383702,0.09528135114174738,0.022973534053130056,0.14568427082152158,0.14535205367547555,0.28239822907835754,-0.053476735941185426
['Red Hot Chili Peppers'],[883318],-1.0778450753295201,-0.06953161379770444,-0.01301691418461248,0.28231654867623807,-0.4832130006794775,0.31606600626714193,-0.09581624261191524
['Red Hot Chili Peppers'],[883318],-1.2315479365399769,-0.03186360153643852,0.18260677521513646,0.270413905779924,-0.1914056072615188,0.4252920141957184,-0.07933964896735944
['Red Hot Chili Peppers'],[883318],-1.2916811393640024,-0.1927080820666954,0.009883016242966657,0.3586670358493703,-0.4408824982188405,0.4598916470335785,-0.1518359380776863
['Red Hot Chili Peppers'],[883318],-0.8628386727025018,-0.03111728972508889,-0.05045012276656853,-0.014441002719202208,0.0342447749229959,0.5182630553992524,0.1441181245493746
['Red Hot Chili Peppers'],[883318],-1.1807169498251269,-0.058808138823310104,-0.022479349602872605,0.26778615281621077,-0.3830594297728444,0.34932021860716367,-0.12798262466312485
['Red Hot Chili Peppers'],[883318],-1.0867675573725242,-0.21729664093615564,0.043343467987706406,0.2379606021686232,-0.021631917392480892,0.3265737693978684,-0.1278961975166616
['Red Hot Chili Peppers'],[883318],-1.0354155880870557,0.019102825003431842,-0.02269375409047861,0.06272941037694572,0.13093068282502252,0.3513686469689336,-0.005401689448303668
['Red Hot Chili Peppers'],[883318],-1.0990102572843492,0.0007910630808835143,0.0018296858723751718,0.28671734242342717,-0.6597502880669197,0.3786144304240615,-0.07032024119720776
['Red Hot Chili Peppers'],[883318],-1.2788071465286706,-0.07257757175024712,0.20369007444051823,0.335936927751444,-0.27321634005606504,0.3513971333193861,-0.1999368129898008
['Red Hot Chili Peppers'],[883318],-1.335471288771041,-0.16374293022920328,0.07752456043741353,0.20150436322800747,0.18491521148871468,0.4469467080891191,-0.20077403290634344
['Red Hot Chili Peppers'],[883318],-1.0972279183974818,-0.2877315621408215,0.008889738327878248,0.2661117225980824,-0.809603446554363,0.7041511718364837,-0.06796313476427342
['Red Hot Chili Peppers'],[883318],-1.2443208198301952,-0.5211328913301239,0.031250750114764955,0.48037105581522926,-0.5942801580443522,0.6015341435431624,-0.22653695978174035
['Red Hot Chili Peppers'],[883318],-1.2187682527560249,-0.19036755843305816,-0.01131303595528438,0.17295038108753838,-0.3528918655254774,0.7240085494983639,-0.10516874678058626
['Red Hot Chili Peppers'],[883318],-1.2929403672266193,-0.28888580930817165,0.14458442472491492,0.26255764737731346,0.19246817095460353,0.45754726682392627,-0.27511143239614844
['Red Hot Chili Peppers'],[883318],-1.1680152898463014,-0.13389490776644294,-0.025058509767398828,0.440120113417096,0.2597037846489552,0.6544775165237883,-0.5902486037877147
['Red Hot Chili Peppers'],[883318],-0.9540470040249676,-0.20334947450160357,0.16244147894607455,0.2536298394088524,-0.48167930231591427,0.42379930424990325,-0.11532983133463788
['Red Hot Chili Peppers'],[883318],-1.3905042499765043,-0.477063300721281,0.016018349292299918,0.4183490817560519,-0.5837215352338814,0.6522319499304848,-0.26248977939292395
['Red Hot Chili Peppers'],[883318],-1.2637250336986732,-0.533372710237183,0.04846769916343376,0.44781918489022976,-0.22573591106426785,0.5751666895253802,-0.2371006876861658
['Red Hot Chili Peppers'],[883318],-1.3034593630935192,-0.3646241007273084,0.00796033776013556,0.3499507003378,-0.2350279488904139,0.6242902180071949,-0.25678626588784864
['Red Hot Chili Peppers'],[883318],-1.249539200145475,-0.3095855372360186,0.12205029311092633,0.4013530239470189,-0.7855468444428553,0.6525511095456994,-0.25628951531369365
['Red Hot Chili Peppers'],[883318],-1.251691820588759,0.0782823930023991,-0.0570129622747012,0.12089798917842204,0.16017540888702306,0.3736717227981995,-0.1616423432545813
['Red Hot Chili Peppers'],[883318],-1.3059920286664035,-0.35448440736434295,0.010607955729535625,0.34202102532024836,-0.33605474823885423,0.5806288241181322,-0.20571322863641933
['Red Hot Chili Peppers'],[883318],-1.3609530379641774,-0.011378050841274715,0.3723838228868925,0.29282851365926027,-0.17768755294182778,0.44361424958883144,-0.18210547387563897
['Red Hot Chili Peppers'],[883318],-1.2522025911996115,-0.06482767306883633,0.07451178812129547,0.21732047289304493,-0.013215601498901922,0.35034382740854003,-0.13998302609322083
['Red Hot Chili Peppers'],[883318],-1.1589229218847164,-0.012237479669773912,-0.060618445121775874,0.13924481018971696,-0.6503501362947302,0.6153331882335349,-0.02543361205610745
['Red Hot Chili Peppers'],[883318],-1.2013542059073072,-0.24369242919753079,-0.0002271115549266759,0.27994574544419054,-0.0036135724268238556,0.3879670013013115,-0.09124582879047224
['Red Hot Chili Peppers'],[883318],-1.0674595155204536,-0.5744137878421282,0.08696128442758219,0.36697105005192393,-0.5159820602964411,0.6690454329243611,-0.11038807862605914
['Red Hot Chili Peppers'],[883318],-1.3250150325868528,-0.23677255865443622,0.18294591858724302,0.24025645187353029,0.18851555740309878,0.4230303241566277,-0.30541075364345066
['Red Hot Chili Peppers'],[883318],-1.3004874750915991,-0.3588343177470015,0.13962685776134903,0.4279428803741181,-0.7791793548678276,0.6271703880916982,-0.2707842410677862
['Red Hot Chili Peppers'],[883318],-1.1902249668210152,0.04788678725769887,0.019364495854675378,0.16337403239938708,-0.01731754584855735,0.42726938657889013,-0.15135978074811388
['Red Hot Chili Peppers'],[883318],-0.708663091678396,-0.0617565633389915,0.043445333970746784,0.3304855518755627,-0.42209263532195407,0.7848627503228783,-0.4128374608531904
['Red Hot Chili Peppers'],[883318],-1.2748126330833736,-0.20297684529273222,0.27024814574937117,0.3096393581903343,-0.260726720057729,0.48090370130736226,-0.30104507385164003
['Red Hot Chili Peppers'],[883318],-1.141276689541709,0.24158660995315923,0.014249695158041774,0.20877428883411536,0.17279470719228446,0.38533975049159563,-0.1956412355468195
['Red Hot Chili Peppers'],[883318],-1.1891354926460733,-0.15072186186717168,0.174989933862586,0.14890795923232594,-0.010219508396847451,0.5201326875980795,-0.14548402940446678
['Red Hot Chili Peppers'],[883318],-1.3403071416311254,-0.12794718593907672,0.09684859340664541,0.32192809496035873,-0.44324483324886604,0.4673456426795538,-0.21577856062921405
['Red Hot Chili Peppers'],[883318],-1.1538919829716547,0.14279795271382398,0.022656510649558315,0.2416647842797796,-0.4854590818708438,0.33865705971041277,-0.051005794604463396
['Red Hot Chili Peppers'],[883318],-1.3060858903471955,-0.24988302465361487,0.03698975012263671,0.42279026259214636,-0.790727032997629,0.5441559644220475,-0.18660536011243614
['Red Hot Chili Peppers'],[883318],-1.326642415115711,-0.11588826605253214,0.04625886162199309,0.4172429948301257,-0.8010223386727465,0.47259394991333387,-0.19653500265511842
['Red Hot Chili Peppers'],[883318],-1.2168328343157602,-0.22181301705125103,0.06709436187834689,0.46741797560073517,-0.5394240131980748,0.932458578233618,-0.5207562413601461
['Red Hot Chili Peppers'],[883318],-1.3639980736250938,-0.3414695220714033,0.042579235095322965,0.4123909782811217,-0.600530489161693,0.5735152158323422,-0.23805470272986157
['Red Hot Chili Peppers'],[883318],-1.2063411954016763,-0.21459293440560276,0.00014573994687090726,0.3582698461006837,-0.6290804603184597,0.484275638834567,-0.13207212731594592
['Red Hot Chili Peppers'],[883318],-1.4234585056967284,-0.37933280260119473,0.02902365572269287,0.4860030087634468,-0.5881938424346195,0.5305831209462645,-0.2722802193179405
['Red Hot Chili Peppers'],[883318],-1.1705845964727968,-0.12956729160916902,-0.02326708816863124,0.03150563182975459,0.16647618558223073,0.6057899858457062,-0.028439906831947973
['Red Hot Chili Peppers'],[883318],-1.2674339832685002,-0.37488321467933133,0.1752719296042469,0.2002437226591429,-0.15467110377319657,0.7289975245492918,-0.22463004104317186
['Red Hot Chili Peppers'],[883318],-1.2512089015926666,-0.013278048072484974,0.07766542187767679,0.2266594992365595,-0.014963336071907682,0.35143864206124314,-0.08659010615116806
['Red Hot Chili Peppers'],[883318],-1.332213401076432,-0.5761737109366527,0.08934282284396336,0.41003191852717313,-0.22563391640215535,0.593198071256057,-0.275516657247857
['Red Hot Chili Peppers'],[883318],-1.3343604094465973,0.027933516101774223,0.1651373829243638,0.37790201846329624,-0.8057696629556207,0.4693827957700674,-0.17543561177895878
['Red Hot Chili Peppers'],[883318],-1.2592831545600154,-0.3958735210513124,0.07597906295283682,0.3100160671392128,0.12097760110932039,0.5711688953463631,-0.3112258782595876
['Red Hot Chili Peppers'],[883318],-1.2923187194786674,-0.1825253098420203,0.021014488413858196,0.2825140963224756,0.08407445611277907,0.31565732069846847,-0.14559752437775697
['Red Hot Chili Peppers'],[883318],-1.076522685314042,-0.32550052628857695,0.014224589503987913,0.2644687932690499,0.16860104132182796,0.382843925627405,-0.12510325988822688
['Red Hot Chili Peppers'],[883318],-1.1731892721688497,-0.10829732106406999,-0.00656792338299765,0.2674363496966237,-0.011728099710896363,0.3606614356591345,-0.05627217216076989
['Red Hot Chili Peppers'],[883318],-1.261895340254641,0.08304465726464709,0.11148795417020471,0.26303817473648866,-0.2581651685379485,0.5126068036162954,-0.3787718094838965
['Red Hot Chili Peppers'],[883318],-1.0613751881473255,0.15035946209315382,-0.017230646532794224,0.11221683247717712,0.11426861118190498,0.13529952779621657,-0.08811373710814528
['Red Hot Chili Peppers'],[883318],-1.4202700032301245,-0.4016728389521509,0.09958905087896705,0.39839048189654175,-0.1388899342177286,0.5449475051869861,-0.2510860028732723
['Red Hot Chili Peppers'],[883318],-1.2738955840255812,0.09420463847580025,0.15119991926387596,0.20201476321629377,-0.3792009525535914,0.41704137267333213,-0.2138895488971051
['Red Hot Chili Peppers'],[883318],-1.2699154141817395,-0.08842233800489328,-0.029945098185522278,0.3784384275249852,-0.811641657044435,0.4524570330931371,-0.12385829622748833
['Red Hot Chili Peppers'],[883318],-1.1103628863806085,0.15580663314484985,-0.03722043257778274,0.09324738198740674,0.13348007491889538,0.28703744101354245,-0.013736479822744322
['Red Hot Chili Peppers'],[883318],-0.9831684102802393,-0.08377863228530895,-0.01762370185602131,0.2359601828163997,-0.6646356762212711,0.46438851008926585,0.007340571107388877
['Red Hot Chili Peppers'],[883318],-1.224331423606222,0.08374431136995983,0.10039728031181594,0.23438723447312682,-0.3914312828594237,0.32809842555976926,-0.18730144978386912
['Red Hot Chili Peppers'],[883318],-1.1541795362723197,-0.1947975700875527,0.05034139591495231,0.24957432630161433,0.07000861751840248,0.2948729546034706,-0.16408951630090626
['Red Hot Chili Peppers'],[883318],-1.3470607169907194,-0.1079862756263988,-0.019430348312468457,0.16106624695625338,-0.435355318612211,0.7358620699670148,-0.13018483101958356
['Red Hot Chili Peppers'],[883318],-1.0386012547566954,-0.08686864009294107,0.035237490271083936,0.3181562212366984,-0.6616642406503526,0.31765088106019035,-0.1144301976833871
"['Robert Fripp', 'Brian Eno']","[238440, 617196]",-0.08139516469814281,0.3749429584005651,0.3482808404815627,-0.06646486788154199,-0.1244814710785883,0.7729021358369069,-0.6245025978869732
"['Robert Fripp', 'Brian Eno']","[238440, 617196]",0.2905325051000019,0.17036196558589134,0.005354652229345449,0.11989810798760608,-0.597175966993307,0.659087266532274,-0.49465810242401864
"['Robert Fripp', 'Brian Eno']","[238440, 617196]",-0.07347218969671031,-0.040814784475776404,0.15633509644990543,-0.04292895415963004,-0.021346685531846557,0.271230701588616,-0.17293121281662602
"['Robert Fripp', 'Brian Eno']","[238440, 617196]",-0.04564615617488479,-0.11101618843259392,0.18863417263526425,-0.04802087611074217,-0.21829765172396362,0.2927940351318335,0.004740545540695336
"['Robert Fripp', 'Brian Eno']","[238440, 617196]",-0.017343725514518012,0.2763347396259954,-0.030904335477031492,-0.141459962924473,0.0495494489333242,0.8203151012816595,-0.3703605294159178
"['Robert Fripp', 'Brian Eno']","[238440, 617196]",0.12408629179669854,0.1481669409188816,0.07831116367477065,0.07884079023880151,-0.23857466118026133,0.5469314993278568,-0.4483894396247733
"['Robert Fripp', 'Brian Eno']","[238440, 617196]",-0.4259519004265225,0.4091987901737386,-0.017969417667087286,0.44200080705791295,-0.8051336248765448,0.5825170409864575,-0.6087825753424134
"['Robert Fripp', 'Brian Eno']","[238440, 617196]",0.2374007163114665,0.15188792969432333,0.015389912052065828,0.007206566531095785,-0.05944865303542262,0.6405202432816374,-0.40480114302850706
"['Robert Fripp', 'Brian Eno']","[238440, 617196]",0.005997031886053374,0.2676455266240641,0.1742204500404798,-0.01081914185563719,-0.30693879554773557,0.7880820716341679,-0.47411714125072696
"['Robert Fripp', 'Brian Eno']","[238440, 617196]",-0.06276532885604567,0.31600161046866143,-0.06665543345422323,-0.033804930899493255,0.15636079095203825,0.7964340834328892,-0.3528101380714106
"['Robert Fripp', 'Brian Eno']","[238440, 617196]",-0.3919925339388988,0.4959050618116353,-0.2561172906069203,0.21641671393536338,-0.43808251615441657,0.8429509250469781,-0.45068911789440974
"['Robert Fripp', 'Brian Eno']","[238440, 617196]",-0.13980618600564615,-0.16684716736037258,0.15312883463534252,-0.05741435786073746,-0.11557435337234985,0.3444659721926863,0.14629421366139556
"['Robert Fripp', 'Brian Eno']","[238440, 617196]",0.23295152898370622,0.2099888463454714,-0.017718638466035837,0.19589422264902506,-0.8463074232060024,0.7506965377323198,-0.48083414812328873
"['Robert Fripp', 'Brian Eno']","[238440, 617196]",0.08330992941971042,0.08600035141302109,0.017884299378116267,0.07457365670825235,-0.29079986324778584,0.8250414423832131,-0.44466150689018435
"['Rod Stewart', 'Stevie Wonder']","[293896, 622805]",-0.65552176165658,-0.17239088441786876,0.068988984696813,0.1255973537590391,-0.6990881878445645,0.4266373693265293,0.046331587861545336
"['Roger Waters', ""Sinéad O'Connor"", 'The Band']","[254556, 756180, 38490]",-0.6374035987086,0.11021197560638288,0.5292538917753391,0.022762419455686248,-0.5253642724143582,0.5090189458404201,-0.1362805717066802
"['Roger Waters', 'Van Morrison', 'The Band']","[254556, 307461, 38490]",-0.935956925810302,0.11860792098534789,0.4415287891744464,0.1000681918345333,-0.03994759726664481,0.4555467230121653,-0.23225073626963003
['Roxy Music'],[852855],-0.9301651333002411,0.1447357646263376,-0.03158683854929491,0.21388499235153624,-0.49268397380793577,0.4032093720036038,-0.019614597822004323
['Roxy Music'],[852855],-1.0933079484862676,-0.23563624531394609,0.06229593751449766,0.25039524859333,-0.09528103330372885,0.48572230770559105,-0.1383099288451047
['Roxy Music'],[852855],-1.143322796658974,-0.5411797220269058,0.07019962176226582,0.24000351538957446,0.19103952844231364,0.5315930933457714,-0.1764674745012549
['Roxy Music'],[852855],-1.1736931785256095,0.03760984578488825,-0.0459550025045708,0.4075317528373175,-0.28945691220854103,0.7479856697088587,-0.5695764021667608
['Roxy Music'],[852855],-0.9892478283061946,-0.4210607622421829,0.1906608263409797,0.12397521098227986,0.17260903197991678,0.5804508943288537,-0.17250658113968312
['Roxy Music'],[852855],-1.2140447019093652,0.27323621590393316,0.5276919343244073,0.16878159591135808,-0.08142179018932623,0.547707563886421,-0.562377204943828
['Roxy Music'],[852855],-0.7110653808485208,-0.06746998821213251,0.0068342300029857845,0.13429102328394524,-0.0510946838121466,0.3771022683081848,-0.027538084112415945
['Roxy Music'],[852855],-0.9127278018912405,-0.13750911774487054,0.3743868829678247,0.27478596642175457,-0.1544786478392747,0.6585193459233375,-0.5301241462214615
['Roxy Music'],[852855],-1.0080323171952847,-0.23767325957510935,-0.050360521172535436,0.4289086936131397,-0.493504792891939,0.6930389673230875,-0.39406731729014566
['Roxy Music'],[852855],-1.004420637190791,-0.17112087297109524,0.03558301804269876,0.2745809614635013,-0.21479049058674626,0.2912723327418699,-0.12728709503494348
['Roxy Music'],[852855],-1.1343098656810278,-0.18005889892189594,0.04438268059454699,0.19684743470633462,-0.45330502792867794,0.6548193596615841,-0.09095797065374422
['Roxy Music'],[852855],-0.875384939695454,0.025152051254248603,0.00154857961571122,0.1530766407196861,0.11676214242585752,0.18387437767307088,-0.0883437532899508
['Roxy Music'],[852855],-0.7643014927075814,-0.12003832050213059,0.0670661160648214,0.14467783758429137,-0.6769412353761023,0.5167412953388896,-0.021152961048182626
['Roxy Music'],[852855],-1.2295656457372963,-0.17629209146674832,0.11455904430085936,0.18444261891916391,-0.27181696299024455,0.5780349864182761,-0.22153636651487954
['Roxy Music'],[852855],-1.1484093646164115,-0.3517367466361563,0.00399302556655145,0.49074841625764254,-0.22898852499932706,0.5013805846621012,-0.29061668428448445
['Roxy Music'],[852855],-0.5966024927435412,-0.0783106776691199,0.06990029627518803,0.0369281001940262,-0.8014945540646775,0.4826009090507588,0.09359002061398869
['Roxy Music'],[852855],-0.9599998993463307,-0.35400639212918705,0.10217576163235723,0.18848282128900892,-0.5518355213357227,0.6631412745577369,-0.08502429750077184
['Roxy Music'],[852855],-0.6560256045502989,-0.2674590712497714,0.1660640539859901,0.10337532463606727,-0.15724392545541382,0.3183201645267535,-0.04205936303126355
['Roxy Music'],[852855],-1.1497506708574197,-0.16826731043707344,0.08852223887497719,0.29321137026804595,-0.06134514841190171,0.5706794096798745,-0.4772931496998205
['Roxy Music'],[852855],-1.1887033985915973,-0.16437666718523666,-0.051599062821868866,0.4103395761142925,-0.7124745072751558,0.47741929367311753,-0.18336008427333425
['Roxy Music'],[852855],-1.2300076524551442,-0.30319244140562485,-0.008397386938436809,0.3272999946385129,0.23411319491536967,0.6324089819437256,-0.440959641541101
['Roxy Music'],[852855],-0.6094942944165538,-0.36403593030191,0.24675999365621953,-0.016314174981928588,-0.3345008383957963,0.587583402863271,-0.059534344914749765
['Roxy Music'],[852855],-1.2265254106065535,-0.08355336683700375,0.018906005980954668,0.11450924331544284,-0.44349130871465536,0.7953641376331342,-0.06393002766638517
['Roxy Music'],[852855],-1.3097869582226513,-0.39722191246284005,0.037784658877908356,0.36889660304908634,-0.5930412659187037,0.7096932649036958,-0.22396361505406298
['Roxy Music'],[852855],-1.235342279239865,-0.16370041146176664,-0.05277944950113113,0.13177642382757562,0.17973653820393845,0.5470477999009689,-0.14613873801302693
['Roxy Music'],[852855],-0.7083987023922034,-0.01720013256432652,-0.042237117789734414,0.2988607947230622,0.06562378362652668,0.8365958106350803,-0.511147715327929
['Roxy Music'],[852855],-1.2305575417032728,-0.44492748329949583,0.027756801431578274,0.3460139040590291,0.02470782878177858,0.5227225439483135,-0.09153318231540364
['Roxy Music'],[852855],-1.1905077935674715,-0.40116812866912843,0.026142316361577666,0.32542877921394237,-0.33395543370028946,0.6534018896028465,-0.1953821679402716
['Roxy Music'],[852855],-0.6924351816117894,-0.5188383806265605,0.08114188061604644,0.2713861789165542,0.2535208925526525,0.935478539480029,-0.50856870547381
['Roxy Music'],[852855],-0.9991119349591485,-0.3077851102412337,0.202438266747991,0.14809916785300584,-0.3746827877548009,0.6118861029014501,-0.15829444941740664
['Roxy Music'],[852855],-0.8943898055799423,0.01286736239687462,0.10529433233958888,0.2394633856457559,-0.7792107377639784,0.3530956894661073,-0.15339433374014072
['Roxy Music'],[852855],-0.9846117665198406,-0.31459286320797936,0.05710916189632123,0.12842188697803414,0.16460658208787346,0.5371693399534182,-0.05227503317188339
['Roxy Music'],[852855],-0.6099493793360533,-0.4908404812720902,0.13348207928972375,0.24634027211027149,0.20157288315118535,0.6219352349214896,-0.4040270378771345
['Roxy Music'],[852855],-1.2607878080942791,-0.6326243756653073,0.04105004483141321,0.3108524435657757,0.2183747013890173,0.6216366598655481,-0.16331933754865735
['Roxy Music'],[852855],-1.178851612647092,-0.2422373279570513,0.0615491129194252,0.35219432719528226,-0.7097054103788443,0.600169432876368,-0.18081508846281877
['Roxy Music'],[852855],-1.1020960559731479,-0.4422782112047073,0.013810442362522391,0.3194616462454177,-0.34074988861095723,0.6652713277034468,-0.15434338595404476
['Roxy Music'],[852855],-1.2029102061285024,-0.055260429753493046,0.1139322462656833,0.34680683397287493,-0.5447347351874524,0.42499792777400136,-0.2852324743601129
['Roxy Music'],[852855],-1.283202498219496,-0.541136254395083,0.01582023721404895,0.4232980536958647,-0.4913383732053768,0.6933874954038308,-0.2481830801863972
['Roxy Music'],[852855],-1.1641944835178462,-0.007216674240437723,-0.06765412071177665,0.2011795805895818,0.1925003226329558,0.5270207228292751,-0.2528662260913813
['Roxy Music'],[852855],-0.8654008603288115,-0.054868704084403044,0.03866311846478814,0.2644835258027342,-0.3087263303627726,0.3141866177710605,-0.18167800430447045
['Roxy Music'],[852855],-1.3345741172200907,-0.38264377197859717,-0.002820631800185925,0.4372884170184662,-0.7636209781210856,0.7013335478097542,-0.2762156724054472
['Roxy Music'],[852855],-0.7868399652498225,-0.41305642867519965,0.12398642773377172,0.1383678691101505,-0.12431549357006307,0.4830751042452411,-0.03562056537271001
['Roxy Music'],[852855],-1.219451821590513,-0.010580829937237033,0.007212072522019667,0.2864774165893641,0.03440632213281845,0.5887337358952673,-0.35319636947896177
['Roxy Music'],[852855],-0.8444094536413032,-0.5944268535170727,0.016630805955397423,0.5450803187737966,-0.6145775642283069,0.9918540769467868,-0.5929507753971703
['Roxy Music'],[852855],-0.9314803923319426,0.10648368630479675,-0.11952761686791742,0.22997231048032626,-0.5413364451426936,0.6522143734010171,-0.20844635172836012
['Roxy Music'],[852855],-0.5360331138130875,-0.16751292878749796,0.09701503006129324,-0.03534140417906458,0.042144174076064675,0.5955394393261075,-0.051035018361859634
['Roxy Music'],[852855],-1.2344365580531567,0.03947683538749264,0.052138085629715246,0.20363354051777888,0.009649033331596812,0.5275914647621576,-0.2695993382946223
['Roxy Music'],[852855],-1.2755423875667458,-0.2085972756757885,0.19653678831169846,0.20963059914575985,0.014318560721026257,0.5720462826566104,-0.3140901364342764
['Roxy Music'],[852855],-0.4303950276720622,-0.34555651411960314,-0.03283941732732062,0.34584001658941627,0.0679321621066868,0.8832444813506954,-0.66756640348486
['Roxy Music'],[852855],-0.9116892995956649,-0.5542479196454287,0.06715026886379165,0.37901435981710513,-0.6023544255981543,0.7398928240084898,-0.1740124499044745
['Roxy Music'],[852855],-1.2965197071815742,-0.10138120324904032,0.13252309791292147,0.3773935851004708,-0.6907204346062278,0.639669418889518,-0.2707390167730817
['Roxy Music'],[852855],-1.2703134173327215,-0.05450705535362449,-0.044560109559192956,0.3747730450418694,-0.4991849386716787,0.6523221716430553,-0.3024009740758332
['Roxy Music'],[852855],-1.2323292077257824,-0.13274820794171943,0.07729081613276435,0.3571293443664134,-0.6243552846501955,0.507930572647598,-0.2150271102032918
['Roxy Music'],[852855],-1.321291963853062,-0.19240269549776026,0.03555363559007875,0.3090819355976136,-0.7062696311281834,0.615546339930566,-0.22322211464971212
['Roxy Music'],[852855],-1.2621123919715334,-0.2981609208097261,-0.03968208801998251,0.33830257061732066,0.24079416645324903,0.6697943646712893,-0.36429031120634675
['Roxy Music'],[852855],-0.20305857949765752,0.0938481693070045,-0.08166373880361583,0.38481768748285067,-0.6205278096425878,0.653388874545216,-0.6204514238629222
['Roxy Music'],[852855],-1.215667874506063,-0.4489633320160511,0.02139308741210168,0.3417332603675213,0.02245222976496572,0.5196239194904461,-0.08689567786206712
"['Roy Eldridge', 'Dizzy Gillespie']","[346637, 162677]",-0.5011760400601942,-0.5938663379886435,0.22836532835993956,0.24308141778074766,-0.7612420065228624,0.6135574454222154,-0.051543492044482504
"['Roy Eldridge', 'Dizzy Gillespie']","[346637, 162677]",-0.43687499522355205,-0.6220646134127003,0.2602809071537401,0.09312313401153374,-0.3152849603616063,0.6985412372414949,0.06626972886216494
"['Roy Eldridge', 'Dizzy Gillespie']","[346637, 162677]",-0.7763253167847831,-0.637924189608852,0.19942742954525436,0.24726548937590276,-0.17928901804340822,0.6879499690133243,-0.07140803563342603
"['Roy Eldridge', 'Dizzy Gillespie']","[346637, 162677]",-0.020624067666883003,-0.2742436847073932,0.11213328035485783,0.10230050097147923,0.14754516359079045,0.6793266498548417,-0.09044441813219672
"['Roy Eldridge', 'Dizzy Gillespie']","[346637, 162677]",-0.746194769592176,-0.5946177856569671,0.20179687454178985,0.2460744475441921,0.1892619639434024,0.6778444378650373,-0.10606077597720817
"['Roy Eldridge', 'Dizzy Gillespie']","[346637, 162677]",-0.4626731531839916,-0.5077722141039002,0.2389777545406963,0.08469340498857932,-0.3228247976993536,0.6458234446521154,0.0782335309759721
"['Roy Eldridge', 'Dizzy Gillespie']","[346637, 162677]",-0.7651631022944568,-0.4932630919464125,0.15154119911390246,0.25989757498125643,-0.635478196960437,0.7286030176467442,-0.06678388194057555
"['Roy Eldridge', 'Dizzy Gillespie']","[346637, 162677]",-0.8395265805655535,-0.14612067555422636,-0.03656536244621077,0.17158675258165712,0.12493272266352255,0.8682991788410411,-0.23809929559399332
"['Roy Eldridge', 'Dizzy Gillespie']","[346637, 162677]",0.0787525941652908,-0.2144812652137006,0.07630521481997193,0.2922932479257784,-0.2663933347740977,0.7735016706525151,-0.36471205096838316
['Sam Cooke'],[238115],-0.5212436291080873,-0.2343529710014069,0.19496022240680858,-0.0038330822863602582,-0.6244762054246781,0.5019842221056678,-0.022628731177533327
['Sam Cooke'],[238115],-0.8461615039375386,-0.6793003479027516,0.3200701213488243,0.181512090311532,-0.4492599067433867,0.7867044245545091,-0.1722508004595504
['Sam Cooke'],[238115],-0.2323027335334645,-0.2420609622269827,0.36493366967872,-0.14277021144276936,-0.12370750911968184,0.3533364665718646,-0.04823160942347705
['Sam Cooke'],[238115],-0.6304128673925994,-0.5823939644970691,0.2875217012806638,0.034492301337480394,0.12934810693816676,0.4877188502619045,-0.17180254035867848
['Sam Cooke'],[238115],-0.6661061688745655,-0.12111635373106501,1.1343507368798875,0.21963427987657458,-0.6850129123067125,0.6422042835049105,-0.05260953112491688
['Sam Cooke'],[238115],-0.4508644585258363,-0.062114838418461334,0.08647880197544591,-0.20684125612716414,-0.46190239683150386,0.6205661401103064,0.15456250521817905
['Sam Cooke'],[238115],-0.45535990244027297,-0.2204319569528522,0.3070423123724715,-0.07704605208403123,-0.1942105391829282,0.37168557808489483,-0.10448865285876997
['Sam Cooke'],[238115],-0.5070686661210189,-0.3684236499625734,0.35194458796353095,0.004642163183537327,-0.5238373273530381,0.5576128571628297,-0.12170513285020577
['Sam Cooke'],[238115],-0.6656385641087391,-0.1754420362307081,0.5560498013580765,0.01796547266407377,-0.5234702587631921,0.48063297798138105,-0.32221058387419926
['Sam Cooke'],[238115],-0.4150885355239291,-0.32911932620530954,0.15957898583584768,-0.040058116442902435,-0.804789472212318,0.6458568046076135,0.07283740891843138
['Sam Cooke'],[238115],-0.7818107816090021,-0.4113992327717126,0.317039115206631,0.014554355422472603,-0.48260328578191475,0.7610596463003702,-0.18829102953558172
['Sam Cooke'],[238115],-0.6697198579842069,-0.3228495986977773,0.31106495515714094,0.09358389489518888,-0.5102277868667796,0.5096389603952416,-0.14580799845053508
['Sam Cooke'],[238115],-0.3692742750503845,-0.2541328780533365,0.14973820392504142,-0.032331583537666526,-0.5561956625160972,0.41564313589280427,0.04568838611651309
['Sam Cooke'],[238115],-0.4915492647512735,-0.2440358171953,0.39061778140010744,-0.029961406408306194,-0.3595437850490895,0.45775977441177146,-0.1017847968958395
['Sam Cooke'],[238115],-0.28615890197930755,-0.16783993927154917,0.18891094129419578,-0.08856420498672267,-0.3935891935443199,0.33783213544972074,0.06534931759647353
['Sam Cooke'],[238115],-0.31845041858137296,-0.3012330801950117,0.1808040187284291,0.014253670927474515,-0.6481329311208985,0.38905591534153217,0.029798081958123068
['Sam Cooke'],[238115],-0.9956666033801882,-0.17196922830408914,0.05947311880560242,0.046643681292607424,-0.034441411784698873,0.5260828170932749,-0.06041167043200913
['Sam Cooke'],[238115],-0.4967525955137367,-0.3462064080996881,0.19040863638442748,-0.17056403674219087,0.09563641073713587,0.5447961172613682,0.03673630949956837
['Sam Cooke'],[238115],-0.6691918970826595,-0.40105222961964276,0.24590307941859865,0.10087755357887655,-0.6788956433632192,0.6035210471856828,-0.11938748209035013
['Sam Cooke'],[238115],-0.602108140765557,-0.33869485790142045,0.13738510151653743,-0.12989996408866417,-0.5912799616391206,0.9121773409900644,0.0983653103435218
['Sam Cooke'],[238115],-0.5853259073302948,-0.5141640438029231,0.22139770759973848,0.041760611604266876,-0.1438251999765133,0.5521788487651235,-0.018092849791509696
['Sam Cooke'],[238115],-0.5611853271986349,-0.36781360223644766,0.3594933726897103,0.04069023233851038,-0.3393178744552317,0.4866159305203451,-0.10303193437218787
['Sam Cooke'],[238115],-0.4318419965999359,-0.5896786284215467,0.34845334996164673,0.004815937592422074,-0.06827565289461301,0.5751083645429731,-0.06477468504260142
['Sam Cooke'],[238115],-0.7397608410182234,-0.3739440018386511,0.2710966792509766,-0.03889548713738085,-0.22459146861336368,0.6614630537036948,-0.1129481251842587
['Sam Cooke'],[238115],-0.8425135224778159,-0.5138028799087918,0.10015559708001742,0.14452806900601764,-0.47063675642568054,0.6883414110402819,-0.1091489745242045
['Sam Cooke'],[238115],-0.5342123297492345,0.011489287869040283,0.42385607655040836,-0.14112854050888504,-0.5476467284656267,0.5737555865708508,-0.10391812004699608
['Sam Cooke'],[238115],-0.62748524714022,-0.4668227057995711,0.23339092698269914,0.16815615663731312,-0.7685753255865629,0.5794993198079137,-0.1146574950447603
['Sam Cooke'],[238115],-0.40772493663850634,-0.5145509929853614,0.2317543339194189,-0.08261323057881352,0.10045102791592325,0.5137423953770278,0.019872357652998218
['Sam Cooke'],[238115],-0.5982405092413925,-0.5447815213317783,0.24323269711959447,0.1347893993620971,-0.5886094929340069,0.5842373107227987,-0.12670299326951057
['Sam Cooke'],[238115],-0.47183255047003825,-0.17917566772793128,0.2745945861770627,-0.13943294635713835,-0.8039914692994093,0.7594434628041175,0.04514009756482191
['Sam Cooke'],[238115],-0.705336165746557,-0.5558384758418177,0.26107285730084223,0.1671547925978985,-0.7431017141253682,0.7384357171197894,-0.10103834407015876
['Sam Cooke'],[238115],-0.5610648664620095,-0.4946161438561365,0.18635775442004487,-0.021884647217888912,-0.059989691492909086,0.5798113183332675,-0.024814208011802962
['Sam Cooke'],[238115],-0.7046245161688302,-0.5067502298925797,0.19346162222708393,0.1500146380744756,-0.757808522536012,0.6336504453197033,-0.10439309887774954
['Sam Cooke'],[238115],-0.6326203828944913,-0.6122576945081114,0.44341433734086955,-0.09172366875647554,0.14608667660445884,0.7803671243420868,-0.1658384240426221
['Sam Cooke'],[238115],-0.8973560781966389,-0.38946158706938344,0.29592512223100886,0.15825663162656783,-0.6488818274334595,0.7061266497892854,-0.21893900124180501
['Sam Cooke'],[238115],-0.266543715271573,-0.24073039803216323,0.20828818566708313,0.011408187802438593,-0.8388249163257198,0.3724142622305105,0.004350797307840737
['Sam Cooke'],[238115],-0.30742717181243256,-0.20076719669343054,0.15578698030589055,-0.22967678748920017,-0.3812427036001017,0.6280816492204951,0.17228567485070287
['Sam Cooke'],[238115],-0.451546863168254,-0.45586653289972795,0.22054638188335604,0.01563019233969141,-0.2579245448260707,0.4621386698163338,0.008685341490086058
['Sam Cooke'],[238115],-0.7554742500195495,-0.41259138136891355,0.20026269038595065,0.06577493643461228,0.12457897143647154,0.3566361678878667,-0.14937507830063423
['Sam Cooke'],[238115],-0.8738256671444068,-0.4995768394886809,0.0962999935785099,0.14389579431578647,-0.46891930748502153,0.6824331190003284,-0.11834954431836696
['Sam Cooke'],[238115],-0.5732075665572415,-0.4663860205710575,0.16435269392880414,0.08614491465300057,-0.41568683265659423,0.5585503124257938,0.029455842995847623
['Sam Cooke'],[238115],-0.6424933910328349,-0.4625085220439855,0.22535929884718733,-0.01540708590707682,0.12188618405024074,0.48341004076944033,-0.08647297717670833
['Sam Cooke'],[238115],-0.7268111767407518,-0.292431605553656,0.14724192799371025,0.11980394030284805,-0.5069250331047764,0.470378825207066,-0.09384570675097874
['Sam Cooke'],[238115],-0.7442621782754968,-0.7229096024584304,0.2772972762518644,0.20045192303133663,-0.5486250964739222,0.7505232350652453,-0.12676074202746535
['Sam Cooke'],[238115],-0.8383571024854386,-0.5695134024402468,0.2840219756258067,-0.011165869882332572,0.16219004762890504,0.7211025850607725,-0.13004760524889303
['Sam Cooke'],[238115],-0.2483284649818412,-0.23196552645136115,0.18444879646555717,-0.037623784338602015,-0.659060799233984,0.4014997194648606,0.07593966548348517
['Sam Cooke'],[238115],-0.36489445908288076,-0.17046163864669614,0.2748153424630843,-0.16480450779793182,-0.11262725849999507,0.41790342886358867,0.047110110596090764
['Sam Cooke'],[238115],-0.9914219425702202,-0.5842884410210062,0.4392509496283695,0.15321167003157668,-0.43403871101442554,0.8427234674504348,-0.31567070604644626
['Sam Cooke'],[238115],-0.6450216739934549,-0.4875520204586522,0.1581537555380561,0.09211579976939331,-0.5902446059768561,0.5939418432777163,-0.06369252172012575
['Sam Cooke'],[238115],-0.6239348867109492,-0.35686026679326127,0.20211167940695693,0.056826142513966386,-0.5068489113376429,0.5914816657655736,-0.04082531801938121
['Sam Cooke'],[238115],-0.9010371829517625,-0.2551796188233621,0.2868650730059631,0.03354202948299358,-0.4821976863493255,0.6747902976031351,-0.19096947453337243
['Sam Cooke'],[238115],-1.044487411595344,-0.40841798873262514,0.26540206615880924,0.0796171543501842,-0.6227288872037609,0.8964785787937769,-0.22223232897988046
['Sam Cooke'],[238115],-0.8860432463769738,-0.6656228382040557,0.24543725424250792,0.22590973955858096,-0.7153247297486444,0.8019406124858649,-0.14293748759558766
['Sam Cooke'],[238115],-0.46010758657537226,-0.3703387058822244,0.1653080299009067,0.10157536084321822,-0.716302639232878,0.41259943352591844,-0.04939617779260223
['Sam Cooke'],[238115],-0.39233712060975573,-0.1764599513151602,0.28262634564723726,-0.05136743863280182,-0.7388021969379639,0.4468405782584485,-0.0692126066983163
['Sam Cooke'],[238115],-0.42778268480774384,-0.2255511886491178,0.18201243306900589,-0.1318868788819457,-0.537579373316682,0.6623406202548078,0.09607930676929917
['Sam Cooke'],[238115],-0.6401132183906344,-0.10285161210945677,0.19999641504615331,-0.11056594113483503,-0.7895851407199446,0.7616704799391565,0.004571509440850772
['Sam Cooke'],[238115],-0.626825778319357,-0.18931802459389527,0.2274371160278154,-0.028279912618543086,-0.7881043579657283,0.6685250343393125,-0.05264559998402451
['Sam Cooke'],[238115],-1.1023071302220437,-0.6991986320348151,0.1191109214440069,0.3365530314903675,-0.5965216727639977,0.7824058104882116,-0.18906224822810247
['Sam Cooke'],[238115],-0.9017697925829418,-0.5882180552281666,0.317978565355406,0.09349559602016379,-0.006650297153537731,0.6822270902369324,-0.20493406942056905
['Sam Cooke'],[238115],-0.7415205662766509,-0.465853021103529,0.37253945786795656,0.10768545085883756,-0.48437483178308854,0.6492593062874565,-0.20425958660623036
['Sam Cooke'],[238115],-0.6960999224909785,-0.3935895652224312,0.15394105943537983,0.08560195307786386,-0.05085860160161727,0.4929146050094322,-0.022461961761647706
['Sam Cooke'],[238115],-0.9181001633045794,-0.5815171109292834,0.36812173049498353,0.20827483499250765,-0.8045491019554455,0.8357318645742359,-0.26036739729829067
['Sam Cooke'],[238115],-0.619156712509116,-0.47653407128881015,0.42161178399244975,0.002810756354212298,0.11762839709665529,0.43342923294157937,-0.21873371671864578
['Sam Cooke'],[238115],-0.692361526269716,-0.28109284855680866,0.10064817603665785,0.16439343825797087,-0.6989775153481234,0.37411010989747334,-0.1061208890297079
['Sam Cooke'],[238115],-1.1029540757061356,-0.6926549763862717,0.1291688326927644,0.334365447430645,-0.5968749385211071,0.783527647776213,-0.19468612269515267
['Sam Cooke'],[238115],-0.9916704569958531,-0.6489621550273171,0.19478507905020842,0.1989006669519923,-0.43287088449440203,0.7978589006122573,-0.18482109367311034
['Sam Cooke'],[238115],-1.2138425321929298,-0.4430526095993992,0.016347551320810116,0.19807632931874575,-0.3364448986911898,0.8000272848990734,-0.14433400406779784
['Sam Cooke'],[238115],-0.877588482502737,-0.4649494950774433,0.22941415696801618,0.18721827849292086,-0.47189460747933454,0.6131554756240211,-0.2023184694271677
['Sam Cooke'],[238115],-0.5262777546787484,-0.1831643030467723,0.27212339513978395,0.028403734177547206,-0.8099520655628705,0.46101254364411914,-0.12121810239004167
['Sam Cooke'],[238115],-0.525509096936948,-0.5024341445709664,0.19768223436717053,-0.007441141065443943,-0.06687745431891869,0.5127544264034891,-0.037799027253753836
['Sam Cooke'],[238115],-0.8922475465143667,-0.6604156393229437,0.1445783087414811,0.20819600286475126,-0.7139488242067937,0.8265466613278641,-0.14760353023895798
['Sam Cooke'],[238115],-1.109246209855612,-0.6999684130401459,0.10741140649728614,0.3436262236597113,-0.5957391380382925,0.780552866129475,-0.18634182711052766
['Sam Cooke'],[238115],-0.9770798650366167,-0.4031979311539848,0.28619098959162914,0.040223981563330194,-0.2747545941407452,0.7743464485429034,-0.18342062179892268
['Sam Cooke'],[238115],-0.9108400815124209,-0.6526209058107748,0.1903993931443015,0.16580429412190945,-0.4425815914834011,0.7940029710904707,-0.1496747254756352
['Sam Cooke'],[238115],-0.9470232481290993,-0.4142699438930854,0.3409597977493504,0.0965521550251179,-0.7268455185907087,0.8247849225169105,-0.25586192105470823
['Sam Cooke'],[238115],-0.840080211210501,-0.4347976023724706,0.11999226238604452,0.11706281433554422,-0.7472696869400361,0.7024222350325277,-0.1158868617526142
['Sam Cooke'],[238115],-0.9766464288429179,-0.4298450600334344,0.41165726915278095,0.20002415014512104,-0.7222644305232094,0.7210543841851733,-0.28302332934498264
['Sam Cooke'],[238115],-0.5561073800331557,-0.4678925199032677,0.18811132080985246,0.10384274972090986,-0.5057924653320576,0.5421252469319273,0.0103387683799948
['Sam Cooke'],[238115],-0.9921002712115964,0.02338768721339233,0.5003128696008654,-0.007457460253578486,0.1295973031043375,0.3967669707574982,-0.35852872320349516
['Sam Cooke'],[238115],-0.346063771460799,-0.20118700743685752,0.1446980479905678,-0.28281072618034553,0.06919985582385874,0.5661988354368851,0.21360760714240254
['Sam Cooke'],[238115],-0.6534531726588777,-0.3622050329566358,0.140566977974918,0.07993287574855276,-0.5038290502702004,0.551907001577661,0.022488302052722405
['Sam Cooke'],[238115],-0.37706840390512064,-0.32327378634301673,0.2527502833074486,0.05101620727900004,-0.36607840278542053,0.3254182793134102,0.005025996905204769
['Sam Cooke'],[238115],-0.6545890164256921,-0.21834257492430084,0.6480216822159323,-0.07458755956048116,-0.6882087316749532,0.7599883395519397,-0.31319092359494055
['Sam Cooke'],[238115],-1.0292274713332343,-0.06607741069015174,0.5506589425740496,0.12953560542926035,-0.8382138925613449,0.6041873187229272,-0.40395953533753876
['Sam Cooke'],[238115],-0.4989215138075059,-0.2073804206789083,0.15278278489445657,-0.11221938589774966,-0.2656764909931479,0.5682740058585145,0.0897802525697345
['Sam Cooke'],[238115],-0.8898039653791143,-0.5917664402584702,0.2609733880301797,0.14459765314245393,-0.09961916860980986,0.6152154790957388,-0.23135996153122682
['Sam Cooke'],[238115],-0.8555036147146107,-0.6819359520811947,0.30392148983252504,0.192589542162616,-0.4481820796094934,0.7799868273975867,-0.16551248353974884
['Sam Cooke'],[238115],-0.8452493854363491,-0.7618897376978063,0.23037843461356344,0.2085254560303614,-0.6204454352211666,0.8321031375174645,-0.1688710287597284
['Sam Cooke'],[238115],-0.4978081322200379,-0.12326767388936678,0.7981171866901392,-0.028347921664802017,-0.26885322262255046,0.4542097191818408,-0.2377481072797269
['Sam Cooke'],[238115],-0.43914541614670927,-0.5190496519958577,0.23890409855349118,0.016473868615142277,-0.2539058187019443,0.49579632671640783,0.0008713009722285558
['Sam Cooke'],[238115],-0.9053823325627669,-0.600290020806584,0.2594456249550872,0.17778729724345535,-0.4508463790780526,0.7376517458486845,-0.1811042286576703
['Sam Cooke'],[238115],-0.8733926701561321,-0.6005940411966413,0.296243667979914,0.09126754735306536,-0.009411468377855559,0.6806226216542789,-0.17136221256840573
['Sam Cooke'],[238115],-0.628217090934479,-0.10544617301167343,0.20987840334701985,-0.11952662402498078,-0.7905257384544269,0.7676035751282607,0.0023306275523741
['Sam Cooke'],[238115],-0.5169278772288558,-0.36327620157842333,1.007762777440211,0.20993508315539924,-0.8628961495367796,0.7467112389293757,0.02505198328429408
['Sam Cooke'],[238115],-0.8986862812647077,-0.6152838839506793,0.24596685177423597,0.1643704318433904,-0.09615966048450687,0.6141196753290536,-0.2230327168405543
['Sam Cooke'],[238115],-0.8503239805694639,-0.6638619316211635,0.28593704535454506,0.18105384039477812,-0.4508453417445211,0.7772808665937263,-0.15813330224497654
['Sam Cooke'],[238115],-0.8221540095445143,-0.6309088878475948,0.1637872462936012,0.20817011429706223,-0.7293719516353684,0.7264144113291289,-0.1550957701363077
['Sam Cooke'],[238115],-0.9543502328833121,-0.455020333183293,0.41907440602845025,0.21414916153383876,-0.6377390097442078,0.6537452053771624,-0.33814146163185776
['Sam Cooke'],[238115],-1.017967378321064,0.2074718494890984,0.7812532066752047,0.05398048741693236,-0.2342270459041451,0.5059564920305888,-0.21144105989144185
['Sam Cooke'],[238115],-0.647238708492997,-0.3778917409404303,0.19114168133915618,-0.032060188288482935,-0.0599038724198597,0.5542616656240574,-0.05603160998964199
['Sam Cooke'],[238115],-1.018238303549238,0.14697103338805442,0.5338933432438275,-0.05192725988069311,0.1287585208690437,0.4264067422578364,-0.310234058852304
['Sam Cooke'],[238115],-0.7948048338378373,-0.12088602990832895,0.5386441759848708,0.05801546166955441,-0.5914280204430634,0.5813086423984059,-0.2297139027564939
['Sam Cooke'],[238115],-0.33445089662173494,-0.18592612165900282,0.24381898575865635,-0.16563010654717264,-0.3809795594437682,0.5132027167205352,0.07616270898656308
['Sam Cooke'],[238115],-0.775704695689993,-0.5253237188995088,0.16821130159308328,0.14491453446641162,-0.7458504843411422,0.7013450250333323,-0.14237037805118904
['Sam Cooke'],[238115],-0.8992180825225002,-0.3382528001300435,0.3360142174240069,0.14097333691563652,-0.03274884270173762,0.5002779884561203,-0.20819028371736528
['Sam Cooke'],[238115],-0.9526512833752195,-0.5760579062844078,0.2282645034208947,0.18575482399360316,-0.4438880437644201,0.7569542756802896,-0.17425790930667026
['Sam Cooke'],[238115],-0.9473920834540124,-0.36534977983589223,0.2092172564663308,0.20841029912751982,-0.6518166553136663,0.5889630151318458,-0.24059237608397163
['Sam Cooke'],[238115],-0.6305871320300274,-0.29604406877234385,0.10431859910238048,0.08318022642710918,-0.6915573435081179,0.5754668355837049,0.03117039880072053
['Sam Cooke'],[238115],-0.9075341470986846,-0.6293942935726036,0.19021241713021197,0.012472356613578187,0.17513604839017052,0.7374723820849061,-0.14930248471422358
['Sam Cooke'],[238115],-0.922546963276154,-0.45752166736568606,0.32596850647637216,0.049517096066826145,0.15930146147163082,0.5673187540200626,-0.24502475193485135
['Sam Cooke'],[238115],-1.180128019261519,0.11795208019727661,0.5035471979275485,0.08539813314880142,-0.8353077238931851,0.6374168074194367,-0.4098215799851986
['Sam Cooke'],[238115],-1.0778427689244188,-0.23808807196051027,0.382060675683754,0.22930322037728215,-0.7381710444852374,0.5213773895502819,-0.4168172081560112
['Sam Cooke'],[238115],-0.8715901159821756,-0.27215585120226143,0.5495521928369597,0.1177359076606474,-0.4911662588016014,0.49644711024362115,-0.4104812755363137
['Sam Cooke'],[238115],-1.1895900877352616,-0.02624779547305418,0.17443963119230313,0.3333415504133253,-0.8295109982869299,0.38096768964162003,-0.3175923473078723
['Sam Cooke'],[238115],-1.3374244293598132,0.03770185308382071,0.4834724797977757,0.023521378804952132,-0.442891730339622,0.8160017126878146,-0.418843521815779
['Sam Cooke'],[238115],-0.4738946413399779,-0.18602120435338423,0.23263198612024866,-0.062099222108856954,-0.2858821717440877,0.33688386000755494,-0.05585348168472482
['Sam Cooke'],[238115],-0.5881533851893365,-0.11936015302831254,0.08589400211075336,-0.15093101239056128,-0.08880943518300204,0.5082526805170796,0.08166705737659775
['Sam Cooke'],[238115],-0.6690513955082968,-0.2094402346508139,0.49414069875084593,0.03463877274873392,-0.5206677629166866,0.4808421342485932,-0.28904690720084736
['Sam Cooke'],[238115],-1.1996476279264283,-0.34242665712874076,0.4653356225196456,0.19728791558193637,0.1008737339178351,0.6864022684606931,-0.13456158083414513
['Sam Cooke'],[238115],-0.6640977958655778,-0.2977801153607111,0.3775036871524901,0.07675929055867177,-0.5122062988281797,0.5133776037652156,-0.17785228654061372
['Sam Cooke'],[238115],-0.8361859409015346,-0.3117207428461149,0.5730187295796951,-0.00020830170035948984,0.1576991806568472,0.6790710085398488,-0.21677470267039198
['Sam Cooke'],[238115],-0.6982671404030597,-0.3779456732024731,0.17065507456811133,0.08433737820428382,-0.052085818061486926,0.4815783848287697,-0.026012148975881003
['Sam Cooke'],[238115],-0.43914804611087344,-0.6165062169387562,0.2768989418547288,0.12964520055574974,-0.5964947864717124,0.6215406671750766,-0.010278951794868976
['Sam Cooke'],[238115],-0.26256728825740605,-0.3598505563492416,0.20230869659705794,-0.1059686889454958,-0.20077120279050037,0.42797977205447063,0.08646120773262672
['Sam Cooke'],[238115],-0.8878942199875537,-0.40398660222712135,0.2549860314094596,0.05588116260593525,0.1475301799488725,0.5036197858240469,-0.19073043124649897
['Sam Cooke'],[238115],-0.9565877920424445,-0.2529728279797979,0.561266460921501,0.020311315774104118,-0.4712762473379412,0.7351388543127148,-0.38197103999105936
['Sam Cooke'],[238115],-1.1649897784649763,-0.11207602424446209,0.2605756879565202,0.2705645289396556,-0.82611519642632,0.48913199557743303,-0.3576682423718876
['Sam Cooke'],[238115],-0.4362025406364796,-0.28724388589651195,0.27354656156328183,-0.10553305654802263,-0.09550449531066903,0.4398245454406242,-0.026328619457835736
['Sam Cooke'],[238115],-1.0100476275791963,-0.173819241939059,0.7952159256517638,0.12868806351019954,-0.025261692814954603,0.5578073978980207,-0.3725779062037035
['Sam Cooke'],[238115],-0.9408455542206811,-0.12033762170618409,0.5730819757409364,0.1408171563153704,-0.4854375196357589,0.547289547751828,-0.29179660415664954
['Sam Cooke'],[238115],-0.8354951027200976,-0.6934998058941416,0.31457210577520817,0.1854006194499286,-0.44886836719377365,0.7913051867149464,-0.17199801847966695
['Sam Cooke'],[238115],-0.6685246610561836,-0.4716109865323656,0.19749938892707,0.13610415604581882,-0.7650407900686378,0.616107266094569,-0.0887001239370713
['Sam Cooke'],[238115],-0.7101917848840353,-0.3007447348170912,0.42338085732829867,0.03867076802775723,-0.5062728423359402,0.5527189393323162,-0.2323807447889054
['Sam Cooke'],[238115],-0.6328374257594263,-0.4895067411433098,0.2483040447591146,-0.020504400652313293,0.12322588187496371,0.5032783488337167,-0.09872647732081043
['Sam Cooke'],[238115],-0.712702400658914,-0.34539397639456965,0.331413127065629,0.036232580167303095,-0.5016241333727782,0.6172126049415553,-0.18704095927775538
['Sam Cooke'],[238115],-0.9717002190555055,-0.5300042069930448,0.2781292099512267,0.26683572616714096,-0.7211866014457663,0.6712653662502119,-0.2913613299979851
['Sam Cooke'],[238115],-0.624942454109972,-0.4204640522572243,0.293351933439267,0.04876766178254752,-0.5999667474252277,0.5805190060866845,-0.15207570171722468
['Sam Cooke'],[238115],-0.9659041873753854,-0.49764067073584056,0.38100920533813637,-0.027930507728497197,0.17288667939710806,0.7653027925764828,-0.24731574352576918
['Sam Cooke'],[238115],-0.8664636948304026,-0.10973444156624912,0.4956354615800012,-0.1816514879714283,0.12993357793602775,0.656564400700077,-0.22716586291560528
['Sam Cooke'],[238115],-1.0808277104339485,-0.3630545817739849,0.216886363492939,0.04454286957971093,-0.7094042321346095,0.9776276266979185,-0.15732432838276372
['Sam Cooke'],[238115],-0.31892958263876114,-0.23027381164849003,0.19419828589046764,-0.055918852441980346,-0.5666250568966462,0.37760381762066997,-0.015500058495749485
['Sam Cooke'],[238115],-0.4969297797614788,-0.3809458574014716,0.4439367254373692,-0.05115428671382014,0.09820690052975464,0.40658917757237756,-0.14009776716562294
['Sam Cooke'],[238115],-0.417227144357367,-0.4201520426403082,0.2538718413929397,-0.11185524243098255,0.09112687339353621,0.46494999379768465,-0.01637154987468497
['Sam Cooke'],[238115],-0.4368660897189895,-0.36099611208461174,0.2020150328160315,0.05774553115758253,-0.5353715126130737,0.4296062107531241,-0.043410303242769385
['Sam Cooke'],[238115],-0.7968119521076956,-0.5433214040013561,0.3464421877943045,0.164945929336803,-0.4753963206765843,0.6070248610844484,-0.2233208427925885
['Sam Cooke'],[238115],-0.6546178560733695,-0.5017316137083655,0.2500794615658857,0.0691290876587333,-0.3128107436013601,0.6081962860563894,-0.11031311033032817
['Sam Cooke'],[238115],-0.48716627501395937,-0.08993110447865206,0.1390321956918603,-0.22036483379702337,-0.5368579858450895,0.7679906258186395,0.14960717806844342
['Sam Cooke'],[238115],-0.48569811021591364,-0.40810927131826147,0.2483941548139114,0.007133741995173822,-0.08184007889186132,0.405016603358453,-0.035119639676808326
['Sam Cooke'],[238115],-1.0166017055336691,-0.5039600207525193,0.31116476265242327,0.13104022853802738,-0.6154602300262548,0.9214925319465862,-0.18807240521434657
['Sam Cooke'],[238115],-0.7362864463357432,-0.3266051359979356,0.16437222563338075,0.08434590464575407,-0.5063388353004956,0.5291477563397857,-0.15636083585906385
['Sam Cooke'],[238115],-0.4081934242832214,-0.44042577985034514,0.1974530251702338,0.0023969634517658424,-0.352763206306916,0.4916803945952732,0.03449860618305737
['Sam Cooke'],[238115],-0.6630280225165786,-0.6795999930585175,0.301230280464815,0.034595621094168055,0.1430416357469088,0.5788632020383604,-0.1590611743850562
['Sam Cooke'],[238115],-0.5742816316331468,-0.3857616820840469,0.15840507754497896,0.003770876183262918,-0.07595948483965347,0.39551296437968114,-0.03128064298868031
['Sam Cooke'],[238115],-0.7924547552154692,-0.3451615163297982,0.26138467252735353,0.05695905615439304,-0.5754405959124699,0.6957789159911313,-0.12705871902759336
['Sam Cooke'],[238115],-0.8044371560980849,-0.2974360586152153,0.5623118352380078,-0.06661386974843403,-0.48728698163043804,0.7872518091655842,-0.2873462546923066
['Sam Cooke'],[238115],-0.36260076304480243,-0.33589824220682823,0.2106529658973032,0.039430343114697654,-0.6406900920673594,0.39046506832672456,-0.01747372367882558
['Sam Cooke'],[238115],-0.5404619483165207,-0.3324553216027255,0.2710994701072164,-0.0792266128348154,0.09526735981762587,0.4087477672528436,-0.10756557102543543
['Sam Cooke'],[238115],-1.040933175595214,-0.5100119975158469,0.34320578746078134,0.20538031163839354,-0.7032820424752528,0.8320521385146185,-0.267810365886909
['Sam Cooke'],[238115],-0.8531513551060077,-0.6599172451200768,0.136694900199939,0.15045084388928967,-0.45149715554556114,0.7906966845673752,-0.0955375599605611
['Sam Cooke'],[238115],-1.0771591869048884,-0.11398905602135861,0.49996312566381923,0.1226673475509114,0.15477965055724738,0.435164403104466,-0.30943114738032057
['Sam Cooke'],[238115],-1.0308043643924647,-0.25151198273556324,0.28186622305505105,0.22381301899358427,-0.5505082595192521,0.6790662276615905,-0.1290897674600094
['Sam Cooke'],[238115],-0.30451145730406204,-0.10688028538315629,0.627518262013565,-0.10556893579010901,-0.5658560283656107,0.4723016429485198,-0.13868676638286295
['Sam Cooke'],[238115],-0.7980333918810557,-0.15643773927824325,0.5447837808005811,0.10743276672980422,-0.3273397828892989,0.45880750004390636,-0.17232738716014762
['Sam Cooke'],[238115],-0.869805323531541,-0.19746598909256172,0.5977853916775288,0.02108518633836289,0.1357769984122389,0.520846602352872,-0.2418800459186143
['Sam Cooke'],[238115],-0.7474547566442012,-0.5191408495359746,0.21707073097979823,0.07906738126296897,-0.47931970728536105,0.6888823584701902,-0.09687496464799203
['Sam Cooke'],[238115],-0.31835202995751205,-0.22584549652817187,0.18593842574520536,-0.19035646206139908,-0.6395245055269613,0.7284771585716353,0.13832961140401911
['Sam Cooke'],[238115],-0.3690351008790399,-0.423404217083218,0.2571484635078458,-0.10831766302956275,0.08975892699208647,0.47335813216201905,0.04895132610794306
['Sam Cooke'],[238115],-0.8483492667900182,-0.7578624314288132,0.23545880644564837,0.20920435722179265,-0.6202975306378374,0.8324207559370479,-0.1727840803824839
['Sam Cooke'],[238115],-0.2713523406964247,-0.34586243804718164,0.20510882535966998,-0.08767256527597206,-0.2893280627973349,0.4335575655841756,0.07127789487985424
['Sam Cooke'],[238115],-0.6483257036286257,-0.48367495539925587,0.14148749849114187,-0.010187167925707931,-0.047816450118531,0.6259778027311643,0.013196318682132398
['Sam Cooke'],[238115],-0.6781470082650923,-0.36478769810495293,0.11642015843978573,0.044305412944407985,-0.5071206622216381,0.5563197599907016,-0.046316966524680835
['Sam Cooke'],[238115],-0.9928508525586015,-0.44827321285386756,0.25036517274053305,0.17435813563169256,-0.46149575180973923,0.6245748265596024,-0.26108769665451154
['Sam Cooke'],[238115],-0.625141218302958,-0.5429771561881949,0.1877804826649528,0.15679016226278134,-0.5027819663567361,0.49960532835857935,-0.14006285729808882
['Sam Cooke'],[238115],-0.4053479170081209,-0.21087137612831344,0.11156097247401016,-0.1744097030202622,-0.3598590286076408,0.6906961002674861,0.18403187572696122
['Sam Cooke'],[238115],-0.6080833007601507,-0.35935216980546264,0.15901937711912256,0.08473539671174833,-0.6095607351046315,0.47005623122492124,-0.09992964076896482
['Sam Cooke'],[238115],-0.6947841307241162,-0.35714266697335717,0.11327581063647565,0.028226242329737045,-0.5029328684568533,0.619588145413884,-0.014560782250640943
['Sam Cooke'],[238115],-0.648572903454569,-0.488972193771295,0.18927313479891267,-0.005151299091317627,-0.31451392035901576,0.6991101824111908,-0.06181341931990555
['Sam Cooke'],[238115],-0.7394486241691334,-0.5773799641763705,0.18779623586309388,0.07345974954467836,-0.47270612648026816,0.783417314391798,-0.0849491804234268
['Sam Cooke'],[238115],-1.0349021631632382,-0.3992845649803255,0.41585224387738734,0.040153230654376454,-0.4463223253469531,0.8768938159662839,-0.28116153111488795
['Sam Cooke'],[238115],-0.43353693476602506,-0.22061476178510592,0.1363714919373909,-0.07232263301676949,-0.7172756382665028,0.6285923151411066,0.13280496138541517
['Sam Cooke'],[238115],-0.551343106205643,-0.5075150138609752,0.2674290748063895,0.11175769527466355,-0.5977295903689352,0.5461428069379934,-0.10669855992774163
['Sam Cooke'],[238115],-0.5991551660757345,-0.4452717150595682,0.21586439433823873,0.022392623608477907,-0.5049623393547121,0.6379891987205267,-0.050226841658870064
['Sam Cooke'],[238115],-0.3177999011647568,-0.3930712313816145,0.19600432222098632,0.01796962735343954,-0.8125808971591009,0.5447645223150827,0.050245174806246115
['Sam Cooke'],[238115],-0.3190608957201407,-0.05243315932970717,0.21720877961502463,-0.23356330842693415,-0.5651139970204088,0.6271198446633401,0.14106006609571026
['Sam Cooke'],[238115],-0.5734519833872974,-0.25137753997400963,0.30707010317359273,0.002687713079541406,-0.5233986085541839,0.5357836940973965,-0.06375181208834875
['Sam Cooke'],[238115],-0.6827620089176881,-0.255221124637267,0.35249748955678,-0.017477188991683344,-0.510416390257512,0.6116319986023495,-0.17566919845095985
['Sam Cooke'],[238115],-0.3172629385362796,-0.5900685959378608,0.25806806626203194,0.0467132529593655,-0.5313799092535904,0.5381534720034122,0.017419975760305885
['Sam Cooke'],[238115],-0.35112687797623543,-0.436491453420928,0.21022754629914445,-0.005283993153190794,-0.4482769613405413,0.5007305169894262,0.06440189147517478
['Sam Cooke'],[238115],-0.950163867793349,-0.3736558295039321,0.3380599484519673,0.024530886729347307,-0.2795642538763815,0.7706611971847982,-0.19801791809086364
['Sam Cooke'],[238115],-0.5690715775869429,-0.6558388811183604,0.3288546672662661,-0.01989726047528517,-0.03892315677203404,0.734965522849321,-0.06451014574696212
['Sam Cooke'],[238115],-0.35802458966335504,-0.26704515327739003,0.14174481160634475,-0.19070059075735118,-0.45440724725916753,0.6982095279153807,0.133342289292023
['Sam Cooke'],[238115],-0.30477995269791297,-0.3851646667653994,0.20307478186401087,-0.013331430400808522,-0.3713885069414264,0.4289649808250268,0.019322751615512973
['Sam Cooke'],[238115],-0.28934579646626957,-0.33064892141082647,0.22823567618421128,-0.09652487551752151,-0.19482589537962536,0.4694896059339062,0.055225956881327726
['Sam Cooke'],[238115],-0.44830953715135335,-0.3472307876916956,0.17973507065016658,-0.06239689747141156,-0.17126164774550356,0.5452676001294681,0.07464715169957427
['Sam Cooke'],[238115],-0.6054525707101686,-0.34862127391919623,0.14252969132876023,-0.053023068921158475,-0.59029464270541,0.8003157232255398,0.08412382404172378
['Sam Cooke'],[238115],-0.3810942874616573,-0.4730164967607591,0.22695653139274258,0.11253645918135234,-0.5403772996247392,0.35023757687664536,-0.047208138407649126
['Sam Cooke'],[238115],-0.3852442004004393,-0.3159754442175651,0.25534931830736646,-0.10121992356031756,-0.1879473938123757,0.47064705470402196,-0.0038154627028611863
['Sam Cooke'],[238115],-0.9130832977519638,-0.6565865351416064,0.13587317834717205,0.22926771400219528,-0.7118786389943641,0.8144998816812943,-0.1435030670964764
['Sam Cooke'],[238115],-1.2471926605840677,-0.2663247451429594,0.26622599723395984,0.14891224592339455,-0.6126077795143047,0.843577357117784,-0.32227038906033495
['Sam Cooke'],[238115],-0.6026298753380549,-0.17418704298648705,0.09344292160697631,0.06860152581639843,-0.5384037269372949,0.3463563393288671,-0.0457759012465884
['Sam Cooke'],[238115],-0.36906424669442867,-0.3915919394345844,0.18560915717809168,-0.042842428189773234,-0.360960097827368,0.5036816250826736,0.05285576459623768
['Sam Cooke'],[238115],-0.2460984453853809,-0.12433832630697111,0.3898537445987969,-0.12271854469099891,-0.4072976004199312,0.2858160597584719,-0.07300666210583556
['Sam Cooke'],[238115],-0.8071374097734876,-0.6229896591522427,0.21950563546760182,0.18913074577168396,-0.7312520504918683,0.7367577138486641,-0.1805746660372433
['Sam Cooke'],[238115],-0.8980153982594506,-0.5813810269137966,0.2716887728072945,0.1469898899140626,-0.09929017890202255,0.6131015377350323,-0.23910825499133387
['Sam Cooke'],[238115],-0.36946508134364947,-0.31786609784160075,0.1706311848767244,-0.000684106120489644,-0.551386784199301,0.4170366145979458,0.01415458469093702
['Sam Cooke'],[238115],-0.409036706150015,-0.491119868347478,0.274945951097449,-0.07775222292845689,-0.08244675076233411,0.5295176481092295,-0.040209534149552306
['Sam Cooke'],[238115],-0.6686061784380394,-0.4552106248696646,0.2120159568090345,0.12557310205437938,-0.8539537093413045,0.6563548871969339,-0.11759846115741096
['Sam Cooke'],[238115],-0.32951252829716854,-0.7393872233192598,0.28826745637571566,0.11961162824314663,-0.5979328090475857,0.6789560674377784,0.010905629089692543
"['Santana', 'Eric Clapton']","[295756, 187478]",-0.9106706407482941,-0.2997007134319632,0.025114696102943816,0.5075668464382767,-0.7749432811617273,0.6200659168754857,-0.26618090036180303
"['Sarah Vaughan', 'Billy Eckstine']","[204901, 82584]",-0.3359177966531515,-0.2082506767211184,0.250560878622005,-0.10861225730267254,-0.032396281736294955,0.2584870073052026,-0.0025198765267290474
"['Sarah Vaughan', 'Clifford Brown']","[204901, 789775]",-0.576859927951349,-0.4456930020037676,0.22467286963104632,0.1493289160866624,-0.8554636550412725,0.6726836699485351,0.02109015685071834
"['Sarah Vaughan', 'Clifford Brown']","[204901, 789775]",-0.17817818721930176,-0.2291457210142868,0.22548208291695399,-0.169438020521338,0.05510963752763954,0.3720266692710058,0.1889625059268974
"['Sarah Vaughan', 'Clifford Brown']","[204901, 789775]",-0.5325837003791678,-0.4410589804546287,0.20494656875755385,0.09394366105805375,-0.7708522545914439,0.6921056050222111,0.02459319619378395
"['Sarah Vaughan', 'Clifford Brown']","[204901, 789775]",-0.33386760918514174,-0.26313015270693585,0.28079367188885673,-0.0028229073697747797,-0.6318074115732305,0.5187294133069112,0.06481345679748539
"['Sarah Vaughan', 'Clifford Brown']","[204901, 789775]",-0.16418851712454108,-0.2974253480143368,0.221657778987752,-0.09859115319499616,-0.0293462006575391,0.3600530212964477,0.15256223737651126
"['Sarah Vaughan', 'Clifford Brown']","[204901, 789775]",-0.17355721147571837,-0.20643784409649352,0.27644004747074097,-0.09020643026903036,-0.38650472168881767,0.4520722624122537,0.15254071540141553
"['Sarah Vaughan', 'Clifford Brown']","[204901, 789775]",-0.17980535350714252,-0.21016125826308746,0.19213747124431083,-0.17171867356507847,-0.03578952314199463,0.39089074852243744,0.1887906587011427
"['Sarah Vaughan', 'Clifford Brown']","[204901, 789775]",-0.6329229838199304,-0.4668778985884587,0.18018709065200755,0.03140382634614169,-0.48679014101127266,0.7685142916180399,0.014279213016984463
"['Sarah Vaughan', 'Clifford Brown']","[204901, 789775]",-0.5704476815098639,-0.3396124965807035,0.3012077904796078,0.14390448430354943,-0.6933084139747607,0.4815422213073648,-0.11374149118536517
"['Sarah Vaughan', 'Clifford Brown']","[204901, 789775]",-0.6110311436276087,-0.40203278493824757,0.3475026248307399,0.12847290350917143,-0.8536355002781487,0.6979812427171338,-0.04538366555238395
"['Sarah Vaughan', 'Clifford Brown']","[204901, 789775]",-0.5527726772624645,-0.4140298277922601,0.41063813542641286,0.1149542520140142,-0.8572905137555646,0.7182657972454319,-0.04608666276920447
['Sarah Vaughan'],[204901],-0.45298187663302053,-0.265310710425009,0.2662205665728848,0.012999141292104536,-0.8053733970621163,0.5504885064487363,0.012734669541788236
['Sarah Vaughan'],[204901],-0.5672142872248965,-0.4013401725292124,0.43048889555266984,0.015795686332532644,-0.3203930301105103,0.7014361139790221,0.004186409059098323
['Sarah Vaughan'],[204901],-0.1238262639198534,-0.3537844000007345,0.24902849537630464,-0.059989301562045926,-0.03671330238034291,0.2665999842464895,0.1020988716059915
['Sarah Vaughan'],[204901],-0.5559923405022815,-0.5965419146179033,0.25188428185518325,-0.1316517021637501,0.13543680716393558,0.8146307620346067,0.06401043903571643
['Sarah Vaughan'],[204901],-0.7990755370730394,-0.44291322161473196,0.7707776579448541,0.18164770698838856,-0.38504627749234976,0.6392368208688899,-0.2954202954157835
['Sarah Vaughan'],[204901],-0.8492734132760991,-0.6027890646790496,0.2744441843057717,0.13334264423895598,-0.18775342630223038,0.702698136180417,-0.1737395672194856
['Sarah Vaughan'],[204901],-0.5179630298429292,-0.26090814867000106,0.2313519849472487,-0.09083603510183087,-0.0003922317468884914,0.41108726226253356,-0.006783148474417007
['Sarah Vaughan'],[204901],-0.25429376507070295,-0.36217500394629243,0.38730700339173324,-0.02987326978719516,-0.36219473454241674,0.5422242808870831,0.04815361999146318
['Sarah Vaughan'],[204901],-0.2674831342757468,-0.1912537435835442,0.1670118043451787,-0.1806618789284717,-0.38733239042455553,0.5168187377599981,0.1465255822074618
['Sarah Vaughan'],[204901],-0.6199282802630062,-0.41164977477694775,0.37508080609089683,0.16779615079489413,-0.7657480958839812,0.5922920960113838,-0.11655048891231765
['Sarah Vaughan'],[204901],-0.4318736867207607,-0.3467075317137807,0.24777507787609543,-0.09715685547363304,0.08965726814402113,0.45574810690630185,0.020859408629346786
['Sarah Vaughan'],[204901],-0.8844647404180663,-0.6791596108994925,0.21171972351025126,0.21620134880580158,-0.7174994812950509,0.768514331323312,-0.1609515571646037
['Sarah Vaughan'],[204901],-0.6273309036455544,-0.4616600004161569,0.2966338961627909,-0.07121179437606946,0.12330198350606626,0.573452619493143,-0.07782947363396928
['Sarah Vaughan'],[204901],-0.3408031052648764,-0.11351917599169814,0.7820655496875543,-0.09619282263613271,-0.5451993229057556,0.6028575127873781,-0.17123999602297302
['Sarah Vaughan'],[204901],-0.8508804569385352,-0.40480177465882267,0.3370756582844258,-0.013863722315899722,0.14768601674871523,0.6006854539770992,-0.1856449873139593
['Sarah Vaughan'],[204901],-0.2700734898171218,-0.23941220813924186,0.6165038170719047,-0.05342186034987725,-0.6334248667228065,0.6067997419601365,-0.09982006911391572
['Sarah Vaughan'],[204901],-0.3895315988389673,-0.2995313168930576,0.35560237836723335,-0.17543812613862786,0.0793729337897257,0.4637307173504999,0.0013301445304931077
['Sarah Vaughan'],[204901],-0.5336742870102699,-0.38045146452977946,0.5281221892962021,0.04951797717436829,-0.779109602677767,0.6839711977570119,-0.1655256513442988
['Sarah Vaughan'],[204901],-0.5286162983776828,-0.2382427102942152,0.6509866238701254,-0.2255114131706722,0.11077450770045366,0.7712454807635424,-0.020496182493657557
['Sarah Vaughan'],[204901],-0.6203947150755386,-0.43003845418629794,0.4305072225097607,-0.029873783406833537,0.02930450132268863,0.5045531721879476,-0.18092530309074048
['Sarah Vaughan'],[204901],-0.2479185930069517,-0.27708561959874756,0.2121326748786695,0.006144537927952699,-0.7397696694569952,0.4303337729089599,0.08886366863617735
['Sarah Vaughan'],[204901],-0.15542715745189936,-0.21104754689004396,0.2848557345486521,-0.03763747197099743,-0.5847648142304928,0.28835311883482334,0.03016504906179525
['Sarah Vaughan'],[204901],-0.25967721608794186,-0.10481345626123346,0.7475006370108023,-0.13489996889466835,-0.47165599246926915,0.5307099594627585,-0.14941180632555817
['Sarah Vaughan'],[204901],-0.4535996448034909,-0.5270249739394031,0.2042426654902669,-0.0719531080403425,0.10305852676243125,0.5133750866287538,0.045573956243231635
['Sarah Vaughan'],[204901],-0.3384166989385437,-0.17581733034776997,0.21493620895246998,-0.11094950222796736,-0.6446701863077455,0.5565712103304774,0.09357012417528976
['Sarah Vaughan'],[204901],-0.23311926552699,-0.1821072675997544,0.20745870257229262,-0.033439175652520116,-0.6692987219949752,0.30567834152712847,0.03390220588794467
['Sarah Vaughan'],[204901],-0.25349321376959655,-0.04493754508710906,0.24613425986571882,-0.32659685774591063,0.05522669270555581,0.5268480427609185,0.15256420296999906
['Sarah Vaughan'],[204901],-0.411641028169289,0.10463068565633862,0.7144308267588201,-0.187285070539482,-0.8224989652057236,0.7569701461959674,0.03928570429024493
['Sarah Vaughan'],[204901],-0.31255509864798287,-0.08544775354101329,0.29720049600314363,-0.2170187498007418,-0.12263552652340255,0.4204451347447665,0.07306563869506916
['Sarah Vaughan'],[204901],-0.2583014637683779,-0.016783550818900376,0.27264122301157395,-0.14052925528166893,-0.4105006342453013,0.27948158819686464,0.02880138003439782
['Sarah Vaughan'],[204901],-0.5816593051383879,-0.4300779091886509,0.4065350903197789,0.09303493481854701,-0.7710136444003891,0.6766486263662811,-0.1146930586396976
['Sarah Vaughan'],[204901],-0.6811830734153396,-0.44686080682035983,0.16772356981619127,0.1200738445917123,-0.40503574305727713,0.565041877323331,-0.0778292656653025
['Sarah Vaughan'],[204901],-0.30309827569130193,-0.7080220428712267,0.3224164822762921,0.08773977638440478,-0.34239008052715836,0.5277019059412582,-0.02708412555983434
['Sarah Vaughan'],[204901],-0.4553265979773638,-0.38609898265410353,0.5530791602633595,-0.1148647969111206,-0.07692920222210976,0.5910591032041406,-0.10781103982477652
['Sarah Vaughan'],[204901],4.5477785835994914e-05,0.00010996677722638115,-1.6029055663506406e-05,0.00026541134028875725,5.106931688140412e-05,4.9578241935961674e-05,0.0001539534881169336
['Sarah Vaughan'],[204901],-0.2475157872145241,-0.16076912910085844,0.1770756107621938,-0.03498153352236963,-0.751630661517563,0.3897356715387999,0.11472654032881435
['Sarah Vaughan'],[204901],-0.08649759207566883,-0.020598856164691075,0.568139901015272,-0.09910524758333333,-0.8687762867919552,0.36613426362581775,-0.08896888699268309
['Sarah Vaughan'],[204901],-0.4771738987521245,-0.30639734438486343,0.20888794713584807,-0.04893294110208345,-0.35550906059919274,0.4978657953435349,0.06125860648442872
['Sarah Vaughan'],[204901],-0.7132339304651387,-0.6130071225284349,0.18540702445079754,0.11403579734738452,-0.3058679584179743,0.60142302118726,-0.08446851631715385
['Sarah Vaughan'],[204901],-0.26456970110174993,-0.24192365380029185,0.2654667999962753,-0.12480043653141783,0.05292012792248997,0.24834430722197018,0.007666507513598895
['Sarah Vaughan'],[204901],-0.6919077338819792,-0.5851534187657901,0.19822801099370835,0.04168282074163085,0.15248027231705333,0.6522847312445532,-0.037375152337787515
['Sarah Vaughan'],[204901],-0.2578857410867654,-0.07990897327771984,0.15598094417215624,-0.11706798654037415,-0.4953347311743536,0.31387262963777757,0.094642655351129
['Sarah Vaughan'],[204901],-0.43153907592739954,-0.34673240068864564,0.6100888384034127,-0.025806230617052558,-0.3511212351816984,0.5322757755590715,-0.1588769734468191
['Sarah Vaughan'],[204901],-0.2407991341513854,-0.4146291809276348,0.33851200138516285,0.062273570651176516,-0.6411207467661715,0.44885926659483366,0.07471759755935468
['Sarah Vaughan'],[204901],-0.2459738330497576,-0.274917313472858,0.25341567652223856,0.006478505770433958,-0.7298694308514909,0.5367582546022917,0.11840342677832644
['Sarah Vaughan'],[204901],-0.14823071517347447,-0.09985434473047548,0.697452089569241,-0.29414368923711054,0.04581572002111458,0.4789853287987667,-0.10158185517594313
['Sarah Vaughan'],[204901],-0.45467377858892594,-0.3963656906048605,0.5938845723465044,-0.09350025617969895,-0.0648821285619456,0.676366941610218,-0.11052552842050534
['Sarah Vaughan'],[204901],-0.22727057962741393,-0.22744761727958,0.3479548166650025,-0.038777993659136936,-0.5756460189410506,0.32748026763931914,-0.0373038472623465
['Sarah Vaughan'],[204901],-0.3456973172032688,-0.12469912677678345,0.14415254302836394,-0.019573863056651042,-0.834417944350297,0.3970462730247817,0.08988116101942221
['Sarah Vaughan'],[204901],-0.31693137289444906,-0.07595758701009715,0.13170970745114186,-0.20033809125420948,-0.39280764265652,0.4757523117442889,0.15615322182810598
['Sarah Vaughan'],[204901],-0.43272604893365474,-0.08158358170717527,0.2992647850207415,-0.029809670441803663,-0.8306741080817871,0.40995263801900306,-0.05966677161904746
['Sarah Vaughan'],[204901],-0.24466495676870598,-0.2484063217307553,0.198317839975628,-0.12824060635893933,-0.21448583946681238,0.356579351605304,0.11032646120306838
['Sarah Vaughan'],[204901],-0.3217859302290124,-0.47468229240865767,0.2300717525788231,0.0561941787267545,-0.7157121291352988,0.5261127840807501,0.04222845433435731
['Sarah Vaughan'],[204901],-0.3018395253810399,-0.16950884776715777,0.2065372678692285,-0.06489499316280024,-0.5707879031654578,0.3687144958209949,0.04702991320118852
['Sarah Vaughan'],[204901],-0.17358353436735202,-0.02449963801148348,0.7352579766583339,-0.1875579104214521,-0.3929892925420964,0.5130558560001085,-0.13683093731685833
['Sarah Vaughan'],[204901],-0.05316218709750189,-0.28240307288859584,0.22587055985484805,-0.1650101385513053,-0.049649281229927615,0.34464322510136813,0.17344680786371228
['Sarah Vaughan'],[204901],-0.22951802507406865,-0.10271699109143989,0.2872075507634574,-0.06067588393346988,-0.852606042729639,0.368549196033612,0.014120591411417607
['Sarah Vaughan'],[204901],-0.1774311444731115,-0.059946687551356015,0.739681577218065,-0.20103850206875848,-0.392496697565878,0.5479551589018764,-0.11945734428973967
['Sarah Vaughan'],[204901],-0.28668195963564336,-0.16048494219932466,0.2862004705217219,-0.06443309424318246,-0.7172247688885803,0.7353934091513386,0.252726845121071
['Sarah Vaughan'],[204901],-0.2947617024567031,-0.1298219314553011,0.19701173556766963,-0.12564249697672228,-0.395503620097148,0.35379962211142696,0.0731366728610637
['Sarah Vaughan'],[204901],-0.30752047062753457,-0.006242829977673503,0.29269144420285564,-0.3197747914156546,-0.388660125159417,0.6653402221395205,0.13831333243785252
['Sarah Vaughan'],[204901],-0.6991152071030403,-0.344935909495339,0.3890424166244666,-0.05900150664946887,0.13471989540412913,0.6215608434031321,-0.13264493951723022
['Sarah Vaughan'],[204901],-0.4411740975903269,-0.5487902894213659,0.28910925899463535,-0.051059625178493856,0.02075433433762774,0.5748299892947605,0.02970815004597698
['Sarah Vaughan'],[204901],-0.19004331726159476,-0.30458779846519374,0.22408858867015133,-0.06092117570643289,-0.30595868498425594,0.2991966985722264,0.09838067254085861
['Sarah Vaughan'],[204901],-0.4411740975903269,-0.5487902894213659,0.28910925899463535,-0.051059625178493856,0.02075433433762774,0.5748299892947605,0.02970815004597698
['Sarah Vaughan'],[204901],-0.40729845275532967,-0.12251237487514267,0.23440758543208187,0.039924596004254534,-0.8315287688009005,0.35050838102240167,-0.05050250311931788
['Sarah Vaughan'],[204901],-0.4223484901991054,-0.6097903785998996,0.2186657693709211,0.07190439382156585,-0.5997739364307839,0.6511054901210362,0.03331313792971099
['Sarah Vaughan'],[204901],-0.17129204438746912,-0.2677682340431047,0.21360995536362193,0.0029807849882290986,-0.7562199651351674,0.3537327367106058,0.08253280611753049
['Sarah Vaughan'],[204901],-0.1716826509255594,-0.18065716526954773,0.24317551887329192,-0.054368210826501374,-0.8482368025567881,0.434246651109887,0.09793200577829106
['Sarah Vaughan'],[204901],-0.21290503666306224,-0.4037865373631661,0.23401294581646634,-0.09213215303950939,0.05866653646008609,0.28754018452721053,0.0451842776403956
['Sarah Vaughan'],[204901],-0.2830365512026015,-0.25481596670807716,0.19880814692451063,0.004978388157349624,-0.9176077435387157,0.491177813798183,0.06951217137662254
['Sarah Vaughan'],[204901],-0.2035009722697835,-0.26195498010346707,0.20636046421468168,-0.14695815808444143,-0.038864924775221424,0.31393659766211157,0.13063655898011955
['Sarah Vaughan'],[204901],-0.20458942159100305,-0.10177570521623393,0.3702205375336184,-0.20400724132917228,-0.14131086547290697,0.30996948816499026,0.000980572314578424
['Sarah Vaughan'],[204901],-0.749277238207159,-0.45326439718373435,0.2158410935619201,0.0306547029144413,-0.483592879889041,0.7273859481003707,-0.11247908357558016
['Sarah Vaughan'],[204901],-0.4767872764662907,-0.6032131951641003,0.18571516713568226,-0.002989840109980287,-0.32419694248191777,0.7073265746150139,0.07071147087999279
['Sarah Vaughan'],[204901],-0.28852971015831813,-0.20463878649307038,0.16271605824599636,-0.133115057346701,-0.03546767370707886,0.3121791349463071,0.0994488413168533
['Sarah Vaughan'],[204901],-0.2650710036272001,-0.30593568586976644,0.21239781490903265,-0.08100411378223088,-0.029093044521426734,0.2909300539597613,0.0822227655079801
['Sarah Vaughan'],[204901],-0.4223484901991054,-0.6097903785998996,0.2186657693709211,0.07190439382156585,-0.5997739364307839,0.6511054901210362,0.03331313792971099
['Sarah Vaughan'],[204901],-0.4154077590594893,-0.5736120029216485,0.3611114444933745,-0.05578313571775778,-0.06618827349397019,0.6307675305660843,-0.006182015940853352
['Sarah Vaughan'],[204901],-0.7742027349321149,-0.5166291853729118,0.08116866349429397,-0.07663886899687002,0.14792855301758118,0.757248837959569,0.010227074228167234
['Sarah Vaughan'],[204901],-0.4154077590594893,-0.5736120029216485,0.3611114444933745,-0.05578313571775778,-0.06618827349397019,0.6307675305660843,-0.006182015940853352
['Sarah Vaughan'],[204901],-0.40729845275532967,-0.12251237487514267,0.23440758543208187,0.039924596004254534,-0.8315287688009005,0.35050838102240167,-0.05050250311931788
['Sarah Vaughan'],[204901],-0.31947145232184826,-0.17236062039927744,0.15229269496250583,-0.08822396682416243,-0.830295843458904,0.5299028827219165,0.151979572260814
['Sarah Vaughan'],[204901],-0.35092123602249187,-0.18863409903984493,0.15931396761310138,-0.1714905133629135,-0.3775543932412548,0.5351685861345414,0.13376882648361285
['Sarah Vaughan'],[204901],-0.35253552059066334,-0.45686238677614305,0.2113684197661403,-0.05078040146292317,-0.26446886600392966,0.5652570871728744,0.08941975105585576
['Sarah Vaughan'],[204901],-0.3592506623243328,-0.49878800489420905,0.22358252833769374,0.06704334889776199,-0.793912159175811,0.6152445258425657,0.09395882319948153
['Sarah Vaughan'],[204901],-0.5252528220482688,-0.03997533705279197,0.16858513314291393,0.04388838974179608,-0.8237255322936909,0.3825031732448107,-0.032869222771099015
['Sarah Vaughan'],[204901],-0.17129204438746912,-0.2677682340431047,0.21360995536362193,0.0029807849882290986,-0.7562199651351674,0.3537327367106058,0.08253280611753049
['Sarah Vaughan'],[204901],-0.37400228215497067,0.0745687275579665,0.11326569319468141,-0.22689997846601068,-0.837250356677894,0.6584127393764836,0.20304571125208631
['Sarah Vaughan'],[204901],-0.3703291202091076,-0.15781486775953904,0.2425483339043526,-0.04981783980084053,-0.9084712547985087,0.5891151690154195,0.08456642592253723
['Sarah Vaughan'],[204901],-0.1716826509255594,-0.18065716526954773,0.24317551887329192,-0.054368210826501374,-0.8482368025567881,0.434246651109887,0.09793200577829106
['Sarah Vaughan'],[204901],-0.32547884500091406,-0.23096155394435924,0.1354693307620551,-0.13616513954232606,-0.02543720540873682,0.38166167995817263,0.12412369994279424
['Sarah Vaughan'],[204901],-0.4767872764662907,-0.6032131951641003,0.18571516713568226,-0.002989840109980287,-0.32419694248191777,0.7073265746150139,0.07071147087999279
['Sarah Vaughan'],[204901],-0.32827795285456657,-0.1860008035046957,0.1682737676381056,-0.2000429656893688,-0.02628179231481107,0.4294307085415744,0.14314246103750242
['Sarah Vaughan'],[204901],-0.46962706145310096,-0.48451279550562315,0.1912084848399871,0.07090887504053242,-0.7835896276802032,0.6456261315410698,0.05246032779717559
['Sarah Vaughan'],[204901],-0.22055295777791997,-0.10920833991207884,0.28438386928197384,-0.10465940111963015,-0.6761467840284964,0.3462248649282326,0.046233646994806026
['Sarah Vaughan'],[204901],-0.4938100089440107,-0.6653091955276788,0.2511101875379267,0.01241185427754573,0.11807921568743196,0.4693559612455868,-0.06095004915357105
['Sarah Vaughan'],[204901],-0.31191842608767495,-0.1617272154571956,0.18190362891703712,-0.048626018686186205,-0.6599476717974081,0.35085527824254753,0.0873667213083027
['Sarah Vaughan'],[204901],-0.36439261994930416,-0.2360395322588105,0.46416556210145604,-0.04051348978026682,-0.5555217344218172,0.41786829401763526,-0.11515145466247018
['Sarah Vaughan'],[204901],-0.27420923373563216,-0.14768392864197724,0.20988502534969172,-0.13731255512006607,-0.2212273777575972,0.29634568175653725,0.08348682923039598
['Sarah Vaughan'],[204901],-0.23827374834444306,-0.0840474926713778,0.2813468011552155,-0.15949030860730012,-0.4058976925066977,0.3409021104182156,0.058859242244096804
['Sarah Vaughan'],[204901],-0.9226683426487562,-0.3843657413536147,0.28752209078113156,0.06698099345303711,-0.5555940963908377,0.7966625386543723,-0.18915413766033423
['Sarah Vaughan'],[204901],-0.4333444712388932,-0.4168908843312445,0.16419139079064415,-0.04152729406093462,-0.792485543714813,0.7217857990346055,0.08727305249549251
['Sarah Vaughan'],[204901],-0.35374404376082813,-0.16327501311669107,0.11535894657857665,-0.12635792957958975,-0.5619970914949397,0.48008475950511437,0.1533845994322431
['Sarah Vaughan'],[204901],-0.27718793115836354,-0.037507128875709235,0.28627263414752724,-0.059060509184123845,-0.8528520220894285,0.332172053645307,-0.0005354779302119818
['Sarah Vaughan'],[204901],-0.24288024719434204,-0.037582452408191906,0.10842060178308303,-0.26178303800269487,-0.5744771973473175,0.6201448421597208,0.2436285647035244
['Sarah Vaughan'],[204901],-0.5850980748162,-0.5204751717688136,0.17570162527604613,0.043417479293354246,-0.22963130829629907,0.6240430924837238,0.03105310419985345
['Sarah Vaughan'],[204901],-0.31549038871942053,-0.012167856354226559,0.30695476065480565,-0.12281157025982015,-0.5786587003068085,0.3584229854057986,0.01354337152859502
['Sarah Vaughan'],[204901],-0.26379759365887656,-0.10158238203409374,0.24721354558113526,-0.049779974607508146,-0.844738401317805,0.41068123951087127,0.06543965344109895
['Sarah Vaughan'],[204901],-0.19246626474071954,-0.11763374266299419,0.19386224898183402,-0.20701629461850207,0.03495826278848765,0.24967072632180773,0.11839035344207256
['Sarah Vaughan'],[204901],-0.3961175094482918,-0.6067382976329824,0.3678776764859996,-0.056568881719588265,-0.06471515526283676,0.6560224008616978,-0.009349089097762683
['Sarah Vaughan'],[204901],-0.21290503666306224,-0.4037865373631661,0.23401294581646634,-0.09213215303950939,0.05866653646008609,0.28754018452721053,0.0451842776403956
['Sarah Vaughan'],[204901],-0.4329568627831332,-0.6016850559975409,0.21574275814619265,0.07951535732455788,-0.6000426075770866,0.6330951851509089,0.03308776826609213
['Sarah Vaughan'],[204901],-0.2092725330308582,-0.2924447157141864,0.18501444430365244,-0.08591470533345985,-0.3026957129185076,0.35757988262653606,0.13713006013797374
['Sarah Vaughan'],[204901],-0.17499107975199327,-0.24309783252235143,0.22198097364111247,0.029626398941746877,-0.8493818346987947,0.3126798819084487,0.05930262316376086
['Sarah Vaughan'],[204901],-0.4553265979773638,-0.38609898265410353,0.5530791602633595,-0.1148647969111206,-0.07692920222210976,0.5910591032041406,-0.10781103982477652
['Sarah Vaughan'],[204901],-0.2519797025686968,-0.3166027320352544,0.24845948763711617,-0.13634954089649315,-0.20071646215082473,0.4760924987625583,0.12274447204900327
['Sarah Vaughan'],[204901],-0.34428959373317863,-0.16029312794179715,0.12217841546104918,-0.1553110156068989,-0.9088543310094818,0.7277146859917751,0.20272612295406928
['Sarah Vaughan'],[204901],-0.28852971015831813,-0.20463878649307038,0.16271605824599636,-0.133115057346701,-0.03546767370707886,0.3121791349463071,0.0994488413168533
['Sarah Vaughan'],[204901],-0.323412117942488,-0.1578370419801499,0.3145250357869047,-0.11177027424150499,-0.559486355359457,0.5068626464409293,0.06126055502636708
['Sarah Vaughan'],[204901],-0.39160355461460433,-0.4834761002079418,0.2020460444075138,0.08470353697425159,-0.7890140343511541,0.6289851716982204,0.10327239182156497
['Sarah Vaughan'],[204901],-0.3058145822049165,-0.053764860427503114,0.1635571881053667,-0.19024171526787353,0.04584624975575851,0.2657380468637873,0.12362773555429872
['Sarah Vaughan'],[204901],-0.0836616858336647,-0.2293592114216204,0.1966489669534836,-0.08079755930901034,-0.6737191357563629,0.4282049999065054,0.1555680681849484
['Sarah Vaughan'],[204901],-0.48093574464169286,-0.022179370385663665,0.1989406272233068,0.012880574367473141,-0.8306897129864858,0.3807880367068039,-0.034106487307979445
['Sarah Vaughan'],[204901],-0.30977765732383516,-0.32386666393994323,0.1833147761638454,-0.22055777228656673,0.074235139439921,0.5200858610637598,0.15819347494906913
['Sarah Vaughan'],[204901],-0.25281228427049257,-0.2354007086151455,0.18777281800272053,-0.05364797818123683,-0.8321737891686891,0.5075174433418032,0.14800446522010788
['Sarah Vaughan'],[204901],-0.2518432715210003,-0.15551858886594044,0.32558244146104054,-0.06707761027315648,-0.6672063617979894,0.3632317965322236,0.008659258325491845
['Sarah Vaughan'],[204901],-0.46962706145310096,-0.48451279550562315,0.1912084848399871,0.07090887504053242,-0.7835896276802032,0.6456261315410698,0.05246032779717559
['Sarah Vaughan'],[204901],-0.32547884500091406,-0.23096155394435924,0.1354693307620551,-0.13616513954232606,-0.02543720540873682,0.38166167995817263,0.12412369994279424
['Sarah Vaughan'],[204901],-0.2519797025686968,-0.3166027320352544,0.24845948763711617,-0.13634954089649315,-0.20071646215082473,0.4760924987625583,0.12274447204900327
['Sarah Vaughan'],[204901],-0.3703291202091076,-0.15781486775953904,0.2425483339043526,-0.04981783980084053,-0.9084712547985087,0.5891151690154195,0.08456642592253723
['Sarah Vaughan'],[204901],-0.37400228215497067,0.0745687275579665,0.11326569319468141,-0.22689997846601068,-0.837250356677894,0.6584127393764836,0.20304571125208631
['Sarah Vaughan'],[204901],-0.7742027349321149,-0.5166291853729118,0.08116866349429397,-0.07663886899687002,0.14792855301758118,0.757248837959569,0.010227074228167234
['Sarah Vaughan'],[204901],-0.2236747879120711,-0.1076735709511152,0.21624693661537928,-0.21411754259561777,0.03760536207865608,0.2610464680984568,0.10817483958632881
['Sarah Vaughan'],[204901],-0.2830365512026015,-0.25481596670807716,0.19880814692451063,0.004978388157349624,-0.9176077435387157,0.491177813798183,0.06951217137662254
['Sarah Vaughan'],[204901],-0.33667278819898033,-0.17029026886684906,0.2285738442400394,-0.08790623778388786,-0.21221963827747053,0.29554636154348746,0.026803829916327068
['Sarah Vaughan'],[204901],-0.4329568627831332,-0.6016850559975409,0.21574275814619265,0.07951535732455788,-0.6000426075770866,0.6330951851509089,0.03308776826609213
['Sarah Vaughan'],[204901],-0.39805032698715137,0.040930258873023234,0.2663858286226072,-0.05255789739441721,-0.8464344050396715,0.3259043247718575,-0.03129825065040141
['Sarah Vaughan'],[204901],-0.8768129424620892,-0.5119544632914276,0.3808946314578932,0.11637138912037293,-0.7263757382377518,0.8441323101109948,-0.23793838927378808
['Sarah Vaughan'],[204901],-0.5138272014370191,-0.3639689466058095,0.7579506053679428,0.01394146416523649,-0.5966548051918409,0.733504304250366,-0.20457516571063972
['Sarah Vaughan'],[204901],-0.39471656476148426,-0.6398974118585882,0.24694968592619373,0.05890865994659196,-0.5996315653789046,0.6766858910119706,0.02042242988750458
['Sarah Vaughan'],[204901],-0.17499107975199327,-0.24309783252235143,0.22198097364111247,0.029626398941746877,-0.8493818346987947,0.3126798819084487,0.05930262316376086
['Sarah Vaughan'],[204901],-0.35551634815662403,-0.033538321114265135,0.15279494757679904,-0.1968223334093365,-0.8297172150219349,0.6671622275058182,0.18280299576825024
['Sarah Vaughan'],[204901],-0.3523630643307658,-0.18267850230335933,0.14156387403031992,-0.12050193626277575,-0.5588253539992174,0.5144534541710639,0.13346974114907828
['Sarah Vaughan'],[204901],-0.2092725330308582,-0.2924447157141864,0.18501444430365244,-0.08591470533345985,-0.3026957129185076,0.35757988262653606,0.13713006013797374
['Sarah Vaughan'],[204901],-0.5252528220482688,-0.03997533705279197,0.16858513314291393,0.04388838974179608,-0.8237255322936909,0.3825031732448107,-0.032869222771099015
['Sarah Vaughan'],[204901],-0.16506663478202613,-0.17246915343809485,0.26500706086735853,-0.029171248886010238,-0.7693078289584135,0.2868529789258659,0.032645875495193814
['Sarah Vaughan'],[204901],-0.5200130260677095,-0.5980921212668183,0.23036185210722088,0.06492001375801494,-0.05572666708560209,0.5211402112393542,-0.027642282818730983
['Sarah Vaughan'],[204901],-0.21631993125569396,-0.14738901708233193,0.2021125569387295,-0.08248702419434165,-0.49582869083437486,0.2837612914545842,0.0717128816525013
['Sarah Vaughan'],[204901],-0.0628116441366547,-0.32839626815496215,0.2264669244773641,-0.1416969061102698,-0.044618066703124765,0.34905336606388604,0.1656540852680711
['Sarah Vaughan'],[204901],-0.6857217185612174,-0.43205074017920647,0.15085565884440652,0.11750493883826078,-0.5843675288551469,0.5899973497431898,-0.043648163991535795
['Sarah Vaughan'],[204901],-0.15236098313448745,-0.13282544191059398,0.21380593727595562,-0.0872239972280826,-0.5958018069431189,0.28302830589357947,0.07699044496200352
['Sarah Vaughan'],[204901],-0.722012288087691,-0.44988493091050674,0.2772939293126038,-0.08792504630840665,0.050161583769197916,0.7421555873284164,-0.09765948798506573
['Sarah Vaughan'],[204901],-0.27656454193444985,-0.13391252161362296,0.2029759414377788,-0.11405586076128922,-0.5737825885353455,0.4154951658849283,0.10334927343458093
['Sarah Vaughan'],[204901],-0.7427852379118834,-0.5876703699544569,0.24090088153514153,0.0685080115295918,-0.11567539706692866,0.6530103748091932,-0.09908120507271019
['Sarah Vaughan'],[204901],0.0,0.0,0.0,0.0,0.0,0.0,0.0
['Sarah Vaughan'],[204901],-0.20925963662907712,-0.4223625647754707,0.3060492781288219,-0.07202844211607257,0.06691993315690024,0.35140511039633937,0.09303951721156035
['Sarah Vaughan'],[204901],-0.3526548957821058,-0.26846006062736144,0.13932839664077762,-0.16933605855053532,-0.013450814970622584,0.493105179709383,0.1599362712719143
['Sarah Vaughan'],[204901],-0.29988177145475636,-0.4558777267937342,0.20360370447146264,-0.04677004253115395,0.08084895313258612,0.3707543283598921,0.1063457621919956
['Sarah Vaughan'],[204901],-0.2683836746254671,-0.026614992659856628,0.11923735118433004,-0.2778824976337864,-0.21801252326729245,0.5278059481693076,0.22991964807414425
['Sarah Vaughan'],[204901],-0.17344797869236048,-0.06370578909643175,0.17438848888764263,-0.09758808883017697,-0.8640993442861234,0.3495152497446503,0.09701225126176434
['Sarah Vaughan'],[204901],-0.31427067444663614,-0.12863611743379152,0.15467389962631162,-0.19162652136616556,-0.390061519721606,0.48252188864151513,0.13200126782224578
['Sarah Vaughan'],[204901],-0.31235002200171513,-0.17467554382361533,0.24019439177661445,-0.08399390777465128,-0.3889478098142576,0.3571558720119907,0.03542410443471593
['Sarah Vaughan'],[204901],-0.4094388252050001,-0.0651458129932693,0.18413347752528417,-0.17953899545211124,-0.3816582681325595,0.4916339174887543,0.09548406165657837
['Sarah Vaughan'],[204901],-0.25853506860874165,-0.20449464661047242,0.20451411290354773,-0.09419020826878761,-0.656837884058032,0.48133522311201615,0.1389040411428844
['Sarah Vaughan'],[204901],-0.29599641323059717,-0.40120857124651943,0.2007169700487074,-0.0393823107269585,-0.01815621526715972,0.29783198872658584,0.04249120086014183
['Sarah Vaughan'],[204901],-0.18907438009034824,-0.14445673444444532,0.2977301513158042,-0.0851807160325688,-0.7579349741387446,0.4345030118793702,0.0588666128484364
['Sarah Vaughan'],[204901],-0.16578164453250596,-0.28658823055685095,0.33908853925934246,-0.1295719012752565,0.04465790085456557,0.237465034605874,0.04663518947145057
['Sarah Vaughan'],[204901],-0.12364723649458094,-0.2206368824728887,0.18771450772431908,-0.07471306425859668,-0.6720747249818857,0.40913576964888093,0.14577897358044944
['Sarah Vaughan'],[204901],-0.21321634789261326,-0.32951456829025677,0.22790152598236188,-0.17672784411857528,0.061718809169782965,0.4218035462969945,0.14575996166147048
['Sarah Vaughan'],[204901],-0.15292216035662498,-0.12680517293392202,0.2676031741322968,-0.14062897777804445,0.025034116538725927,0.10688947903900199,0.04366992018247823
['Sarah Vaughan'],[204901],-0.1926296374790365,-0.16167213918381518,0.25218759613405245,-0.35640345055449163,0.05842033024135877,0.6572700941030784,0.2480452045957082
['Sarah Vaughan'],[204901],-0.11686259704719168,-0.3265187176808643,0.22862963788513235,-0.021257455797658587,-0.6604719382572357,0.4464658908890801,0.11778990415268185
['Sarah Vaughan'],[204901],-0.24881349445483494,-0.13175006419136628,0.589726106405333,-0.07948431822213878,-0.8213586334408842,0.6331855428953713,-0.07386576735710244
['Sarah Vaughan'],[204901],-0.5609054095084612,-0.3524597406184639,0.5920699938367944,-0.02842544150578126,-0.4106316492466726,0.7554750297290552,-0.15679087160701063
['Sarah Vaughan'],[204901],-0.6614270029241823,-0.49317932816216903,0.1831704677275942,0.022859134104177732,0.14009465723208983,0.613473770484532,0.02836888192113788
['Sarah Vaughan'],[204901],-0.2998389511063965,-0.07441720407831348,0.11009007958370559,-0.21034277833716458,-0.654563542805456,0.6291148771096986,0.21966749427747512
['Sarah Vaughan'],[204901],-0.14900894559789243,-0.2773717219398346,0.21553813439546035,-0.03619393740430799,-0.6644721808093634,0.40119506532327387,0.141744160937125
['Sarah Vaughan'],[204901],-0.7411979910344324,-0.543570864869363,0.15636403599024107,0.0867165924314933,-0.2997354861307495,0.6701978110170617,-0.06932655841620812
['Sarah Vaughan'],[204901],-0.4360707654389106,-0.472419178598373,0.16103896483138344,-0.07788329088305741,-0.07815908942537493,0.5581930193045859,0.07969758383899321
['Sarah Vaughan'],[204901],-0.4331618264781849,-0.2070642947407705,0.1674538427703106,-0.08210842809174895,-0.3704770627634578,0.4371768020024371,0.09722455752751707
['Sarah Vaughan'],[204901],-0.23304006839343866,-0.06312999986488965,0.7191594706916489,-0.19442112151148117,-0.38754549817442924,0.5430807456505319,-0.1091697472151021
['Sarah Vaughan'],[204901],-0.5188291134618828,-0.349479900312799,0.33297386278574803,0.08969190525839092,-0.6161428344282602,0.45739519184275884,-0.10001192940535404
['Sarah Vaughan'],[204901],-0.8268388382371362,-0.6804795048808757,0.24962769327925272,0.2018320753396368,-0.7193151346312392,0.8100655947929623,-0.15938793371399707
['Sarah Vaughan'],[204901],-0.2256899045121713,-0.10667551690915991,0.1746895980216324,-0.09748441071103658,-0.5850245743569439,0.3383088652997301,0.10675364050454919
"['Skrillex', 'The Doors', 'Robby Krieger']","[2365087, 114342, 275991]",-1.3197131806687408,0.10970378327333072,0.24480006681314911,0.3090048549279083,-0.8106281114895065,0.5151836599035253,-0.21082485928330857
['Slayer'],[22124],-1.0218572636604744,0.32589047754604283,-0.1129720686590201,0.3510115077061476,-0.5370363828802363,0.44646805059967215,-0.3512032271031864
['Slayer'],[22124],-1.0718933389559147,0.2844562193831367,0.03224143781725438,0.29381323421322847,-0.5619243820218678,0.36921867345456555,-0.2436402031618116
['Slayer'],[22124],-1.0312207785151366,0.22103564035062104,-0.12864247204420548,0.3670728361308659,0.2502611582281553,0.6266015753804537,-0.7542001411758203
['Slayer'],[22124],-1.0175459980795667,0.3270411418049832,-0.09144428013345678,0.29394417916320065,0.1073674096730653,0.41793656140869007,-0.5095196484279012
['Slayer'],[22124],-1.1350405714295075,0.19949216793118785,-0.0886976865398033,0.33329404030904797,-0.5484761541137774,0.3779851195087931,-0.2522474837526053
['Slayer'],[22124],-1.1121801197452854,0.11877465014815096,-0.06020077616218404,0.421243517911493,-0.23831122566577737,0.44637858191114627,-0.46686263563780317
['Slayer'],[22124],-1.169647147970636,0.24774272751874335,0.06406698943080394,0.11493549555817922,0.035675108941750945,0.20979601761359723,-0.07671167061181777
['Slayer'],[22124],-1.1705864433984994,0.15699589584741075,0.04703502028716173,0.1902007915541992,-0.1399941613831442,0.1977020976042773,-0.12457584501600898
['Slayer'],[22124],-1.2094679862603377,0.15061243646692105,0.07220307947099909,0.1283288565766511,0.046937887568776246,0.2625889672258797,-0.1260925458683959
['Slayer'],[22124],-1.1828432379045863,0.0872379741407369,0.022604843988355477,0.34652573409821164,-0.7405135078999958,0.35615150955901687,-0.1328488617270514
['Slayer'],[22124],-1.1055550072940896,0.22727109294546052,-0.020920328486085105,0.25535379375368106,0.08799232396665771,0.36464863733106645,-0.27941025792194335
['Slayer'],[22124],-1.1400249239904694,0.18627782227362744,-0.05695706116847612,0.33854907587982097,-0.33873535151676354,0.5056766184162937,-0.44469158107528395
['Slayer'],[22124],-1.1888197316385039,0.06717172562123275,-0.02319636758786664,0.21468343300351275,0.06170558147802643,0.25326796226871245,-0.08837438423569019
['Slayer'],[22124],-1.219571358166222,0.29919179239366966,0.23367607482848687,0.24203973732313316,-0.5800574144900832,0.2961823463579459,-0.15182521602724214
['Slayer'],[22124],-1.2367770063943124,0.24958946956910086,0.11986391554659329,0.27700601573158423,-0.8396627642491137,0.3679294395015977,-0.21025552274421602
['Slayer'],[22124],-1.2310939219878922,0.26179555805674987,0.02703217198139696,0.26541225188984435,-0.7177967170022743,0.5911113194271417,-0.18029929967102648
['Slayer'],[22124],-1.2851218865706728,-0.0014598944277471118,-0.06059690088212913,0.32161063916799165,-0.8164846262896547,0.47992450533869907,-0.13388348832113672
['Slayer'],[22124],-1.2109615704008014,0.19228871829348929,0.031593082400768004,0.2566111330067468,-0.6643108849555857,0.33992148505646885,-0.14926623424376534
['Slayer'],[22124],-0.9747687841455452,0.4320661205891189,0.03309836211939209,0.4435109889204115,-0.6056766298069909,0.4967482836746047,-0.5825464399239926
['Slayer'],[22124],-1.1330401823676037,0.3113281385502186,0.0019318765556165939,0.24829656361188712,-0.38928342851557524,0.33285538493367267,-0.142470774992839
['Slayer'],[22124],-1.184383278841311,0.15467428152287233,0.014569391091228543,0.4375998033531742,-0.7232862615260743,0.34712644991618635,-0.176635000211116
['Slayer'],[22124],-1.2774686218189504,0.0420904234110499,-0.018360202507582583,0.19302794436240212,-0.2884805237872582,0.4237912156310324,-0.10283928268548193
['Slayer'],[22124],-1.137659545529028,0.34786821767594056,0.08551275491904832,0.2220770138078277,-0.7750397165007661,0.2600110716311758,-0.18951637304291713
['Slayer'],[22124],-1.1892899505074965,0.2636756958093185,-0.12311297533268308,0.2138728262212882,-0.23591708484379775,0.7187374384000326,-0.3174390955542889
['Slayer'],[22124],-1.1143293958743767,0.22306780170980176,-0.10260773115887145,0.35312999584361754,-0.5402764837899595,0.4037786301749544,-0.2988881178079972
['Slayer'],[22124],-1.1215896401690257,0.12474769980216745,-0.05940748940769945,0.2569098318667986,0.10394149847345881,0.47345756151155244,-0.33999715910814904
['Slayer'],[22124],-1.1908873594329805,0.13625535720900273,0.02837561697511714,0.1512775521902655,0.04646121521836919,0.2512450118117761,-0.08200836830575191
['Slayer'],[22124],-1.1367355682463651,0.18853337431259165,-0.06586248977351565,0.3387267150337988,-0.33915178528766116,0.5049675778935062,-0.4374211489089532
['Slayer'],[22124],-1.1714812552194738,0.23831115171880712,0.0586039274182161,0.11902880014804429,0.03640208880206376,0.21188643093325946,-0.06893383817769454
['Slayer'],[22124],-1.1904265984140883,0.11241845767796393,-0.012666906737080782,0.29931300526042437,-0.555823872690542,0.38015703085983255,-0.21570025274081486
['Slayer'],[22124],-1.1886576623822949,0.18606195473162634,0.023456484541296712,0.11008158985621541,-0.21083663670047345,0.4769436675463165,-0.03820498802202665
['Slayer'],[22124],-1.2884670084232404,0.2501517162996194,-0.03833498115194604,0.15352356548546162,-0.741985881616369,0.5814993725720126,0.012192111364518548
['Slayer'],[22124],-1.2458459175054821,0.18663930998756958,0.080656388342827,0.25760679763729183,-0.7517434663331366,0.3662377339916092,-0.1684779934201349
['Slayer'],[22124],-1.22009033857307,0.025409051689286234,0.15857037804281154,0.22421596502307697,-0.03000048006297729,0.28894389045490587,-0.12062887189036402
['Slayer'],[22124],-1.0357339719385867,0.3521839948909058,0.00926295009088885,0.24693026587765482,0.06644481519367941,0.24408224066623538,-0.2877736611551355
['Slayer'],[22124],-1.070907530262707,0.31933394854219693,-0.0092045961256385,0.23747372863828844,0.07644131510232924,0.31388514078373075,-0.2756236087235781
['Slayer'],[22124],-1.1936111979564703,0.3162177275542794,0.11207275768002108,0.198638960907657,-0.30394777382462035,0.3720370749503932,0.012330650608454027
['Slayer'],[22124],-0.9015019453734157,0.46708781484755474,-0.14588401940580933,0.3748008148618421,-0.6244161122964249,0.46280433226578027,-0.47521985507316955
['Slayer'],[22124],-1.184222235321314,0.3295420336661445,0.10206216030712621,0.2053990156016169,-0.29978726848852094,0.3880433787980413,-0.011574421472741294
['Slayer'],[22124],-1.2212822382021689,0.2497542718499896,0.012045686693217922,0.14851468017947209,-0.2995770505433661,0.4378189011302364,0.0018691448055412848
['Slayer'],[22124],-1.1729379493016234,0.23725370641396104,0.09267226985150624,0.1949825775824317,-0.1341289232566291,0.2372472292438197,-0.04928263119247824
['Slayer'],[22124],-1.1214585081070514,0.14278364046825828,-0.054827651819244726,0.34106962570107946,-0.7471428961551361,0.3373268296550599,-0.07433117901366956
['Slayer'],[22124],-1.202241285760986,0.2026443342199961,-0.06735527009125121,0.12776313351208088,-0.12039742522546079,0.3726866234771446,-0.10774280644769232
['Slayer'],[22124],-1.2134562496286814,0.2610135829698685,0.0005248043021644132,0.14805626928492333,-0.3016435750973396,0.4242963081139428,0.011953908721021828
['Slayer'],[22124],-1.1965948188134903,0.21858126069623676,0.031228019209662915,0.30880381560802106,-0.7548607759803496,0.304604208363173,-0.07961785148905123
['Slayer'],[22124],-1.03823617517068,0.2266028583763325,-0.043761060465933,0.25412969605823027,0.21159848258472053,0.5546032622811867,-0.5422204584638446
['Slayer'],[22124],-0.9413853696887654,0.39311216568988544,-0.16473721732079208,0.011841551282419642,0.16867685110787475,0.6413343645422903,-0.2062719783561986
['Slayer'],[22124],-1.126385997522282,0.286388500290004,0.05420070604339084,0.20906612785779802,-0.3213613311486906,0.2210190802374088,-0.06681647312753712
['Slayer'],[22124],-1.210056087371786,0.2396391866400815,0.10483799256600317,0.26971582697081653,-0.7606738900516776,0.29650534622656105,-0.13854890601957331
['Slayer'],[22124],-1.222315993507562,0.18537523150660584,0.0717507021506233,0.30244339612356064,-0.7439584150916001,0.3476862813575772,-0.20252595622112637
['Slayer'],[22124],-1.031700772901829,0.3909902999460628,-0.025180050405241614,0.23094744308782955,0.08361055596990283,0.35968116378465237,-0.3735906775395304
['Slayer'],[22124],-1.0338821416634343,0.3971539810642384,-0.11028071483842193,0.32394771168204833,-0.35587172912922943,0.4222341272310925,-0.3700383080855216
['Slayer'],[22124],-1.1995332504894314,0.17350298846877316,-0.014161858976366935,0.2258007664678756,-0.38217577075519377,0.39129166646532365,-0.14620146380857554
['Slayer'],[22124],-1.119647414832827,0.3022810501236993,-0.15866565532749735,0.3810607223161882,-0.48536473444073797,0.7009095086145514,-0.48093410428418926
['Slayer'],[22124],-1.2821757821449191,-0.010097889399594473,0.05896362992059617,0.3418106510932144,-0.546041974221211,0.40248269680420634,-0.14004610534391992
['Slayer'],[22124],-1.2021297309799994,0.26959403875849,-0.0331809851627021,0.07852821236306567,-0.6648401871632245,0.5812372309003471,-0.03916997294425894
['Slayer'],[22124],-1.1379908874623041,0.25705136622512637,0.3760589062641276,0.08904657357107554,0.12958190065686828,0.23916013162002023,-0.3332626081643276
['Slayer'],[22124],-0.9799117194261354,0.419755776323064,0.0844953336913059,0.3251498731131112,-0.5335461071907843,0.49338254200346854,-0.5772670090534242
['Slayer'],[22124],-1.0491356172792183,0.2103175495342155,0.03493210546834665,0.15929800572542382,0.02944875413123832,0.1408061916482727,-0.1405763919286434
['Slayer'],[22124],-1.0378698056776945,0.20302742442026814,-0.13037415188860063,0.37124726598117247,0.24853248178761375,0.612806277405727,-0.7271581200490471
['Slayer'],[22124],-1.0909480519701686,0.300995100092033,-0.10466473789193588,0.417778956125782,-0.7916379887365002,0.494252604593177,-0.45470610198578226
['Slayer'],[22124],-1.1756766276023813,0.2074304602408383,-0.005977021480169293,0.2835559628091308,-0.5792930432351078,0.2636377240434672,-0.06697361240656062
['Slayer'],[22124],-1.1814329177665204,0.3131546641696251,0.15595477158264134,0.23536083965279758,-0.5907085400637718,0.25926241124071087,-0.10489942204241332
['Slayer'],[22124],-1.0921062562530426,0.13871244690726822,-0.05565925025258503,0.2234722981535913,-0.1141600272406625,0.33135331735667045,-0.2089079343481649
['Slayer'],[22124],-1.1967406462589376,0.17987034190929344,0.1273998131116122,0.2510016290620087,-0.752233956614628,0.38552781201785574,-0.21262211906616216
['Slayer'],[22124],-1.212322677160061,0.2095835089158121,0.14352226747788763,0.27607360794333663,-0.5704841296449706,0.3035962618664768,-0.2174952694765114
['Slayer'],[22124],-1.206131445377995,0.17341768648658096,0.15535484791233484,0.16642961805171966,0.04612677197081358,0.2191984068084816,-0.08277144261332564
['Slayer'],[22124],-1.2232711183029847,0.316305353232102,0.26909231419814816,0.23374606186602293,-0.5806784790409262,0.2986434761706555,-0.1736231561245109
['Slayer'],[22124],-1.1661446254160657,0.2690990377826546,0.11450407822849867,0.18621569433227766,-0.137489179212037,0.2323565029764851,-0.04046407335376617
['Slayer'],[22124],-0.9685650731919171,0.4669971206143947,-0.19469963948309593,0.24316341220060064,-0.6122748011077374,0.709954974113016,-0.36763959647218436
['Slayer'],[22124],-1.13101352208382,0.11090342310194047,0.017418302839200907,0.1361911870030173,0.15363081928006594,0.3651809417412418,-0.15289222361091856
['Slayer'],[22124],-1.1637708913994649,0.271117254965197,0.0860052333647552,0.2663188213245678,-0.38140743076428857,0.3401150558923807,-0.2212389590200038
['Slayer'],[22124],-1.191622645183407,0.055767705762400775,-0.027680658885815654,0.21472773019393493,0.06281527519988764,0.2598963781795419,-0.09267554555436952
['Slayer'],[22124],-0.9792256187425668,0.3396796774372456,-0.016822306315737733,0.16465768561147004,0.1888375319222219,0.5446206391629664,-0.44625464228350076
['Slayer'],[22124],-1.0851565423549694,0.24548740050118797,-0.05292847547852726,0.3150207756494564,-0.7470798387340987,0.34994793707129634,-0.1824355339001663
['Slayer'],[22124],-1.0991585340586936,0.32083758981786464,-0.16953628692352055,0.40805308750328056,-0.4760632725344001,0.7277492324111315,-0.5244799189524022
['Slayer'],[22124],-1.2777135233691501,0.044849650311215045,-0.009996821495352727,0.19206886787660005,-0.28858069198075786,0.4255732158825484,-0.10421806837861539
['Slayer'],[22124],-1.1957019935400064,0.1466825087104722,-0.037367347547476705,0.3319102702109426,-0.6332242052873552,0.446870244022735,-0.19713979436749998
['Slayer'],[22124],-1.023999087904537,0.3683833891704534,-0.06216773924523805,0.16641714641284625,0.24485340799066915,0.8783073258530967,-0.6670340253593601
['Slayer'],[22124],-1.1824937062601963,0.3738875654988353,0.38119167320097946,0.12783391542467346,-0.32350729704128417,0.267779348859562,-0.2760644295407331
['Slayer'],[22124],-1.1634333953244833,0.1875083600229539,0.09640896502726501,0.387888445634479,-0.733601690210095,0.33724478872228925,-0.28533716484373994
['Slayer'],[22124],-1.1649269975215273,0.21965387338260872,-0.025275226590834393,0.39725636354902316,-0.8040657335094057,0.46111452141799497,-0.2704924341117325
['Slayer'],[22124],-1.2058673397721351,0.2601732091832158,0.13212909817103333,0.23795839285925352,-0.5756379326107967,0.31030834662616347,-0.24197492426567516
['Slayer'],[22124],-1.267450273561314,0.008447428725432393,0.03929792732238938,0.34040223479021586,-0.5497175312316366,0.38057020883217263,-0.12074339175457599
"['Sonny Rollins', 'Dizzy Gillespie', 'Sonny Stitt']","[39656, 162677, 44290]",-0.44625771932701486,-0.463055487363025,0.21735898725541147,0.09305080729534594,0.12050902225860849,0.43487270076398093,0.02954241020622192
"['Sonny Rollins', 'Sonny Stitt', 'Dizzy Gillespie']","[39656, 44290, 162677]",-0.38982075336023986,-0.16802078692087877,-0.0056049315046613375,0.26154821577325205,-0.23414347513135966,0.8794800743221604,-0.3938323490301833
"['Stan Getz', 'Dizzy Gillespie']","[742899, 162677]",-0.573903550531848,-0.6065046167650857,0.16902252484359276,0.17861973573680384,-0.7511717213048638,0.7219952015247146,-0.011827648413702025
"['Stevie Wonder', 'Dionne Warwick']","[622805, 165011]",-0.8193951338365864,-0.32852903527934596,0.21975803251492684,0.2843970325775941,-0.48427771199089564,0.39970221624936175,-0.1343638768676228
['Stevie Wonder'],[622805],-0.7554569112629731,-0.1630792219079792,-0.037534850233368215,0.4876104981751857,-0.4586549919134412,0.812111774039284,-0.6838193082473623
['Stevie Wonder'],[622805],-0.8957682961335659,-0.24383060970105663,0.06444534387830524,0.2278167506294606,-0.21332346880109576,0.36570955552494444,-0.2485199336923566
['Stevie Wonder'],[622805],-1.1432091637658477,-0.14920201395399502,0.24516442841622735,-0.04273722160472873,-0.007155315891627114,0.8276876775398722,-0.16597426101605367
['Stevie Wonder'],[622805],-1.3175235502049625,-0.36479580786383853,0.06356563799872017,0.36905773476749365,-0.6912799214141858,0.6830031496517851,-0.2638586917282613
['Stevie Wonder'],[622805],-1.1250486681431047,-0.5150435440427216,0.020520782941500993,0.24468878543235822,0.1863952199784224,0.5236094150789652,-0.155978867984911
['Stevie Wonder'],[622805],-0.648160917846367,-0.4946941937180241,0.2891284547693207,-0.04353002404378217,0.047580358360233416,0.6775433080896924,-0.0773515157832563
['Stevie Wonder'],[622805],-1.0738298638923667,-0.5119523845904249,0.07063006292781679,0.2795196180630031,0.10096214089979902,0.569007128664483,-0.18579485650008812
['Stevie Wonder'],[622805],-0.8553595891506864,-0.6473258134747382,0.24021598936706803,0.24107810739732885,-0.5357045242917338,0.752933259387399,-0.12526057154211379
['Stevie Wonder'],[622805],-0.8358195014306925,-0.21931156721544656,0.10204703506716453,0.13056227245064517,0.04191448801448615,0.3937056328814731,-0.016775187206483674
['Stevie Wonder'],[622805],-1.0432761409405447,-0.596089087792867,0.09084553897003961,0.36494113926705884,-0.4247306118880901,0.7138988602435117,-0.1520034738349589
['Stevie Wonder'],[622805],-0.9078680164156786,-0.4952148962628107,0.08408772359351904,0.27995711719672983,-0.7330524732673621,0.6139981604208367,-0.11996601298843486
['Stevie Wonder'],[622805],-0.41136908078778933,-0.2679935677612923,0.15904192135796233,-0.08347675073161828,-0.18399636230831276,0.4750059248602433,0.07917549573758956
['Stevie Wonder'],[622805],-0.9328982523360198,-0.1230413902810432,0.09440196805835269,0.36886678573341825,-0.7369614763528036,0.950765918519241,-0.6960016165993645
['Stevie Wonder'],[622805],-0.48189069318881694,-0.24731728169648112,0.17623180293238597,0.018404474045693387,-0.355069678151066,0.4397088658933819,0.07296719420082984
['Stevie Wonder'],[622805],-0.4547961798907901,-0.1712565049752648,0.1467979909407725,0.02720582968864266,-0.5544946461563247,0.3305154503186839,0.011463068663953075
['Stevie Wonder'],[622805],-1.0480895824892595,-0.358460677878821,0.21542853806466097,0.28181038318023105,-0.5432478967533902,0.6348327207024772,-0.16521272245612478
['Stevie Wonder'],[622805],-1.0491407429296717,-0.10279723799028274,0.33564942792352725,0.13441067130483364,-0.565210670221239,0.608150620930914,-0.27080086321594293
['Stevie Wonder'],[622805],-1.057908389286151,-0.4247887309021958,0.03528829652491273,0.327980574591276,-0.7200703814794732,0.6206149704057204,-0.17964932600603362
['Stevie Wonder'],[622805],-0.800043493750154,-0.4101457622533728,0.25685350637892634,0.15613181900312714,-0.3034834230508079,0.5410501933183897,-0.1474825944920758
['Stevie Wonder'],[622805],-1.0737802019178826,-0.5564609969984927,0.060299751694118935,0.41240201317593334,-0.6055767697353702,0.693792312424727,-0.1707983164076233
['Stevie Wonder'],[622805],-1.24746479993472,-0.7107957301903138,0.018067031347546066,0.526198993221885,-0.7493196432727603,0.7935329867898111,-0.1937984618041908
['Stevie Wonder'],[622805],-1.1944441698277997,-0.6067795267598699,0.1163548909805983,0.3313849351249676,0.12720344000646927,0.6581763517836567,-0.18089419115207117
['Stevie Wonder'],[622805],-1.1670899470135672,-0.6212932513663058,0.002481603656866412,0.4298586742859252,-0.5910986864309088,0.7411917888345969,-0.16020428353009286
['Stevie Wonder'],[622805],-0.7924710468103682,-0.28857721258120994,0.15743798843361623,0.2998927461962271,-0.8505543965039589,0.42601813232786423,-0.10990480018028513
['Stevie Wonder'],[622805],-0.7841132950076755,-0.32627682767015187,0.09976574219811585,0.220619167280811,-0.31357741539685907,0.40945042689497513,-0.06973697773143304
['Stevie Wonder'],[622805],-0.9033209773828244,-0.629686370687854,0.2614497384236063,0.19755557315383807,-0.26991534376378007,0.6864766431980666,-0.19501270998710352
['Stevie Wonder'],[622805],-0.8728944748764419,-0.6953735820904329,0.21712372637015412,0.19170433228230432,-0.3366852120080992,0.8644402068555368,-0.20472059712283727
['Stevie Wonder'],[622805],-1.0757780524817335,-0.1883966726722837,-0.03332987006181833,0.006432866217557746,-0.2815257721902325,0.8445367140684388,0.01631152003017583
['Stevie Wonder'],[622805],-0.6594905071519294,-0.2606607736052267,0.09053790105816616,0.07597032854798234,-0.6024681589344709,0.5489149980576763,0.017751938092338652
['Stevie Wonder'],[622805],-1.105368382978931,-0.456425725106654,0.03402146493761022,0.3423574395834652,-0.5323066890814495,0.5943650069963657,-0.1726672934468224
['Stevie Wonder'],[622805],-0.6888697483328254,-0.10823108747290267,0.08194753511895671,0.051225578898145115,-0.1604918059033223,0.40303593397705034,0.05453407940389674
['Stevie Wonder'],[622805],-0.8624281228346422,-0.31391708425506504,0.22000730348110786,0.17700245855268565,0.059883807259934696,0.46152648299184873,-0.1398004710004849
['Stevie Wonder'],[622805],-0.2033045797989428,-0.12489658224684119,0.16487113113586574,-0.13255079382649038,-0.48545822897816265,0.4509191738886183,0.16870723875440993
['Stevie Wonder'],[622805],-0.348085630523313,-0.17852506473626922,0.17493656066599994,-0.13982356511998345,-0.021438613781022513,0.40403560693555085,0.09157249932620813
['Stevie Wonder'],[622805],-0.9329697319865662,-0.5886229705975387,0.04652092888361427,0.3379450194774471,0.09132497057681652,0.5002582316228067,-0.06478507093642831
['Stevie Wonder'],[622805],-0.5132998568247158,-0.46095297241579225,0.14040600627475155,-0.023996023796512393,-0.13665958383186008,0.756218626687797,0.11245087192040601
['Stevie Wonder'],[622805],-0.7136305639245284,-0.37546616310411335,0.19714387866406474,0.059300948867940004,-0.5823339374046437,0.690360233488393,-0.043741019558798694
['Stevie Wonder'],[622805],-1.0649979254980342,-0.49066511150491793,0.09686616658092428,0.15578205231774084,-0.26285218668627974,0.7454291693496669,-0.1651079004362295
['Stevie Wonder'],[622805],-0.45732992899384045,-0.16248976878657903,0.18701151067017968,-0.11093740256090419,0.07184759541066517,0.33277675649446786,0.053571183817979214
['Stevie Wonder'],[622805],-0.4255690113171402,-0.1121945221303073,0.15104288114163206,-0.07752345728939006,-0.7297609598716145,0.5685253942367744,0.10336498038906924
['Stevie Wonder'],[622805],-0.9864861133115068,-0.1326944623654394,0.44583314752246805,0.007674198411631135,-0.21456099758405175,0.561116251159959,-0.2850349029662133
['Stevie Wonder'],[622805],-1.0209855490417128,-0.6379480940915516,0.11011713899133556,0.1806749498092337,0.1869793838435134,0.6394185151593561,-0.13540533548027472
['Stevie Wonder'],[622805],-0.8923839148537802,-0.6226849957705123,0.36172952445808537,0.17093188477936377,-0.09869383860551544,0.5800908064443449,-0.3114782132050132
['Stevie Wonder'],[622805],-0.7713757485871959,-0.28760178619729176,0.057992558237368215,0.19168255665507644,-0.8602026161183355,0.53433099669767,-0.09166357073472031
['Stevie Wonder'],[622805],-0.6126986740760217,-0.07526090297239613,0.26609937037110815,-0.061383850967490765,0.08081156002675978,0.27581269170670036,-0.11585084515902477
['Stevie Wonder'],[622805],-0.9276292824467498,-0.5501238028382115,0.13087526644385664,0.24267525675680748,-0.2745216744010027,0.6101745463767952,-0.14087115767704594
['Stevie Wonder'],[622805],-0.5117257930105797,-0.3345662816439088,0.22562369471689825,0.01511317020713631,-0.24843179678748964,0.5297603865425806,-0.0013039889388376043
['Stevie Wonder'],[622805],-0.6093575505639046,-0.19179295244446926,0.059093181539724,0.13188832539347564,-0.7890802530394436,0.5229449686888599,0.025757631570476874
['Stevie Wonder'],[622805],-1.0218764689903794,-0.6567686644063628,0.08800089910777978,0.32652486134442366,0.19197232507053005,0.5338365459882658,-0.1291715846597809
['Stevie Wonder'],[622805],-1.2482878903045032,-0.43884058768924167,0.051962736843048585,0.26839572787276283,0.11453093991117498,0.5826616260798144,-0.18506517120858698
['Stevie Wonder'],[622805],-1.183542011247659,-0.4303620999988467,0.041900583791046185,0.30964316972131767,0.1170080412510033,0.562495434852805,-0.26279642935511155
['Stevie Wonder'],[622805],-1.0587414155812607,-0.4139152554257975,0.09412833068341946,0.338131178692345,-0.26177462573513016,0.5530205691611327,-0.13303453462669515
['Stevie Wonder'],[622805],-0.7000741182828465,-0.04515065780736005,0.09685901051265683,-0.02807016392551526,0.09746608001978087,0.3214520993328948,0.01815804900571953
['Stevie Wonder'],[622805],-1.0660560415118894,-0.3276801045427587,0.08494994488173671,0.1787517673253929,-0.10315646934761184,0.5274759643812531,-0.16150162230505022
['Stevie Wonder'],[622805],-1.282186454101682,-0.24071770712822757,0.04645839333560871,0.06554617479980512,0.10221399500042586,0.7590979734193742,-0.10965633040666325
['Stevie Wonder'],[622805],-0.9644647249200177,0.023273115675705582,0.37680253490427495,-0.03931090505596347,-0.6618173984747256,0.8009972801438677,-0.23833159462804684
['Stevie Wonder'],[622805],-0.5605976176686391,-0.3478062943052892,0.13421438873670022,0.08961122403115328,-0.16603366145749032,0.36812608983097656,-0.03158653618626684
['Stevie Wonder'],[622805],-1.0866811802943466,-0.24707290477340818,0.09109921612451634,0.14355156546810055,0.08760432325969139,0.5769717796100008,-0.10349624566704581
['Stevie Wonder'],[622805],-0.6018643518813329,-0.15884819107321474,0.09837798989623024,0.17620256717700536,-0.6233903917047816,0.2974985987932243,-0.022481469980098315
['Stevie Wonder'],[622805],-0.6728736365153989,-0.5628840464612832,0.15697528680256828,0.10133607124682302,0.051045400635637554,0.5440750795474274,-0.04889498353236223
['Stevie Wonder'],[622805],-0.4548392303119144,-0.4154632141749994,0.1669918153017979,0.0009111831318090166,0.10579052264457771,0.44586372051300927,0.07651824665038741
['Stevie Wonder'],[622805],-1.1913127645956727,-0.5825143717034912,0.0727931857406012,0.37288208778860266,0.12999136933305105,0.5637709056675845,-0.1913179747384358
['Stevie Wonder'],[622805],-0.7169963248825566,-0.3590542031543064,0.3151660509606511,0.2997471984011991,-0.850886543676887,0.48469079649760155,-0.1862254967848719
['Stevie Wonder'],[622805],-0.680097062612196,-0.3486296666238283,0.11814398353904974,0.016804758361468677,-0.3219548850813326,0.5978037633883931,-0.004424777121344723
['Stevie Wonder'],[622805],-0.6962800412172466,-0.5194088987644376,0.011376602085745492,0.46073745041114894,-0.4739139249133063,0.8851693664216223,-0.4689663983609385
['Stevie Wonder'],[622805],-0.8194176463291031,-0.2563767890882931,0.2513101854770283,0.17668852678878536,-0.8557313299214521,0.5072983995467537,-0.23355093382648853
['Stevie Wonder'],[622805],-0.7856201399965997,-0.5513339436101558,0.13645546690666038,0.2670929533784633,-0.7402719617510272,0.6316849078197703,-0.10510859878572562
['Stevie Wonder'],[622805],-1.1728190014246698,-0.14925967224971232,0.1152049645531131,0.07077664467951539,-0.541438449792934,0.8380450704581655,-0.17316257447634437
['Stevie Wonder'],[622805],-0.5007601315293032,-0.005193099068501514,0.0807931719922994,-0.13157148850339612,-0.37472541656537034,0.4634172879220269,0.1263632175967489
['Stevie Wonder'],[622805],-0.6981381318318978,-0.6028147834239377,0.28596947633441056,0.17412863501731665,-0.3733897105731361,0.7001745981669256,-0.1144104051056518
['Stevie Wonder'],[622805],-0.6056938678868677,-0.1944464395912502,0.17161695145739658,-0.0725489432808053,0.020217939277964312,0.6209014827214789,0.06206444290209957
['Stevie Wonder'],[622805],-1.0892651250522383,-0.028810323368240846,0.2979539296817552,0.35431144333402304,-0.8240024421359491,0.4737899799097277,-0.23585186863131977
['Stevie Wonder'],[622805],-0.7320626144503062,-0.46621183885864914,0.23028284249872366,0.12945863416940268,-0.8360138181423079,0.7695350884688129,-0.08779225060246817
['Stevie Wonder'],[622805],-1.1435396505027982,-0.49090639173516676,0.0432263962741838,0.29472628427975217,0.10296964480886876,0.5362723607782937,-0.1677205719849476
['Stevie Wonder'],[622805],-0.5958163705554343,-0.3696883020122595,0.128499595096275,0.23905656708155223,-0.784722752513781,0.4005778036020108,-0.02386207789950272
['Stevie Wonder'],[622805],-0.7747086163190938,-0.39560867783922127,0.22455364420676785,0.09215066148832765,-0.1350702897864445,0.5051054328947177,-0.1649233146905118
['Stevie Wonder'],[622805],-0.8584088737550731,-0.33626506039487647,0.09478008474425798,0.08029634339817623,-0.6550219717115687,0.763448835443965,-0.052748624617102155
['Stevie Wonder'],[622805],-1.1934093809635753,-0.32543056205489934,0.19514155201364006,0.13497222360700695,0.09320188568864805,0.6241079259996465,-0.23559294281339646
['Stevie Wonder'],[622805],-1.1283283564422597,-0.30958754290258755,-0.0069649713688594884,0.15967200907486423,0.16439806485617672,0.4603618672824321,-0.1738733140107074
['Stevie Wonder'],[622805],-1.0791832612737042,-0.34922277734168466,0.03432635614869389,0.3117159879444926,-0.724871570401025,0.587777013821171,-0.18477914153057193
['Stevie Wonder'],[622805],-1.283503513129328,-0.4197753278011915,0.060960972900580765,0.3782150395196276,-0.5116374844782857,0.6179069725842227,-0.2562255122314525
['Stevie Wonder'],[622805],-1.221695075188677,-0.3384465295709033,0.13730099310387822,0.03229424273126487,0.10805226298207178,0.8789597179394479,-0.11695123748617652
['Stevie Wonder'],[622805],-0.9718092296822023,-0.29425582294688296,0.2009720586181161,0.3400431767743531,-0.7229067647511553,0.5741699851672278,-0.1014653684166595
['Stevie Wonder'],[622805],-0.31120698892789983,0.24584560150328702,-0.09070096217882924,0.2366343877563116,-0.8573345160951384,0.5410146595967267,-0.33949650949393656
['Stevie Wonder'],[622805],-1.1976494102687865,-0.6032887761629026,0.12595658150769481,0.32711320703298136,0.12732983498518574,0.6630728358557052,-0.18978263709144472
['Stevie Wonder'],[622805],-1.1667333566057319,-0.6045285116659788,0.00611340914057407,0.4238985616225016,-0.5929194549199701,0.7338866527716309,-0.1616089393971554
['Stevie Wonder'],[622805],-1.283510655421751,-0.5125383229698761,0.15673589656880635,0.43774166474575193,-0.6791880489335211,0.6696682775406979,-0.3073963146295365
['Stevie Wonder'],[622805],-0.8303655057080319,-0.3162051050530538,0.18164597152607187,0.25791694211916666,-0.31133587269989255,0.383985635982222,-0.09317493691729271
['Stevie Wonder'],[622805],-1.0296223826269912,0.12188154938659149,0.2690740636749145,0.20330481270076656,0.041187540718228596,0.23954890533932996,0.02256828055193681
['Stevie Wonder'],[622805],-0.7396575770714741,-0.4472598060922608,0.12927108338597532,0.12453078757394484,-0.313571815092545,0.5413187627384867,-0.045236310855956106
['Stevie Wonder'],[622805],-1.2090362125039598,-0.5157380722468573,0.08359811550035222,0.22437533901595186,0.11457079493301071,0.670622163966333,-0.17577457154851606
['Stevie Wonder'],[622805],-0.7446317829633489,-0.5884710193477365,0.26302247934365125,0.09943889680083745,0.15151737498447038,0.5639929844099706,-0.10574817673614369
['Stevie Wonder'],[622805],-1.1979222422464018,-0.4828637523723442,0.057494282223147154,0.3221861221260936,-0.2507884573160467,0.6002779675426544,-0.16334817013559186
['Stevie Wonder'],[622805],-0.5611300893286392,-0.17814189218633336,0.27489504784759666,-0.08714932413516294,-0.6140527817882786,0.6759925560488507,-0.023310866920373288
['Stevie Wonder'],[622805],-1.2012669470759478,-0.3276476478169815,0.21375500992760327,0.2399847862570898,-0.4429069092045943,0.6489672538777272,-0.3333246459454686
['Stevie Wonder'],[622805],-1.1950410354778862,-0.5176692988712202,0.018914083929297453,0.429645972623834,-0.6837597615206092,0.6955735719080303,-0.21569658707646738
['Stevie Wonder'],[622805],-0.4234151044078256,-0.0046456469678175655,0.06439960348672133,-0.016721205131434328,-0.5754248756427612,0.8737603138018932,-0.19725103393334822
['Stevie Wonder'],[622805],-0.15516792221422057,-0.272617690790433,0.19335911696655794,-0.18208524068602747,-0.02135109490381462,0.5293504432935251,0.1521607465734467
['Stevie Wonder'],[622805],-1.2475075668326374,-0.46955509215585584,0.21961870647581538,0.33453685089722623,0.11972808277197483,0.5442439101694282,-0.33709938116332067
['Stevie Wonder'],[622805],-1.1876635474046158,-0.7073018212544419,0.07010876845629346,0.4016454989415222,-0.22087746808185865,0.753142303618631,-0.15285757754947213
['Stevie Wonder'],[622805],-0.36185442039258686,-0.07245858122755719,0.19267815293460816,-0.002796045790699309,-0.6569613671806367,0.3413224110394894,0.04759331264378141
['Stevie Wonder'],[622805],-0.8370371047492161,-0.22837672674277618,0.7251795559070379,-0.026670887085524952,-0.12612918532049797,0.6755289960704223,-0.2491236347125567
['Stevie Wonder'],[622805],-1.0668958803238484,-0.17665652417415162,0.47979556123971334,0.11362097990043935,-0.45650168283700965,0.7294537361964889,-0.3660986089996969
['Stevie Wonder'],[622805],-1.139949041338961,-0.5426751633432486,0.23595324541258492,0.2619222799941887,-0.3348934149169655,0.744666065051809,-0.24540398264526544
['Stevie Wonder'],[622805],-1.075321919204461,-0.6001501753810061,0.18357542772018873,0.20729299844266047,-0.0733602064987255,0.718374324441747,-0.2218425576496975
['Stevie Wonder'],[622805],-0.6721199496458499,-0.3868999506910626,0.20379488169137508,0.1051135014105314,-0.5928228935886686,0.5675137852922165,-0.1192932892586115
['Stevie Wonder'],[622805],-0.8120281153456124,-0.49163457162770297,0.12705703480373307,0.3481089201397528,-0.5701409194276458,0.410001005746031,-0.11154871495551104
['Stevie Wonder'],[622805],-1.1971971023027708,-0.30937038699707736,0.00800907605464803,0.36501572609551813,-0.712914850419933,0.5602309072326702,-0.15704374235131688
['Stevie Wonder'],[622805],-1.2099557942709238,-0.5418838709160828,0.12205292534203546,0.25183223213145534,0.20134591166024488,0.5918201130153719,-0.20625228388173972
['Stevie Wonder'],[622805],-0.8642887526558021,-0.6356995151077415,0.11985422060955309,0.20121529502190277,-0.45760057556322786,0.7068425136128828,-0.1269607923598683
['Stevie Wonder'],[622805],-1.109451687333173,-0.08228503012497097,0.24866930202619494,-0.11929176780765682,-0.01590239103388056,0.8541160461149311,-0.16334222255626224
['Stevie Wonder'],[622805],-1.3212953936338927,-0.23470651894966763,0.2975004533035883,0.028883846191115743,0.11324555439403901,0.8840341894900168,-0.20072059666771752
['Stevie Wonder'],[622805],-0.6949488048246621,-0.19076669490282838,0.17589095250229292,0.011883777776775776,0.031127244382546923,0.4911363375029232,-0.015003837757788224
['Stevie Wonder'],[622805],-0.800043493750154,-0.4101457622533728,0.25685350637892634,0.15613181900312714,-0.3034834230508079,0.5410501933183897,-0.1474825944920758
['Stevie Wonder'],[622805],0.10274903534460282,-0.05303780956195221,0.03214337404699423,0.2151326191717824,-0.2772278876011339,0.7618861522102411,-0.5266831587996327
['Stevie Wonder'],[622805],-0.0527456508298119,-0.2765407933821261,0.08463453936952027,0.20125286393608927,-0.08584144561837817,0.7982563821679146,-0.41885731957925076
['Stevie Wonder'],[622805],-1.0132722252903317,-0.6279540881533089,0.11921085885397538,0.314378793755506,0.18870992892004196,0.5253715364326078,-0.14260756918383788
['Stevie Wonder'],[622805],-0.8427112102334081,-0.36838677331396225,0.2540172194706298,0.32111473021624964,-0.8369608024841181,0.49326047908667725,-0.18626751377648773
['Stevie Wonder'],[622805],-0.6101909755035759,-0.13053084421776817,0.11065148054465129,0.11927315832931039,-0.4331692630264915,0.37158997991561304,0.008660779502043308
['Stevie Wonder'],[622805],-1.1952779732153747,-0.6498048267420404,0.11965240523170122,0.37308863066166725,-0.2239038623141152,0.7552958723562762,-0.18899624257687084
['Stevie Wonder'],[622805],-1.0364925728386722,-0.6761802106238811,0.035373033440596446,0.46894364917277676,-0.6805231462352841,0.7773555823532614,-0.1266927330581846
['Stevie Wonder'],[622805],-1.2253468801495473,-0.39776427275032067,0.07000401390273173,0.24310673169148467,0.18478429262995735,0.4667150927874631,-0.23889904504683906
['Stevie Wonder'],[622805],-1.266939789246881,-0.24077642706648933,0.006070392749064783,0.10981208955405218,0.10076218847685434,0.6927477828064962,-0.04481779060239728
['Stevie Wonder'],[622805],-1.106300455248385,-0.3694712767050442,0.1935839247589554,0.16466886959239646,0.0806807988000403,0.5204663450240933,-0.29016573757848624
['Stevie Wonder'],[622805],-1.2691959141966946,-0.15337077512094738,0.45826084957794455,0.25834941526758143,-0.8016766445267539,0.6736092094945797,-0.45242131042120437
['Stevie Wonder'],[622805],-0.9663289145253308,-0.3074393482100533,0.3429301470330806,0.092334526099737,0.06084521791345483,0.5160941673427807,-0.22816687498723018
['Stevie Wonder'],[622805],-0.23113655595208868,-0.26990095385325047,0.18979452302783145,-0.07060195626491435,-0.204570808012999,0.3540434158354345,0.06734439530244253
['Stevie Wonder'],[622805],-0.348085630523313,-0.17852506473626922,0.17493656066599994,-0.13982356511998345,-0.021438613781022513,0.40403560693555085,0.09157249932620813
['Stevie Wonder'],[622805],-0.8358195014306925,-0.21931156721544656,0.10204703506716453,0.13056227245064517,0.04191448801448615,0.3937056328814731,-0.016775187206483674
['Stevie Wonder'],[622805],-0.36111555808248225,0.19312729089046712,0.6155600162053319,-0.1562498569887176,-0.21731270442121137,0.3444822453463015,-0.1664514593977731
['Stevie Wonder'],[622805],-0.2671486878067478,-0.17566640420896154,0.2076076361187468,-0.11136804472917552,-0.5614115571731683,0.5366440494572516,0.13308264292057484
['Stevie Wonder'],[622805],-0.9477332691454843,-0.46604964551152356,0.16173948246842823,0.11204302541277589,-0.3679806378362004,0.7479003360415609,-0.17382805243165272
['Stevie Wonder'],[622805],-1.130790728692688,-0.5242267089051671,0.15908022235641217,0.31786150172352395,-0.3410717148866703,0.6741478075278359,-0.21440273041309185
['Stevie Wonder'],[622805],-1.261108862105096,-0.6349624105911174,0.05372981582140956,0.4976308637046582,-0.6687117501282211,0.7008751511312539,-0.22216550774177113
['Stevie Wonder'],[622805],-1.1427453543504371,-0.502799060116343,0.06591290402033123,0.22991670479914705,-0.2527910754147412,0.7153458351823048,-0.18456888173054173
['Stevie Wonder'],[622805],-1.234607449381609,-0.28076616278241295,-0.07631360487443799,0.09328891513988616,-0.43556285936652567,0.898311845371643,-0.05354834938410501
['Stevie Wonder'],[622805],-1.0407326243570294,-0.36874470101959755,0.3353861080711691,0.189704662760189,-0.36605311267807883,0.6578112822824349,-0.31369186913378955
['Stevie Wonder'],[622805],-0.9182756343652468,-0.30150900227932725,0.1702502136191834,0.21039269811675348,-0.3904535325875447,0.4852575759216268,-0.15755740363541457
['Stevie Wonder'],[622805],-1.1360395938892873,-0.5184570699312105,0.04484594016728376,0.31885062218591326,-0.25571646847427587,0.6004475603011601,-0.18665863424832202
['Stevie Wonder'],[622805],-1.0482483055153353,-0.49698297279465475,0.03022585448129345,0.32796131630267644,-0.5349899919628713,0.6176025803641841,-0.15708624947435923
['Stevie Wonder'],[622805],-0.6708908587027911,-0.46595805817593766,0.2751225947840432,0.10758572090608391,-0.8417247123215614,0.7823177133797631,-0.0923125639287173
['Stevie Wonder'],[622805],-1.0715490954464961,-0.5124893955664677,0.07983496939808343,0.27790608724432797,0.10115028159022336,0.5728603569395301,-0.1924241656713553
['Stevie Wonder'],[622805],-1.3140060159460258,-0.4353258390302116,0.08247816385521503,0.38393422632365104,-0.49992594130467716,0.6866836003396929,-0.24295610251108668
['Stevie Wonder'],[622805],-1.032420909093234,-0.21333769617043236,0.1300983893949077,0.3966875785976149,-0.8165268761644466,0.5107706209671713,-0.1268969737424074
['Stevie Wonder'],[622805],-1.295246934818851,-0.5334730633311309,-2.8749774667106123e-05,0.4591032156721158,-0.7606355677155142,0.7514324137328633,-0.20280731696264864
['Stevie Wonder'],[622805],-1.100260614022086,-0.5534359504944956,0.07506749168490941,0.30805543566307036,-0.34421533463316734,0.6606145267857869,-0.18718477325630573
['Stevie Wonder'],[622805],-1.1984407231346255,-0.2722487108573172,0.21781946804710128,0.18698849935452,0.09963262131161688,0.5837099889972339,-0.2418587301498048
['Stevie Wonder'],[622805],-0.5587401983139887,-0.44850359994175554,0.1898007601968461,0.1616631860190292,-0.31797596202723916,0.5018339446108251,0.005713355927984746
['Stevie Wonder'],[622805],-1.2489502359790214,-0.6112267548988407,0.04266232340351628,0.4959498887929407,-0.6723536893577877,0.6850548848405853,-0.21452574141084257
['Stevie Wonder'],[622805],-1.220111449440596,-0.1897806629628222,0.10992112602764378,0.34656625029526006,-0.5285505458297123,0.5512509937008807,-0.2396475045490033
['Stevie Wonder'],[622805],-1.105249725545677,-0.6595196985143017,0.10382816773561164,0.4954227345876587,-0.7660378143099438,0.7764742784212497,-0.15404372432912108
['Stevie Wonder'],[622805],-1.1464152767158893,-0.6499607025092575,0.03505560567259709,0.35226425366549863,0.1270219624521829,0.6543976266179897,-0.15528836363100812
['Stevie Wonder'],[622805],-1.1911703604552122,-0.5455751501784966,0.002772177095906582,0.3040029519096072,-0.6751050139439212,0.9426942132352273,-0.11389763758842532
['Stevie Wonder'],[622805],-0.4324691352763618,-0.06807769662686718,0.12636358230092098,0.05988638379954533,-0.8280141834626821,0.3691222351191871,0.013533296557195465
['Stevie Wonder'],[622805],-0.9916721062653286,-0.5072291170880411,0.07608295663529324,0.23317063949665376,0.08680360293541559,0.5161143682071478,-0.0923913723727164
['Stevie Wonder'],[622805],-1.158162702046418,-0.5128193596247185,0.026094334414328953,0.4047627030490477,-0.5160446549638489,0.6321460938754753,-0.19069642631839398
['Stevie Wonder'],[622805],-0.9156502685534862,-0.41187555223913963,0.23853348927938672,0.10295083273345873,0.06683878786671804,0.5767572008137811,-0.16555679049430977
['Stevie Wonder'],[622805],-0.9539086510693418,-0.42946951462737737,0.029059497167437588,0.28583313762589446,-0.3777102965013919,0.5104321737283618,-0.10490250086208507
['Stevie Wonder'],[622805],-0.8960573511260521,-0.4374631951586284,0.09100635891423402,0.2274395042715403,-0.6462684529151574,0.6599015796005323,-0.08769909960918718
['Stevie Wonder'],[622805],-0.6902018942734982,-0.08805244164226989,0.11714932134823149,0.0430097733434345,-0.1615851476017307,0.4039929581015016,0.03590496663791601
['Stevie Wonder'],[622805],-1.0216751395448527,-0.16789378410784184,0.14688561769931674,0.119775212389453,0.14994745301485699,0.4097030652603555,-0.15903172649959055
['Stevie Wonder'],[622805],-1.1146365363048987,-0.49990546283926074,0.3462755128045109,0.35227604481024277,-0.6985106230810705,0.6923936568967873,-0.34153579357525704
['Stevie Wonder'],[622805],-0.8716469824714027,-0.1856961270578335,0.0324258647639743,0.03992625459939615,-0.30333222668444443,0.6858179523410605,0.053073499616076984
['Stevie Wonder'],[622805],-0.42440701343933324,-0.2888174836900436,0.14306667726071604,0.03654355511355442,-0.008186022841723107,0.2883384334838715,0.03936613497138215
['Stevie Wonder'],[622805],-1.1395835518403774,-0.7050549485196705,0.11681688927471763,0.4647227242901357,-0.6683337336301841,0.8364900610313748,-0.17608913756277197
['Stevie Wonder'],[622805],-0.5625153764228616,-0.3888719866581952,0.13196023425114137,0.13618063644945444,-0.7672048812453242,0.6531959908024658,0.07330400496409493
['Stevie Wonder'],[622805],-0.6053393319912869,-0.7010252436310521,0.22224283979758172,0.08202383251093084,0.13961866397492884,0.5358721355772063,-0.0917419030728333
['Stevie Wonder'],[622805],-0.9147335824641565,-0.4168310610181725,0.03369692271297486,0.29200475420052424,-0.46932744436987295,0.5142913305650266,-0.04410626813010931
['Stevie Wonder'],[622805],-1.0645221583458986,-0.33216313206015646,-0.01952589813987219,0.071778719258718,-0.7156743546581436,0.9717073243853612,-0.03980101365570198
['Stevie Wonder'],[622805],-0.2037827002351302,-0.11850074595851721,0.16557603953336184,-0.13464266558203838,-0.48599895253396,0.44879702016346074,0.16846175915898745
['Stevie Wonder'],[622805],-0.2772975830005805,-0.2763245847198822,0.18384190040622958,-0.04935095191394606,-0.45740555974418734,0.5209901733836636,0.16858354397186898
['Stevie Wonder'],[622805],-0.7168789978875828,-0.44550841092271254,0.19319073453168242,0.1421635013713802,-0.21617210156031505,0.5070196415637774,-0.06178159285633696
['Stevie Wonder'],[622805],-1.0940835607261745,-0.3961341664230697,0.06080017567766155,0.3539291497583276,-0.35652728852157367,0.4827768421794778,-0.19344955565355493
['Stevie Wonder'],[622805],-0.4392895648385686,-0.1876479019015608,0.1896324919109356,-0.11187879424036398,-0.007258912463936912,0.41881465432623677,0.11561063517368694
['Stevie Wonder'],[622805],-0.8210024350747706,-0.20026190417267886,0.11914710566850314,0.16163606217314488,0.11973109507467095,0.2516848626938818,-0.044365381941351756
['Stevie Wonder'],[622805],-0.8169633942267874,-0.16779486138848257,0.0689322784732902,0.21892577186365345,-0.5876561570060803,0.410945575683019,-0.01558157886355251
['Stevie Wonder'],[622805],-1.227102579066089,-0.3318298722134809,0.021891309335615464,0.35294252737174503,-0.33115168811709417,0.6262890825715212,-0.15728687264173274
['Stevie Wonder'],[622805],-0.6182549000936123,-0.19599439068093052,0.23198249517912334,0.19034948812511557,-0.8786976339773299,0.464234315047757,-0.0893388948974261
['Stevie Wonder'],[622805],-0.4387843219126178,-0.29618399555913755,0.13886791737654197,0.047986317957406016,-0.005782136050818831,0.2890867857857556,0.036827191575933164
['Stevie Wonder'],[622805],-1.2152710779466267,-0.6080274007229353,0.04746838447134676,0.4236880295303733,-0.31933961044419196,0.6421297752953988,-0.19409730354014165
['Stevie Wonder'],[622805],-1.0014004738008568,-0.4662196164348415,0.1593700246658657,0.3811765244579763,-0.8075709673183235,0.6026303163237252,-0.16681408688638208
['Stevie Wonder'],[622805],-0.8549035053456987,-0.2677383061150095,0.06345973115770807,0.11441439029248933,0.04001198928394714,0.39122610463913965,-0.09952922009623963
['Stevie Wonder'],[622805],-0.2796928842887545,-0.21846122530446427,0.18006270966238325,-0.10562899901281093,0.055426850728609846,0.2685012231824749,0.07325695247801645
['Stevie Wonder'],[622805],-0.8607823456104388,-0.33224559493480815,0.19887440117750382,0.18083650745578972,0.060952137652529575,0.4642520530982394,-0.13290444629684195
['Stevie Wonder'],[622805],-0.6543863119510313,-0.3244780463033755,0.2099557974544244,0.1232791355770054,-0.588605582313076,0.570738981882635,-0.04677853092332146
['Stevie Wonder'],[622805],-1.1314361781001563,-0.519432394231307,0.06385048547389659,0.4934785043842031,-0.680796961494105,0.6331488306982217,-0.1870873479684647
['Stevie Wonder'],[622805],-0.8642369708780825,-0.49441167141220455,0.35489745496019004,0.21224770533018156,0.06804995380793753,0.4878123762154831,-0.1278237092767994
['Stevie Wonder'],[622805],-0.2583627151486591,-0.28957777823118674,0.25872335377020844,-0.14147648144941996,-0.03044253936095715,0.3883380822880085,0.014808204192561215
['Stevie Wonder'],[622805],-1.2347330541270967,-0.31974292717720776,0.028654652002535055,0.5030116783023941,-0.6855403363752106,0.5540504777421763,-0.129007193381823
['Stevie Wonder'],[622805],-1.062273753279608,-0.3273470582857665,0.02447407098041516,0.42221693879177397,-0.7168972880574751,0.5139897155372464,-0.1150956626085196
['Stevie Wonder'],[622805],-0.6863663893331258,-0.19428134002852912,0.10796646040752854,0.08233418296283353,0.02629164562851676,0.3563937665679224,0.007122744652831477
['Stevie Wonder'],[622805],-1.301857339785367,-0.21818352051504794,0.15054671799085423,0.27946517616619393,-0.6089213021397067,0.7077134256890847,-0.3141551794058408
['Stevie Wonder'],[622805],-1.015890801339052,-0.529607552870747,0.0707870105734289,0.26811767781062695,-0.000511665514992812,0.5284945062809214,-0.139405234286723
['Stevie Wonder'],[622805],-0.22492131822498496,-0.2438942412047979,0.2982398409371743,-0.002919007699936222,-0.9222577090307456,0.49451490867760206,0.03492701518401548
['Stevie Wonder'],[622805],-1.1149699832524038,-0.707361006372759,0.13814537539558697,0.3825134799821824,-0.2261637403750687,0.7785108899014135,-0.1659148819722748
['Stevie Wonder'],[622805],-1.0648308105142483,-0.5281331649457682,0.06713226153032702,0.3578623101794627,0.11641576034892137,0.5349417205898622,-0.16112870448884625
['Stevie Wonder'],[622805],-0.9184415121151501,-0.4852222768128469,0.3231487704243131,0.16612808126394568,-0.28637723303883367,0.5712354604705417,-0.3120337749245719
['Stevie Wonder'],[622805],-0.9207471790969665,0.03441365942400932,0.34334898575965234,0.1854228172949525,0.20612725721746183,0.7182699359549332,-0.36608988139944476
['Stevie Wonder'],[622805],-1.307884909456446,-0.3355092255360909,0.14910129853058837,0.35833018641210784,-0.516096347880481,0.5951816477316575,-0.2933266862730624
['Stevie Wonder'],[622805],-0.9566607514064157,-0.4455291329441,0.21296520204648758,0.14490404416811611,0.07923835564960376,0.5494149660930276,-0.18396248820687067
['Stevie Wonder'],[622805],-0.9050995837323754,-0.21880472891907696,0.37344451184373156,0.1997097167454261,-0.3907956231624802,0.4754529839347259,-0.24919818193520726
['Stevie Wonder'],[622805],-0.7057076793911173,-0.3298126974385837,0.10772248791640744,0.2060711202308024,-0.4117869413160519,0.3990781728989753,-0.02014602325925396
['Stevie Wonder'],[622805],-1.2819936500531521,-0.35213999419559366,0.1472691536030452,0.19933082031275817,-0.6769848464436452,1.025855715072604,-0.1737326112157761
['Stevie Wonder'],[622805],-0.7353002987813263,-0.06411497458525864,0.43318311613101124,0.052262203536228166,0.10887289758080626,0.2949873746796331,-0.18194076811593263
['Stevie Wonder'],[622805],-0.4810635586268241,-0.4915468551184749,0.2315869806885398,0.09205829073148668,0.1110183878750675,0.36775774375273224,-0.005295450645861604
['Stevie Wonder'],[622805],-1.3148996754509132,-0.45335052176211565,0.16051149008330576,0.5340829636362806,-0.7459420348557844,0.742559697317567,-0.26300071065480607
['Stevie Wonder'],[622805],-0.944851941578628,-0.6153626820838948,0.0712969890201125,0.3485868873709428,-0.3491493777220174,0.6636754046746267,-0.06798118743587013
['Stevie Wonder'],[622805],-1.0817876071944164,-0.5524918483605472,0.09044965557707363,0.30451680743521375,-0.34581777603868447,0.666092747401066,-0.18706486357746982
['Stevie Wonder'],[622805],-1.2726508548220041,-0.5350974753149451,0.06740829957008841,0.4654687168153879,-0.760734926565877,0.7369576340790113,-0.24629311696806475
['Stevie Wonder'],[622805],-0.8048789992146395,-0.5425313526566979,0.19421081099397594,0.16080397790462161,-0.031804011490335925,0.4771475149678052,-0.15025643630227148
['Stevie Wonder'],[622805],-1.144511364568075,-0.5244480930737015,-0.002965163688314008,0.3772945467812304,-0.5193449616166628,0.6469237733107053,-0.19100833294910935
['Stevie Wonder'],[622805],-0.9631611825591103,-0.36652223861361694,0.030825480130687585,0.24879754276227614,-0.19915183871797595,0.48387272125730985,-0.09293051238994487
['Stevie Wonder'],[622805],-0.987527321418407,0.011253925059190284,0.35611874126511767,-0.02201594525572095,-0.6629826232682634,0.7951510214558387,-0.21311682913039687
['Stevie Wonder'],[622805],-0.7334743440581585,-0.10811364280903007,0.05943269376361948,0.21227983131898764,-0.8605027910889723,0.4946944933517347,0.03829763746767894
['Stevie Wonder'],[622805],-0.11236019954359698,0.06644187778759852,0.10142102108316087,0.016881962459720047,-0.456545755005815,0.40236052681171713,-0.13965712427355204
['Stevie Wonder'],[622805],-1.128852171823006,-0.537113491627732,0.044616027465366165,0.2925402365170858,0.10612121841918519,0.551396907960093,-0.16505175277548714
['Stevie Wonder'],[622805],-1.2404645322403882,-0.7140376129001997,0.01711369995624413,0.5261795250023678,-0.7498927691763676,0.793435857147228,-0.18908499459572622
['Stevie Wonder'],[622805],-1.283336524661928,-0.3984095331249291,0.04780256930467346,0.13381577524876215,0.13907649519026677,0.9635714049439474,-0.044414372410113326
['Stevie Wonder'],[622805],-0.8893911715930441,-0.4667162351590006,0.07413537229011836,0.23310182950139946,0.07815520197323707,0.5090704119239875,-0.044005925575694674
['Stevie Wonder'],[622805],-1.0938153143280651,-0.3799209975566891,0.07950143189889089,0.39302745316032994,-0.7073713111617383,0.6125498947904127,-0.16436875058697747
['Stevie Wonder'],[622805],-1.2208135857970417,-0.44035080104830104,0.20338734039483938,0.27835201368278684,0.11939269233922664,0.6072488311842089,-0.23526998115445083
['Stevie Wonder'],[622805],-1.1409342806597393,-0.6240200106922864,0.04961177038932703,0.4277200629320487,-0.7770913160948509,0.7422128670582787,-0.2094949914489933
['Stevie Wonder'],[622805],-0.5007601315293032,-0.005193099068501514,0.0807931719922994,-0.13157148850339612,-0.37472541656537034,0.4634172879220269,0.1263632175967489
['Stevie Wonder'],[622805],-0.9430085688937992,-0.5625712307493999,0.10854861922969784,0.2525146305537194,-0.2720169621651206,0.6130608635990644,-0.1408930228190351
['Stevie Wonder'],[622805],-0.4842507056439338,-0.333689561174402,0.23419184340342405,0.004868770665869843,-0.25170705989100894,0.523863428063974,0.009052298587749507
['Stevie Wonder'],[622805],-0.1963801464257991,-0.09994752804588544,0.2097172590613856,-0.05721241791484821,-0.5062250714932776,0.19000946697707755,0.032891544073439284
['Stevie Wonder'],[622805],-0.9447469039813345,-0.3698692628590391,0.2447577287598724,0.22037924559136932,-0.4657918207625403,0.5703592248297359,-0.21832145183156737
['Stevie Wonder'],[622805],-0.6840194142704905,-0.46282862825310556,0.17569505451143225,0.12076999047638738,-0.40477361119657174,0.5229307090923838,-0.10313309479541422
['Stevie Wonder'],[622805],-0.953545258846675,-0.20636136074202768,0.3890126781291049,0.2660276436624118,-0.8301205241603234,0.5398068501556968,-0.24434579700265197
['Stevie Wonder'],[622805],-0.5419359758020762,-0.12631421964435366,-0.0053396676629825085,0.23740051303413104,-0.5670216032345684,0.6077112808107809,-0.1762455998499256
['Stevie Wonder'],[622805],-1.1444117013135169,-0.6481048047927226,0.03449994978568418,0.3503328640532798,0.12654374927696957,0.654483143615336,-0.15469474559123436
['Stevie Wonder'],[622805],-0.5631107744250515,-0.4116271576245281,0.1124343989069267,0.16585071532376391,-0.764507053713436,0.6577119279692247,0.0845012775284898
['Stevie Wonder'],[622805],-1.1570047762816067,-0.6070377385550269,0.07304045953821196,0.2657793303886788,0.11448503379266295,0.6242242659811666,-0.17164739701551915
['Stevie Wonder'],[622805],-1.3516615451344502,-0.4929947297748141,0.005844683907836916,0.3259461874546021,-0.6641349164191865,0.9073083746671134,-0.15590564975046114
['Stevie Wonder'],[622805],-0.7668848970429228,-0.38108047701807823,0.13459490028735716,0.05572067951365865,-0.7487894224371298,0.8302129972113889,-0.045418750833310276
['Stevie Wonder'],[622805],-0.7447125885207736,-0.3666624266629148,0.22555592056247958,0.17089349453744362,-0.5881675433574122,0.49075374993680526,-0.166487014261433
['Stevie Wonder'],[622805],-0.6699058847285704,-0.5524805895891592,0.15496829933616602,0.09426891449008545,0.0495371305028537,0.5429371482984057,-0.04904434169804839
['Stevie Wonder'],[622805],-0.4544791124827599,-0.42185488900696677,0.16910701670575978,-0.0007645909569036378,0.10629397486915615,0.45142848169611716,0.07361365342745971
['Stevie Wonder'],[622805],-0.6093575505639046,-0.19179295244446926,0.059093181539724,0.13188832539347564,-0.7890802530394436,0.5229449686888599,0.025757631570476874
['Stevie Wonder'],[622805],-0.6118286104206115,-0.12298250366843788,0.10111483711755695,0.1820549092408597,-0.625124885307676,0.2781319113898126,-0.01409230561156127
['Stevie Wonder'],[622805],-1.102921054931506,-0.6614881213816075,0.11178534300032579,0.49603286758300774,-0.7658857072215319,0.7797346697919176,-0.15114236157884803
['Stevie Wonder'],[622805],-1.0230533518434624,-0.5535813510968277,0.15348633967783726,0.2028281140940799,-0.33891714552196117,0.8658545216950202,-0.1661848794978513
['Stevie Wonder'],[622805],-1.2470312890856745,-0.6703566812591779,0.05922268349021813,0.5045659481205609,-0.6666578192802008,0.7139637098806441,-0.21643737566002894
['Stevie Wonder'],[622805],-1.0295097438764038,-0.6122260874547711,0.1260864586432275,0.15896041231606844,0.0102946923488381,0.6982239851198998,-0.16981113323862682
['Stevie Wonder'],[622805],-0.6486345296246749,-0.2311561459715456,0.5123993929725174,0.021593604182608247,-0.07083537085478406,0.4081467864398714,-0.2677531125224376
['Stevie Wonder'],[622805],-1.1575985881735513,-0.5666576445285064,0.07108610581541233,0.3341903222690056,-0.33368179446432406,0.7076096341394527,-0.18985450589799965
['Stevie Wonder'],[622805],-1.0423109864882376,-0.43438316108520103,0.10262184766406174,0.2932592540304034,-0.5387759293898097,0.613458227582279,-0.19796156439006238
['Stevie Wonder'],[622805],-0.7103441127302516,-0.37444296794726795,0.39958430396124656,0.03353650071286226,0.03819485638263485,0.5028517084727372,-0.20047878413686024
['Stevie Wonder'],[622805],-1.1233797766543334,-0.2635070938556669,0.00039877739507804494,0.361296658502597,-0.8147447616924857,0.5343897139568229,-0.1629292403532302
['Stevie Wonder'],[622805],-0.9718092296822023,-0.29425582294688296,0.2009720586181161,0.3400431767743531,-0.7229067647511553,0.5741699851672278,-0.1014653684166595
['Stevie Wonder'],[622805],-0.8553595891506864,-0.6473258134747382,0.24021598936706803,0.24107810739732885,-0.5357045242917338,0.752933259387399,-0.12526057154211379
['Stevie Wonder'],[622805],-0.7334743440581585,-0.10811364280903007,0.05943269376361948,0.21227983131898764,-0.8605027910889723,0.4946944933517347,0.03829763746767894
['Stevie Wonder'],[622805],-0.981976500279947,-0.02770790464894064,0.1200342684035425,0.2050360221605333,-0.6641712326041138,0.5173769769243187,-0.07776252900364969
['Stevie Wonder'],[622805],-1.307299040214199,-0.2826660538313788,0.09901271067463033,0.43776643732700027,-0.6947064896370354,0.5557102359833096,-0.1795801954523404
['Stevie Wonder'],[622805],-1.2471676858977987,-0.6040306133679554,0.046829098081978916,0.49332176420732904,-0.6728450981164626,0.6822669124645089,-0.21478922642526826
['Stevie Wonder'],[622805],-1.198153575822137,-0.19183436241234972,0.1365460718060589,0.3406580250788988,-0.5300113431877188,0.5597675191728192,-0.24528338392893162
['Stevie Wonder'],[622805],-1.166405584963155,-0.43732074569959245,0.026770892914413515,0.24170645447350278,-0.433768268836861,0.7422806348805924,-0.17879732425235986
['Stevie Wonder'],[622805],-0.9497073721242937,-0.33589319683479263,0.05398715383834093,0.2827403379670169,-0.2912607448251935,0.4501620467966162,-0.13154550084858757
['Stevie Wonder'],[622805],-1.0766754809151595,-0.4533129805624338,0.06281853018497349,0.27787823327304134,0.08912211259874055,0.4788360422202403,-0.12959621414901318
['Stevie Wonder'],[622805],-0.9562514449710795,-0.43573262899488674,0.30301849896921096,0.24811289009059917,-0.6363822013051337,0.6944383882810036,-0.2644338776298062
['Stevie Wonder'],[622805],-0.5243395227508908,-0.5578584184875596,0.3534644036359888,0.15482551492484997,-0.6355648593395576,0.9131295832676438,-0.14958075325144138
['Stevie Wonder'],[622805],-1.0637492076135742,-0.5597010177949108,0.02966313429477649,0.41620528922901917,-0.6065570216241722,0.6865675529347837,-0.15075646248026658
['Stevie Wonder'],[622805],-0.6747689498988202,-0.37422976265569974,0.22279500217691275,0.2931802887688669,-0.8538045504853025,0.49514889740139195,-0.09532763975695148
['Stevie Wonder'],[622805],-1.1773086611848511,-0.6550438144861725,0.0350362417106398,0.46735056782441053,-0.4968278009786659,0.6833627911074659,-0.1828249655128445
"['Tadd Dameron', 'John Coltrane']","[16759, 175553]",-0.3743495262652197,-0.3518565560280379,0.17389369827736909,0.20115990877379047,-0.7927027444338496,0.4313561652538338,0.06368097653420632
"['Tadd Dameron', 'John Coltrane']","[16759, 175553]",-0.7770441057797395,-0.4658099950237632,0.18405149697579345,0.03518481635530678,0.06858365625734694,0.6522190600951976,-0.09049921976506653
"['Tadd Dameron', 'John Coltrane']","[16759, 175553]",-0.48548445409068464,-0.3359033948675288,0.1359403854411287,0.13893393063944115,-0.46643144452993773,0.7373105763344435,-0.18232058362810377
"['Tadd Dameron', 'John Coltrane']","[16759, 175553]",-0.6375994391742026,-0.2095511620337779,0.24870777880876593,-0.055825481633388685,-0.5004282864461551,0.7479732900668076,0.0041713999111431055
"['Tadd Dameron', 'John Coltrane']","[16759, 175553]",-0.4869575133327499,-0.39194334312727136,0.17940091343095974,0.09363139231169265,-0.5897623684133575,0.6304716336180398,0.03596311275789213
"['Tadd Dameron', 'John Coltrane']","[16759, 175553]",-0.18926249185963787,-0.24139150559963607,0.12207659581169837,0.2038667299311931,-0.5753740066366821,0.6014448447705084,-0.2850752264229095
['Talking Heads'],[131650],-1.0125528200755936,-0.34689444499635463,0.03869204003517836,0.1956543226408948,-0.009329581818360407,0.5693567163595442,-0.07074156665282526
['Talking Heads'],[131650],-1.000267284169714,-0.6699711144644663,0.09125259876505147,0.2467408294037215,0.19219298399871362,0.651962705394978,-0.11960624515795003
['Talking Heads'],[131650],-1.0208824281904747,-0.5937183853999056,0.07066875587775553,0.3386944056515186,-0.6044766823777631,0.7805921429620939,-0.17827478067760175
['Talking Heads'],[131650],-0.9134837830219756,-0.1590351632695963,-0.038612808701848564,0.23463800052926834,-0.6506200024845574,0.6141490597618774,-0.10793612767496591
['Talking Heads'],[131650],-1.2608587033954846,-0.5340980594181756,0.1429132021921075,0.27453076119924513,0.037110158357767195,0.6637378867173399,-0.25516952854683905
['Talking Heads'],[131650],-1.1178638862320454,-0.5207480490951917,0.1209024757746471,0.3398582081325546,-0.6074881251944128,0.7224941124383512,-0.21118175537363368
['Talking Heads'],[131650],-1.0524626890608637,-0.49833544224807635,0.020837302558546836,0.47517119390689194,0.10619115592922858,0.8957828153971074,-0.5952764686583335
['Talking Heads'],[131650],-1.070932300776755,-0.053607811481802395,0.10183025644798308,0.4777638858098751,0.3012440406870643,0.8487326514301488,-0.9417243980307358
['Talking Heads'],[131650],-1.3078915828287505,-0.4043715691552883,0.2252304421374129,0.25357695526248547,0.21732957356061425,0.6322674216329625,-0.3058353062506663
['Talking Heads'],[131650],-1.2834921491787226,-0.500594688902561,0.2858458624951735,0.3588101948199529,-0.14380652256777993,0.5887235847075907,-0.3490143462706752
['Talking Heads'],[131650],-1.2113137134318888,-0.5111727214572303,0.03484973485876511,0.3219197339326403,0.02848997029015899,0.580633777374996,-0.2017294230032497
['Talking Heads'],[131650],-1.2480875629796249,-0.5313950557850111,-0.00052210402106807,0.4450946748115467,-0.5929544553589017,0.6432543682993368,-0.21558017314731825
['Talking Heads'],[131650],-0.8084363902506995,-0.6439770437634326,0.1310677197804913,0.22253939557493227,-0.009196916141890337,0.6138243704032488,-0.07717739659429952
['Talking Heads'],[131650],-0.9148289487247371,-0.6559986617853436,0.18751484847112096,0.3278599254937777,-0.6202496977368618,0.7470652379010524,-0.13558991675670484
['Talking Heads'],[131650],-0.9836000182461864,-0.6212081870316465,0.13614942247967537,0.27155547582725575,0.011429515820637384,0.6499242987681082,-0.11248527174532039
['Talking Heads'],[131650],-1.371383122872708,-0.5645164364561884,0.06525304466056059,0.4500831429178662,-0.5698822413946516,0.754931979305691,-0.27910307618366126
['Talking Heads'],[131650],-0.7852094886990685,-0.3187799695779241,0.1505747349384301,0.015618382344861991,0.1385404797216706,0.5187748026696625,0.0020934899395965456
['Talking Heads'],[131650],-0.8246039905573191,-0.38447135393713755,0.04609337385563809,0.29003219652616163,0.05404279857369104,0.8243505154095677,-0.48643786425782226
['Talking Heads'],[131650],-0.9298868356513873,-0.43551127233622594,0.1272359848844194,0.3187809219125148,-0.26528710876123107,0.5575978480590632,-0.2902929420340721
['Talking Heads'],[131650],-1.2758897655634702,-0.30828069138788816,0.3309521465751057,0.20713572163317345,0.023087870100069765,0.6527642214731402,-0.3572012385400833
['Talking Heads'],[131650],-1.098404170456024,-0.3175533981211706,0.06992176374991962,0.2660871277970177,-0.008135170443725241,0.4218574817187903,-0.16494464883354867
['Talking Heads'],[131650],-1.1580234648668686,-0.4034408827698837,0.028056978068026126,0.2834771382091749,-0.4382859314209601,0.6181086608725742,-0.15874709623714817
['Talking Heads'],[131650],-1.0386563438822358,-0.19859598261399597,0.010023280248662418,0.3534721707923702,-0.6447679968710143,0.4319593184127949,-0.031011978423047305
['Talking Heads'],[131650],-1.2970850696247125,-0.28336271809159874,0.35556781948347155,0.2623794184892072,0.042773175435475326,0.6714856186291235,-0.48044914558285673
['Talking Heads'],[131650],-1.1653427483872103,-0.1633655603371476,0.053371683991773146,0.33942800558798136,-0.7177194189572756,0.6113717415304534,-0.043880333867032766
['Talking Heads'],[131650],-1.0433566523908808,-0.09340963610165921,-0.04516667446471448,0.2254640856293217,-0.6567555770353767,0.5271988419640047,-0.06301347170565154
['Talking Heads'],[131650],-1.1342023965574788,0.036881148897208345,0.14703838802308072,0.3538920261288239,-0.8030348409398789,0.5359891053619713,-0.45930552067963637
['Talking Heads'],[131650],-1.3996928327013443,-0.5246814934887116,0.04642355298417153,0.2850989125578274,0.22628370680252133,0.6415923042945205,-0.23664516156303533
['Talking Heads'],[131650],-1.4459982840849965,-0.3144267108368362,0.17679271928090137,0.269131534128407,0.04548125699396268,0.6692286311387204,-0.3183357825710938
['Talking Heads'],[131650],-1.4431348110311566,-0.5128657270796386,0.139399711319167,0.4255644913816191,-0.56599977404036,0.7690654087148129,-0.31022917239345565
['Talking Heads'],[131650],-1.0843048775405497,-0.778259376023388,0.04664239075342937,0.4735716145711825,-0.38810776290124616,0.7824599879034002,-0.2278036403623887
['Talking Heads'],[131650],-1.1332988430951687,-0.10145279220368238,-0.00023710698221777803,0.2123082204915597,0.1990233603813845,0.5646807410109895,-0.37967097159311836
['Talking Heads'],[131650],-1.4208999169370828,-0.3669586493398441,0.4158580755427049,0.26433759141990665,-0.13183344197914754,0.761257345989466,-0.4142176836717342
['Talking Heads'],[131650],-1.208425514653515,-0.3965570761466753,0.45718384907657283,0.2862829479257574,-0.42581481209472266,0.6787161505789581,-0.35862913263419277
['Talking Heads'],[131650],-1.397523408454974,-0.26805649342946686,0.024801360413720837,0.2613525566032223,-0.23270170646554425,0.711067532945441,-0.1953867222031832
['Talking Heads'],[131650],-1.3181322091284549,-0.42777458594856366,0.04654231707158335,0.31682765916289285,-0.1449605304224594,0.6340673617710518,-0.22554420445513737
['Talking Heads'],[131650],-1.0246699221041944,-0.32448844309570085,0.04872152847040531,0.25511697832550784,0.030766236570690973,0.6568460926107843,-0.3355308547593689
['Talking Heads'],[131650],-1.2235625028842478,-0.48604607203347794,0.12467295275248974,0.30260211504932427,-0.33344800207679726,0.6717072566041749,-0.23856319310769872
['Talking Heads'],[131650],-1.2563306362878337,-0.27724023786500185,0.22238528024915932,0.21570189266068118,0.19242477011776238,0.5142237092286011,-0.25228087363031837
['Talking Heads'],[131650],-1.2208083501580436,-0.32140371193786593,0.357336261638873,0.20706564305824532,0.01961556324452791,0.6312122963473146,-0.34605308634773363
['Talking Heads'],[131650],-1.2524238651445543,-0.4175917827397728,0.13466071391485213,0.35458187461098134,0.2282529718757279,0.600208749037487,-0.32126774947204545
['Talking Heads'],[131650],-1.1865215339853465,-0.052728825335452846,0.5234744775132534,0.09473785559339375,0.15818514510233456,0.429407838644352,-0.4160741494278687
['Talking Heads'],[131650],-1.111122790967054,-0.6419011953664364,0.08925457522983,0.33414119593378566,-0.4104049378153655,0.7939404158809357,-0.21363707973664686
['Talking Heads'],[131650],-1.169372815288232,-0.42957821977402233,0.06841203262201465,0.4262069922118901,-0.5991967248540613,0.6452160581935071,-0.14401103445883687
['Talking Heads'],[131650],-1.0199258656495975,-0.6561477123397272,0.10124461659925385,0.275185661722786,0.018191589306341197,0.6991926254867572,-0.13003040119600653
['Talking Heads'],[131650],-1.3790437650262934,-0.3329715033874959,0.4130154863647567,0.3309158041972928,-0.592805468292042,0.7223558967152124,-0.3911797334379744
['Talking Heads'],[131650],-1.2955913899471634,-0.03674653290304496,0.6671706023182057,0.2532482705111152,-0.7874418757625032,0.7617540294907174,-0.44982585859997726
['Talking Heads'],[131650],-1.0229281193502984,-0.45888102238472955,0.18036108442995624,0.18830746551534722,-0.17396218255856896,0.713299956163657,-0.17456056874844356
['Talking Heads'],[131650],-1.2162768488142415,-0.4539953026032242,0.08337392941050824,0.3282999961309356,-0.42662526344909196,0.655828050701132,-0.1749208126422204
['Talking Heads'],[131650],-1.1285583876868261,-0.2906667864447575,0.12920440506614528,0.31407147561061316,-0.2702025198611442,0.4417142082295717,-0.27901896242834173
['Talking Heads'],[131650],-1.439302254680712,-0.16079776620506617,0.5050538837005498,0.29547979538213814,-0.5895806903415053,0.7389156335443969,-0.4478187505804987
['Talking Heads'],[131650],-1.3541853622724198,-0.34009964642373514,0.4917869599661159,0.23904003661556172,-0.1446319707982855,0.6952573443091039,-0.4574484924352803
['Talking Heads'],[131650],-1.2316724589938806,-0.278059597263697,0.4677342673009478,0.18957589624754012,0.01751301496899164,0.6067715728158072,-0.3952679145921331
['Talking Heads'],[131650],-1.1946364107709186,-0.2839005948304308,0.016392582666362024,0.2945422024302683,-0.4336481570118346,0.6259569558934692,-0.217882516839193
['Talking Heads'],[131650],-1.165127205828259,-0.4490644373193632,0.22796166603034154,0.1893459905182131,0.01891620793430937,0.6660626840231272,-0.26733108111423676
['Talking Heads'],[131650],-1.191058627296701,-0.72708394299278,0.05637735206322992,0.48517356991709787,-0.38526720873106307,0.7963866199431099,-0.217103751811522
['Talking Heads'],[131650],-1.1445266265950889,-0.6221756144801031,0.051208515822879955,0.4642332490426578,-0.6703130324048158,0.7929390377439769,-0.24413115839162278
['Talking Heads'],[131650],-0.6597127732120288,-0.3863806760976354,0.1396597673153271,0.09347564928189807,-0.04745831192886247,0.48976662704527246,-0.00823357702597708
['Talking Heads'],[131650],-1.2406332813487269,-0.5828260779312253,0.033257730133807055,0.3820838389152749,-0.14027346252048442,0.6432517582912032,-0.14785379151580905
['Talking Heads'],[131650],-1.1862019256843117,0.09943265893992798,0.4862596759999231,0.1938232685579013,0.02882243944309867,0.6638757511442369,-0.6392789432388974
['Talking Heads'],[131650],-1.4266179118339481,-0.15318922689420145,0.4265230118818837,0.25331415704604326,-0.3205133277060757,0.7553638554431361,-0.3870036690870198
['Talking Heads'],[131650],-1.3479351488826328,-0.09631082288066188,0.5859726271496152,0.11731840258328664,0.0156415993972539,0.6539073416919904,-0.4943214414455047
['Talking Heads'],[131650],-1.3715714078528793,-0.2293017091465428,0.40116280961745066,0.3925287846467188,-0.5950720501517057,0.6145541125939066,-0.43434305675655505
['Talking Heads'],[131650],-1.2713499874620044,-0.28677924784378256,-0.0008114801434842521,0.3448564650277437,-0.25777879173259793,0.467568650338901,-0.16780409069981683
['Talking Heads'],[131650],-1.2343966672387705,-0.3068403529228208,0.0335946700765133,0.28168179303341556,0.006585592231277304,0.449131064606552,-0.16507046296682246
['Talking Heads'],[131650],-1.1515129150719425,-0.5958047402413991,0.09116298224863911,0.28853588246658435,0.026508828432869756,0.6619095702578895,-0.16619067735881438
['Talking Heads'],[131650],-0.9793849859488084,-0.5753117422230416,0.06233572944844727,0.2585570067296414,0.0014155555547404322,0.5500131875925602,-0.1348673664176596
['Talking Heads'],[131650],-1.286875068233526,-0.2787202065358083,0.37088807914933175,0.25598342524696815,0.04244322016970056,0.6760667442856135,-0.49072502729662343
['Talking Heads'],[131650],-1.1735633438914141,-0.4491810774327349,0.026592741518842996,0.5089035437805922,-0.3643042589867851,0.8055641529849424,-0.4359606812384879
['Talking Heads'],[131650],-1.0738392608040421,-0.7543100528304217,0.0389379763084758,0.4865881716309182,-0.3786393337597025,0.8068445919343469,-0.28546492044197946
['Talking Heads'],[131650],-1.2205728482116622,-0.3751231331475434,0.0023345889055040384,0.4147811739095896,-0.24881774189592956,0.48168933629559124,-0.15785491901224863
['Talking Heads'],[131650],-1.1697168884280396,-0.3484398197474333,0.05836618637193459,0.27434298829869974,0.004001883200422392,0.4769526008134915,-0.1623618015359802
['Talking Heads'],[131650],-1.249029471876178,-0.6006435512970671,0.00016521077432517174,0.4445313792579352,-0.5750134452065666,0.7803712590084411,-0.24146823851932403
['Talking Heads'],[131650],-1.276654839980077,-0.47467284541215105,0.03430333687061492,0.3448972388496888,-0.5955754985140604,0.7368346225373846,-0.22478196463397593
['Talking Heads'],[131650],-1.0641554253253795,-0.6305363950976925,0.09804917374729688,0.27975149085145395,0.02025744486384926,0.6814771228454176,-0.13815943588148505
['Talking Heads'],[131650],-1.1231078837524973,-0.5126960965197129,0.13985901278442492,0.3958620049680021,-0.6939811188369195,0.6875550887899264,-0.21307314750587622
['Talking Heads'],[131650],-1.379348269261902,-0.5348340825388769,-0.031245721383140922,0.4938882013583299,-0.5464062556546164,0.8229928984605107,-0.340472687363308
['Talking Heads'],[131650],-1.1103390122798114,-0.2758259936611264,-0.040068810154837126,0.5579505572574252,-0.31827029455572603,1.0021589867714633,-0.736795836187847
['Talking Heads'],[131650],-1.2665582525345265,-0.29374412758894053,0.1796487281670252,0.3119977418231092,0.04297799737840938,0.6356407129573779,-0.3947465361921863
['Talking Heads'],[131650],-1.2432793407222253,-0.3712244030320838,0.008064093994273993,0.411891990517879,-0.24730587761314973,0.4818452622693558,-0.17105593207044828
['Talking Heads'],[131650],-1.3188545295973788,-0.6577632193662908,0.05866348560880176,0.48292798406219856,-0.3876845795855837,0.7183841455597068,-0.1853115888260883
['Talking Heads'],[131650],-1.0767274147374946,-0.35113722914772644,0.0736576016340523,0.7133916152825099,-0.6539221405729052,1.0959322328648833,-0.8547151951271251
['Talking Heads'],[131650],-1.2653637521731358,-0.2955387152101413,0.4160364086129269,0.3158867464622636,-0.5991502717105734,0.7047468207965724,-0.4548823583431474
['Talking Heads'],[131650],-1.3336850221187253,-0.39875026532380464,0.09905837527825942,0.3103100385733888,-0.14492392282775163,0.6366522149763378,-0.2592197412859278
['Talking Heads'],[131650],-1.0469479626415616,-0.4893545501222521,0.21403179993052215,0.3020371220403996,-0.6261904178975499,0.6034821773877672,-0.23738547496277645
['Talking Heads'],[131650],-1.2938053261485163,-0.5060093336794329,0.12531032908657783,0.2832352298613994,-0.13832609548952451,0.7437988653271621,-0.2352766318418566
['Talking Heads'],[131650],-1.1027781995526904,-0.44011889395512416,0.0833898460361671,0.2383240594297454,0.004505573573698874,0.5839748099114237,-0.1354460271528423
['Talking Heads'],[131650],-1.160735360858022,-0.3352727832790619,0.05250881469240944,0.29808998947344006,-0.6931805827409179,0.7602890008564646,-0.1019342276471105
['Talking Heads'],[131650],-1.2612115541957627,-0.3538425142875774,0.03237298416946653,0.3322998745636061,0.1966072549752855,0.4128363914649596,-0.16284845794318545
['Talking Heads'],[131650],-1.3350913372077446,-0.5572381701597344,0.05570854720536038,0.36166404165584815,0.2394724209271488,0.6471091070763642,-0.26120268551235837
['Talking Heads'],[131650],-1.2371631528044431,-0.6342814819314994,0.016848025292305044,0.563455880370369,-0.7587142654402257,0.6706101309747238,-0.1656606385466892
['Talking Heads'],[131650],-1.0735940282606269,-0.5217717579744149,0.4978310553732317,0.2683404929068405,-0.425758159428226,0.7591040116650087,-0.37934161346602185
['Talking Heads'],[131650],-0.4953761690193272,-0.21508104385185284,0.43285321300086615,0.027480674262864668,-0.5315038718559624,0.454854125398287,-0.06519511184104002
['Talking Heads'],[131650],-1.2779439660693461,0.013428922577170396,0.5421077520297711,0.28551829101184817,-0.438821020943425,0.5462663167116579,-0.5049240724037282
['Talking Heads'],[131650],-1.1325295424181931,-0.04956391350086786,0.5739752048067842,0.26942718581852393,-0.45969078471174746,0.5061120147448804,-0.3652022409743769
['Talking Heads'],[131650],-1.2325478742876843,0.01881190876302163,0.5911678792112759,0.1352643861395985,-0.007148287516012834,0.5434699653000363,-0.4032956314969336
['Talking Heads'],[131650],-1.2761463291767856,-0.4624570691919204,-0.017772493377515956,0.4271195832692692,-0.7783235855107188,0.6669447451670579,-0.20213249405769282
['Talking Heads'],[131650],-1.270225382076801,-0.5885207546472143,0.04217290140577225,0.32895974283900714,-0.12882348211435898,0.7245082584901867,-0.24870858439672427
['Talking Heads'],[131650],-1.437055466790555,-0.3880487198095457,0.1585720779811835,0.35477551318896294,-0.5792035781660624,0.7691942669191396,-0.3347174371666181
['Talking Heads'],[131650],-1.1867883148913432,-0.5954294400168048,0.07452482967208883,0.3276445244572809,0.02740373317358614,0.598869662970983,-0.16400614966627794
['Talking Heads'],[131650],-1.175907779792959,-0.3679293400491447,0.06572194371643308,0.2189029585431921,0.006650717476363236,0.5603423801081943,-0.15878091869524166
['Talking Heads'],[131650],-1.391529847996925,-0.5682500363622022,0.04013621722997328,0.3655635827777266,-0.12760841303399756,0.6822877504170272,-0.24341010494604026
['Talking Heads'],[131650],-1.1621241934085418,-0.5431472457099009,-0.07875303867253364,0.5435346882446388,-0.5319077650909786,0.9342311146068035,-0.4348571686562541
['Talking Heads'],[131650],-1.3141209783156795,-0.3227209506124627,0.15752823717540068,0.27389296507793653,-0.1501600243843001,0.6445862714841322,-0.2913840604687984
['Talking Heads'],[131650],-0.7828479665319164,-0.5354272483204295,0.12298511668034974,0.3640871014318463,0.2662477373168955,0.8721813952080892,-0.6251023276601255
['Talking Heads'],[131650],-1.0027389499564463,-0.40038692603913645,0.14078617094313606,0.475982738558058,-0.7015478451207885,1.0923671300120383,-0.6096624592273046
['Talking Heads'],[131650],-1.4018815969553553,-0.3332196752862663,0.5271262391779645,0.2994279260330208,-0.22211311882563836,0.7312010129662535,-0.4760375897752126
['Talking Heads'],[131650],-1.1314761039628598,-0.5613898885610116,0.14097691599643952,0.41984567488299046,-0.13543626329172356,0.6569333763839033,-0.21391684296418687
['Talking Heads'],[131650],-1.1566604705462673,-0.7431710424797877,0.07391859208768917,0.46396891785870265,-0.3838079450673229,0.7687229172009721,-0.2593574739656999
['Talking Heads'],[131650],-1.0964857054300627,-0.3810924940541588,-0.06763727137048675,0.5922270100039811,-0.6161093293400602,0.9066058885708957,-0.5203547063431953
['Talking Heads'],[131650],-1.2397060388121313,-0.6315665552152737,0.004571963522685591,0.5571815951281842,-0.35779859262355945,0.8321301008861821,-0.3369563925986153
['Talking Heads'],[131650],-1.3243485222950473,-0.08825738506350593,0.5825175863089794,0.15920414984293846,0.019852888950921122,0.6581655458765668,-0.45379048397149385
['Talking Heads'],[131650],-1.2425597237917387,-0.2601922809732217,0.6337556665377685,0.2036261128817089,0.10645117822182538,0.5879321991454659,-0.47038661395765485
['Talking Heads'],[131650],-1.3272881955210094,-0.08868038460896856,0.3694809428329153,0.1389933821906735,0.1933701198656102,0.5823784042169667,-0.40604490689843326
['Talking Heads'],[131650],-1.3103972407404727,-0.2683843743104183,0.419136709511379,0.18756771811018516,0.2029913692581042,0.6201737118836099,-0.38735016735872974
['Talking Heads'],[131650],-1.2995210686086192,-0.09799280370806429,0.45778346155222965,0.1401839154820571,0.018429354731718098,0.675612060993881,-0.3966005391772659
['Talking Heads'],[131650],-1.399816198823013,-0.5063455986429015,0.018194423778727764,0.4243034693348402,-0.5743018331499206,0.7374887605131717,-0.27276385038169254
['Talking Heads'],[131650],-0.933609087530892,-0.5923810165546958,0.07101504304589418,0.2617432746084092,-0.0007401274097205677,0.5668913449468044,-0.13088345814067157
['Talking Heads'],[131650],-1.2000872444827586,-0.43305978505748716,0.08113252022428648,0.4269512417758511,-0.4797030130685164,0.7767256890570398,-0.4364566851890741
['Talking Heads'],[131650],-1.0588892009886515,-0.18534807607259798,0.23933962560950112,0.19348447314300427,-0.015279330094273137,0.4260379609741218,-0.23458350519133456
['Talking Heads'],[131650],-1.0311827744839486,-0.5373859606875367,0.0842146473000121,0.4308459617620092,-0.3908049671029062,0.7988493320486469,-0.3405201967375599
['Talking Heads'],[131650],-1.1123396370918148,-0.4021640174072999,-0.0321185389880004,0.5060943875652638,-0.531044727341503,0.952107655230701,-0.5219227738566162
['Talking Heads'],[131650],-1.2122194624019944,-0.6946713782932734,0.09110893897828658,0.46073701126925526,-0.3943737769403252,0.7471717322482552,-0.1677762228638094
['Talking Heads'],[131650],-0.9794684483030032,-0.4850756626820657,-0.04311553552952893,0.5998837250267187,-0.35233110085070185,0.8548406374598395,-0.48284233337703936
['Talking Heads'],[131650],-1.2665355527770332,-0.3718142201229549,0.421098031000356,0.2134945424159467,0.02439123869254086,0.6571427556420684,-0.3993470870787676
['Talking Heads'],[131650],-1.213878353186762,-0.2802458160723745,0.42720198083200206,0.31130674895723875,-0.6080289990013674,0.7056913065767938,-0.36742292552551054
['Talking Heads'],[131650],-1.1329964461565243,-0.5862138161910266,0.2585829404004165,0.38773454144377395,-0.411323070229432,0.7460830635348813,-0.2906517085726921
['Talking Heads'],[131650],-1.2934073966233839,-0.2103220958101138,0.40489322358774943,0.1713765693715758,0.2046574396863424,0.6344832143390141,-0.4298264119375786
['Talking Heads'],[131650],-1.225986361752098,-0.30536529803300133,0.03867918446242824,0.2800461088461255,0.005518260524375439,0.44663855143097964,-0.16234534940502648
['Talking Heads'],[131650],-1.3191061224622513,-0.5370868145299408,0.0502419898449734,0.48860160179236634,-0.6549672961212561,0.7668137070522293,-0.3233879300283382
['Talking Heads'],[131650],-1.1936767705169333,-0.4382007132730745,0.08523436752371324,0.3233481832409339,-0.43046727039299393,0.6464257957776537,-0.16426041846855088
['Talking Heads'],[131650],-1.0385143763014604,-0.5985478906061609,0.24565113333239957,0.2686199566316459,-0.43181983208740093,0.7177329016732177,-0.19779880645961134
['Talking Heads'],[131650],-1.224158236934385,-0.4292053830948269,0.07086167867642404,0.31428167340980223,-0.133695368320551,0.7397237437566214,-0.3514171562357323
['Talking Heads'],[131650],-1.2581990071367137,-0.355893491990127,0.20501135342374183,0.3054975484036412,-0.4248648860572499,0.6722204175038569,-0.257036075715995
['Talking Heads'],[131650],-0.630760112682819,0.046518348822207595,0.15094431779765358,0.42847907104691707,-0.4098647232180531,0.6820578028852128,-0.6520065339888161
['Talking Heads'],[131650],-1.1109929471205802,-0.2522336483997281,0.0015507245816762623,0.1559341669887016,0.16206154457033906,0.43757870240757096,-0.09949812894166586
['Talking Heads'],[131650],-1.1186872306808,-0.39423717809744147,0.01871820205463585,0.3249580560706467,-0.6946055275884357,0.786570991886627,-0.08452293888129161
['Talking Heads'],[131650],-0.9248674886422613,-0.3020811824073293,-0.11728055521010337,0.5987837448717801,0.1269238291948921,0.8534488976914371,-0.7920288811399717
['Talking Heads'],[131650],-0.7179293125133434,-0.6148549707691162,0.09931356982564982,0.4581811667374973,-0.5586876882361486,0.9487342724082723,-0.505793509176514
['Talking Heads'],[131650],-1.2011521780671706,-0.6890507947738536,0.0188285937053491,0.5598006643733705,-0.7561891014998832,0.7135800864706691,-0.17759469084413
['Talking Heads'],[131650],-1.151298197451816,-0.36053006500887474,0.539342048513774,0.25904509088484845,-0.1636360386456764,0.6610368892472995,-0.35817653217059714
['Talking Heads'],[131650],-1.2797871794395659,-0.022194372354745282,0.36072777708095477,0.22366521730723737,-0.6175179349884253,0.7105238545076056,-0.3354116645297502
['Talking Heads'],[131650],-1.2062642361169764,-0.5778216484794425,0.009368812664652936,0.4656081856483205,-0.566381047511931,0.7806246480024397,-0.268103472885512
['Talking Heads'],[131650],-0.8830795157328821,-0.5517386427530093,0.22506336075685235,0.29682018963846885,-0.6367687497670383,0.6434325773796197,-0.19457707615834294
['Talking Heads'],[131650],-1.1023972831830964,-0.6410701565568989,0.08423825379713691,0.3165254137804266,0.0229755629387065,0.6290456772821775,-0.14613287398541644
['Talking Heads'],[131650],-1.060845062242113,-0.5799154879300416,0.10076384983906073,0.4091678939058913,-0.6946332625353439,0.7119287710809943,-0.17696607664181008
['Talking Heads'],[131650],-0.8163257038029337,-0.14041991973817264,0.06757592353093102,0.3146541654709051,-0.4595141200554383,0.5287860302982565,-0.24408850663086504
['Talking Heads'],[131650],-1.0596741007328583,-0.5508399312163589,0.04602382516021706,0.4086982059663235,-0.49523968301735716,0.7930766826309151,-0.3250652826613741
['Talking Heads'],[131650],-1.1965617566068512,-0.31821383685917626,0.1325055878379297,0.3157564645676483,-0.42094193671513014,0.7036789199008844,-0.2772818463425725
['Talking Heads'],[131650],-1.0107137856549053,-0.0705711961909913,0.05431517496747173,0.30116915390104826,-0.46397625176320206,0.4315274166582347,-0.20019188478342728
['Talking Heads'],[131650],-1.2381772824965085,-0.5630391210887375,0.12858630377193703,0.3443516390725579,0.23554934381710843,0.685977489962518,-0.29223660861223827
['Talking Heads'],[131650],-1.0598099541699175,-0.30203919721528866,-0.03900161045222595,0.4446260876102378,0.22833450775154795,0.5122031616174192,-0.3234838016384511
['Talking Heads'],[131650],-1.0285577089278162,-0.3791288978757924,0.11399364600619237,0.6969834006787534,-0.659409365491141,1.1117606197465142,-0.8441027056481478
['Talking Heads'],[131650],-1.0645086014052911,-0.6382943990161294,0.12333186902709456,0.40948735940328107,-0.14219190638513046,0.6736699846719653,-0.16449104677232798
['Talking Heads'],[131650],-1.4393514334636515,-0.404472932355491,0.1808434806803854,0.34999247597684113,-0.40128358326440894,0.7078286788789303,-0.3600820639639853
['Talking Heads'],[131650],-1.181607076842371,-0.5883844286463821,0.09358868125609472,0.3424444838890754,-0.1499815730262223,0.6051373636984692,-0.17124248744166937
['Talking Heads'],[131650],-1.0959706179073456,-0.3305514655155832,0.1438019568210834,0.16878885650595893,-0.0015776560052322332,0.5947196588590089,-0.15743117972939458
['Talking Heads'],[131650],-1.1350498002453187,-0.6107860434563563,0.07158235296711336,0.2605043658343732,0.20009681663450993,0.6136525657103238,-0.1559061166786067
['Talking Heads'],[131650],-0.940037820060133,-0.6464320145983464,0.3927415604984147,0.25617810781564637,-0.43240205204891413,0.8050630791342658,-0.2638194786468284
['Talking Heads'],[131650],-1.2360513783058968,-0.5033306259690146,0.017322237890948507,0.3394582731390369,-0.41937864313997963,0.6799472201859519,-0.17696474861945588
['Talking Heads'],[131650],-0.8970123353112169,-0.3012155290517345,0.1558751669437995,0.21861590069485826,-0.019251402593140694,0.47016058114176873,-0.1573902558815137
['Talking Heads'],[131650],-0.23243114260524886,0.09643629352598766,-0.05543710582892922,0.2638438494728433,-0.18686101887381976,0.564016216764147,-0.43556126370112547
['Talking Heads'],[131650],-0.8721138450899464,-0.4619570188037284,-0.054817065627151274,0.5179679907044625,0.09449366669286298,0.8236447834784542,-0.6096462359535505
['Talking Heads'],[131650],-0.8110480529998502,-0.5558550666212985,0.04094835475319889,0.4592212953724905,-0.7258548650631526,1.084760102223463,-0.42740802566611297
['Talking Heads'],[131650],-1.4433439588013859,-0.38977433754518115,0.1241126254301209,0.3865583803887153,-0.5761594725051319,0.7570297969482199,-0.2951464422267554
['Talking Heads'],[131650],-1.4145825461970318,-0.4445115253627317,0.16136189010711816,0.29316763580676297,0.04766063338170918,0.6713551555251994,-0.3224317129795713
['Talking Heads'],[131650],-0.9837474080135086,-0.5866610573559067,0.11958537872596134,0.2264016994300149,0.0021138638386306394,0.5763979313266865,-0.12525915149959768
['Talking Heads'],[131650],-1.0646121985747696,-0.5841325917845605,0.28416560013461867,0.31935151624313896,-0.6110747344307369,0.7268184774920389,-0.19572534849706452
['Talking Heads'],[131650],-1.099907443880462,-0.5917710890014505,0.11031993371024498,0.265117606037614,-0.1511927245603219,0.7825155118304551,-0.16683485235609055
['Talking Heads'],[131650],-1.0267153412591312,-0.27647801890987034,-0.053000146001597775,0.22169120008533189,0.20452609183153525,0.6591395426710821,-0.28240462353318646
['Talking Heads'],[131650],-1.0383251956267976,-0.6195722010649171,0.10562290510652755,0.2590505685852893,0.029482397904965513,0.7179512065279597,-0.20996864362016288
['Talking Heads'],[131650],-0.9250176154558605,0.08285821821977345,-0.03923100051387262,0.06972038739611598,0.008735974508744276,0.8029796077593789,-0.29495336279456047
['Talking Heads'],[131650],-0.029639372987574714,-0.035533066174024665,-0.0029185111161230902,0.19772288714178152,-0.21218135459241053,0.5875440805153108,-0.313090548649198
['Talking Heads'],[131650],-0.9396685715860926,-0.39641289413395137,-0.09886464074285574,0.511295401056795,0.20564697522396103,0.9111538327991787,-0.6207842273362089
['Talking Heads'],[131650],-1.1974014430306583,-0.6823130422520225,0.01480669825477381,0.5341903507019383,-0.3687526691055775,0.8246657018423516,-0.27579926421205375
['Talking Heads'],[131650],-1.1829450249786153,-0.5348024657034071,-0.010270950275894478,0.42454135309610214,-0.7804325714639637,0.7083800553325111,-0.19061032787109297
['Talking Heads'],[131650],-1.175928918431923,-0.6209911887510936,0.17179151129068393,0.23635809913611133,0.2144007690936561,0.6489795768452797,-0.22900432106916782
['Talking Heads'],[131650],-1.4467021400217148,-0.3792447432169261,0.16575893852607163,0.3543449003720676,-0.5789613678374046,0.7655884779985567,-0.3400982128526176
['Talking Heads'],[131650],-1.1570727555528546,-0.5645425258056781,0.10207140097951634,0.294225907744193,0.024478272883332357,0.6100880776877177,-0.15683155606626237
['Talking Heads'],[131650],-1.16831146165518,-0.6497395936782785,0.03794258392613245,0.4128247004655033,-0.587693897117976,0.7951524478930013,-0.1880905696044456
['Talking Heads'],[131650],-0.9833951146518085,-0.4965378403131534,0.059486540243192096,0.2164248850308279,-0.0010382260895387835,0.6296408008069739,-0.10567300924290929
['Talking Heads'],[131650],-1.1692340414790083,-0.44464403659122126,0.21465728989703092,0.30360906618942113,-0.6092017379419299,0.7305851977163371,-0.25894657042094604
['Talking Heads'],[131650],-1.007056044268246,-0.621603006162914,0.17237402440261687,0.26292616325236234,-0.6136771915226996,0.765301602079651,-0.19389622626595437
['Talking Heads'],[131650],-0.9928156943634817,-0.4346280558301238,0.012863547356462373,0.3807322825642573,-0.10552543007978228,0.8968087955029923,-0.5203487622054471
['Talking Heads'],[131650],-1.2126545689377444,-0.15250977517546335,0.009535418825220656,0.15562560713287724,0.17352046177123143,0.4671468508578542,-0.13203115278561903
['Talking Heads'],[131650],-1.19315373745689,-0.3802055137291295,0.23714283768883038,0.2963589234653166,-0.4286355135221294,0.6904635303925206,-0.25377995322111624
['Talking Heads'],[131650],-1.0365909708080565,-0.22178784289651934,0.09040204946142609,0.30263216420494277,-0.6318976754623075,0.6555519517307998,-0.09622424025175863
['Talking Heads'],[131650],-0.969844523460251,-0.34011290311265363,0.03076901243142978,0.13691954083275015,0.15548186291211558,0.49677574891637205,-0.07832164153867313
['Talking Heads'],[131650],-0.5118456771813219,-0.03234137015665342,0.21766933607841088,0.3808822817747258,-0.429905770771449,0.6952153055479219,-0.572477908650364
['Talking Heads'],[131650],-1.0090058226018586,-0.171469191424193,-0.025625360649195676,0.22062879319020035,0.19765166828766245,0.6093568293746485,-0.3543376923244191
['Talking Heads'],[131650],-1.0807563104873348,-0.13603649697313275,-0.05810228004303221,0.5813715294551673,-0.038277574854344305,0.9995098642037427,-0.7536476536658586
['Talking Heads'],[131650],-1.41911308052555,-0.1892698913746065,0.4818380701194148,0.3297143331114088,-0.4024155119307116,0.7243082185099398,-0.5031144850132114
['Talking Heads'],[131650],-1.2096944047926221,-0.4111495415068237,0.13298382210770746,0.22418791392663007,-0.158857545443719,0.6785526137230398,-0.210456895477877
['Talking Heads'],[131650],-1.2591472292903922,-0.5440705616926557,0.12021497351970246,0.3779463177249364,-0.5866182328666671,0.7705163908315223,-0.26544403174378345
"['Tammy Wynette', 'George Jones']","[136640, 944310]",-0.5583381242828291,-0.6177049362421604,0.2016498508449504,0.056790701999502605,-0.13823542878735628,0.5999469482840292,-0.048801663263226686
"['The Blues Brothers', 'Aretha Franklin']","[47421, 927555]",-1.1055790870617128,-0.3972431487993179,0.29865478637884624,0.2110147325743752,-0.2614845168065165,0.6640498564521677,-0.15917461770852662
['The Allman Brothers Band'],[745964],-0.7730681172702953,0.04069175247828624,0.18695959563590056,0.3926112462293599,-0.6238084521252625,1.089050924586047,-0.9361969072502883
['The Allman Brothers Band'],[745964],-1.1969607209199788,-0.1482110155805519,0.32932241276636937,0.32754605173958773,-0.41821712113078635,0.6673751575639432,-0.4772542423123592
['The Allman Brothers Band'],[745964],-0.5527468019845241,-0.3590584483733918,0.09641186737144082,0.20397825422356322,-0.4578538660522885,0.6713478587254804,-0.3163929429999648
['The Allman Brothers Band'],[745964],-1.0029921455754127,-0.26440422360541405,0.28757461258392586,0.09948644579273584,-0.461645906980438,0.7224460705446101,-0.18379243697011374
['The Allman Brothers Band'],[745964],-0.8096343133262588,0.211676613987143,0.3276730876637548,0.3578769197549307,-0.10110664241247662,0.8599236608979743,-0.8181955811766805
['The Allman Brothers Band'],[745964],-0.8347810174784738,-0.2938933984190364,0.0729226960132261,0.08634259381550057,0.020942938704469966,0.9032170940145368,-0.2447901051368399
['The Allman Brothers Band'],[745964],-0.935529323063392,-0.30151233210280753,0.20120829191693582,0.1393761411060607,-0.0265773567552049,0.5072109143636498,-0.2311615418482691
['The Allman Brothers Band'],[745964],-0.970985432538082,0.20011570535546744,0.3182964204379159,0.3278082555589341,-0.1372015391609627,0.6462813894545453,-0.7564668768997319
['The Allman Brothers Band'],[745964],-1.0357968789086212,-0.1980537311259592,0.05517573156917256,0.049350688352725235,-0.4620168873236964,0.8109912289145741,-0.06285645652678784
['The Allman Brothers Band'],[745964],-0.7501999214282601,0.03821258951904628,0.5725426871813821,-0.16588542306114687,0.12801864866512438,0.6958328546839715,-0.1782812838602444
['The Allman Brothers Band'],[745964],-1.0305246667079704,-0.05976166629152311,0.62005530706457,0.03881514050825969,-0.28079941147538595,0.7336461524356076,-0.4000515081596349
['The Allman Brothers Band'],[745964],-1.2149089801061237,-0.3325591823970467,0.04695532361140233,0.3207360885836554,-0.25799545075375935,0.5127619418394226,-0.26994882565066614
['The Allman Brothers Band'],[745964],-0.8900902926868108,-0.05026387713550588,0.22700834469278458,0.33668789837194407,-0.3674970477057673,1.0019636966176366,-0.8416183271610902
['The Allman Brothers Band'],[745964],-0.7340221474634291,-0.2138569711746691,0.16728359006141796,0.12803608687787146,-0.6777425061881737,0.5922602805508623,-0.04431879214258316
['The Allman Brothers Band'],[745964],-0.753113523021522,0.21684923467553305,0.2117777495825954,0.3503290694530817,-0.15546631454584775,0.578880124272685,-0.28179315807744487
['The Allman Brothers Band'],[745964],-0.6797624467062543,0.13832558861621808,0.4524441266761432,0.32739045422715457,0.05958896924864598,0.768962383854691,-0.6445508886525193
['The Allman Brothers Band'],[745964],-1.0723911516641278,-0.31820087305915457,0.07330810769443231,0.23784245971346926,-0.10337362840429332,0.4643858209044484,-0.20154234940340102
['The Allman Brothers Band'],[745964],-0.832717852825478,-0.34689220268433074,0.03541777761137406,0.23266014308031432,-0.2209033470161228,0.38512820529225883,-0.07550087815789219
['The Allman Brothers Band'],[745964],-1.1919292369171173,-0.12684825037253014,0.1411610126195075,0.21858682901066578,-0.25735462807912646,0.6469157939603505,-0.33353739095500573
['The Allman Brothers Band'],[745964],-1.034919386917907,-0.12138317627565189,-0.04420987682038995,0.1507592991159239,-0.42670275861853735,0.8939446780467787,-0.22226914680039087
['The Allman Brothers Band'],[745964],-1.2296382611165637,-0.508289958257035,0.11104568629016436,0.2864776291415293,0.025769718183535746,0.5851781704187169,-0.2742691208748097
['The Allman Brothers Band'],[745964],-0.9590400165023,-0.07024740594406816,-0.192786376317531,0.5562965667940614,-0.5221020109896571,0.933361470517974,-0.7218873075410176
['The Allman Brothers Band'],[745964],-0.625501354192873,-0.2765203484312333,0.5190695194605243,-0.028878680885227652,-0.06780200680859705,0.48061353840282584,-0.22500975967909942
['The Allman Brothers Band'],[745964],-0.9375495827534833,-0.21036741227495467,0.64660622433595,0.15896781619508601,-0.6440650897690386,0.6906070539365095,-0.4468478889691517
['The Allman Brothers Band'],[745964],-1.059135661837078,-0.1613063164519623,0.3066341071838841,0.41043165551778144,-0.37061196110702926,0.8564713910907024,-0.7335461969741438
['The Allman Brothers Band'],[745964],-0.8781275172994676,0.08481644247744533,0.05698494212550809,0.29175252651516237,-0.09438432277319339,1.0004001802834013,-0.825156713811146
['The Allman Brothers Band'],[745964],-0.9639735697587494,-0.2579503262692284,0.113245816515574,0.1406363260764962,0.15253959757470453,0.4219157893862918,-0.20458824904353784
['The Allman Brothers Band'],[745964],-1.0501586020473617,0.03754347768905801,0.5221547242225164,0.09780396157269189,0.1554501538370853,0.44533252097762777,-0.4444054852914362
['The Allman Brothers Band'],[745964],-0.7912270575661624,0.3483326389235992,0.2591067323824917,0.2794196800555719,0.04943042824373948,0.7086872177297423,-0.8484268373866161
['The Allman Brothers Band'],[745964],-0.8250318889495809,-0.34314177800067885,0.4227726158159868,0.015220353635860212,0.1402071440498809,0.5267187014912296,-0.3084029113065452
['The Allman Brothers Band'],[745964],-0.9101092523409765,-0.44924743175655346,0.23539809402779038,0.24711775372938555,-0.6387261682690636,0.6519277374782321,-0.2424725355162159
['The Allman Brothers Band'],[745964],-1.0749036318536398,-0.21543474863055614,0.442480525706916,0.09854165620461676,-0.27726864697146436,0.7305509376925815,-0.3382958082336256
['The Allman Brothers Band'],[745964],-0.9974478617045263,-0.31654763227684146,0.05263870569766104,0.1883312693262585,-0.022138763642667952,0.4505156501859288,-0.1351538486933873
['The Allman Brothers Band'],[745964],-0.9070839660449928,-0.03875256388093711,-0.08118724275394139,0.12180287621163781,-0.1346036697954134,0.9916229220355255,-0.3611899976440988
['The Allman Brothers Band'],[745964],-1.0676261078858842,-0.5208592361192267,0.08478018468257384,0.22796637535787287,-0.43383938443943143,0.7815363796993295,-0.15691596673742572
['The Allman Brothers Band'],[745964],-0.6565109763389497,-0.16086499270683585,0.08426723595175514,0.18811771002001643,-0.648949662586285,0.7213344612075854,-0.12534868828089304
['The Allman Brothers Band'],[745964],-0.5658220339826265,-0.21937381475745465,0.14233982340749216,0.28427314337050547,-0.7927669925222027,0.8722681020290621,-0.3366691685216249
['The Allman Brothers Band'],[745964],-0.6938825464471791,0.225838538308325,0.3234867946915068,0.45784912812568623,-0.5437099037822383,0.9672254873583814,-0.9026958687860819
['The Allman Brothers Band'],[745964],-0.5896254478220729,0.4100214942750997,0.37374457473870015,0.26698430915469973,-0.1809095015060362,0.5675975161489349,-0.4576146678108721
['The Allman Brothers Band'],[745964],-1.0959944096322565,0.12721362620385002,0.47608763642817853,-0.027362630520592953,-0.6329042767456375,0.9277560984401556,-0.3574777485129258
['The Allman Brothers Band'],[745964],-0.5471530770458839,-0.23644380411010088,0.1274661160011879,0.11987400663640121,-0.4779804177000337,0.6970847636912963,-0.11937320328891592
['The Allman Brothers Band'],[745964],-0.7837690785323722,-0.14139227490716863,0.09030567362698497,0.09205052457304169,-0.30443796684556695,0.6448649176946516,-0.011325315894920088
['The Allman Brothers Band'],[745964],-0.6329643820854886,-0.14343324204008642,0.10339428540900351,-0.05708654543436324,0.09926078543372382,0.3972610151278849,0.06313211093666743
['The Allman Brothers Band'],[745964],-1.2235282943165793,-0.16506981384965747,-0.03331274182529847,0.14116683684162384,0.016755289310745942,0.7104486128511006,-0.1648911799225724
['The Allman Brothers Band'],[745964],-1.0696608460795567,-0.2774813488161953,0.2885745793786381,0.12182117169531075,-0.0003215724659702061,0.6454829156001414,-0.28621113555049715
['The Allman Brothers Band'],[745964],-1.1715056877582657,-0.1851878859568258,0.38715801068486333,0.1577719287944684,-0.44635837534398964,0.7235904070320321,-0.3313606736617962
['The Allman Brothers Band'],[745964],-0.7708369341147967,0.4644678302971608,0.16876685342950346,0.5607415266346762,-0.2663656862045847,0.8593819923453556,-0.40657387320054794
['The Allman Brothers Band'],[745964],-0.7326447532984287,0.35270194549119266,-0.16316445251114597,0.43865803163043826,-0.5926566894625628,0.6668136707672002,-0.47743709069907
['The Allman Brothers Band'],[745964],-0.8094200552105056,-0.13223751801140243,0.009824236702162837,0.37992554046888904,-0.19340342940945007,0.8704340294713091,-0.6052607706280945
['The Allman Brothers Band'],[745964],-0.7716354673660584,-0.05516483701247044,0.16662693453746458,0.1644079105274477,-0.8213751625986536,0.7884717179745279,-0.25494419622739095
['The Allman Brothers Band'],[745964],-0.6694628588953224,0.18114179044246195,0.060390431985692584,0.3021959052696891,0.04891369370034447,0.7379255973447961,-0.7418422431516457
['The Allman Brothers Band'],[745964],-1.0835573853246256,0.16408600510071317,0.3170527226357387,0.4968272407094146,0.11796095681551033,0.8803817204383503,-0.8533669678257698
['The Allman Brothers Band'],[745964],-0.8917534596257669,-0.38811218306460155,0.0913144838572752,0.17252563838071144,-0.1145060892791079,0.5091787024659344,-0.17285651875571612
['The Allman Brothers Band'],[745964],-0.9103823586384424,-0.3131340803058691,0.5101806279409242,0.19240525928096106,-0.6346120074425103,0.7162589372557093,-0.38794363797947906
['The Allman Brothers Band'],[745964],-0.8032813276811223,-0.11532458742667602,-0.013564311765878611,0.22326366185744032,-0.1820840977808627,0.5740467917234615,-0.33721179996033446
['The Allman Brothers Band'],[745964],-0.7051602584255745,-0.4091277637283616,0.14551865049873666,0.006302330106475906,-0.03799512482363104,0.656877277165395,-0.01522778155109216
['The Allman Brothers Band'],[745964],-0.7761151230228094,0.4537773955962914,0.20703037810423283,0.3108684154858488,0.055001775184869595,0.7108047840066102,-0.8819087567183452
['The Allman Brothers Band'],[745964],-1.1437737355945041,-0.020295009131232035,0.5852567869810936,0.09555468461899312,-0.2771295634639445,0.6992169265980752,-0.36309738298180266
['The Allman Brothers Band'],[745964],-0.14328959358971327,-0.3396780138586214,0.04282863550918002,0.3836260623403086,-0.763706261279102,0.9871374739971354,-0.665730129660212
['The Allman Brothers Band'],[745964],-0.7249627029839169,0.2048722294951343,0.3126906589083623,0.26456841759650485,0.031911736603289886,0.7292400311964056,-0.4741117016455119
['The Allman Brothers Band'],[745964],-0.5368385126275846,-0.2614726992426215,0.16095352002079752,0.09169653647127589,-0.4881389166482278,0.6817694230977271,-0.07211780240103251
['The Allman Brothers Band'],[745964],-1.0676261078858842,-0.5208592361192267,0.08478018468257384,0.22796637535787287,-0.43383938443943143,0.7815363796993295,-0.15691596673742572
['The Allman Brothers Band'],[745964],-1.117217156186804,-0.35986851257154706,0.09725041968454878,0.21512396454923519,-0.002783806658720707,0.4968137646721975,-0.19435830596126785
['The Allman Brothers Band'],[745964],-1.0390512019150613,-0.07250289795347264,0.5915770841968478,0.06231511089737272,-0.27998746668800867,0.725085277680692,-0.38634988479295773
['The Allman Brothers Band'],[745964],-0.7115881481699603,0.06385620007850724,0.5960305933380973,-0.16045438187112568,0.12572613373926478,0.6953274093173956,-0.18746811629274518
['The Allman Brothers Band'],[745964],-0.9559745849672316,-0.2996053168916537,0.48902124472207087,0.13474486543559533,-0.004204272454524055,0.6293698873385929,-0.40083311372777713
['The Allman Brothers Band'],[745964],-0.9432535673050573,0.2728624624691375,0.40381525455486206,0.42399317290419253,0.08843886537594396,0.788471523494786,-0.8982372790043461
['The Allman Brothers Band'],[745964],-0.5624022490073635,-0.32785588446495545,0.06808929438144433,0.21598199438650423,-0.2107946833671,0.4982116676227578,-0.20468963760890796
['The Allman Brothers Band'],[745964],-0.3859507279746684,-0.22374466827012646,0.2345392639825251,-0.0780131958756482,-0.09362627781476866,0.4482587246509233,0.02000396114862696
['The Allman Brothers Band'],[745964],-0.9546108684512866,0.10878778212548183,-0.18086836143800858,0.5686197727939439,-0.7191024208706756,0.8492913797024025,-0.6282906405005303
['The Allman Brothers Band'],[745964],-0.8514191610477392,-0.32320433125961634,0.22143608037447413,0.07987072799411085,0.17860173072730692,0.7015407304951518,-0.2932707821043448
['The Allman Brothers Band'],[745964],-0.8032813276811223,-0.11532458742667602,-0.013564311765878611,0.22326366185744032,-0.1820840977808627,0.5740467917234615,-0.33721179996033446
['The Allman Brothers Band'],[745964],-0.8032813276811223,-0.11532458742667602,-0.013564311765878611,0.22326366185744032,-0.1820840977808627,0.5740467917234615,-0.33721179996033446
['The Allman Brothers Band'],[745964],-0.9891927757498523,-0.39987889928946835,0.14175207490922845,0.27129459812628465,-0.4628126676331895,0.5339372044278116,-0.20264117675891344
['The Allman Brothers Band'],[745964],-0.9783125128233426,-0.2690219056990844,0.5035418277187461,0.18821990033783023,-0.6346644534392045,0.6845721415225575,-0.38251217537373094
['The Allman Brothers Band'],[745964],-0.46795074992938857,-0.3809682207517622,0.052778602258995444,0.31850324862704393,-0.12419416919764631,0.8935324378783998,-0.6306290092063683
['The Allman Brothers Band'],[745964],-0.5624022490073635,-0.32785588446495545,0.06808929438144433,0.21598199438650423,-0.2107946833671,0.4982116676227578,-0.20468963760890796
['The Allman Brothers Band'],[745964],-0.8917524843018797,-0.3881129658352749,0.0913151661654022,0.1725271704345426,-0.11450629020420049,0.5091755295238469,-0.17285793360324325
['The Allman Brothers Band'],[745964],-1.0191920829774266,-0.357051578593559,0.1224429498181351,-0.038319946069843944,0.08875145951098916,0.8498154623652114,-0.12066302329787885
['The Allman Brothers Band'],[745964],-0.7999108551740229,-0.13226682368774179,-0.008800584250520278,0.3469241492515252,0.07631333945839532,0.8539720913245815,-0.6972107314081506
['The Allman Brothers Band'],[745964],-1.050091027091044,-0.22122496674786413,-0.018960746607890145,0.28167787907397895,-0.7252900667673674,0.6229223503213507,-0.06290759483930995
['The Allman Brothers Band'],[745964],-1.1491849912491197,-0.4360952893367698,0.00045349338356597555,0.2967617040268307,-0.6105328468284106,0.7577639303610353,-0.1436151731771026
['The Allman Brothers Band'],[745964],-0.9286349826542777,-0.027976122762161198,-0.20505132230547826,0.56282832634857,-0.5196146569794416,0.9398305895926823,-0.7516914146753575
['The Allman Brothers Band'],[745964],-1.0696608460795567,-0.2774813488161953,0.2885745793786381,0.12182117169531075,-0.0003215724659702061,0.6454829156001414,-0.28621113555049715
['The Allman Brothers Band'],[745964],-0.0682709157206949,-0.32109732953702,0.055031331746819324,0.3504035095238244,-0.7728595416932386,0.9937222867885416,-0.652410494353132
['The Allman Brothers Band'],[745964],-1.1754958831805982,-0.2850208173207044,0.05293901800218303,0.31166126138794664,-0.43308841249203345,0.6319529585069505,-0.201103459910453
['The Allman Brothers Band'],[745964],-0.45898807596069485,-0.09073861634872546,-0.02113594878560303,0.27283041045544365,-0.4162110228572297,0.8868913614089866,-0.4688903996133738
['The Allman Brothers Band'],[745964],-1.2541864692571236,-0.49529259595433694,0.09634352451362341,0.3930354228089101,-0.595181636910425,0.6665792495306556,-0.2910987101514105
['The Allman Brothers Band'],[745964],-0.6050410095289784,-0.1410755816235834,0.1785417662799166,-0.030701078026983124,-0.2542131210995405,0.5170546586202011,0.009271744552628376
['The Allman Brothers Band'],[745964],-1.1491849912491197,-0.4360952893367698,0.00045349338356597555,0.2967617040268307,-0.6105328468284106,0.7577639303610353,-0.1436151731771026
['The Allman Brothers Band'],[745964],-1.1969607209199788,-0.1482110155805519,0.32932241276636937,0.32754605173958773,-0.41821712113078635,0.6673751575639432,-0.4772542423123592
['The Allman Brothers Band'],[745964],-0.7730681172702953,0.04069175247828624,0.18695959563590056,0.3926112462293599,-0.6238084521252625,1.089050924586047,-0.9361969072502883
['The Allman Brothers Band'],[745964],-0.5943471590157609,-0.14640330490960923,0.10410293640771384,-0.08062853717416503,0.09499054298081246,0.40420139504923236,0.0787153629472443
['The Allman Brothers Band'],[745964],-0.7115881481699603,0.06385620007850724,0.5960305933380973,-0.16045438187112568,0.12572613373926478,0.6953274093173956,-0.18746811629274518
['The Allman Brothers Band'],[745964],-1.146205516526011,-0.3860530061571155,0.0988169212673399,0.2890648239943728,-0.7786736817146889,0.8554744531931353,-0.2239331762919398
['The Allman Brothers Band'],[745964],-0.6822830931133461,0.3312579147805236,-0.18720204647375172,0.46010964134601057,-0.584910978105073,0.7043167350530645,-0.5079931776288842
['The Allman Brothers Band'],[745964],-1.291488327414783,-0.3105140065304372,-0.028379691015560964,0.4449570124662975,-0.5736272200210235,0.7040904045343171,-0.4100643574260045
['The Allman Brothers Band'],[745964],-1.2023628519727767,-0.008986345415239183,0.12080024574163187,0.3899709581339646,-0.6013593097789861,0.5994422175398954,-0.37437304325677556
['The Allman Brothers Band'],[745964],-1.2335776113059405,-0.18081201363552138,-0.032075186300920266,0.14502282455068544,0.01937917121972247,0.7225548642814422,-0.17386844275079405
['The Allman Brothers Band'],[745964],-1.0390512019150613,-0.07250289795347264,0.5915770841968478,0.06231511089737272,-0.27998746668800867,0.725085277680692,-0.38634988479295773
['The Allman Brothers Band'],[745964],-0.8345195398921175,0.6160116437653592,0.3432181740783671,0.5471004069582364,-0.25664226030263265,0.8749023806845784,-0.5665829958623377
['The Allman Brothers Band'],[745964],-0.5945845915372697,0.032472663668221394,0.13621579614554907,0.3980122359486659,0.05325241698506726,0.6893458053824352,-0.4793217354844769
['The Allman Brothers Band'],[745964],-1.1277810185075474,-0.08661967652314666,0.49666148198908744,0.08529906933341123,-0.013123117938759117,0.5924069124708086,-0.36257859379773666
['The Allman Brothers Band'],[745964],-0.49342661068659144,0.35172680700813214,0.37688118532266873,0.20781401990584336,0.004998207950436047,0.6041487556574372,-0.8643957385346759
['The Allman Brothers Band'],[745964],-0.8613134200331293,-0.24170023811204375,0.6420643626557323,0.15288440790880317,-0.6405635989897178,0.7295420456448753,-0.45856898536038554
['The Allman Brothers Band'],[745964],-1.1140655118792473,-0.36243567122016956,0.10046816612015726,0.21462356053877707,-0.0027513502032994732,0.4985891692181432,-0.19298384606224578
['The Allman Brothers Band'],[745964],-0.7775388168696665,0.21012971719629958,0.26540027031785135,0.40765254857042504,-0.08788974862000151,0.9016147558271471,-0.8667399463550601
['The Allman Brothers Band'],[745964],-0.6752734936153278,0.24606912870845313,0.0840986770084004,0.4190919839452245,-0.14011472494474478,0.6180014003128596,-0.3215767018588122
['The Allman Brothers Band'],[745964],-0.6226519005949719,0.5055391425855235,0.14242627178783562,0.5892291039063149,-0.24495398591292555,0.9719161202494483,-0.5448330969413794
['The Allman Brothers Band'],[745964],-0.9576983693191026,-0.4618064008008696,0.09649395738553503,0.24237157552093516,-0.6288835875350959,0.7180864242110025,-0.1202096508937255
['The Allman Brothers Band'],[745964],-0.8372354912456695,-0.1863589214586034,0.0332383089133409,0.30383787804325724,-0.4934955028105385,0.3434269717039821,-0.055558545138781106
['The Allman Brothers Band'],[745964],-0.9802446661044684,-0.2648794185890536,0.10964554442624112,0.16004978224481634,0.1626391344944328,0.45774182552218945,-0.25891828759042934
['The Allman Brothers Band'],[745964],-0.6982642730927446,0.36426203601048346,0.22162769082571446,0.36820040731185605,-0.12982342575823752,0.671122605197749,-0.9515664765591841
['The Allman Brothers Band'],[745964],-0.9020679142091601,0.0010029309886994636,0.5835429970204127,-0.179064328292852,0.14163388869735727,0.7399482059307355,-0.24395497567031135
['The Allman Brothers Band'],[745964],-0.7838438403610288,-0.179183270895567,0.17856429889876016,0.22103192711630332,-0.4187703971654511,0.8768490881845836,-0.43832881363111054
['The Allman Brothers Band'],[745964],-1.185321423813787,-0.23904579035005044,0.2519390359120323,0.04559661066994518,0.18397183941517878,0.684640534728055,-0.23484468250376733
['The Allman Brothers Band'],[745964],-1.1190513638714277,-0.38077991257910165,0.06475377647716252,0.322107581841419,-0.44093679517855594,0.601308957931925,-0.1938942068390674
['The Allman Brothers Band'],[745964],-0.970985432538082,0.20011570535546744,0.3182964204379159,0.3278082555589341,-0.1372015391609627,0.6462813894545453,-0.7564668768997319
['The Allman Brothers Band'],[745964],-0.45898807596069485,-0.09073861634872546,-0.02113594878560303,0.27283041045544365,-0.4162110228572297,0.8868913614089866,-0.4688903996133738
['The Allman Brothers Band'],[745964],-0.6050410095289784,-0.1410755816235834,0.1785417662799166,-0.030701078026983124,-0.2542131210995405,0.5170546586202011,0.009271744552628376
['The Allman Brothers Band'],[745964],-0.7771279006534596,-0.431908696555465,0.10601893703610114,0.3894578089260578,-0.4745237011085777,0.8698532183307467,-0.6135751144163204
['The Allman Brothers Band'],[745964],-0.9860445261558409,-0.09313371998664645,0.5539374895218634,-0.015228105295643805,0.1371684210347145,0.45540777424950596,-0.3896396278451336
['The Allman Brothers Band'],[745964],-1.1347286917759791,-0.140829216003697,0.6490838269258946,0.1051509936326685,-0.4515759408315228,0.7288716978979285,-0.44749230101550375
['The Allman Brothers Band'],[745964],-1.1500636595299858,-0.31923304904316013,0.17751349002153702,0.23113625151315742,-0.25846613882906333,0.6685496137726399,-0.23686199512364198
['The Allman Brothers Band'],[745964],-0.7054413891544674,-0.40419043843502717,0.12438512996521162,0.18970134893916557,-0.49089796679128395,0.5217383967547004,-0.06821536639192897
"['The Band', 'Bob Dylan']","[38490, 66915]",-1.0598016210418053,-0.12634246005687905,0.5689633612254607,0.07835891574386629,0.15468072415347472,0.44519874911043195,-0.4132459938074566
"['The Band', 'Bobby Charles']","[38490, 73644]",-1.3967864526049314,0.017037322116630515,0.78326788410455,0.16032376677432578,-0.4296013536739265,0.8271497037263403,-0.4065200852674351
"['The Band', 'Dr. John']","[38490, 205180]",-1.3335855159857362,0.08592042960319854,0.7674723724662236,0.24639753282682123,-0.26586246699237576,0.5428236491691744,-0.3922535900061863
"['The Band', 'Neil Young']","[38490, 379125]",-1.1195539787951148,0.15225267243340468,0.635725488606801,0.03673175917124616,0.14496286465085564,0.42765940736034247,-0.37421043986929364
"['The Band', 'Ronnie Hawkins']","[38490, 332852]",-1.3294331165740316,0.05700538536203317,0.6249364192489624,0.2922693798878282,-0.6140286862884718,0.6008941384154199,-0.5302819952387596
"['The Band', 'The Staple Singers']","[38490, 577235]",-1.0815487225731268,-0.37091377929714264,0.10131279636456088,0.3726846816038557,-0.6318006399090462,0.48274477066031474,-0.22160820528105576
"['The Band', 'Todd Rundgren']","[38490, 936425]",-1.0187326914442896,-0.5496381313206995,0.20052206973604264,0.1681708635110847,0.17877760243584356,0.5450281879003651,-0.22619908930247756
"['The Band', 'Todd Rundgren']","[38490, 936425]",-0.8241181222648076,-0.494955798268454,0.11639291588896378,0.13361541720053816,-0.2885275847844595,0.6752317109008795,-0.058618110408300464
"['The Band', 'Todd Rundgren']","[38490, 936425]",-1.194008694044205,-0.5558993259215614,0.19625919892490923,0.3102403512189687,-0.41429332843440925,0.7607074068798906,-0.2618659058441104
"['The Band', 'Todd Rundgren']","[38490, 936425]",-0.9870617848516072,-0.40153849547134235,0.08378899346506788,0.1508285155802759,0.163322100720278,0.4904362800943033,-0.10819627104982439
"['The Band', 'Todd Rundgren']","[38490, 936425]",-1.090810148698009,-0.5055555940043084,0.19374180576824965,0.324773890056762,-0.610895051425219,0.6761841199638395,-0.20026632239282904
"['The Band', 'Todd Rundgren']","[38490, 936425]",-1.2836550768621025,-0.5011261547634914,0.012841476033043538,0.3393415085563105,-0.5958986303187829,0.7250392789483809,-0.2376759868396327
"['The Band', 'Todd Rundgren']","[38490, 936425]",-0.9889395569815457,-0.2403825611306308,0.17559202629961745,0.13572996438316798,-0.023411631912626112,0.5152444099102396,-0.12051663666478742
"['The Band', 'Todd Rundgren']","[38490, 936425]",-0.5662581602478857,-0.3019411982134397,0.13788147431466324,0.005394218993214268,-0.3435149774031292,0.49114520018880703,0.016244190621977107
"['The Band', 'Van Morrison']","[38490, 307461]",-1.3395609112445084,0.24173035224239206,0.5634822681900669,0.11386528512860146,-0.4415076326457227,0.7300762671098977,-0.410286612917613
['The Band'],[38490],-0.7484646222015706,-0.3058736791015605,0.19178144626426843,-0.010035908392135902,0.12718795146498096,0.4977279137775121,-0.04685118001903522
['The Band'],[38490],-0.8895506150895147,-0.6413843753808168,0.17785015801768153,0.1976819147350344,-0.2672538880214099,0.6604476812876114,-0.24219782590948769
['The Band'],[38490],-0.6323977486779454,-0.18376005125187803,0.07450496604772965,0.11557371205509172,-0.5269528204507019,0.3675991714475234,0.03972370520986371
['The Band'],[38490],-1.129392714344547,-0.42917931925565783,0.043771577210960436,0.3419330104238345,-0.6203068211394088,0.5704791756372394,-0.18880920479293758
['The Band'],[38490],-1.1225905247919388,-0.24977338375880562,0.024621915024222178,0.30248407426860613,-0.6259884150403208,0.6424987984174827,-0.06100157743526924
['The Band'],[38490],-0.946364329249815,-0.49060139588254736,0.20095313198162437,0.25598415185144396,-0.45734190811675157,0.5931254919994415,-0.14356777776605129
['The Band'],[38490],-0.9167951771809182,-0.6282740413663669,0.19157930063525033,0.20294777473351427,-0.2658343982882702,0.6508580995604822,-0.24881514695684262
['The Band'],[38490],-1.0449528978268616,-0.2987304512109617,0.024545387807911587,0.101273152933054,-0.19328294049734226,0.6699063591793326,-0.08615108365304593
['The Band'],[38490],-0.9938602636254426,-0.061026822315236776,0.4590920078186482,0.058793502842983555,0.1391260855037016,0.4166183549332658,-0.2928535162687635
['The Band'],[38490],-1.1145710675308704,-0.5997516370799381,0.09415159455687075,0.2752891914501414,0.02491499577011171,0.6374738741524035,-0.1711148331763453
['The Band'],[38490],-0.35690481093608584,-0.32528135760704746,0.15290524967044108,0.04178364737734881,0.07891393794048669,0.24165302996008867,0.0754488754861601
['The Band'],[38490],-0.8825398591622691,-0.44378892208534443,0.12512361653342888,0.1734083438615175,0.17732988202321828,0.5539147466481202,-0.21591824859797776
['The Band'],[38490],-0.9532472206299059,-0.6324723390282415,0.1041593058753243,0.15970820780055897,0.18020996635532674,0.6080323679127974,-0.14565423634391114
['The Band'],[38490],-1.16884698263803,0.1997101076924812,0.5793944833969524,0.008138603842824275,0.1427742577736155,0.431142853575877,-0.38085591619715314
['The Band'],[38490],-0.8137232263831352,-0.11822877339727945,0.05637736718702355,0.10343936227443414,-0.32498204660297675,0.43316440834041553,-0.008869091866405719
['The Band'],[38490],-0.38007974063094746,-0.12947355845838912,0.07665645616873229,0.14150175631937925,-0.3416363191367038,0.3542010026133707,-0.14262293969469358
['The Band'],[38490],-0.5930254796626223,-0.5920851285004183,0.21037777234814883,0.057715922920418494,-0.3114067645516813,0.6625924948071094,-0.060505021160726244
['The Band'],[38490],-1.0260680385251875,-0.7174442892077737,0.17487877393234036,0.3194656051011321,-0.5996742712014415,0.7760127995428809,-0.2143052491360624
['The Band'],[38490],-1.0829327853904684,-0.592126729971015,0.15627230294019376,0.29409394551649587,-0.16494388196756457,0.6071051726905461,-0.22445607624533098
['The Band'],[38490],-0.4399494276199499,0.41804342608342254,0.5162736736079492,0.0685594928146379,-0.4547492116070297,0.9343499311099329,-0.35093326205390984
['The Band'],[38490],-0.6890110078459261,-0.16364206686647062,0.44727071069024205,-0.029270085220051305,0.11157947303308896,0.408566328555021,-0.1674140888213067
['The Band'],[38490],-0.9647031016209954,-0.3181071738293759,0.02527682509316995,0.2606654773782576,-0.6396027570229047,0.6442977889753676,-0.00963513165219842
['The Band'],[38490],-0.8802297306232506,0.08423047657057046,-0.1448802535560475,0.4316647617933843,-0.6019229310913715,0.5864242421075085,-0.4331261708781642
['The Band'],[38490],-0.9938867342884788,-0.6796906431452,0.1441825292687736,0.20265545826144746,0.012506788677318187,0.6452611898722551,-0.17281226103593808
['The Band'],[38490],-0.9716317473521022,-0.17891836356971763,0.15068222770291984,0.16821563828672595,0.24324141607158706,0.9168052698182764,-0.557503944996561
['The Band'],[38490],-0.7485430802611609,-0.4937909919731834,0.31077172191892005,0.16811837219409764,-0.38424798433000484,0.5733156252351013,-0.2273609164914511
['The Band'],[38490],-0.7972807724823311,-0.1708203876136506,0.045086102154675,0.30350592354208533,-0.8613865403221731,0.39150713100054946,-0.002908675777175492
['The Band'],[38490],-1.0767435420282916,-0.5803258461858802,0.05428218083135231,0.21298904829753681,0.014684030076707252,0.6582798666308649,-0.1391605069666683
['The Band'],[38490],-1.0559607047840143,-0.5771195156386835,0.16364481935888292,0.34619796528511637,-0.4368928236847354,0.6173580303921763,-0.2272459587491723
['The Band'],[38490],-1.0073468635310479,-0.29883443667417287,0.4670529019682091,0.11406070454881734,-0.012268092167839754,0.5889908462392733,-0.30796801909388694
['The Band'],[38490],-1.3829066544093935,-0.13898239744456192,0.6309442744364324,0.15216062560308538,0.027926161537469702,0.6908794359356418,-0.5051456240827383
['The Band'],[38490],-0.7766609923477825,-0.39408887057252745,0.12064215353170517,0.06836005448386455,-0.4840355395023981,0.6768910161425832,-0.03820292093989516
['The Band'],[38490],-0.7642656707472526,-0.242387676088084,0.11151101489121115,0.12491402429335295,-0.05880934037651924,0.3688534534141268,-0.04570457860142847
['The Band'],[38490],-1.047222352904103,-0.26207772747681746,0.12577154703205734,0.19615493944030435,0.16698148721776038,0.44381072541784444,-0.19590308630160516
['The Band'],[38490],-1.01250162856826,-0.5770176325263356,0.06804703942239047,0.2820764936442639,-0.6151400435975239,0.769450638599208,-0.10234563547181891
['The Band'],[38490],-1.3184109032084377,0.10538857261555987,0.5240064644411093,0.24904477169476166,-0.7111894239151645,0.6346749747425513,-0.4660523072217959
['The Band'],[38490],-1.3795852300140625,0.17479975070310372,0.5703152554136629,0.14748225473492596,-0.6250407786206755,0.7040811823903249,-0.43442541082264174
['The Band'],[38490],-1.0913328791788703,-0.35231965483532235,0.0819690856632203,0.28231106062728445,-0.190361667035636,0.4241047194956647,-0.21231552943999546
['The Band'],[38490],-1.0432648140030676,-0.13308767807182928,0.05463472171899809,0.20063201041193318,-0.8279614542469904,0.674017757488636,-0.10555314030987997
['The Band'],[38490],-0.6452632565091886,-0.016074084651784858,0.31958383615905517,0.24384741831182483,0.23949269354130284,0.8147840900290485,-0.8005620841390382
['The Band'],[38490],-1.1119129599667514,-0.30340455068102895,0.4973436008286181,0.13093417000057855,0.17901964285093985,0.5417143727641781,-0.42768895455764555
['The Band'],[38490],-0.7942197856452643,-0.1228612928418179,0.5779426168966112,0.08341601301326507,-0.6473359675218541,0.7785391231086359,-0.30915477544998016
['The Band'],[38490],-0.7198860588296763,-0.42907215257544246,0.2377980150753605,0.10635402877555933,0.13308210509318277,0.39783010103784244,-0.12093066621753654
['The Band'],[38490],-0.9087885468861594,-0.5403772862239323,0.2603500879531884,0.1875784790501773,-0.36184300676646985,0.6789039338178126,-0.19327641733042208
['The Band'],[38490],-0.9777869972220227,-0.6481914929423225,0.16636952056537774,0.2107107624167478,0.005181114403186939,0.6493409435853,-0.1897035527144306
['The Band'],[38490],-1.160614814618039,-0.4179161894927905,0.016819678742361288,0.25749955955337983,-0.15037929777220976,0.7488972207564012,-0.08100654526749847
['The Band'],[38490],-1.3879555714471739,0.2031692093809995,0.5517904932548617,-0.0621839076760334,0.17671945574616188,0.6974097921851266,-0.3754570069809008
['The Band'],[38490],-1.1663843673346934,-0.29952611771420146,0.14008760320174943,0.24127125458165039,-0.003244912139564175,0.459994588907029,-0.2192441270467296
['The Band'],[38490],-1.2167646708431126,-0.267265613542865,0.4258848795268971,0.23469342169938517,-0.26296768146486776,0.5702771417308546,-0.41852529040170383
['The Band'],[38490],-1.4189384176546596,-0.0639324697161057,0.5179196815727122,0.2515542980590832,-0.4240566333559296,0.6549543423324036,-0.502676351749476
['The Band'],[38490],-0.681361937258514,-0.22206821905132967,0.09762407102282189,0.018285620167574373,-0.24503088155946479,0.49960189636343827,0.025044508409352906
['The Band'],[38490],-0.830117575641369,-0.41756248096570237,0.1502195985685028,0.1376132428266163,-0.4776863940491456,0.6297932202126544,-0.08530955085348176
['The Band'],[38490],-0.7366473655430438,-0.2006162692376943,0.055840245202262835,-0.018118771525968216,0.11675396134885356,0.4661023305988694,0.04439385353499153
['The Band'],[38490],-0.9123884893029252,-0.24350405142289117,0.11974317805203047,0.3516471295327757,-0.8385457502792346,0.47902764101972556,-0.00149833368733376
['The Band'],[38490],-1.0206190555233725,-0.37746422218027886,0.12452379142659326,0.254286130652994,-0.27274321664869056,0.5567488476822767,-0.1959339704997341
['The Band'],[38490],-0.856692197107597,-0.35751324859856265,0.21151183302582202,0.15002443659923212,-0.47847365461303765,0.6028390102160097,-0.15107831737688135
['The Band'],[38490],-0.8043472742596093,-0.33642307248149267,0.2787624968431357,0.3211564965527348,-0.3956263148255925,0.8960422992870545,-0.5198544858100813
['The Band'],[38490],-1.093274770868271,-0.07414997705683699,0.3763289792265702,0.21684890684201694,-0.7325509102165841,0.6468052159707083,-0.2970347677396214
['The Band'],[38490],-0.9397310258068334,-0.3522235848312251,0.07448904539200733,0.2304254760705789,-0.6397464473483572,0.6660713658153892,-0.024441538470173156
['The Band'],[38490],-0.7840961294989871,-0.31154035250739837,0.042645568241299184,0.08053386210170838,-0.2267254909588634,0.5458478280296994,-0.007960301782114513
['The Band'],[38490],-0.7986293886488947,-0.2704358168503987,0.18231984040026045,0.005449569603960547,0.13006682378362805,0.48676098773261006,-0.05505042645445321
['The Band'],[38490],-1.2261034726170998,-0.5720606632284423,0.07223921746725571,0.35940237007625164,-0.5832392709248703,0.8291507242935151,-0.16797812775481108
['The Band'],[38490],-0.9544488186993239,-0.7313899772356776,0.349816066614763,0.1902836684113992,0.19088949166580588,0.6092895617419696,-0.27784562368611637
['The Band'],[38490],-0.8951912753442643,-0.5178531426767039,0.15385004648784859,0.2979651050462012,-0.6351645468339875,0.6146229411645471,-0.15191995630234845
['The Band'],[38490],-1.1907580982963293,-0.08622454519017853,0.2040149877604005,0.25694461297383875,-0.7234825073301595,0.6106562814943024,-0.23658382366641248
['The Band'],[38490],-1.0801519224599123,-0.3108908442327745,-0.006736677586691865,0.18337979926357273,-0.2654667466905299,0.7037844309749293,-0.05066384046850401
['The Band'],[38490],-0.9563954831658046,-0.015033237851226622,-0.041198017639165085,0.26893307945365824,-0.19713599003522284,0.3957034445714557,-0.1971141479543326
['The Band'],[38490],-0.7681552229941709,-0.4646379746090187,0.12283554044344036,0.10296424724975994,-0.477942020137097,0.6877109400060164,-0.02504571724325757
['The Band'],[38490],-0.8281058545229879,-0.17652445049015925,0.12701295439493301,0.12030569077016166,-0.31748785193907847,0.4625048636705793,-0.048175263043562906
['The Band'],[38490],-1.0870364380440327,-0.43480904914947116,0.041076636035056575,0.27815493112630846,0.004461460134455947,0.5178151382621288,-0.1754089802872053
['The Band'],[38490],-0.7445006392517879,-0.3270739673041368,0.10796737644645105,0.15909434683598872,-0.7531774452019522,0.6295205351670691,-0.013621214525703546
['The Band'],[38490],-1.1342466944024263,-0.2014042726546799,0.0524036247829883,-0.018039738680194515,-0.0038320712834462546,0.8170525870540911,-0.020939875970980258
['The Band'],[38490],-0.9615372213516321,-0.5124966451224414,0.22725476240143205,0.2685353232659032,-0.4516772541830892,0.6329176928726902,-0.1799867132899142
['The Band'],[38490],-0.9069786882731886,-0.6238254489344677,0.1744050108212299,0.2766283922249139,-0.7101858976468824,0.7212433116424549,-0.2634538516251143
['The Band'],[38490],-1.235926055503091,-0.10065510427579485,0.602672616455364,0.057255333262880785,0.18906405449301303,0.7548861891183821,-0.22654755882731592
['The Band'],[38490],-1.0292416528418524,-0.3261965005178478,0.17874498086804635,0.06990857316229475,-0.1865314480216939,0.7315117507399431,-0.11576141165840288
['The Band'],[38490],-0.7532493763762436,-0.43014677288720976,0.19639395544547142,0.11792877473095703,-0.48527759070062615,0.6278128402962534,-0.05704157369462136
['The Band'],[38490],-0.7163316415147142,-0.2531139024091897,0.13780029611549863,-0.0348179124484256,0.11918552123334648,0.48765607794176385,0.018092313340938394
['The Band'],[38490],-1.0121745825598245,-0.3576298608827587,0.4058635753957909,0.0631586035467892,0.164750129966363,0.5789481358610465,-0.29335471567190136
['The Band'],[38490],-1.036007963080144,-0.31251016553511857,-0.01914068934847335,0.15447842673825615,-0.460395702821974,0.7022952564824476,-0.06946597064891269
['The Band'],[38490],-0.5365484895817441,-0.08924283299868266,0.091745760379404,-0.11520217277608573,0.08148293189924126,0.3835476617526855,0.10808767045966391
['The Band'],[38490],-0.5363042066184652,-0.1663825587140704,0.09722530618607612,0.11144633183943181,-0.36498503357603157,0.23986563341296968,0.0180359094510292
['The Band'],[38490],-1.2657572090098501,-0.34208110357112764,0.17428197913871538,0.08614135382062461,0.19941690492933337,0.7289482497074702,-0.2342179203010682
['The Band'],[38490],-0.6893855805912795,-0.5426232151788684,0.14633774351320725,0.10048283732894084,-0.3054874268692044,0.6329021841628749,-0.061489258933983174
['The Band'],[38490],-0.979263575393298,-0.6979596174511508,0.14829217177001658,0.2003813061470082,0.012240811955176331,0.6521048713011561,-0.16921515029998913
['The Band'],[38490],-0.9041359754451935,-0.4420100881041151,0.3042284898250365,0.25335324382728186,-0.6445840659196879,0.5748509374086351,-0.2523818292984694
['The Band'],[38490],-0.7667066224590495,-0.1651750449154082,0.03838132598376347,0.20207126938818032,-0.24194619344129273,0.3075579000594488,0.025424324511959563
['The Band'],[38490],-1.003107120205621,-0.6304085259405416,0.22603072187877427,0.1775631185691725,0.0054164854777701025,0.6424826407518881,-0.22308193501573356
['The Band'],[38490],-0.6671183982519402,-0.27067742338071343,0.13173041470464825,-0.02361901890950449,0.11600333167781834,0.46926027979901486,0.02963835208985889
['The Band'],[38490],-1.0414675851377995,-0.2159962661352458,0.49813628439241947,0.0482923392114812,0.15971019073903803,0.550331504445605,-0.4007273238298073
['The Band'],[38490],-0.9409546170116477,-0.5426673540447456,0.1667098779689299,0.16534689555084017,-0.0012008134028916315,0.6011537209932805,-0.17675936080603125
['The Band'],[38490],-1.2306540316433248,-0.5810572498147627,0.08893970419753897,0.34874293509284193,-0.23329347251395297,0.6383203683524222,-0.26028590790031886
['The Band'],[38490],-1.1864031942104754,-0.5918771241029235,0.0679328523491172,0.3624986776088132,-0.583331767172049,0.8430018357529662,-0.15783626419804986
['The Band'],[38490],-1.1037983797834225,-0.5195507420847436,0.3967937556029867,0.31272419508524707,-0.5956816637354583,0.8907049435068887,-0.16556616778601016
['The Band'],[38490],-0.9525208832320573,-0.4078298978274136,0.08746133153371405,0.1761200154303605,-0.11136130202075581,0.4878979015256567,-0.13244972354017095
['The Band'],[38490],-0.9737837933866794,-0.6755202629573157,0.10126381550843609,0.27464201375088076,-0.34059662819975695,0.72565741025922,-0.1352214647214744
"['The Beach Boys', 'Sweet']","[41874, 536275]",-0.9984417508736059,-0.583166338105194,0.09063699850263272,0.29496323176293476,-0.6195620737497969,0.7358113332394528,-0.12121229029156175
"['The Beach Boys', 'Sweet']","[41874, 536275]",-0.9823519971357588,-0.6782493842755543,0.12130641555936154,0.23801125664014813,-0.5253042043839372,0.7943158985080254,-0.1593743655421049
"['The Beach Boys', 'Sweet']","[41874, 536275]",-0.42940624817670936,-0.08976725085998713,0.10424459764002056,-0.011694117552189272,-0.8246607194704635,0.47777736813133276,0.08733238837857489
"['The Beach Boys', 'Sweet']","[41874, 536275]",-0.6153397516088149,-0.37753803190356017,0.14028690949457506,0.06540607197466645,-0.7765166501937131,0.6585155630285927,0.005930301417303733
"['The Beach Boys', 'Sweet']","[41874, 536275]",-0.9062191170281007,-0.6506005999180093,0.08043130506814608,0.19508006004622705,-0.27234339864740176,0.707734746729873,-0.1160905739994478
"['The Beach Boys', 'Sweet']","[41874, 536275]",-0.33977051450110457,-0.15755086551851963,0.14780030013765103,0.0016745417886942643,-0.8362699178391478,0.393222162928897,0.036164480784428465
"['The Beach Boys', 'Sweet']","[41874, 536275]",-0.2823548028046648,-0.38819048181916516,0.2769657135147762,-0.024231822381975347,-0.023760248618643315,0.2950593557182365,-0.014836813530535963
"['The Beach Boys', 'Sweet']","[41874, 536275]",-0.30709929206521164,-0.11185071511515524,0.30525731892527735,-0.08795393924070534,-0.5748258049453292,0.3736814906506961,-0.011998801504796349
"['The Beach Boys', 'Sweet']","[41874, 536275]",-0.33646899283362963,-0.07061359684181275,0.17948661956116196,-0.12069125897723941,-0.221661832950549,0.280841287051713,0.04348886219357147
"['The Beach Boys', 'Sweet']","[41874, 536275]",-1.1707726029918222,-0.5608138218247413,-0.0016748745726997013,0.34237148289854274,-0.7832030149175406,0.7866379088387265,-0.18294491765227022
"['The Beach Boys', 'Sweet']","[41874, 536275]",-0.9160829061851163,-0.5385425366308617,0.07851789314947957,0.1796394003807888,-0.3695224990869912,0.6703763022798732,-0.0531672578275945
"['The Beach Boys', 'Sweet']","[41874, 536275]",-0.82882932288804,-0.552582787446458,0.08132505485443471,-0.05228174779076408,-0.284422068231948,0.9247704388991428,-0.03255955132216068
['The Beach Boys'],[41874],-1.0399714389076313,-0.7017747205672618,0.1312977852338108,0.28073166111538983,-0.6893128529115615,0.8260927661434727,-0.20116533681605356
['The Beach Boys'],[41874],-1.2648885860395735,-0.5009261749328232,-0.024535946654152686,0.2736255554305964,-0.5039833894884086,0.8443036569377589,-0.16026409941920372
['The Beach Boys'],[41874],-0.8680804220870318,-0.12456340727853359,-0.058057571097104264,-0.03701122548384782,-0.5854323365202112,0.779120964263698,0.09727523485255218
['The Beach Boys'],[41874],-1.0331847176966311,-0.6777432426471757,0.19265967439434462,0.2690943213292503,-0.6956103114425184,0.8182764318700578,-0.2163629644112443
['The Beach Boys'],[41874],-0.8911826001569145,-0.47914534741750664,0.1452545149153192,0.09380446140575523,-0.6446917488826753,0.7926084839065534,-0.13301702861548556
['The Beach Boys'],[41874],-1.0924105588528819,-0.15989505550270852,0.02470102728658811,0.4625455971869731,-0.4123986391065385,1.1179908425082854,-0.8527276093744639
['The Beach Boys'],[41874],-0.9169313258339964,-0.7198498956814315,0.1656978509244768,0.26108546088373585,-0.1852244749053997,0.5194890282853603,-0.23528394649373302
['The Beach Boys'],[41874],-1.107319857385827,-0.10242409162904137,0.02817384421619342,0.4086773995129152,-0.42328368404639943,1.1027071511879054,-0.8361951946181593
['The Beach Boys'],[41874],-0.9611366785358559,-0.579475440199362,0.11553248966402827,0.13700611904896237,-0.18065565810973405,0.7049469284819035,-0.13295486837080256
['The Beach Boys'],[41874],-1.1439552388702012,-0.2681978495760392,0.03117037866579091,0.4886379140536333,-0.5056855457807485,1.1181796946801874,-0.7342515816469898
['The Beach Boys'],[41874],-1.2978603470551655,-0.11163821606210717,0.11232892457473334,-0.0015934836522973235,-0.00018746707231948734,0.7423257102326744,-0.23491610206729807
['The Beach Boys'],[41874],-1.2493991393281252,-0.45784520441621646,-0.005780151366830853,0.22407359876272348,-0.5132375670697936,0.8082267255433561,-0.18889123824250018
['The Beach Boys'],[41874],-0.7263317857040467,-0.2328393754998388,0.6111106830705997,0.08630956784256018,-0.7578954471866151,0.7842064289590215,-0.1047104011626198
['The Beach Boys'],[41874],-1.1377163483159645,-0.4257425258176494,0.24322633620077502,0.11816386700295997,-0.25979153218196754,0.7556786271024533,-0.2657884016610165
['The Beach Boys'],[41874],-0.9281843816104896,-0.29343775040231496,0.11604365636983785,0.180026995450866,-0.29978860824180353,0.5284781383445759,-0.12985317791037984
['The Beach Boys'],[41874],-1.07525187331722,-0.1096171677411275,-0.010325456836217965,0.14726322797266309,0.05704225894997167,0.35642625276835743,-0.03845188139671005
['The Beach Boys'],[41874],-0.968133784860158,-0.312886548313266,0.5378147016290519,0.14767680431254454,-0.4706636999563956,0.6241621935227972,-0.41905201944202797
['The Beach Boys'],[41874],-0.8609886680003573,-0.28053190668139094,-0.19943621662546865,0.5874549146271734,-0.40860503514643776,1.0929891640868348,-0.8053379531395879
['The Beach Boys'],[41874],-1.1143540332167368,0.016152923632118944,0.7078398876656072,0.12995789065375127,-0.2012928954581483,0.6080353035481313,-0.3380839153480189
['The Beach Boys'],[41874],-0.6292097570700035,0.10021112402235331,-0.17506399292232203,0.26794951938300093,-0.12314436956358296,0.9422430037422661,-0.5530059673719514
['The Beach Boys'],[41874],-0.36401102477686675,0.20928916136029294,-0.1546057380224796,0.28047153150743936,-0.013226103373090384,0.49254352888787206,-0.47991835745773004
['The Beach Boys'],[41874],-0.311800412770071,-0.26500347671181546,0.024404985333374287,0.2191237294258018,0.12305841195128894,0.8044148252844806,-0.5485539777222362
['The Beach Boys'],[41874],-0.5525126250561662,-0.5452291852689892,0.1890252021374563,-0.00787861423562769,-0.2328155055376362,0.6647524529914941,0.028368268296641963
['The Beach Boys'],[41874],-0.2214770709118843,0.014894877429346844,0.2846056643773606,0.12083473703063893,0.19820158385763392,0.8027932809007572,-0.6989661800627095
['The Beach Boys'],[41874],-0.5665626026246361,-0.35308442586203825,0.12267695018686883,0.02947097118887141,-0.5158487897722508,0.5866576938473033,0.024727440754375895
['The Beach Boys'],[41874],-0.8793293023053625,0.023519757409444498,0.02445757892257999,0.19715224900936254,-0.6946102285537881,0.3512268202533008,-0.013034959116717705
['The Beach Boys'],[41874],-0.8957858419438551,-0.22731968162839172,-0.03303133228530202,0.0581623951477159,-0.38782788891812664,0.7817046582251174,0.12987357062506116
['The Beach Boys'],[41874],-0.3097116187868142,-0.2662014937466953,0.21100046944317633,-0.0796009491679378,-0.3719161446653664,0.5252914193963868,0.1433794200009766
['The Beach Boys'],[41874],-0.78926775416695,-0.2551105384213858,0.060225076636817185,0.15079346873698982,-0.7633681595912609,0.6257991760790086,-0.012139394673478965
['The Beach Boys'],[41874],-0.8877034355626312,-0.621980069136635,0.3212942094881682,0.12921267000564007,-0.27129234563099464,0.766139595167708,-0.25003385031671055
['The Beach Boys'],[41874],-0.8123571473864394,-0.3496459637177607,0.4462430750866865,0.12272474161029584,-0.8390444548711528,0.7331238991382816,-0.2795078343162901
['The Beach Boys'],[41874],-1.1748529832794847,-0.46849244333954715,0.045605833674139735,0.13520077759607468,-0.07371672321687504,0.7658522897253769,-0.16631902626489492
['The Beach Boys'],[41874],-0.9440622365845812,-0.5005933435275602,0.17296980949901727,0.01275958264483175,-0.012105571171568815,0.7308550611646858,-0.13678381834511882
['The Beach Boys'],[41874],-1.1773676596261693,-0.5178641689337062,0.03778518473809025,0.2597280679230801,-0.6048388464431518,0.8053315674503502,-0.1935003635422166
['The Beach Boys'],[41874],-1.1414708731862542,-0.5703423623316066,0.1147052438268959,0.1721949879748472,0.016503012004961955,0.6876647580616041,-0.19175814611789466
['The Beach Boys'],[41874],-1.0476681920252007,-0.6462175188954992,0.08806334389208761,0.29455156031852636,-0.6111472224905644,0.7633654351635234,-0.16673543246567638
['The Beach Boys'],[41874],-1.1035026375224364,-0.09332846806760195,-0.06805742226686001,0.4796364629694887,-0.5036013048608082,1.1198697470463386,-0.7822286623699422
['The Beach Boys'],[41874],-1.1341666858453334,-0.08766881365274291,-0.11852918692239556,0.48361873854915194,-0.36050455598681225,0.8112846255251894,-0.6528209830997127
['The Beach Boys'],[41874],-0.7083993131134909,-0.11411994962941166,0.03376042366926967,-0.09819219400363227,-0.6879506256495418,0.8149948837701536,0.10896722085072887
['The Beach Boys'],[41874],-1.091336150746889,-0.3449170023563841,0.5755516101430317,0.031010618146281886,0.1758134460928016,0.6619931956367213,-0.3909808235147365
['The Beach Boys'],[41874],-1.1275309615784508,-0.37360907955099265,0.09085290140901826,0.1260134073843036,0.08926033864209137,0.6291904307407071,-0.16140684897182897
['The Beach Boys'],[41874],-0.9679627700121836,-0.06976209404738859,0.2689492369186497,-0.06842689810636748,-0.7482014541265167,0.9137742270681732,-0.1184669637468186
['The Beach Boys'],[41874],-1.0685160173595853,-0.19230734415158487,0.16255183647602792,0.10266709422107231,-0.555984173175305,0.6883918171703306,-0.16644228494277033
['The Beach Boys'],[41874],-1.0850875336296566,-0.5563393881811856,0.27415834950669593,0.17627464163460396,-0.25643890413126386,0.7228269006327444,-0.28881366347572573
['The Beach Boys'],[41874],-0.5248550197016597,0.11943869287605265,-0.12639472945501087,0.4451029047645593,-0.4076996409745466,0.6995599062508397,-0.6535780794833685
['The Beach Boys'],[41874],-1.034144437456669,-0.38579893072611426,0.08263248392837898,0.3268081423278228,-0.7194053834709617,0.6285311869642656,-0.16105672155965955
['The Beach Boys'],[41874],-0.335534334648476,-0.36238382977547556,-0.01329958811309307,0.45079609668967746,-0.6511707227848915,0.990113916523767,-0.7766252717174061
['The Beach Boys'],[41874],-0.7534082115147527,0.1111248601205845,-0.024150533697666874,0.4561743180170242,-0.012327052736786831,0.7508811298417001,-0.7617530722269239
['The Beach Boys'],[41874],-0.7558728096124462,-0.10321664608259878,-0.1503565019905455,0.5691412384612757,-0.70371085088146,0.9997546298810632,-0.7681898991658397
['The Beach Boys'],[41874],-0.6445876392846828,-0.5142799513015078,0.30516989964197944,0.029462519106840054,-0.12853349661125196,0.6568817821439872,-0.085921321899303
['The Beach Boys'],[41874],-1.2210821423364213,-0.45047570982882573,0.08817786895147174,0.34248852190826246,0.0134087960077646,0.44620975948838953,-0.2157966322774678
['The Beach Boys'],[41874],-0.676820555792635,-0.3557091068411361,0.12705900315427054,0.15596412571298107,-0.4137128961892097,0.4658561717560724,0.04408781356355631
['The Beach Boys'],[41874],-0.1946423780626889,-0.20643691937956446,0.1819881608969257,-0.1127689263401104,-0.6636777178238938,0.5013253061275615,0.18426905287326242
['The Beach Boys'],[41874],-0.9131281809514732,-0.38500301459937947,0.18770050250705914,0.16014890508968313,-0.5594824171416916,0.646232668895025,-0.13333159605871517
['The Beach Boys'],[41874],-1.1701399352540645,-0.07980030983088164,0.001367051211391923,0.29187186234302365,-0.6940906821205762,0.7329331401250193,-0.2831518971036193
['The Beach Boys'],[41874],-1.1398005329027614,-0.49133446485714355,0.04848573703863941,0.2173696225862039,-0.1667321358519715,0.6834267307808668,-0.1700256305700667
['The Beach Boys'],[41874],-0.7580852030217881,0.03730265033146808,0.2428405604414676,0.36164174515266223,-0.4845070916339562,0.7611357692256239,-0.7833285471532986
['The Beach Boys'],[41874],-1.0975577621383383,-0.1644419606218729,0.017176428354992213,0.55557827484269,-0.13837559020657875,0.9175815174295342,-0.997376736828827
['The Beach Boys'],[41874],-1.019749769832737,-0.3173587579022403,-0.13332085674284821,0.6015756266080104,-0.5028435743570022,1.0153498995856587,-0.7456174853288354
['The Beach Boys'],[41874],-0.9482735665644202,-0.6575672651895568,0.1180091833727276,0.10556348240675102,-0.08706684139029908,0.7661557788944419,-0.12844606790300955
['The Beach Boys'],[41874],-1.1055450715879844,-0.552238534215756,0.247903488693149,0.06667993745107834,0.1980929049867547,0.7983816377272659,-0.20452154622323424
['The Beach Boys'],[41874],-1.0457500587249506,-0.7007968966727787,0.12765318173190385,0.27922140643245563,-0.6899855330303623,0.8225971527165297,-0.1969456752934773
['The Beach Boys'],[41874],-1.0350069168649398,-0.0870031327594003,-0.0006352221371990291,0.45425474439174107,-0.4108504388086243,1.1558133651106952,-0.907614045679956
['The Beach Boys'],[41874],-1.1896835281241147,-0.5803824180886563,0.062445518490850144,0.20445894399606018,0.02505938572843248,0.7035036275147336,-0.1989326641158938
['The Beach Boys'],[41874],-0.6968566183402257,-0.40914847738904436,0.07390490021331812,0.17140195340751435,-0.5909887250071976,0.5234992070978743,-0.039047351381903635
['The Beach Boys'],[41874],-0.6138000816918822,-0.3883655657614989,0.8849861373675665,0.3467622148708153,-0.8525393579047673,0.631860777122759,-0.00594632492776379
['The Beach Boys'],[41874],-0.8300601941142052,-0.24066362576721212,0.12256173903775565,0.10513752908609234,-0.14073801917276885,0.43607127180436356,-0.08501534326710385
['The Beach Boys'],[41874],-0.6755307289559094,-0.3090722965136366,0.16811380509728488,-0.007271912966828631,0.026840481782693396,0.46142788927078565,-0.022062848512152407
['The Beach Boys'],[41874],-1.3897605019141877,-0.37717220281468183,-0.05280200289314448,0.2715763603542466,-0.4157298304922203,0.7345457180865206,-0.2001988989760782
['The Beach Boys'],[41874],-0.8142265788931261,-0.19690248862357132,0.08260443980286655,0.07260405637269177,-0.23725725295753955,0.42404162724126176,-0.01687098156943573
['The Beach Boys'],[41874],-1.0874335778130209,-0.6113362853561466,0.12214498941262351,0.2276099432570694,-0.25317542738902904,0.7060003958709968,-0.21387717244477047
['The Beach Boys'],[41874],-0.7190879733652668,-0.3692425392668662,0.10434590581394133,0.058457830389836374,-0.14494861007847934,0.46732071271365505,-0.028680233789724664
['The Beach Boys'],[41874],-1.2094393993680643,-0.2736940644634856,0.25379312761765116,0.15167480444357795,-0.17628387046311453,0.6536352485151999,-0.26700074570815313
['The Beach Boys'],[41874],-1.035105153129572,-0.5256851274389073,0.06029073976316524,0.2980096293779025,-0.6231291621887504,0.6739147941618507,-0.12263610527426524
['The Beach Boys'],[41874],-1.0688139018805485,-0.3986207378893619,0.2939693770357675,0.16681075855693459,-0.011536692511760729,0.5110767473588949,-0.30614530264524353
['The Beach Boys'],[41874],-1.1183825219345636,-0.23044201427869812,0.016886973526299743,0.1958620632773008,-0.5463055283058492,0.6382831743266647,-0.08985116109544261
['The Beach Boys'],[41874],-0.613650164882535,-0.30647260652906827,0.1386739749657824,0.005923959550384307,-0.16540262880087053,0.4321836654766595,-0.01463757029962772
['The Beach Boys'],[41874],-0.97293452301534,-0.16050483318077752,0.22968440515226782,0.20261462355145485,-0.4872320265551605,0.458000238905299,-0.15966788324499362
['The Beach Boys'],[41874],-1.1007797911125963,-0.2847865944925198,0.5204235153175167,0.23611004216438713,-0.3690796205658586,0.5418092266466549,-0.4552781498840495
['The Beach Boys'],[41874],-0.9477883411630925,-0.45968343639019743,0.059096461149192155,0.2487782212736734,-0.8207088628811288,0.6793410478909185,-0.12973934111706267
['The Beach Boys'],[41874],-0.7199343784353782,0.04044972341279686,0.3774995934946824,-0.052190556182182615,0.01695564212168905,0.49326728597842207,-0.10952004266325459
['The Beach Boys'],[41874],-0.3448215406160912,-0.5751160275974999,0.38889468080082434,0.07180539742138194,-0.2641202138985201,0.46336392477380595,0.08816103669007404
['The Beach Boys'],[41874],-0.7413256036569638,-0.024995940670629293,0.07894053130024133,0.05918126868969603,0.006795679417949388,0.24588161977442982,-0.008655644373009507
['The Beach Boys'],[41874],-0.032265213158392515,0.20024897166169495,-0.04891457973998198,0.07418241632605084,-0.8239056224106616,0.9648292179933685,-0.3922469009134636
['The Beach Boys'],[41874],-0.6060803534173693,-0.4663027410739415,0.13290608899754985,0.11731333860708466,-0.5969052581535217,0.5476281385467754,-0.034051277782463085
['The Beach Boys'],[41874],-0.8385680132315059,-0.47680010118982025,0.27691897461386217,-0.040117669716985084,-0.023852806857563774,0.7470656509519952,-0.14652399404014438
['The Beach Boys'],[41874],-0.9433705406706723,-0.35893180843197536,0.02874460979904767,0.13777281407743586,0.14429435180365363,0.40885537261732036,-0.0841230628072387
['The Beach Boys'],[41874],-1.110729831797901,-0.6188268235827089,0.05998567967721031,0.3594642342321859,-0.6718573480514684,0.838949020204928,-0.27929444113028346
['The Beach Boys'],[41874],-0.9796374298023057,-0.19997777868085737,0.10802890940913099,0.3941403082585586,0.18778627478255094,0.8444724952685609,-0.8877976814386396
['The Beach Boys'],[41874],-1.000456616921557,-0.18124812355840716,0.07000644628498927,-0.12485256936374056,0.1528556592168842,0.8016745799148235,-0.02525750021416006
['The Beach Boys'],[41874],-0.9730993378341036,-0.4578247785375005,0.1529970829312412,0.15485576120544664,-0.2899329896226667,0.5547575929833094,-0.2607554762958653
['The Beach Boys'],[41874],-1.0612055687517343,-0.32712898065684004,0.03196113499752713,0.08780711966060493,-0.3726895734667334,0.7270960785684222,-0.11611285519989212
['The Beach Boys'],[41874],-0.6464607484058305,-0.5336760253818362,0.284377217657908,-0.036115206956999664,-0.04566868984968595,0.6234944216709112,-0.08616920958169243
['The Beach Boys'],[41874],-0.8431416734113311,-0.11416708132018424,0.022366786725140753,0.11881964671080501,-0.3364844842134919,0.3650287617642175,-0.04902396225819287
['The Beach Boys'],[41874],-1.1393957848461775,-0.131846154855601,0.5188171440227552,0.19759685691959436,-0.6322693557187252,0.7309980761469977,-0.3901558209013517
['The Beach Boys'],[41874],-1.0154545240692077,-0.27268539769214034,0.014180658530123303,0.1069300450897467,0.06267272683625383,0.5119395975176952,-0.07555016420909712
['The Beach Boys'],[41874],-0.860054528665953,0.007399275879027117,0.11418923615385444,-0.033473675015384896,-0.3290044565354655,0.5489528181439013,0.020697195792349025
['The Beach Boys'],[41874],-0.773833113380964,-0.4908664227933946,0.08980556398647763,0.11571626860208917,-0.2156512898927841,0.5816979232314082,-0.08367201145070567
['The Beach Boys'],[41874],-0.7847123087741965,-0.14394444097740178,0.17689311246465966,0.3590147007615157,0.27801452018168804,0.9321526391346246,-0.920908508463192
['The Beach Boys'],[41874],-0.654525296639639,0.00923809762244149,0.07388331382938727,-0.18320900243702504,-0.707992270780171,0.7592718909185765,0.12048462177116034
['The Beach Boys'],[41874],-1.2405015351340782,-0.31650483041316796,0.0805674300513544,0.3026270495568928,-0.6599781587951511,0.9237741982377388,-0.4498823069438426
['The Beach Boys'],[41874],-1.1125540216070138,-0.17496564838939657,-0.0024639046433607144,0.3671936611690503,0.01879898576229782,1.0122631383169127,-0.7665386951315669
['The Beach Boys'],[41874],-1.0557026356440493,-0.6667179800975725,0.19314288084533965,0.268587735440228,-0.6941624073484135,0.8150552188405074,-0.2247512615246492
['The Beach Boys'],[41874],-0.807641530088061,-0.16817862562746363,0.10793586105388388,0.16677711344159707,-0.4262791595410942,0.334101364692782,-0.13502989182557104
['The Beach Boys'],[41874],-1.0183656509037011,-0.5939483652500203,0.10744649551221339,0.2424171568819635,-0.7994939586948548,0.8126410733803254,-0.17843923725135674
['The Beach Boys'],[41874],-1.296924492298052,-0.09926516207167453,0.38313098425608216,0.0013252795316113272,-0.1687319302084954,0.8572997097741737,-0.25398912038940963
['The Beach Boys'],[41874],-0.5709614448103617,-0.3215884437640308,0.37778913126173835,-0.007785837774875546,-0.07734849337728197,0.43011348578144837,-0.1275857371305738
['The Beach Boys'],[41874],-0.8726875475396746,-0.4563756142598012,0.09179368838414431,0.19700738239884752,-0.8293465128055448,0.6901286513121778,-0.1213561249298063
['The Beach Boys'],[41874],-1.2753832103701286,-0.4143557710134587,0.3716129790242652,0.2851001613747182,-0.5965521029351293,0.7813908064631984,-0.3652369950577382
['The Beach Boys'],[41874],-0.5450955240157486,-0.2640825428732958,0.13982200985530893,-0.024759375948526882,-0.17735790664723092,0.4020632828742729,0.02025926992337313
['The Beach Boys'],[41874],-1.2071313413158946,-0.48292244837706555,0.01338094386314988,0.19582882919078756,-0.160154152915542,0.7157005472977234,-0.1931504389779297
['The Beach Boys'],[41874],-0.8191320237312107,-0.40717235915975486,0.2661154861378962,0.07533132920519431,-0.21150344946322852,0.6665387726184742,-0.17180971205241477
['The Beach Boys'],[41874],-0.4976696676755011,-0.40438205906313623,0.4204180318436651,0.049636514209722864,-0.6895417247899879,0.6890594939583594,-0.114462233256174
['The Beach Boys'],[41874],-1.1683354874939833,-0.3074036697694673,0.004902799528328737,0.2695923046950411,-0.62518287653927,0.6665470015645314,-0.1931604865449881
['The Beach Boys'],[41874],-0.5701739006361991,-0.2019989367746566,0.28591784876589316,0.12030888918428238,-0.7157558427417942,0.34106814212698583,-0.1442174879518347
['The Beach Boys'],[41874],-0.6372882460382963,-0.3080309139223224,0.3824622068708667,0.06828991000985801,-0.683246252435953,0.6521280284880581,-0.15626945969186595
['The Beach Boys'],[41874],-0.24784103068216196,-0.4587283433841517,0.19975804416235246,-0.007205776967552983,-0.6360000019439666,0.5535131810529403,0.06185715646496183
['The Beach Boys'],[41874],-0.590777035706392,-0.058798187632704314,0.12907216272543426,0.042026132222099916,-0.7957694823092117,0.5515903658292209,-0.015221223868555834
['The Beach Boys'],[41874],-1.2538475406046505,-0.4260853130616246,0.3818472351608628,0.18351602279667478,0.024200547609133503,0.6986092209947661,-0.38086557686541184
['The Beach Boys'],[41874],-0.22015343412038688,-0.31490314610360737,0.17462528317652232,-0.02646558412066325,-0.05662164498302917,0.6420679694728401,-0.15014158888258547
['The Beach Boys'],[41874],0.10257630105401415,0.02815062339791762,0.0655214782845616,0.1409938988393119,-0.7582768552949541,0.7408806004531324,-0.5153815392704794
['The Beach Boys'],[41874],-0.7987670126220032,-0.14410179199695944,0.05620498554081536,0.13850125712538294,-0.7724913326111413,0.5453194762645046,0.005731393039536947
['The Beach Boys'],[41874],-1.2914457841063285,-0.43611095341940287,0.1069854358541735,0.21957231509452213,-0.33178811070343106,0.7532180225487797,-0.2534020743837749
['The Beach Boys'],[41874],-0.904871962378534,-0.25266461229407994,0.12744649766847954,0.12961844071689296,-0.3162385400867772,0.41294668209488317,-0.17791842168165165
['The Beach Boys'],[41874],-0.37179737323727907,-0.34086164785909584,0.05641737590109175,0.3029565527326585,-0.41225620314030514,0.861854582767278,-0.5635117286146049
['The Beach Boys'],[41874],-0.83072452746609,-0.3860329332050385,0.41488308653574113,0.08737436087238142,0.13807707256067087,0.47550745733645405,-0.3142799464553975
['The Beach Boys'],[41874],-1.0893590462108782,-0.6363517726163348,0.11812829069358959,0.23250405223961054,-0.1562149753320985,0.7742945817714666,-0.10193690791405138
['The Beach Boys'],[41874],-0.873588296282339,-0.5092423847855494,0.137313066335842,0.12080151422460085,-0.19927127865719294,0.6624933722598144,-0.13447196067348743
['The Beach Boys'],[41874],-0.9835431439217606,-0.5435366969338796,0.27785557370877084,0.07677837168097806,-0.35691699902570856,0.8096926005331734,-0.21682742768700736
['The Beach Boys'],[41874],-0.447237686518822,-0.15661471780568437,0.21214826459888533,-0.06917640867562919,-0.6394980481896398,0.539237532229021,0.04927676418368691
['The Beach Boys'],[41874],-1.029999027206819,-0.6424914716496045,0.06862819636092059,0.34376560375438814,-0.6745579209427286,0.8627917846827802,-0.27927930966108927
['The Beach Boys'],[41874],-1.1067675526206,-0.538435500138402,0.13776027239674377,0.16248216000510968,-0.3446924028776696,0.7881653736158903,-0.19982129661450457
['The Beach Boys'],[41874],-1.1812707024284426,-0.30741874266827124,-0.08116609597354223,0.5320245010641136,-0.49503433453545254,1.1040781435542981,-0.706178518661322
['The Beach Boys'],[41874],-1.0995703985323029,-0.5156369364337882,0.06128315066538314,0.1703203229843987,-0.4364455870667587,0.7753881653906014,-0.18500769893997926
['The Beach Boys'],[41874],-0.9776789716665947,-0.5347850765518749,0.07125598417972778,0.2628943410456573,-0.6298270770947771,0.6830920719063261,-0.11141512955116316
['The Beach Boys'],[41874],-1.0221946409298899,-0.5963241360218814,0.14532614381293044,0.2119780247456863,-0.7033795344666017,0.8453433709848795,-0.18098725106461838
['The Beach Boys'],[41874],-1.0699100836050461,-0.3887922501685258,0.07512764101014753,0.1800864356799006,-0.44873857524926913,0.6856465171381776,-0.09336826784814599
['The Beach Boys'],[41874],-0.6681529878175919,-0.05170825155035763,0.6204123156830255,0.14186452818899334,-0.8824811945507082,0.4760834474313496,-0.3166402717362046
['The Beach Boys'],[41874],-1.1430967285139455,-0.3232434501358221,-0.02346210827130939,0.2304663435178578,-0.447142157715237,0.6674721356661414,-0.1389578697342175
['The Beach Boys'],[41874],-0.9341307877007612,-0.12084885996163112,0.09770913049105719,0.2145935616265341,-0.7555040938615882,0.5098393399250349,-0.013114474209145363
['The Beach Boys'],[41874],-0.9520891118928075,-0.42230864255044226,0.3307501701683879,0.08399869010525518,0.07658806917637617,0.5670584748613802,-0.21699098786602464
['The Beach Boys'],[41874],-1.169625121386795,-0.4970347153155361,0.06778343742144906,0.11647664588963658,-0.06958618437216081,0.7946190868184289,-0.1618106207800693
['The Beach Boys'],[41874],-0.3572573812499935,-0.16720423254596462,0.2666341617431536,-0.03975861578623201,-0.6584646822998906,0.3520632441667201,-0.010246015733313478
['The Beach Boys'],[41874],-1.313061624485515,-0.1320592722854001,0.3030001655949507,0.23626646934851106,-0.18159419332073481,0.4517001597586726,-0.4228306545620295
['The Beach Boys'],[41874],-0.5333599702017812,-0.5644937208780167,0.6311747578339377,0.1944386757490001,-0.4906209773857378,0.7090792137283978,0.057471298311169594
['The Beach Boys'],[41874],-0.31032066165799754,-0.3766580770338242,0.21095498239555815,-0.04469511508955682,-0.5482845082695258,0.5385842307827724,0.052081644166921806
['The Beach Boys'],[41874],-0.7497381968042739,-0.22876835194267886,0.22602972637568408,0.052578534568524564,-0.5034440670518798,0.5412367886963033,-0.09638318996261343
['The Beach Boys'],[41874],-0.5876249405620269,-0.16754207533407392,0.16227115365463765,0.042843268941244905,-0.07722928324257396,0.357193440699195,0.05796263358827901
['The Beach Boys'],[41874],-0.8359480960402984,-0.11265967188695102,0.02593683582566101,0.19093496871917676,-0.8549190689008089,0.5743422342453505,0.024471712729829637
['The Beach Boys'],[41874],-0.6517383583275942,-0.012045911781670695,0.09414357898592106,-0.07876698015681843,-0.62481025910803,0.6151121559914099,0.0822443681617827
['The Beach Boys'],[41874],-0.8610781396800822,-0.20122428471874756,0.08765009183746948,0.2061333471248243,-0.4164442889748266,0.3403143039875832,-0.15002339804765277
['The Beach Boys'],[41874],-1.1269781972362156,-0.5503871259567511,0.047311314837881695,0.3710818945719402,-0.6086364171290459,0.6717647615761163,-0.11972435608910659
['The Beach Boys'],[41874],-1.1352916073608963,-0.4870227214095387,0.0009548068088716595,0.4321582656305129,-0.582264583665195,0.7565316238390263,-0.27740930684759996
['The Beach Boys'],[41874],-1.0223628411559607,-0.3448041475737429,0.15147444283417502,0.04525538518842961,-0.37198096203875736,0.7907150665264997,-0.18004366925529974
['The Beach Boys'],[41874],-1.2592897469323285,-0.1082609136176306,0.6239901230178764,0.11441893629525571,-0.5310631311593711,0.7756943102712165,-0.4391176364918151
['The Beach Boys'],[41874],-0.39642828412899783,-0.27091100673741464,-0.0018129710736373825,0.3757598524924149,-0.4047641514898213,0.8176556225289152,-0.5702802291591417
['The Beach Boys'],[41874],-0.8147199488670454,-0.05751357834200434,0.01355555247304814,0.09776867256504783,-0.34496616012533937,0.3470521502739343,-0.04116753236441334
['The Beach Boys'],[41874],-1.2192167738783457,-0.4719111379065978,0.04983355359966742,0.18227075498581727,-0.07216313298770557,0.6976729193284595,-0.20959516791623445
['The Beach Boys'],[41874],-1.1781871875030703,-0.20141057139959054,0.4980587939367541,0.1823401772975199,-0.4509558889332806,0.6725541872162026,-0.3901792483003733
['The Beach Boys'],[41874],-1.0343348474043652,-0.08985999548207768,0.3558940807075662,0.11785292503378215,-0.47482685968157223,0.5896228394542292,-0.17769354525591632
['The Beach Boys'],[41874],-1.2036420039145288,-0.2738723007691098,0.023188895247188743,0.16637365339206336,-0.091330454642336,0.592814026008384,-0.16316860029536284
['The Beach Boys'],[41874],-0.6097452651397365,-0.550168906687821,0.3560711173621698,0.11682455596422273,-0.5806960361952103,0.6460278504058009,-0.12043081057043155
['The Beach Boys'],[41874],-0.3761566141491436,-0.507326159560639,0.4143675473811871,0.1451836426432864,-0.7067953657220445,0.47535784206151804,-0.07699509094406147
['The Beach Boys'],[41874],-1.0214604471655557,-0.14991884108469958,0.031085947930443746,0.10160275410842733,-0.658861726212874,0.6121044774231461,-0.06243447270021747
['The Beach Boys'],[41874],-1.1156688328789628,-0.4989814054561947,0.08963659505218188,0.3949628201702088,-0.8030657831668699,0.577043831150469,-0.26862713105835795
['The Beach Boys'],[41874],-1.099238185605353,0.001262547236638787,0.6672146956311543,-0.008997064740108626,0.15703720225518694,0.551378266430431,-0.37270396288016894
['The Beach Boys'],[41874],-0.8516882970617593,-0.15528939711800152,0.7508828362467636,0.273550425280152,-0.8461825574397337,0.5886029538421365,-0.26966622204123764
['The Beach Boys'],[41874],-1.1760103270006625,-0.2393967141662263,0.07746916198577432,0.1766658692781301,-0.5414851445251226,0.69111713034418,-0.16112761041848814
['The Beach Boys'],[41874],-1.2715701270950448,-0.17606330948621518,0.5933607657267812,0.3297694029921599,-0.8017815362159428,0.6191512089840829,-0.5361884430133019
['The Beach Boys'],[41874],-0.8804755102998797,-0.5718692195893978,0.1349398978581803,0.1455054496071174,-0.7233230325305178,0.8135570438491512,-0.1086112689016805
['The Beach Boys'],[41874],-0.9995178327157518,-0.35479414697655987,0.09884124727698304,0.2608190268803403,-0.5507622501112961,0.56936145930485,-0.1447423553879679
['The Beach Boys'],[41874],-0.8228111391557179,-0.30485720107046105,0.06361204596623139,0.10718035580507665,0.03918718603067123,0.401161587755062,-0.039581470621609306
['The Beach Boys'],[41874],-1.0873225117645506,-0.6099895044056499,0.0980283506582242,0.265076131383083,-0.3418500380708895,0.7149057614009949,-0.1935533036185733
['The Beach Boys'],[41874],-0.6853564658913752,-0.5430896403256265,0.17440485348943613,0.05674922774142936,-0.13139632591824155,0.5824734464472788,-0.0834682258046449
['The Beach Boys'],[41874],-1.139474730246519,-0.4694749250561698,0.09291997870278641,0.05379038945655813,-0.0784923051163057,0.7765208136903583,-0.1721222452442386
['The Beach Boys'],[41874],-0.8313281804659964,-0.17537772281523709,0.022547876428951327,0.08839459536757613,0.020243188509362707,0.3024928629790477,-0.10470031247247326
['The Beach Boys'],[41874],-1.0125747114665145,-0.5649561522435259,0.1450442779261987,0.1108337281421901,-0.6176055635145495,0.8953140664956379,-0.15064401922274512
['The Beach Boys'],[41874],-0.9539968959242958,-0.42429475669358213,0.21815832505693056,0.015121775725531802,-0.4603056086235681,0.8256144966664342,-0.16117951985216986
['The Beach Boys'],[41874],-1.0821129626503392,-0.5286876774368382,0.12942601314463048,0.058255651241121705,-0.07681457272713117,0.8131399995143139,-0.1589691618635221
['The Beach Boys'],[41874],-0.675631410154968,-0.494059247211001,0.1815992286667571,0.032271399510395704,-0.05090349545626872,0.5294778347460642,-0.07234322261202822
['The Beach Boys'],[41874],-0.8702035886823797,-0.20439976984189304,0.012632462413445289,0.2047140347528393,-0.8581097245914896,0.5045929385940547,-0.08911455415836508
['The Beach Boys'],[41874],-1.0385500721976817,-0.6461776642714051,0.16181919908999612,0.201981810795636,-0.5220761683985744,0.8099094885125816,-0.19889920893585689
['The Beach Boys'],[41874],-0.801368961655854,-0.44859980715728065,0.14936914675801494,0.09635760754898384,-0.03959725229046372,0.5181987452975745,-0.10944361558699893
['The Beach Boys'],[41874],-1.0513760128617047,-0.43351306573521803,0.030254651079079785,0.19569125094698714,-0.18567579113447197,0.6229081488496094,-0.1513267821326872
['The Beach Boys'],[41874],-0.9551079874375829,-0.20043258867341468,0.023273055284632645,0.12028768169154577,-0.6618491502817148,0.6290440627122937,-0.04306156584239226
['The Beach Boys'],[41874],-1.259401319226087,-0.43880825330497975,0.026325188687915172,0.14927539357005093,-0.06707490275701086,0.7550459779480994,-0.18305129157309186
['The Beach Boys'],[41874],-1.2163614530608973,-0.39016819728765123,0.09082689153707268,0.3085375069576547,-0.7886351504822067,0.7594435605132379,-0.21538111698307605
['The Beach Boys'],[41874],-0.9706005390850334,-0.39323502858100756,0.11960345975437389,0.2215523011969366,-0.8227899724886069,0.6606843195290134,-0.16214450160012225
['The Beach Boys'],[41874],-1.1201707217107657,-0.4330561182692837,0.037645175241689796,0.11799994425022255,0.09259304353455737,0.6372118417337916,-0.13297145888183332
['The Beach Boys'],[41874],-1.107927948428658,-0.5067755269214106,0.39510696277905233,0.14919295017616319,-0.2566703174759593,0.7319516124930973,-0.35796577041203603
['The Beach Boys'],[41874],-0.814201220828454,-0.3857982077741832,0.15311873494051853,0.020104518580943163,-0.3075789839892517,0.634598756712848,-0.11118484137099527
['The Beach Boys'],[41874],-0.9080466068274455,-0.30013792878619283,0.01966497237307019,0.178748648420827,-0.3948041049419193,0.4946614466807835,-0.043379868077280385
['The Beach Boys'],[41874],-1.1230857481277856,-0.50413517784582,0.06795863832456742,0.24313308755401217,-0.5249874229880281,0.7163190137736434,-0.1908910978807929
['The Beach Boys'],[41874],-0.8554146873940311,-0.3624036756944245,0.1775706123597245,0.019872144305347693,-0.3050848789521299,0.6285420625518505,-0.1368465863398021
['The Beach Boys'],[41874],-0.7701714180270564,-0.32634543692971857,0.09919324424361985,0.09839310222636692,-0.22962077064528721,0.45292958860912275,-0.009557037903092423
['The Beach Boys'],[41874],-0.6179527686145575,-0.432570648007188,0.2176829625578114,0.1339488023785433,-0.7776234516285029,0.5346833450317927,-0.14446859974344997
['The Beach Boys'],[41874],-0.8535666267082043,-0.1542930692741011,0.03385615145328445,0.14377909009935136,-0.7660509547731007,0.5592605037026784,-0.01129123917869641
['The Beach Boys'],[41874],-0.7350278394506878,-0.11687322609179722,0.12083520827277447,-0.010084462167686367,0.016734099051544108,0.35817288912823264,0.005332201565746597
['The Beach Boys'],[41874],-1.165291622628809,-0.4980162004096312,0.173016490932676,0.3071150581092557,-0.3527367134177454,0.5353911452877345,-0.31550338188304244
['The Beach Boys'],[41874],-0.8362320599424219,-0.3839176656806863,0.12309253127139151,0.06686606124150613,-0.3053289430751479,0.6131615992653302,-0.10175188854939783
['The Beach Boys'],[41874],-1.2083581624228594,-0.5160598545293524,0.13630294674732157,0.25059087411616804,0.202296407139926,0.6039501500611949,-0.24586258166662378
['The Beach Boys'],[41874],-0.8208514626641229,-0.4897188432600833,0.08298350771195549,0.2467629159887686,-0.659055113273275,0.5533581772503801,-0.0968326528620045
['The Beach Boys'],[41874],-0.8912423699509414,-0.4784390103805838,0.12102583270524822,0.20518252349840582,-0.825343898952771,0.695874099655583,-0.1382993982143078
['The Beach Boys'],[41874],-1.0904709764003144,-0.13804441302987505,-0.001802361756608259,0.14254421417345486,0.060670432937907845,0.3767939023053367,-0.05435467839058791
['The Beach Boys'],[41874],-0.8777294132919276,-0.032383136790035176,0.05655910206004382,-0.04431260916469378,-0.7681329225760872,0.7480893214227383,0.016760380402755532
['The Beach Boys'],[41874],-1.1801566925262081,-0.2593474932237197,0.08855001349644148,0.32127117576323666,-0.7175788455556732,0.5642962718831709,-0.1932887667480808
['The Beach Boys'],[41874],-0.35936903810314386,0.21164357967355749,-0.1171078458651033,0.2241265433907496,-0.01718863494821314,0.49576251293309936,-0.4997972874094633
['The Beach Boys'],[41874],-0.6255997535642929,0.10897510696536464,-0.00711658964924613,0.04013677340799337,-0.47326418864521846,0.22352951723207237,0.026745555926868003
['The Beach Boys'],[41874],-0.8363500667174163,-0.025194399746360525,0.05691902773314065,0.24145988225664206,-0.8782266310228384,0.311171027935128,-0.052863081582974265
['The Beach Boys'],[41874],-0.892607497830612,-0.2535851709656244,0.09663243069033865,-0.05278929346734226,-0.21503055298514936,0.7169399374939468,-0.04452946761173279
['The Beach Boys'],[41874],-0.9935494993211889,-0.2143443909455126,-0.12842722273325102,0.44046639912922475,0.2841333721347077,0.822899703989317,-0.7356129681683803
['The Beach Boys'],[41874],-1.016387782186728,-0.35293768606616466,0.09382409579628481,0.20548370451687142,-0.6409141864265853,0.6221272896619676,-0.13677301816944917
['The Beach Boys'],[41874],-1.075269682625892,-0.2673989144821366,0.14713496818287194,0.2674359820585345,-0.7297252638106968,0.5550676696681267,-0.17372084501159915
['The Beach Boys'],[41874],-1.2947743728024792,-0.4928004481024998,0.040156892055978874,0.3810878325904308,-0.7734939253062507,0.7552312714893464,-0.2511575667938864
['The Beach Boys'],[41874],-1.1489819230171607,-0.322466263569358,0.164695089750427,0.2335941491856734,-0.44963723956558743,0.6264207040445252,-0.24006983923499378
['The Beach Boys'],[41874],-1.1196589209371535,-0.30712783959123763,0.03344975103248242,0.16045277322989523,-0.010953627691794173,0.5409893518380245,-0.13653081644509102
['The Beach Boys'],[41874],-0.9222338606285355,-0.6152807007578743,0.24779242712690933,0.1470351312484353,-0.0935425551171142,0.6539900001609316,-0.1783354466333897
['The Beach Boys'],[41874],-0.48377161233476845,-0.2793134671856269,0.15710724428610304,-0.017668903341476857,0.08011367294571174,0.24695917229714875,0.006149123408266295
['The Beach Boys'],[41874],-0.8614540196382897,-0.13241477371600288,0.014989269616915856,0.22508073013433275,-0.6828016124973944,0.41207416258207735,-0.05295637132515776
['The Beach Boys'],[41874],-0.5137232898145637,-0.2920384089817017,0.3008789394710625,0.08699216241235883,-0.5226231967235757,0.4777075834476863,-0.06491716781062327
['The Beach Boys'],[41874],-0.8447534137415076,-0.15276833408705623,0.06700128870176773,0.13027247242155338,-0.7671342650349976,0.5601994784862412,-0.025141976884820987
['The Beach Boys'],[41874],-1.1213276395400325,-0.5940475859949984,0.1623430083164774,0.22109331590304057,-0.5134734388090406,0.8305896563287156,-0.1593081718974754
['The Beach Boys'],[41874],-1.0631227775304883,-0.47904755917255054,0.06642885219572406,0.20365414957384792,-0.7127024227272036,0.7734295119829482,-0.15385173553673676
['The Beach Boys'],[41874],-0.792316523610956,-0.2746854961891666,0.057729903898889004,0.2154702267944111,-0.6818161712013603,0.4491967589682848,-0.06655027371850554
['The Beach Boys'],[41874],-1.044877719037932,-0.47763242039564474,0.11870762582438485,0.05240644020429741,-0.08601211364599921,0.7973441703155012,-0.13210892976354544
['The Beach Boys'],[41874],-1.1208192860039312,-0.4835539473293633,0.11924005048239243,0.17895812895056915,-0.5255549436658635,0.8090806618738317,-0.20649078303973456
['The Beach Boys'],[41874],-1.2414499571907796,-0.4366984688902421,0.05207273900957178,0.12467130574875153,-0.06868845697879566,0.7677168420632124,-0.1944695701851631
['The Beach Boys'],[41874],-1.0156286492660234,-0.42932820374873987,0.02061440369180901,0.15694099488219418,-0.634240518569493,0.7904983468398887,-0.120842153236927
['The Beach Boys'],[41874],-0.7429895116051582,-0.22947051103990135,0.15496837055618334,0.08975222383505946,-0.5114979049063937,0.4503828323380413,-0.10220020846839105
['The Beach Boys'],[41874],-0.8795826443101264,-0.14340673331481377,-0.017182869085702754,0.2010630946290215,-0.6793251974283507,0.4507887378683879,-0.008630448382647987
['The Beach Boys'],[41874],-0.6572377273679304,-0.48410211658640767,0.16442184808542049,-0.003798522675626547,-0.31692658205672186,0.6764904113240007,-0.06752313238019705
['The Beach Boys'],[41874],-0.7133596816191085,-0.1346207273274265,0.06244088653086939,0.20718308108797062,-0.8828470245081578,0.3666746816918898,-0.02731532869995572
['The Beach Boys'],[41874],-1.2270596860109477,-0.5183681703522771,0.020489606986873552,0.31931415433088944,-0.5113434128510386,0.71618978026876,-0.20515952775824667
['The Beach Boys'],[41874],-0.7453096459197985,-0.45180452108633146,0.12785979785898868,0.19059826912786643,-0.8429435991300994,0.6173071713626951,-0.05224468982437614
['The Beach Boys'],[41874],-0.49155021206618316,0.05510330946400932,0.03706864470172867,0.04204672968002558,-0.48730572842559666,0.15564324040863464,0.027363942363648277
['The Beach Boys'],[41874],-0.8461073834736426,-0.14096657656492903,0.2395279028933232,-0.07509053414736241,-0.22663483016724933,0.6884273929691057,-0.086458039685373
['The Beach Boys'],[41874],-1.0771310559586018,-0.429060005275911,0.07530507510706086,0.29203388531395097,-0.7150015898756467,0.645155209900787,-0.16926590716685974
['The Beach Boys'],[41874],-0.427688854011602,0.1660846065271733,-0.15223479974682885,0.3928862070694577,-0.8169413663546468,0.5821553934562564,-0.4613625811588786
['The Beach Boys'],[41874],-0.8348465906104989,-0.14928097113310482,-0.0270070050500703,0.17839261888971153,-0.4153536992829921,0.40615425212290446,0.019467985040502244
['The Beach Boys'],[41874],-0.2188752066708603,-0.1313065444023272,0.1515555242145234,-0.024214562783567813,-0.752241028480321,0.39669086862858133,0.08420052672542588
['The Beach Boys'],[41874],-0.4114790589515631,0.0877646325192201,-0.08200911440780737,0.23740821519861516,-0.29251071415234686,0.5469664317127023,-0.3812016021479598
['The Beach Boys'],[41874],-0.7009990263009245,-0.3314622677232773,0.3379837343102618,-0.01128230695499841,0.12696564841819505,0.5195628385250615,-0.10557280163577198
['The Beach Boys'],[41874],-0.4102461782351703,-0.2511514219096517,0.12804442238787747,-0.056858321783375736,0.0796228683499375,0.3632303014981468,0.07461337870845693
['The Beach Boys'],[41874],-1.0124562936387669,-0.13506388673926772,-0.13693139356187298,0.369097680978097,-0.11011137099619978,0.8321958947411713,-0.43239486627473234
['The Beach Boys'],[41874],-1.0583155340352148,-0.4120802039946053,0.07432510544918997,0.3174271585693807,-0.6280045762548101,0.6038901194441901,-0.1687483311558203
['The Beach Boys'],[41874],-0.9532706871090098,-0.3744489888232388,0.08614918922676333,0.12333592529107872,0.15552828642976668,0.4814101101412989,-0.08195132129952025
['The Beach Boys'],[41874],-1.2700561037750004,-0.6291753374071047,0.07104916860035519,0.28375787333124125,-0.13435969038803025,0.767449385011777,-0.17607059117306112
['The Beach Boys'],[41874],-0.6430310126857299,-0.48809469397522,0.17476429343029523,0.012736155278291774,-0.05565768343896059,0.5290308952949896,-0.06309729087542995
['The Beach Boys'],[41874],-1.0043792473756439,-0.6670910057001693,0.16783894306713357,0.19166612542117514,-0.5242184505028421,0.8162845374883766,-0.18723383119915427
['The Beach Boys'],[41874],-1.1291362534767493,-0.5101992612087475,0.06900774317286182,0.18185086973600473,-0.5172555248489827,0.8661910009887624,-0.16335156247377516
['The Beach Boys'],[41874],-1.0374280905379432,0.21831937083970387,0.02391678514060836,0.29909213902562254,-0.18530195095603672,0.9526792892085592,-0.7647799879136956
['The Beach Boys'],[41874],-1.0753265172356676,-0.6188816580271957,0.08054940572740141,0.14295372718335445,0.014911581436602424,0.7317803827452811,-0.14972779014400223
['The Beach Boys'],[41874],-0.6541790494441245,-0.11530734547787505,0.06426609828498699,-0.13549370927521084,-0.6946005337950997,0.8126279646404659,0.11896137700664042
['The Beach Boys'],[41874],-1.0253196526121058,-0.3381772868708052,0.047559746109781025,0.03696437837251818,0.07135602223302705,0.6514003170396317,-0.09918394966464582
['The Beach Boys'],[41874],-1.1165656157278476,-0.3588673465928218,0.3607057910097334,0.21246312000792286,-0.7995093008824176,0.8143493230683228,-0.3247746393675466
['The Beach Boys'],[41874],-1.0769496122877171,-0.4389368643024126,0.14614256101777312,0.29182393159596914,-0.36531142295135577,0.49489730080616845,-0.24214291546996355
['The Beach Boys'],[41874],-0.6249868815158901,-0.34939138653698865,0.10780735936545063,0.18393714686525142,-0.741579504348671,0.6796457193060347,-0.17476380178883677
['The Beach Boys'],[41874],-1.405364120819589,-0.38218897037995486,-0.03510424534529537,0.2788731386442576,-0.5026686214469296,0.7528773969553592,-0.2177383619606076
['The Beach Boys'],[41874],-0.9856484824456708,-0.5385496908470238,0.11001064631190972,0.2577036094192459,-0.6277358388522404,0.6864975903788488,-0.12861709727624004
['The Beach Boys'],[41874],-0.8558279155640147,0.018742611783600857,-0.015664375620788186,-0.03605753222821841,-0.7750190020471438,0.7043623523005634,0.07140583654298384
['The Beach Boys'],[41874],-0.9861766313489866,-0.5557233906469621,0.06925822967760174,0.21117928477898273,-0.5358398861357142,0.7488457393991983,-0.15481718871115524
['The Beach Boys'],[41874],-0.8440952391732531,-0.3234286452648892,0.055518078111054046,0.20802303811410439,-0.6649843740394252,0.55564855015637,-0.047817831543099765
['The Beach Boys'],[41874],-0.826863946516125,-0.3770025994865411,0.1269779313530322,0.05715295137688897,-0.3068359836928697,0.613118290752449,-0.10003133216490652
['The Beach Boys'],[41874],-0.9380414635882767,-0.3332431029670633,0.16731094095099552,0.20913186668664577,-0.8273005095728735,0.6521505949497326,-0.149440565535656
['The Beach Boys'],[41874],-0.883651031680093,0.026833363020331322,0.024871946940606193,0.4209219162062482,-0.01312715535190507,0.7493683655818556,-0.7354642264780941
['The Beach Boys'],[41874],-0.8229230450394777,-0.3957154237534345,0.10241726903772305,0.058712978267470864,-0.3046079998697767,0.6456364571328358,-0.10092114468015649
['The Beach Boys'],[41874],-0.5633095530496655,-0.3777520362603031,0.2075690286355166,0.11119942770479797,-0.7888256252687971,0.5072990202252554,-0.1062577633238856
['The Beach Boys'],[41874],-0.6640398465693157,-0.2955087877165641,0.1002742012288794,0.085983817921332,-0.42198945601779186,0.48598393182748856,0.01718987617451797
['The Beach Boys'],[41874],-1.0537531913569533,-0.5221897814778492,0.07720469175843007,0.23137378344551604,-0.5304347534482757,0.7348993565852372,-0.17631530929856473
['The Beach Boys'],[41874],-1.1483379150885173,-0.5566893041885626,-0.014392396425393824,0.3276134012656579,-0.5163888855521651,0.7271807506891268,-0.16273810642791134
['The Beach Boys'],[41874],-0.8320517369758402,-0.13172377980444366,-0.012320661298292826,0.18795192391835364,-0.7707019169315764,0.5127862898514194,0.020155248829932474
['The Beach Boys'],[41874],-0.8206299143046105,-0.06791638635987195,-0.02259634284913747,0.04509377952848471,-0.32765077655366154,0.5297697429141058,0.082387887394759
['The Beach Boys'],[41874],-1.0157957939987947,-0.3362915670825038,0.0366769870353045,0.2095025246876035,-0.022465444147569236,0.44287839672814355,-0.10178848100024292
['The Beach Boys'],[41874],-0.5323707990079064,-0.06399573799349456,0.12972720881278438,0.030744806908408185,-0.361901528718801,0.3859923896414326,0.058310711604094415
['The Beach Boys'],[41874],-0.7110839279941504,0.02869178591574288,0.11607474466055566,-0.057310506883926665,-0.527164618516345,0.5908545922761772,0.06175251576188587
['The Beach Boys'],[41874],-0.07238617488398254,0.0359872908347431,0.09104117758575705,-0.058781749515808404,-0.3519211362771862,0.5949189948481801,-0.08794427483184764
['The Beach Boys'],[41874],-0.862321111672321,-0.4085069860280103,0.2671593723965987,0.14743431401695556,-0.8252776897084886,0.7824773221947671,-0.16162998364274367
['The Beach Boys'],[41874],-1.1599208336357554,-0.4943796733611163,0.16913088936712026,0.30584980499261555,-0.3533316489892517,0.5366928990075979,-0.31373217974358303
['The Beach Boys'],[41874],-0.811729360415476,-0.35616475190870905,0.13522149081548837,0.016982625326596813,-0.3105118777952824,0.6142466586111899,-0.0954281616706673
['The Beach Boys'],[41874],-1.1803017158682634,-0.3885835389292653,0.6103555664349463,0.21961117925326976,-0.43806210944152635,0.6579892762475223,-0.5343780038463447
['The Beach Boys'],[41874],-1.1265979628100704,-0.3947917578358827,0.2228676793850175,0.15395797595663596,-0.6206725986552242,0.8248674078217908,-0.2587087845687941
['The Beach Boys'],[41874],-0.8601465014274575,0.33316928938801904,-0.23851294874319082,0.3834119843690493,-0.3737476524163185,0.8535499689949151,-0.6804693890982116
['The Beach Boys'],[41874],-1.0219184979935165,-0.5461971979181691,0.16313787472369073,0.02464786132798237,-0.17213366555538856,0.8506771485368778,-0.14985762756512522
['The Beach Boys'],[41874],-1.1125995569765799,-0.5282045975579104,0.21958546383612387,0.13123151779922362,-0.6078422971349345,0.9066192420054154,-0.22364734468472472
['The Beach Boys'],[41874],-0.8982350729473147,-0.03442761665079024,-0.0639484514199291,-0.15326382747713227,0.033721185341062845,0.6812756221584416,0.10276648116768865
['The Beach Boys'],[41874],-1.1006495389937727,-0.21784373780672694,-0.14307482695612986,0.5303094919857284,-0.1335252114591934,1.0132161584419241,-0.7999763027591715
['The Beach Boys'],[41874],-1.2344582350492648,-0.5194931224889653,0.027195468620046796,0.22586893773914504,-0.5057013327515304,0.8574740331624381,-0.17370509138695744
['The Beach Boys'],[41874],-0.902862036262135,-0.3185129324649571,0.027027383091422916,0.14592936837165194,0.048332469394639165,0.41226355776491475,-0.07771478979366708
['The Beach Boys'],[41874],-1.048756972796923,-0.43211867309044927,0.037061476188062124,0.20936342730951013,-0.18795382300435853,0.5927858911273354,-0.13078847768359333
['The Beach Boys'],[41874],-1.1290113420042072,-0.34270325965914483,0.05392133412765148,0.06553174060541635,0.08443880892146818,0.6845278559553435,-0.1634029904488729
['The Beach Boys'],[41874],-1.0085261323433956,-0.26244329319250964,0.2728251958328623,0.07554071145330869,-0.7334520700308849,0.7673754346292245,-0.2091365737982317
['The Beach Boys'],[41874],-1.23955861891718,-0.41458883774629435,0.0048404469007641586,0.1818920338996568,0.10423402917797413,0.6104588574274492,-0.15963449407491806
['The Beach Boys'],[41874],-0.9722699175755316,-0.349609130568098,0.12020703228843388,0.07217666347219015,-0.5566679041665695,0.7522227465242869,-0.13669543457745417
['The Beach Boys'],[41874],-0.7909775827040116,-0.35240136115486137,0.08235308680955122,0.21628537843182247,-0.8466390921638632,0.5589447678305701,-0.030266983006785167
['The Beach Boys'],[41874],-0.8517614230164682,0.12416894778792911,-0.03178526413256856,0.04165788807212206,-0.8778726899982044,0.5967592449449944,0.08369683292714779
['The Beach Boys'],[41874],-0.5725661878611151,0.03459566179254491,-0.003925263024694871,0.053438586829456305,-0.47132912790539644,0.25591844859998186,0.045779782400382774
['The Beach Boys'],[41874],-0.83899553767743,-0.26500534022593175,0.1256661996378288,-0.06449835694163152,-0.2187326975507923,0.73626773214422,-0.046299637284009605
['The Beach Boys'],[41874],-0.6999497526388203,-0.1655753204967323,0.0366680765646882,0.22870122332474838,-0.8807045511518133,0.37958372593417283,-0.013618309717484284
['The Beach Boys'],[41874],-0.47094472880524063,0.16134980919750574,-0.14285737045058436,0.3732410357960996,-0.7253421171630616,0.5743370873296021,-0.4707580788241772
['The Beach Boys'],[41874],-0.7624874067447838,-0.4066618838899914,0.13103021956344502,0.02143445391214617,-0.3110619628133081,0.6408417706788689,-0.0875653440722374
['The Beach Boys'],[41874],-0.18253987651417244,0.05952215266320546,0.027097654670507315,0.1681635424583136,-0.4267416296747277,0.41503435953486745,-0.3183978570534857
['The Beach Boys'],[41874],-1.1345899046413768,-0.321544054276662,0.08861231092095614,0.31646075956522557,-0.7165079700179835,0.6108386941010915,-0.19325897797854233
['The Beach Boys'],[41874],-0.7735735006393198,-0.3856613682879524,0.14316296523158636,0.20205767987955234,-0.8450910566113625,0.604216317173238,-0.07083279242250418
['The Beach Boys'],[41874],-0.55536846025906,-0.4732119782206046,0.18358652721644664,0.14341815809581088,-0.7799154834701171,0.5539061195323703,-0.11214316950536163
['The Beach Boys'],[41874],-0.9671514176058339,-0.36681215717241084,0.07412895055254722,0.21721489829931467,-0.6445311328650591,0.6266512720450971,-0.11284960518140104
['The Beach Boys'],[41874],-0.8071184694108029,-0.08776084683780594,0.09512554159916553,-0.06522840375629785,-0.7702316592272508,0.791193829434602,0.0052863521120095295
['The Beach Boys'],[41874],-0.7698536881866657,0.08748758029970563,-0.05927842600926634,0.018579964063612817,-0.8840134313063341,0.6269329252802722,0.10647496137138196
['The Beach Boys'],[41874],-0.3865643672757322,-0.3541491743660844,0.2520718858790616,-0.018940734989080783,-0.7119908680364031,0.6285992394012418,0.12011130337363495
['The Beach Boys'],[41874],-1.1477626766613032,-0.5272220892320952,0.04843657487314816,0.1958889266070708,-0.6047336654027312,0.8807587345070647,-0.14139605663226432
['The Beach Boys'],[41874],-1.1872045545771357,-0.45089428679751037,0.23403557210045506,0.12197477390487658,-0.3379458914395763,0.8386565977897222,-0.2652126689462523
['The Beach Boys'],[41874],-1.0421745450176856,-0.5328540335843581,0.2075700322082562,-0.0010801432520215642,0.00714875346858788,0.8225276467146583,-0.1775671786233925
['The Beach Boys'],[41874],-0.8681322477396222,-0.5916477061850898,0.11028788385790249,0.05284540541979098,-0.2819545872546563,0.7917581215898853,-0.09514097697473343
['The Beach Boys'],[41874],-0.9766274054316055,-0.6392231614470225,0.08930403834153845,0.10883900092888384,0.0056855165675903435,0.7458365604601049,-0.12081092800900733
['The Beach Boys'],[41874],-1.1137355258625885,-0.5978309905139046,0.03967412229956842,0.1810554449406742,0.017821096092399246,0.7216054912734602,-0.14736777226048658
['The Beach Boys'],[41874],-1.1971290584275522,-0.5909245088997144,0.05242575040328815,0.2088616590775459,0.11299801484855987,0.6796234860002753,-0.1746592376424816
['The Beach Boys'],[41874],-0.47951882841229565,-0.29819772627058166,0.19690922920771764,-0.03714949993352598,-0.453263083884037,0.4491932814595063,-0.04585673707175613
['The Beach Boys'],[41874],-0.27616603031613024,-0.22079671172013482,0.1776568176189313,-0.14705835942230555,0.0531765630368139,0.2984988531601538,0.11215353889049694
['The Beach Boys'],[41874],-0.996858975645014,0.16587373867063743,0.042115958599271745,0.25668315093302024,-0.2086442454528492,0.8959925369517291,-0.6380043173288761
['The Beach Boys'],[41874],-1.1604695012707056,-0.5801797791631923,0.13408457082177538,0.26987958611769236,-0.5129249525692959,0.7887488081549094,-0.23295550321093833
['The Beach Boys'],[41874],-1.2237388112731762,-0.5256317124825806,0.14287895938025144,0.20097247014815697,0.11447655693769514,0.6925206865171698,-0.23372140759104829
['The Beach Boys'],[41874],-0.7329468087897665,-0.1698138013498926,0.2182348657616143,0.06452447841094734,-0.42648426089575014,0.470108941538449,-0.09559844343925354
['The Beach Boys'],[41874],-0.9107459536715259,-0.173686590641415,-0.002442290691288603,0.12848155232611733,-0.3152628630947895,0.4945903983448745,0.002850667179988537
['The Beach Boys'],[41874],-0.5713723671809908,-0.00011186433939195769,-0.00678921277697497,0.17434255249717523,-0.18746883641771075,0.6464001466231512,-0.37129201532144457
['The Beach Boys'],[41874],-0.6700372351446554,-0.29579549782581743,0.0932616366375118,0.12551902249777222,-0.7820926712489604,0.517894356541091,-0.03449560564771943
['The Beach Boys'],[41874],-0.5645553137087737,-0.19440772699852235,0.12506342953647842,0.02233377435583925,-0.24030258101658142,0.5347900992607851,-0.07617885011811028
['The Beach Boys'],[41874],-0.6266885392368129,-0.35842631165267647,0.18153872453496758,0.08484574600119128,-0.6898646109374759,0.5701326554832945,-0.07332004331426364
['The Beach Boys'],[41874],-0.8019906438819548,-0.40486685107432235,0.06137337987445564,0.11557422635875532,0.04310417220981375,0.4298165565271705,-0.05762999455485942
['The Beach Boys'],[41874],-0.9545414607202614,-0.23233808786114304,0.03812717889259259,0.12499106496975239,-0.3037711662906948,0.5469608028103307,-0.04676027435262749
['The Beach Boys'],[41874],-1.1847901538897927,-0.31995337259677364,0.0224054544010926,0.2906009785761728,-0.8037978186208787,0.6574765312014426,-0.21536021880342487
['The Beach Boys'],[41874],-0.9839753529323519,-0.20861252268425448,0.24908861976509145,0.035274093517928595,-0.5652911218429093,0.7059889755880656,-0.1769699685643751
['The Beach Boys'],[41874],-0.3837549888975541,-0.35137912375382097,0.061160861982338985,0.2972503264096143,-0.41228421066579424,0.8565658907789906,-0.5580968511206383
['The Beach Boys'],[41874],-1.1965967777211761,-0.1587413240028326,0.5436737498959299,0.15159490764012756,-0.4532795757965732,0.6510733567421607,-0.41701357328133337
['The Beach Boys'],[41874],-0.714724316234867,-0.27093200248903887,0.14112792484763875,0.013306436749357537,-0.24172080394673434,0.46872910017877534,-0.014864190895414454
['The Beach Boys'],[41874],-1.0138054274585855,-0.3934686883876684,0.08374197056589228,0.24882919654216043,-0.8178331849390453,0.667143587984251,-0.16883172691368814
['The Beach Boys'],[41874],-0.5157357948562816,-0.31785745644643193,0.18242084276137288,-0.07177332497928123,-0.17641967120635366,0.45577786084147337,-0.0044546777782785985
['The Beach Boys'],[41874],-0.7950564627245631,-0.16286249695816116,-0.006315138760303702,0.11633571520445478,-0.24183086054729064,0.3986911127935373,0.024604121798228674
['The Beach Boys'],[41874],-0.9627045697105273,-0.23748758466184355,-0.07362552180175262,0.44504871587817596,0.29352782920417403,0.8938690397059109,-0.8140384148296009
['The Beach Boys'],[41874],-0.8444483003477881,-0.2556784070184471,0.08663752336554227,-0.046954394919413084,-0.2196658024274059,0.7216143327202108,-0.03505505294925692
['The Beach Boys'],[41874],-0.2438858385329364,0.14257174119549298,-0.08866206673385461,0.31823996756300355,-0.724340860940877,0.6684189721081901,-0.545157554542124
['The Beach Boys'],[41874],-0.6617512578302723,-0.4578331119107275,0.12743104729695348,0.18094877480764948,-0.850737496484186,0.6233915693767981,-0.025712046137659237
['The Beach Boys'],[41874],-0.461873204428458,-0.04809417823283073,0.05264035122176953,0.09420441617329481,-0.4789755366787657,0.1763274925179491,0.04190689502255826
['The Beach Boys'],[41874],-1.1207684283736077,-0.3341074501813027,0.01853861238546134,0.32522049977161804,-0.7191076976633939,0.5953920627501652,-0.15152956999420253
['The Beach Boys'],[41874],-0.7809350784501427,-0.22639955536360673,0.08256993514674267,-0.03206335975473896,-0.2277700522103789,0.6812069901255438,0.014907251940389894
['The Beach Boys'],[41874],-1.1370164161926506,-0.5535033737466657,0.024940788617249222,0.30681606376797776,-0.5179930460366474,0.7304657975751796,-0.17626465059269364
['The Beach Boys'],[41874],-0.754908134404304,-0.14956883650129968,0.04367739433699098,0.1929135616035746,-0.7830666494856552,0.422956093199484,-0.051645692864651455
['The Beach Boys'],[41874],-0.40477664940401525,0.16222895564303455,-0.1496222217026965,0.38584486462180667,-0.8227817506420246,0.5711225036078074,-0.43107133713767726
['The Beach Boys'],[41874],-0.9729234839067048,-0.4290986703247475,0.1257372122917376,0.2752199394908323,-0.7247822434845446,0.6623018204592821,-0.16419013443875108
['The Beach Boys'],[41874],-0.9795200350628991,-0.26954586392798197,-0.1196564759698583,0.4528056610346342,0.0044859137042669315,0.8510537884840026,-0.6742204625176518
['The Beach Boys'],[41874],-0.616928737015725,-0.5092345542392007,0.23529130093450584,0.1464840042241944,-0.7686556445802936,0.6067762278168848,-0.18127966060163264
['The Beach Boys'],[41874],-0.9159474130709473,-0.31279916817266173,0.13740256031483186,0.19231131096326487,-0.6546774433708913,0.6185416991878371,-0.12971636854106883
['The Beach Boys'],[41874],-0.2836968309032157,-0.4351905514097857,0.1884397777696966,0.007825178239912989,-0.6293421702458476,0.5431020971782229,0.0327024727596603
['The Beach Boys'],[41874],-0.32396622039556694,-0.3410021371105487,0.20831362043522397,-0.009984824383477267,-0.8171909584646982,0.5520262033100922,0.053223634350381036
['The Beach Boys'],[41874],-0.41961055582575085,-0.13596599728417577,0.16017821479756983,0.18514985146151294,-0.4172337070888217,0.44621289871029735,-0.1861593304910269
['The Beach Boys'],[41874],-0.9492311742485536,-0.6623102141227553,0.0887832237981677,0.12235507115209768,0.005534860571447147,0.7571490677570616,-0.11061773263351542
['The Beach Boys'],[41874],-0.9241302549562597,-0.5890555418518302,0.15211290999486818,0.09297753373519382,-0.623986825007578,0.9159518719432054,-0.11780474306917846
['The Beach Boys'],[41874],-0.9434652353537699,-0.45108426596886453,0.1872721051777722,0.023786601124256516,-0.45958000185928743,0.8246891040695096,-0.13956576115521835
['The Beach Boys'],[41874],-0.7962782426831403,-0.5452765522047079,0.305907619837609,0.15125744698078114,-0.4792005823352246,0.5894036661317181,-0.25727335083178315
['The Beach Boys'],[41874],-1.1105679852408912,-0.6107019470201964,0.12168258431487952,0.24946359992211503,-0.5165186758253757,0.7970608121910727,-0.20906127785035716
['The Beach Boys'],[41874],-0.9526493547545772,-0.43730247838465097,0.025946832693182015,0.32157119504048876,-0.6468732653161564,0.5384133215443339,-0.1274401727255832
['The Beach Boys'],[41874],-1.0590672352086072,-0.582362617708711,0.09307999475424746,0.14346428275190823,-0.5225615967888388,0.8753384768712444,-0.1419410400104797
['The Beach Boys'],[41874],-1.0394616668083747,-0.594907335513226,0.05252221911374215,0.1577585571276781,-0.2608709755454156,0.7768834541951177,-0.1265507092748728
['The Beach Boys'],[41874],-0.2971056497326559,0.014577430059565629,0.07674471408522526,-0.37634602091191827,-0.03936690042611376,0.6135836862727045,0.26870742206441006
['The Beach Boys'],[41874],-1.1433537974766461,-0.14323085038356775,-0.09067298025084165,0.274468408420176,-0.18521392724065866,1.0028388153937942,-0.5166550972292624
['The Beach Boys'],[41874],-1.0476683366970438,-0.15436018682419309,-0.1724061743735301,0.5231215498328439,-0.14582897351205185,0.9573615360092045,-0.7534587605065712
['The Beach Boys'],[41874],-0.9286427132378229,-0.4784189660548456,0.16212256472626574,0.05955633381295788,-0.5511708887689163,0.8241126093794909,-0.16497130957895514
['The Beach Boys'],[41874],-1.2531104187024833,-0.42111852903320074,0.043960841687762105,0.1476127884950373,-0.06789689199933668,0.7661766028611912,-0.19939697825794891
['The Beach Boys'],[41874],-0.939606710150626,-0.38972567454512524,0.13499063450071486,0.14179869472527604,-0.29965724240078306,0.49499860213993946,-0.21048893971166527
['The Beach Boys'],[41874],-0.7961263432889785,-0.20256404254832974,0.06592023685135286,0.18113645213962642,-0.4251212638406554,0.3151181348582355,-0.10311258992927917
['The Beach Boys'],[41874],-0.9234394635193596,-0.4754369323972329,0.22532693689209024,-0.056880831856963535,0.16695952510220716,0.7553982629255751,-0.11243719933926588
['The Beach Boys'],[41874],-1.1449755001608641,-0.5334219495700904,0.006050838407023736,0.26083528824818075,-0.6099403214127018,0.7976990370220582,-0.15869774874307208
['The Beach Boys'],[41874],-0.9406934202216602,-0.4104524314391958,0.16423161674662148,0.003846430943607913,-0.3762208534425058,0.8149412937513045,-0.15688287505356185
['The Beach Boys'],[41874],-1.0439294463242157,-0.4172809211963809,0.025081568692026403,0.22031017507969092,-0.17868682994243554,0.6427081393171827,-0.19201480098801438
['The Beach Boys'],[41874],-0.6626350010743464,-0.45738361934727023,0.1496979247115051,0.018245532056675753,0.029279683743829367,0.4715395524646234,-0.06166889919685454
['The Beach Boys'],[41874],-0.7467536723556112,-0.09343180368714911,-0.08778230578709165,0.7088787206056747,-0.7141538585268203,0.7599414522652826,-0.6825622929211922
['The Beach Boys'],[41874],-1.0517990959079961,-0.3747500502908451,0.08724443838545917,0.16130126950202203,-0.4526646890794192,0.6744409729996974,-0.08774467083173813
['The Beach Boys'],[41874],-1.182192585702161,-0.4631396790509061,0.13175983870467015,0.14050785609866862,-0.07667019310083822,0.7104671839807023,-0.2356964792129772
['The Beach Boys'],[41874],-0.6621838207700516,-0.4107828224347698,0.1750709815877612,0.016607835969301384,-0.1470879291099704,0.5033188011850994,-0.048434968871916
['The Beach Boys'],[41874],-0.9165965340183946,-0.3636717193719627,0.07129382780602678,0.2207918721504854,-0.6491362764759285,0.6241150233875288,-0.0952968776375482
['The Beach Boys'],[41874],-0.48050293951780015,-0.40278923299226316,0.2037565557166208,0.09959980096938584,-0.7954358250023295,0.5179683609659133,-0.08801938614380023
['The Beach Boys'],[41874],-0.7541263317241873,0.07730036730552287,-0.028599788430978244,0.447688086905928,-0.015758629614627193,0.748701845855265,-0.7315560410748172
['The Beach Boys'],[41874],-0.6515062171974898,-0.21012139732713614,0.07555233893296491,0.2040548941785885,-0.8821937533779699,0.41162452914455466,-0.021127688498296552
['The Beach Boys'],[41874],-0.6890497659115188,-0.4727497521289039,0.13325631212892772,0.18512797967058653,-0.8465769830691716,0.6325916109367422,-0.039531716571376586
['The Beach Boys'],[41874],-0.4738615271080744,0.015424545927898442,0.02442375794314396,-0.00348014166260856,-0.4754776792117326,0.3168500567835727,0.09702548371858455
['The Beach Boys'],[41874],-0.6271463659193419,-0.562117429940744,0.34496001519711855,0.08062550656680362,-0.4016068047253832,0.6132616961880375,-0.11648389324431975
['The Beach Boys'],[41874],-1.2341450681055226,-0.4255488602765122,0.1098787817181297,0.3441142701189859,-0.7029624613930107,0.6532385057111355,-0.312963348108429
['The Beach Boys'],[41874],-0.8379530370747846,-0.429530811744839,0.08301902632510243,0.09066442972281998,-0.03409129464953668,0.5604491118786158,-0.05138233856092559
['The Beach Boys'],[41874],-0.7997381387876494,-0.5692325161433208,0.07996611664158496,0.13979159008661882,-0.20054954597486457,0.6930916583936262,-0.09080888457726212
['The Beach Boys'],[41874],-0.6037673609695291,-0.3134399268260326,0.09145767588494638,-0.008573533871027788,0.013360025074192075,0.4456292284824438,-0.021443999630954554
['The Beach Boys'],[41874],-1.1836849290876015,-0.4445822793033017,0.08923672340988552,0.21555009240449413,-0.5212896566727919,0.8014350142299996,-0.21582978367149894
['The Beach Boys'],[41874],-0.9860656758281763,0.12172210695480043,0.07100336919741813,0.26691206575029647,-0.19698365330263526,0.9705315212180615,-0.7082064308162727
['The Beach Boys'],[41874],-1.1229257247475501,-0.5528124398950277,0.056945418441850304,0.22551039681338894,-0.6091965216356366,0.8131031729801422,-0.17686709673110065
['The Beach Boys'],[41874],-1.0129940766454748,-0.3940201261030059,0.060847887517134255,0.20293830008160457,-0.7268044310436121,0.702453866997652,-0.1074394162485594
['The Beach Boys'],[41874],-0.5094931918348594,-0.4075089387000287,0.17364810330213032,-0.00929557210433225,-0.4338111707646576,0.5602212816462945,-0.009571899442166423
['The Beach Boys'],[41874],-1.232714176627099,-0.5136948008626203,0.008335472776305029,0.25736990985576913,-0.5056450329490157,0.8576993144287619,-0.16634895323666946
['The Beach Boys'],[41874],-1.0902261305343268,-0.5103345846940802,0.25986156603916877,0.09461813997860088,-0.2549614034835253,0.8285474525729694,-0.2433973993107981
['The Beach Boys'],[41874],-1.1315008822495403,-0.5702777279828865,0.018072308804103755,0.2875741383274079,-0.6065282008309562,0.8161445513632697,-0.1587903394710516
['The Beach Boys'],[41874],-1.1690517825802051,-0.5441126621623453,0.033829560415225494,0.39186031975010077,-0.5976201713737805,0.7108929045954833,-0.18231056067582369
['The Beach Boys'],[41874],-0.9494632864005499,-0.6554233432724166,0.13132872553752736,0.2182438603956446,-0.8000061696233461,0.8432434178228096,-0.16730368183246705
['The Beach Boys'],[41874],-1.0786804733904753,-0.1638926167054308,0.48572782536104775,0.29105234705076244,-0.827967553578759,0.5393561210946192,-0.42731945341291244
['The Beach Boys'],[41874],-1.3714164293500366,-0.15110900742442224,0.6010211863165923,0.33939365370913366,-0.7932928174215392,0.6123720304852606,-0.5777386288791883
['The Beach Boys'],[41874],-1.197731903446905,-0.42135993949219874,-0.01541417957994137,0.18650227746897305,0.100597839382598,0.613401356230675,-0.13910809352428563
['The Beach Boys'],[41874],-0.9613741569550277,-0.4937289805772804,0.08655188657282341,0.08847265465217649,0.08063802951553911,0.636055321638794,-0.09351313105189167
['The Beach Boys'],[41874],-0.5201959890415015,-0.16348527835429277,0.33365971442913767,0.08924916718292057,-0.7081604791332429,0.530043080620291,-0.04310211095299802
['The Beach Boys'],[41874],-0.765470623723777,-0.21779297175031845,0.20730904578789033,-0.07756899437287154,-0.2287554262423203,0.7165819707414477,-0.048964009527765334
['The Beach Boys'],[41874],-0.7277809068781065,-0.13464831653893294,0.10757329217283362,0.14122282069263475,-0.7876900803517127,0.43090652671911134,-0.07373333918917027
['The Beach Boys'],[41874],-0.2688427071620087,0.17546889668092971,-0.1488442373650022,0.27671633995933725,-0.0075069322710308315,0.5476880109499442,-0.5248977840053786
['The Beach Boys'],[41874],-0.9778172809426042,-0.4351840805387154,0.09628212384528302,0.2674341145484822,-0.7250240755867424,0.6494280591124321,-0.14337027055957113
['The Beach Boys'],[41874],-0.4514465665471422,-0.29741063227661146,0.15643245387476448,0.11066939619843766,-0.80567589094308,0.4286829477074732,-0.00512619024748685
['The Beach Boys'],[41874],-0.6837419926474504,-0.10220800666486506,-0.13087334624838604,0.4051856673197734,-0.18647621357096078,0.9490740300068745,-0.7319194657975266
['The Beach Boys'],[41874],-0.7981280371059246,0.03735623868015931,0.025019714570727738,0.39036516893135814,-0.03139024925377009,0.7058549419007771,-0.6543545787119053
['The Beach Boys'],[41874],-0.8637643193927665,-0.4156332679980834,0.07247601578741875,0.19582397445652241,-0.6516732345849403,0.6430647846986518,-0.076528469718329
['The Beach Boys'],[41874],-0.21715826208176373,-0.11451617123587858,-0.020798339828525775,0.29355369694631983,-0.2544384823836048,0.6974776285146659,-0.5910114567103475
['The Beach Boys'],[41874],-0.3374377183943555,-0.3641570393964897,0.19007981406254687,0.002041660013261557,-0.7154284805014254,0.6186237915260708,0.17153625132076558
['The Beach Boys'],[41874],-0.6596145387756065,-0.10151944709177775,0.08360480863684909,0.15231550615552503,-0.8741995949181298,0.49977605170363504,0.016637020252784317
['The Beach Boys'],[41874],-0.7760008058316686,-0.037036289484628976,0.07538911231884649,0.009129337117695141,0.018312067165844194,0.38750048575797247,0.0567654477456114
['The Beach Boys'],[41874],-0.5423231706396718,-0.4258160093163952,0.09827219658154858,0.24947834693277315,-0.42578830122903494,0.8485696368765453,-0.32625478684435083
['The Beach Boys'],[41874],-0.9132541508239131,-0.5256007241659302,0.1481487467291532,0.1583813694044164,0.07548835008052504,0.5572436557845712,-0.10190653640684239
['The Beach Boys'],[41874],-0.5136483246441853,-0.3856482034333096,0.15256542246100743,0.023334352301556525,-0.1520710959519218,0.5384418898581328,-0.017442244356388126
['The Beach Boys'],[41874],-0.8774441928639519,-0.5043442159214022,0.21779336340837935,-0.030085296642308912,-0.10157916107503909,0.8292310460000959,-0.12696128929726497
['The Beach Boys'],[41874],-0.5248585962137395,-0.5129682483616932,0.19776645608998225,0.005311448830117243,-0.06446974852908664,0.5332754818672475,-0.024724315178888335
['The Beach Boys'],[41874],-0.4138921313222911,-0.18509723652842203,0.06549203976000656,-0.15489349582786485,-0.6982532779134121,0.8957924573295176,0.1207806447143145
['The Beach Boys'],[41874],-0.4922738299405396,-0.16163997221965698,0.09541603257609,-0.27611645829242504,-0.2629942066756578,0.8098787416014347,0.16550824127383065
['The Beach Boys'],[41874],-0.8993165337004223,-0.57185664887112,0.14042337539126842,0.028788300845076255,-0.09347359071658126,0.8394768783692981,-0.1227300159867537
['The Beach Boys'],[41874],-1.1531087186155187,-0.2345768550203596,0.14965060241333947,0.25019842060024045,-0.8130924893503669,0.6560900679289737,-0.26996968055389414
['The Beach Boys'],[41874],-1.2048646028564378,-0.5329840343996296,0.03750374966043458,0.21302646307987697,-0.5079307040680233,0.8619939227417918,-0.16933820726423932
['The Beach Boys'],[41874],-1.0376174296051353,-0.234884252895138,-0.14770681095150182,0.5182907094676006,-0.14503106178300218,0.9989819254536159,-0.743067832466527
['The Beach Boys'],[41874],-0.22013805620373866,-0.13659331641195907,0.13690711999726826,-0.17159267467537082,-0.047267983955093636,0.3353545583031602,0.12509534367304867
['The Beach Boys'],[41874],-0.8684990450258084,-0.39509342520266455,0.16669597502586986,0.006521202822642655,-0.4730606945340086,0.7871266430307086,-0.08819384420718694
['The Beach Boys'],[41874],-1.1275575038724417,-0.5533165699295222,0.26972302105829754,0.044134884789174704,0.19994807926473812,0.799403534924072,-0.2196096851815027
['The Beach Boys'],[41874],-0.9143469299060973,-0.6654926331522838,0.17023651666413825,0.05728468722021338,-0.09126442196088594,0.7714273706511916,-0.1356409873229967
['The Beach Boys'],[41874],-1.1354331131817517,-0.07831629306715537,-0.01187964021352118,0.4511569828510454,-0.5037235941857673,1.1127702916489919,-0.7994162526932901
['The Beach Boys'],[41874],-1.0677797981895634,-0.43391631703361866,0.08808715812147216,0.2099125204569429,-0.7148750134237424,0.7686303586037203,-0.171426023251334
['The Beach Boys'],[41874],-1.1021848054051484,-0.06586591799612894,-0.10341975023880198,0.2987196005431781,0.09973620793407807,1.0038536049497084,-0.6087086527127743
['The Beach Boys'],[41874],-1.0794757110543587,-0.27198020521952476,-0.13098051122897425,0.5937876126113241,-0.49881194240734916,1.0045424400241592,-0.7672162531730872
['The Beach Boys'],[41874],-0.9097054876362584,-0.5794100508993973,0.06305051938753425,0.1023106324958246,-0.277492180027463,0.7888492801243461,-0.09539688711078859
['The Beach Boys'],[41874],-1.029882318675629,-0.6051641616827544,0.1909701680348424,0.18137764590351915,0.17752052462206788,0.5261390413445114,-0.28043112444624585
['The Beach Boys'],[41874],-1.073486938655989,-0.4757925528130858,0.24154840929270602,0.08326190268368294,-0.25964741069786,0.8278943570046413,-0.23685773166471205
['The Beach Boys'],[41874],-0.8279706420354663,-0.3795719158751202,-0.10008262937100484,0.674214042884651,-0.70225352589638,0.8786486936552699,-0.712717657891487
['The Beach Boys'],[41874],-1.1139599755478105,-0.48100588206250966,0.04219958749770962,0.1537598276684707,0.0939804735682871,0.6152572962811858,-0.16227269214492906
['The Beach Boys'],[41874],-1.099816766548183,-0.5305202664325643,0.08484512633346052,0.1300711084692334,-0.16896525000270846,0.7355447152469159,-0.1842182811119727
['The Beach Boys'],[41874],-1.0368691520292361,-0.2577046214793675,0.05755779462944426,0.21166754981811878,-0.29264239617457116,0.49118735528828683,-0.12969754919022525
['The Beach Boys'],[41874],-1.1309515786425806,-0.2610855192415146,0.205862960942339,0.14719525101034972,-0.7189910275886064,0.7789217712553136,-0.24306774091054756
['The Beach Boys'],[41874],-0.6877493427233716,-0.17444617967296425,0.07215271409043329,0.022410587743674843,-0.34951108307538464,0.4251399683477587,-0.03221919203645233
['The Beach Boys'],[41874],-1.0757882318441587,-0.261220183331239,0.1951438995164522,0.14122208672039702,-0.7229267397710353,0.7727875101264592,-0.2157877589123246
['The Beach Boys'],[41874],-1.1950695352439173,-0.4009230561090358,-0.0014919381918639108,0.15636564601554961,0.09824356465461187,0.6307349801346531,-0.14705228997189412
['The Beach Boys'],[41874],-0.7163398430022138,-0.06996805081952484,-0.10593082946739056,0.31063012821291125,-0.37085766344111837,0.5378372436526758,-0.21008651069020917
['The Beach Boys'],[41874],-0.3893376128782669,-0.38419634219922494,0.16615956292821185,-0.013289546512651176,-0.7119442342681792,0.6347035761115528,0.053075441438881085
['The Beach Boys'],[41874],-0.49823122112412643,-0.800174328773535,0.19459185534632073,0.222260278780172,-0.8157920566561867,0.8667826548308974,-0.19304845329642797
['The Beach Boys'],[41874],-0.2525320406066126,-0.4326013738411893,0.25356859609083615,-0.12240753038330034,-0.022359923445908283,0.4202001824615547,0.04250395031342364
['The Beach Boys'],[41874],-0.8759958740286226,-0.048258502198844505,-0.0056403169285029085,0.08745988572710027,-0.6851041235367061,0.5435884574643364,-0.00450692087828862
['The Beach Boys'],[41874],-1.0267503961934423,-0.3358753666372984,0.15099753300767071,0.32651155149808114,-0.815512241642751,0.6189258519036906,-0.19948660945450852
['The Beach Boys'],[41874],-0.16974812954553833,-0.10857950709298021,0.12348991479555482,-0.15255662272110396,-0.04332828115416917,0.32512547843784323,0.13010519405008056
['The Beach Boys'],[41874],-0.7495378525736336,-0.27685747457071197,0.10342062193879879,0.06354351253958003,-0.7642601678996597,0.7080076474287736,-0.020122368469615133
['The Beach Boys'],[41874],-0.7538346800354346,-0.4115196744390932,0.18501400697569864,0.16311715430326007,-0.8428720377142818,0.6800549386975426,-0.11519834506644093
['The Beach Boys'],[41874],-0.8475911998913832,-0.7407339078362002,0.12861465171480602,0.19323828626884929,-0.5343909655626738,0.8445568281692865,-0.11975842476076126
['The Beach Boys'],[41874],-0.8790252618579552,-0.476580017155365,0.1601142341553074,0.15359328963111274,-0.7304457977728059,0.8014557424604031,-0.13673541165674782
['The Beach Boys'],[41874],-0.7001741236678264,-0.3198148091118725,0.11200277770450524,0.23508154763560696,-0.7758658515314102,0.42749707734535564,-0.0805083207850247
['The Beach Boys'],[41874],-1.0561505509362612,-0.32454547998739064,0.023895277502890777,0.14680823870846518,-0.6397306619179427,0.7260699949841551,-0.11303394766132335
['The Beach Boys'],[41874],-0.9062910084647103,-0.4523923904647583,0.2268123154470232,0.06937134404122622,-0.6427416739375791,0.803645257992855,-0.1544344913247859
['The Beach Boys'],[41874],-0.9957687419494081,-0.14278380673170726,0.06121161711324106,-0.14229127922722346,0.14746621213795832,0.7679572370358783,-0.011888029893780884
['The Beach Boys'],[41874],-1.1025353660232702,-0.553238250371336,0.09891626178399979,0.15320884807626456,-0.5199017023301985,0.868227489864648,-0.16162730966300962
['The Beach Boys'],[41874],-1.0399755196347333,-0.26332304816228824,-0.11625181987362662,0.595729037445389,-0.503017672975819,1.0006003798750254,-0.7760783692469508
['The Beach Boys'],[41874],-1.1162725646217342,-0.5103441284441652,0.11019069679837469,0.18301100594235892,-0.16746955822386522,0.7021152287086926,-0.19173546803407399
['The Beach Boys'],[41874],-1.0325251606506907,-0.1972774221190573,-0.0509929458795937,0.6401851624645084,-0.5137787963107283,0.8460622575312062,-0.890536745618279
['The Beach Boys'],[41874],-1.0460413373912365,-0.6309021761582523,0.10639075384700322,0.31751282738225034,-0.17837154606709066,0.501175468069592,-0.26202748763292666
['The Beach Boys'],[41874],-1.1012752502518193,-0.5552137146318421,0.2936397840392937,0.06425432146585286,0.1973569471405155,0.8010853656587397,-0.22206966348320148
['The Beach Boys'],[41874],-1.1104696227622257,-0.12242687578831521,-0.10239048266389528,0.34107797314064275,-0.16674010825412244,1.0678260660250067,-0.6094773531884194
['The Beach Boys'],[41874],-0.9071668128021236,-0.691300974530129,0.1678770324597501,0.09180083474671952,-0.08782751893523626,0.7776308170294518,-0.13439831228688232
['The Beach Boys'],[41874],-1.089475841887156,-0.6259407627298332,0.12563937265655656,0.14031853513661738,0.017593457738179732,0.7257321217657068,-0.1903964316765778
['The Beach Boys'],[41874],-0.49517393810275234,-0.31634112945184134,0.9729071034435569,0.3096756139286644,-0.8698995074770906,0.620196861340501,0.06189471953263593
['The Beach Boys'],[41874],-0.798955969487071,0.0212885491755295,-0.05771131199172371,-0.08776815187949073,-0.6927632367017774,0.7506151103630025,0.12080248404627918
['The Beach Boys'],[41874],-1.2657851306941728,-0.22710646959293967,0.5940146968601119,0.21220730764433002,-0.17884342813529974,0.5247108284522554,-0.5297201119803637
['The Beach Boys'],[41874],-0.9920171388052763,-0.5714376372518809,0.22516165056960774,0.16887901692559823,-0.7083948684955087,0.8443238786997087,-0.203294013024233
['The Beach Boys'],[41874],-0.3473064538283403,-0.17252907387286925,0.2749452082093532,-0.26105555561163274,-0.03285980297741026,0.4444868436167968,0.05187488185572563
['The Beach Boys'],[41874],-0.5762081575153206,0.023261160807036392,-0.14247850815693455,0.5604196265076158,-0.7516065608257304,0.7597324798824471,-0.6906152804718978
['The Beach Boys'],[41874],-0.3268514135085958,0.2199602805925865,-0.15257203333335884,0.35995424992565933,-0.3733054020817357,0.49927076258870123,-0.556363779409905
['The Beach Boys'],[41874],-0.4966143860222423,0.011900536059241127,-0.0973594822046324,0.3696502159015798,-0.13787474353334123,0.7386341665733498,-0.5751204933605878
['The Beach Boys'],[41874],-0.7360497406469972,0.08951619237639225,0.0474176021068348,-0.054322362454042115,-0.06131134107891382,0.5497364005551825,-0.022202310268825565
['The Beach Boys'],[41874],-0.8589243007416969,-0.11050672691401853,-0.002082602273198568,0.051128144890110284,0.03208628955606857,0.41997053347921776,0.028983111611962056
['The Beach Boys'],[41874],-0.6723673079764263,-0.11346875931831879,-0.05808595344486531,0.2565995988803439,0.20196031434301343,0.6100458229368173,-0.375538721942121
['The Beach Boys'],[41874],-0.9981455235175835,-0.5558397009964968,0.058522900339470274,0.2999455156014165,-0.8038487913260857,0.7311495022464585,-0.1093172666731419
['The Beach Boys'],[41874],-0.5020441447060386,-0.3510850769716592,0.1500689206498998,0.07503931552581165,-0.7086929843613173,0.48766948333301546,0.0499401952161255
['The Beach Boys'],[41874],-0.245333837135744,-0.35937064652656414,0.06307229924607978,0.2458470425404491,-0.04289740602026709,0.9446463635025308,-0.6133902079578819
['The Beach Boys'],[41874],-0.8786985328167654,-0.279767802436068,0.023869025561762937,0.2226509099305505,-0.6648208681043684,0.5450093973870654,0.0014622290353914118
['The Beach Boys'],[41874],-0.9183651165026477,-0.2867154274509097,-0.007714071394234029,0.2789219516128204,-0.6605037226733674,0.5022183639322665,-0.05712712324149139
['The Beach Boys'],[41874],-0.5148928064431607,-0.1398396702855136,0.24816454083458037,-0.10519467082373367,-0.09106094269523057,0.45853937382792676,0.029084046407618705
['The Beach Boys'],[41874],-0.9526717851821808,-0.2719525816094014,0.15267446770078846,0.13757603958410924,-0.30134486109054365,0.5263087493217437,-0.1424368960174629
['The Beach Boys'],[41874],-1.1485990333986869,-0.32624109762206605,0.15920218701122496,0.13039329714752687,0.0037680073727910735,0.6936325147695259,-0.21274933249900166
['The Beach Boys'],[41874],-0.926872580138707,-0.5323740744519528,0.06817393728533283,0.11715827700392878,0.08072795354287217,0.6517740993198943,-0.0715781887024154
['The Beach Boys'],[41874],-0.7454414915144394,-0.6023484472760431,0.1508275389883894,0.2015996944178823,-0.6468291880701932,0.7227767435958513,-0.06556535737872768
['The Beach Boys'],[41874],-0.8664976507595499,-0.6493636691112267,0.12091346486114324,0.08462311598556364,-0.5371915451802388,0.9164885274716069,-0.09508127558238166
"['The Beatles', 'Billy Preston']","[754032, 590285]",-0.83306448895738,-0.30702535632075356,0.1047472095271327,0.15613426708912623,-0.02612247558356593,0.47799487069864316,-0.06750140537706222
"['The Beatles', 'Billy Preston']","[754032, 590285]",-0.987115434551376,-0.19774664453694277,0.020699048823593656,0.27334069628346147,-0.47324580833907715,0.43713595756336315,-0.033057301617535235
"['The Beatles', 'Billy Preston']","[754032, 590285]",-0.836631054436315,-0.3035810841661734,0.09904382768744854,0.1461949255469134,-0.03216223311583459,0.4545338988202181,-0.03338983629243937
['The Beatles'],[754032],-0.48687208655437453,-0.1611812421126339,0.07678676371729891,0.34773115961107326,0.23012589912489695,0.6863407852575836,-0.49826841023116175
['The Beatles'],[754032],-0.35165717974714106,-0.32403610304699987,0.22720920135543335,0.014511554790634476,-0.27657594295007853,0.35597337847776417,0.05876684200132503
['The Beatles'],[754032],-0.978638932837375,-0.4369569003002824,0.05034045368376515,0.2617912763195689,-0.1092518960250058,0.44460410085723817,-0.15158235336938822
['The Beatles'],[754032],-0.9725165971561953,-0.2208999577148678,0.5048210408051778,0.08714298912355839,0.14852147265881718,0.4506286984263167,-0.32377305582786425
['The Beatles'],[754032],-0.9527218232926081,-0.5563186831564766,0.26652420289573425,0.2103882137576486,-0.18197571103228932,0.6495587042852364,-0.21723829422689292
['The Beatles'],[754032],-0.31222717755288487,-0.2961549093422013,0.1524255715397224,-0.05560474182935204,-0.723823367460038,0.6137276597097153,0.1481614384607741
['The Beatles'],[754032],-0.7946114330414812,-0.5403525053223383,0.31140754290927514,0.14516782620407967,-0.016227324411279855,0.6392861506846521,-0.04544797154707818
['The Beatles'],[754032],-0.978900732006194,-0.385988920486483,0.1063890903590417,0.2589369047805968,0.033141347445396575,0.67339118770392,-0.4209599920856911
['The Beatles'],[754032],-1.1590168497915139,-0.4273843768376573,0.1087600060983555,0.12396590014263863,0.18586169326415314,0.6365977550534677,-0.1936626653602806
['The Beatles'],[754032],-0.6144192268779453,-0.43481185939186634,0.36212556124012035,-0.06866781784585213,-0.23580932378516253,0.6729595954346184,-0.08883394146807908
['The Beatles'],[754032],-1.0618485002930715,-0.07752970207692092,0.5992811486846013,0.1381587815927599,-0.4787421219802695,0.5504485538469059,-0.43602229668854137
['The Beatles'],[754032],-0.5037688251239701,-0.6729429245217522,0.20742016629953192,-0.005182679007177005,0.043865484415827334,0.6793308568665071,0.05774912574690781
['The Beatles'],[754032],-0.27304717907025716,-0.2793844718295879,0.3756885395044665,-0.007759517608169705,-0.2870230342709985,0.34933683920156383,-0.0012039594984372454
['The Beatles'],[754032],-0.8587055462011042,-0.4382019631471787,0.06631694398392075,0.0876114514017857,0.14762653590568084,0.5299231952433896,-0.08636981253793204
['The Beatles'],[754032],-0.9920894779910889,-0.3889876172373447,0.27748850580346107,-0.06510307717940697,0.1720729100961155,0.7813750566762329,-0.1548477763901596
['The Beatles'],[754032],-1.2089141139511277,-0.22788930159087742,0.18458515172350284,0.054123049975124106,-0.1788349596125721,0.7669107283801662,-0.27722270327625076
['The Beatles'],[754032],-0.651262443085765,-0.4376853135918693,0.24148793227233872,0.04543870765277192,0.1276569366193252,0.505251692068561,-0.043689014620838094
['The Beatles'],[754032],-0.9763555152093805,-0.4129290812034053,0.2966453996854163,0.2183891632732373,-0.19391317284109344,0.502901582085093,-0.2492498366380757
['The Beatles'],[754032],-1.0599961524300756,-0.5553185033967453,0.11895626425158888,0.2767395428377368,0.009962243026864614,0.6189701189373531,-0.11830383832146482
['The Beatles'],[754032],-0.5087656972759286,-0.5454867597215004,0.5786282425308467,0.18410460595735012,-0.49369393707084835,0.6522933965028065,-0.021843460925662285
['The Beatles'],[754032],-0.8205945515087695,-0.3210914779765181,0.25883375658719165,0.0915955526779981,0.1465321850408426,0.4964738821068983,-0.08678970828567996
['The Beatles'],[754032],-0.8027475977594654,-0.32047058676486073,0.07483650252387924,0.4810503333472013,-0.3126618421027095,0.6656089085666037,-0.348098088643725
['The Beatles'],[754032],-0.9435504749219535,-0.4318083301495217,0.03401544257693861,0.24009799278009017,-0.2847781513440174,0.556839010355073,-0.051786198909980576
['The Beatles'],[754032],-0.7635204966393364,-0.06480272999625382,-0.01494625087980017,0.09577168920713688,-0.07880249334488962,0.2689854341010562,0.017518516430690585
['The Beatles'],[754032],-0.8907881293738678,-0.34121313755176536,0.23001058071109687,0.2293936455596143,-0.3902785887451784,0.4609107161549428,-0.192783946294323
['The Beatles'],[754032],-0.9930418782109256,-0.4195341924310772,0.11932894953117806,0.1539101813156027,-0.458447394419259,0.7163069808988425,-0.1257660537798366
['The Beatles'],[754032],-0.5640332796860421,-0.3586388473069649,0.17099185657977575,-0.10814655357703054,0.11102371942527138,0.5568285819962415,0.0513408794819691
['The Beatles'],[754032],-1.0799974072411465,-0.29727133350703444,0.32740109158361275,0.13553301489460984,0.07532143720864323,0.5062537203914671,-0.27632470813246546
['The Beatles'],[754032],-0.6177470179428906,-0.13874799760176024,0.06350000404389813,0.3124034511953,-0.44838441809993046,0.5435692544855634,-0.328904909860283
['The Beatles'],[754032],-0.4895248817681921,-0.31330489698221436,0.14044957417509868,-0.061841981206994606,-0.07897046254293438,0.5232553999007408,0.10018392524103756
['The Beatles'],[754032],-0.0747272494902365,-0.3544734804771709,0.24625646542133547,-0.04343842224120405,-0.310278289176092,0.334347164865954,0.111096956686067
['The Beatles'],[754032],-0.6619602040281936,-0.11739016715312546,0.32641009547881583,0.11270546695108036,-0.2559986868971169,0.3219980800602693,-0.12228193607569006
['The Beatles'],[754032],-0.4917990938144507,-0.08088669336835531,0.10686168762020536,0.045663515524969216,-0.3337277308577712,0.49892431981877766,-0.04571419191906447
['The Beatles'],[754032],-0.40751677831648353,-0.21542746245508795,0.6622630233469213,-0.006813155017034843,-0.7050622603376506,0.7966347075416114,0.13041307432962432
['The Beatles'],[754032],-0.7469479234912085,-0.045323740749371844,0.3310238241373237,0.015572409696611143,-0.4213933497836149,0.5488692795036271,-0.14238717775161586
['The Beatles'],[754032],-0.29873845284995415,0.12648105890915995,0.14945957808986732,0.1285803730655566,-0.48365699967818016,0.5989057045759942,-0.5339612895836783
['The Beatles'],[754032],-1.0994851432749846,-0.5146752486377222,0.10563537861867811,0.22830300072924364,0.18776684803672086,0.5422088740697327,-0.12379897193180436
['The Beatles'],[754032],-1.1256344405875993,-0.3148646092655922,0.21122794071074755,-0.024307169168705327,-0.003346219555109487,0.7839734880185456,-0.24024379351951963
['The Beatles'],[754032],-1.1592990439741926,-0.08818667289942267,0.06951960736080642,0.1468788767722049,0.0724038645933642,0.47461233356094845,-0.07480171643981957
['The Beatles'],[754032],-0.28069925818940444,-0.42130531213828754,0.1692289861485117,-0.010667654697748314,-0.36175561043557014,0.5135939184842458,0.161516526835248
['The Beatles'],[754032],-0.906707256496721,-0.4195721868496792,0.04941427135482599,0.2131227507730401,-0.2919729368767334,0.5566561936132627,-0.07002556153756676
['The Beatles'],[754032],-0.568170022088046,-0.30731140898453707,0.24133432450914957,-0.029929142921492954,-0.06626102730420191,0.5563460574970887,0.05642931323005565
['The Beatles'],[754032],-1.149362799106223,-0.383123298907652,0.36617974694801375,0.16108764806352915,0.005453316903545775,0.676342300043211,-0.3379828549394405
['The Beatles'],[754032],-1.320389869946396,-0.3962749529661454,0.2777355701888979,0.19401924693329856,0.2034055539764939,0.6259614217803763,-0.3782191311589085
['The Beatles'],[754032],-0.9025773225899654,-0.05889573385647744,0.024323924296091818,0.3664814010887301,-0.44924103499640505,0.5004726691222557,-0.21418151336574845
['The Beatles'],[754032],-0.6262434716158577,-0.4889821187947043,0.2640418776485549,0.031223884220803928,0.1283675582735792,0.5370405793938693,-0.029266399893225017
['The Beatles'],[754032],0.015932842065790705,0.22812733403758573,-0.058467635154686365,0.16728630403854886,-0.4860277385475531,0.6069490353659388,-0.5508808139879556
['The Beatles'],[754032],-0.2725030751824174,-0.35110683907037404,0.18208326551162943,-0.017897027224323542,-0.37821315133266,0.3964888445981166,0.10032111256268526
['The Beatles'],[754032],-0.721099788382877,-0.5753224273699807,0.15662791258926267,0.1738785566883627,-0.6560383883767555,0.6817813171142358,-0.07918847098514226
['The Beatles'],[754032],-0.31700593111684233,-0.33344163739322474,0.18321767544373868,-0.1909259195787695,0.07795753046282225,0.5143469835458083,0.13085364028598107
['The Beatles'],[754032],-1.0513357300218913,-0.5436372903831374,0.05520168723326658,0.22431479590376022,0.1813145263104386,0.5379725916154277,-0.08552959524846918
['The Beatles'],[754032],-0.06547983940357004,-0.191376977127727,0.08862687880217189,0.0897851544351459,-0.20063710967653853,0.796432082566649,-0.31972044728132
['The Beatles'],[754032],-0.42921410120238057,-0.24554915826802115,0.19522910207785862,-0.06255007748832189,-0.3608579697076218,0.5081704445008756,0.05353322909548423
['The Beatles'],[754032],-0.40212484021096084,-0.24228899864984496,0.13969142503615922,-0.032443521088809754,-0.36551434638219976,0.47263935693380493,0.11544359201159309
['The Beatles'],[754032],-0.8947549446619755,-0.4240390595964618,0.27320078786965957,0.23434474920885984,-0.8343022653925933,0.5892340543958844,-0.26930116537380144
['The Beatles'],[754032],-0.44323170890907976,-0.6227020238033957,0.2692577925514813,0.05867477259737954,-0.06194728854215345,0.5525590609054992,-0.004234452916285611
['The Beatles'],[754032],-0.23919366517341067,-0.41329989924272686,0.23712563241942808,-0.0751742697189813,0.06972288890530992,0.33993100874003673,0.1211577247310211
['The Beatles'],[754032],-1.0012064685969086,-0.5195035913051852,0.10888065772700885,0.08130468854663704,-0.0026783380551243467,0.6829726313564927,-0.17140831169723963
['The Beatles'],[754032],-1.1996270569473506,-0.44365549367649876,0.018565859774325347,0.14267703438176163,-0.15825814903104546,0.8009975677012952,-0.15994665065706454
['The Beatles'],[754032],-1.0117528857505973,-0.39948641203755025,0.23762175218171983,0.133834742159018,0.06586575431481725,0.47938776161355734,-0.31265308515898216
['The Beatles'],[754032],-1.1236579321043632,-0.3204300433796964,0.18005935878128332,0.049468907741835905,0.17512265078481323,0.638795993394364,-0.1586473045511377
['The Beatles'],[754032],-0.611733002348296,-0.6546392105446714,0.20716225958079007,0.10637068904205715,-0.30291417933855824,0.6697796005820096,-0.021616591782359022
['The Beatles'],[754032],-0.7148378815502607,-0.4894711653942677,0.3295477947482776,0.06903299780675448,-0.21636389965605438,0.6349330999970068,-0.12301872348463437
['The Beatles'],[754032],-0.9235614259846427,-0.43075505048603463,0.04617414977874475,0.10504954940591303,-0.20076362511998908,0.6458257083772203,-0.06456285798165878
['The Beatles'],[754032],-0.821916087562579,-0.616628611582485,0.1409357408622161,0.11833118650594499,-0.016640682574756312,0.6201709659479967,-0.11762997343030453
['The Beatles'],[754032],-0.7301747692205495,-0.3713736613326455,0.23198873610841877,0.15261907716985987,-0.680729784402129,0.525632790049839,-0.1905737423807809
['The Beatles'],[754032],-0.7340948651517808,-0.6758039334653844,0.1908360646039477,0.10260628563039394,-0.19918926068236303,0.6944309744411853,-0.11802642864340107
['The Beatles'],[754032],-1.1376172886386846,-0.3624989216306018,0.05318662466309312,0.04401835625754701,0.0031159411094387256,0.7732093168897609,-0.1469656974086901
['The Beatles'],[754032],-1.030420240182398,-0.4748385662523008,0.045471330060395256,0.12820882720878352,0.08042685180625772,0.6005185559788793,-0.15181745497049623
['The Beatles'],[754032],-1.0882683653425549,-0.39260156205127134,0.12238296398104836,0.12569294285720906,-0.182956253714483,0.6783026762731305,-0.19965813714193043
['The Beatles'],[754032],-1.0126991286875946,-0.34858080678170683,0.22480309635268697,-0.056805278005760046,-0.009388313808525436,0.8250443334097174,-0.17216100396303646
['The Beatles'],[754032],-0.9483159551269481,-0.5420499830074855,0.31196115622465537,0.15760771416718608,-0.6279927214212235,0.8032527845192784,-0.2689602311481905
['The Beatles'],[754032],-1.0212037832979133,-0.5020961081415466,0.0782137889379275,0.13588238408983955,-0.002698555720244882,0.6375465447704645,-0.11748509878264256
['The Beatles'],[754032],-0.8561056290493765,-0.5594231253269061,0.30569182513048143,-0.004439301320796907,0.16357259993110346,0.7089120174278637,-0.1865198175546826
['The Beatles'],[754032],-1.0505802021141675,-0.20391273441211835,0.5136307486400541,-0.026437022182803117,-0.19363016828297702,0.7539515203328868,-0.37257245757013274
['The Beatles'],[754032],-0.6435820828811807,-0.524932062335234,0.16818382023640815,0.03262475722766497,-0.22228134408082403,0.6492581431359911,-0.0016197263784999223
['The Beatles'],[754032],-1.2295824834768143,-0.3916389033258018,0.034214374405733744,0.15955915639500917,0.19113912591229046,0.5980401429466684,-0.16084144652651008
['The Beatles'],[754032],-0.6780968797150887,-0.6605555371438335,0.160778483952956,0.11047507700431287,0.058008923077443764,0.5614255019708253,-0.018445934515387074
['The Beatles'],[754032],-1.009432093472328,-0.4959455675100576,0.09616042527245623,0.23591675576192161,-0.6253992806927499,0.7308389413152134,-0.1135065958974503
['The Beatles'],[754032],-1.1419334667166505,-0.3245357366437087,0.19514159620499932,-0.00041637831301185506,0.1788213283921379,0.7418392857899296,-0.16647453496746956
['The Beatles'],[754032],-0.6282961841523245,-0.5701704507176624,0.16516152968481188,0.07030941471192914,-0.04869823565753798,0.5190297301323005,-0.014665839604457002
['The Beatles'],[754032],-0.6107512557920229,-0.6077702567417276,0.22244380621363696,-0.02019075350651086,0.1350783613881986,0.6198620344948931,-0.0012619061396786598
['The Beatles'],[754032],-1.041826386001948,-0.6139552582043216,0.08178764836435562,0.26172966089283145,-0.4359847691653693,0.7382722855863633,-0.14301710210049134
['The Beatles'],[754032],-0.8732733369221165,-0.6654875503076145,0.22564187566860344,0.08606958667115003,0.17423923441806885,0.6704934326956175,-0.14526638897714225
['The Beatles'],[754032],-1.1320212935980587,-0.5596111412738455,0.017011391809483505,0.2664601773516687,-0.3436105877237323,0.6990742857847687,-0.1444094868398504
['The Beatles'],[754032],-0.9766553575092357,-0.2897046020324504,0.05008647320022838,0.10409916149194424,-0.027298552540060975,0.5272542801278528,-0.051353170771887925
['The Beatles'],[754032],-0.9765171410638515,-0.23676099823894298,0.20019452417379818,0.042145469366977266,-0.8323178420598426,0.8030750897240071,-0.19449535976244464
['The Beatles'],[754032],-1.1917243587992354,-0.36722154231176046,0.22516131240297105,0.10788192135208813,-0.6088333030927926,0.9062976439830285,-0.2591805722236314
['The Beatles'],[754032],-0.8056900894504814,-0.5582533941468666,0.21251162876746524,0.18274561030561615,-0.6458585158620469,0.685547621782882,-0.10128704538520701
['The Beatles'],[754032],-0.9171564688293821,-0.47988018464765003,0.2521506418851889,0.17615226018979074,-0.4674779197494592,0.6085605768717247,-0.25520264815106036
['The Beatles'],[754032],-1.100583914291087,-0.353380473750948,0.2924790070977969,0.08888694693505482,-0.0023202791588131546,0.6587162911775032,-0.23688868796687237
['The Beatles'],[754032],-0.32185251682781696,-0.310933037883743,0.1767335577766288,-0.08020988662778382,-0.38030314304175855,0.4260270219344009,0.06070828600445186
['The Beatles'],[754032],-0.7796488045959941,-0.43093293047924147,0.11687729194649507,0.24974605574892594,-0.6634560220505195,0.5210081280720502,-0.05568285486958322
['The Beatles'],[754032],-1.119355315370729,-0.39917585417511053,0.05549519777236264,0.2715286682931222,-0.3631128294322996,0.5247506945979387,-0.2129841501280514
['The Beatles'],[754032],-0.9261547413898633,-0.2951861053774158,0.017833247827928545,0.02318750033599039,-0.2069803159505565,0.7351695218133314,0.0001604548877581732
['The Beatles'],[754032],-0.6348086523630716,-0.5569928620100796,0.16251212837697177,0.0856536746333494,-0.3120566532353972,0.6307716130594523,-0.03384500374134198
['The Beatles'],[754032],-1.3032100876507033,-0.25593711428806865,0.10073860524489939,0.3132855297586832,-0.6119413841274634,0.6377880513254427,-0.24597932415139617
['The Beatles'],[754032],-0.8939317844102403,-0.1218055597566461,-0.02171461123636079,0.01989657829534154,-0.4941916867715909,0.6731559582146119,0.06912621284944857
['The Beatles'],[754032],-1.135683212059195,-0.31953294806888716,0.03459165440616646,0.2271421912150398,-0.1846975135584013,0.5519239834504053,-0.14846152247849836
['The Beatles'],[754032],-1.1907040173471766,-0.49686287903079923,0.1733083739848221,0.2631965476153563,0.018177389807034143,0.6100194904416743,-0.2250497412726108
['The Beatles'],[754032],-0.8692444082006193,-0.6705120687547081,0.18174796154780806,0.19657479261869207,-0.6298343063460112,0.7762444031566564,-0.15732361411242957
['The Beatles'],[754032],-0.7218035173576467,-0.7550687002736669,0.19025310885964608,0.19693364985811265,-0.28594636342079965,0.6607099021940565,-0.13003177730512408
['The Beatles'],[754032],-1.0506489732053015,-0.5338483140878927,0.031204060879406987,0.28664213576292435,0.08519624884418205,0.4514439437280811,-0.16221593397680162
['The Beatles'],[754032],-0.9824460089982104,-0.2376029667806987,-0.017351432966642606,0.25118174697060014,-0.65670892331317,0.5125182663050277,-0.0645640926825779
['The Beatles'],[754032],-1.0640349839639458,-0.4063555436565992,0.17388836189191006,0.127660433450334,-0.18392899698262488,0.6680870686216452,-0.20127248278578821
['The Beatles'],[754032],-1.1459219673594576,-0.22108783254503817,0.11946445270190433,0.2064788842837533,-0.020896430838264535,0.3767497711927059,-0.24849076708484366
['The Beatles'],[754032],-1.2641914884864427,-0.3650704647495633,0.0029390468701183934,0.15586114718320696,0.02129489596430122,0.7594965830969261,-0.0780466453702817
['The Beatles'],[754032],-1.2517838347977683,-0.3212665421714191,-0.010606736733022893,0.2993221848793506,-0.6156106364767859,0.6608421358951179,-0.20259519785762625
['The Beatles'],[754032],-1.11733101046481,-0.4059606080033797,-0.001303907005808999,0.14977304142842904,0.1754712983216387,0.5730616437685428,-0.1282094208350359
['The Beatles'],[754032],-0.9795610209279144,-0.4106170526695722,0.05759181968328306,0.23038698569641272,-0.639050334645185,0.6700999527882459,-0.07403057294825446
['The Beatles'],[754032],-1.0600624336138489,-0.35222988517763154,0.016136703807298303,0.23363476778891926,-0.3699562264127424,0.589747338635998,-0.10650972174427557
['The Beatles'],[754032],-1.1577292110818074,-0.43038623373020773,0.004427051288592168,0.2065523698590206,0.18358409535187747,0.5429138277468635,-0.14321772316975595
['The Beatles'],[754032],-1.2251133835245283,-0.4430085828341506,0.04928093678954741,0.35193209992841495,-0.1631590380144627,0.5157456307368199,-0.20495973954984317
['The Beatles'],[754032],-0.5936291614663464,-0.6268386217203404,0.34295668835833554,-0.04152829297592786,-0.21976753603478383,0.7691613155054988,-0.09011612740893499
['The Beatles'],[754032],-0.863780847436807,-0.42194122691527136,0.354699576305717,0.06200366899331653,0.06199366861212402,0.5674047857507432,-0.2160593381737854
['The Beatles'],[754032],-0.5659629597942456,-0.5662552265698721,0.21483965423053145,0.010716919999590872,0.02715639836380123,0.48012068412535913,-0.09941020945562948
['The Beatles'],[754032],-0.9649753092442912,-0.34770991978324367,0.16616064606986441,0.22401672878088,-0.5604102410877972,0.5767578682855281,-0.19748465472644536
['The Beatles'],[754032],-0.914790903966978,-0.43103741954681013,0.07936842567023879,0.03355812008873181,0.15345340171282296,0.586443794444409,-0.0631715221591939
['The Beatles'],[754032],-1.1844938570547148,-0.2704534146528255,0.161175140329818,0.21645405552640481,-0.44783727713889654,0.6714462650845124,-0.21933470062055407
['The Beatles'],[754032],-0.7811732900978701,-0.5742594583357052,0.1837622548469165,0.2472392267412855,-0.8262476288424252,0.6666981860788075,-0.06950299082274214
['The Beatles'],[754032],-0.4132676983564558,-0.24211886105720648,0.13438093581378935,-0.1634901962878012,-0.5403093431872469,0.6899156536996425,0.12952713734150428
['The Beatles'],[754032],-1.2515021343813013,-0.42651472482137237,0.0847823698030811,0.2355850691695757,-0.15378667840293966,0.7084579084924776,-0.28610739897479526
['The Beatles'],[754032],-1.108964664382372,0.2320752714694463,0.10068422274617757,0.11956698001665624,-0.3244486060262467,0.30570650920594084,-0.1083990297021858
['The Beatles'],[754032],-1.0816425333719084,0.028419404416103054,0.4514746870626362,0.09828908139255649,-0.1026869566914613,0.5725667605347358,-0.5361246399828182
['The Beatles'],[754032],-0.7804676639935066,-0.39569553227799686,0.12850205151855768,0.03182840526884648,-0.30887145302293073,0.6342452754316962,-0.08185079785503427
['The Beatles'],[754032],-0.7737326401899729,-0.12391293993299708,0.13707663304730575,0.2232506346353934,-0.7766338951414087,0.4474467793123375,0.0057918241578838875
['The Beatles'],[754032],-0.8560673505200022,-0.2891070050426626,0.0702343379451953,0.15549060742896378,-0.05534307398348157,0.33404579058102624,-0.15964394879261773
['The Beatles'],[754032],-0.982335382019302,-0.524494088613701,0.2942941223276851,0.1970423812526905,-0.1817857044939068,0.6349006910622782,-0.23696654683705548
['The Beatles'],[754032],-0.8163095800186341,0.21283134382725444,0.5465098187242989,-0.08143791855172137,-0.24656887606393374,0.5765328264555171,-0.1663352260475331
['The Beatles'],[754032],-0.954283305783338,-0.34879747033374536,0.064808228952618,0.29424532552944843,-0.6448126659063933,0.544680640321835,-0.10467172007133659
['The Beatles'],[754032],-0.8770994384654837,-0.31722319899289814,0.10392895467486178,0.16060352212007,-0.4853454293157772,0.5394014584070872,-0.1274207234392518
['The Beatles'],[754032],-1.0138999563286764,-0.15255264524626352,0.36149322430684844,0.14271567146456854,-0.032890119028193276,0.4351322782451797,-0.31674116435827626
['The Beatles'],[754032],-1.0603343705860768,-0.3279264147401623,0.27971677726302113,0.10452886357337156,0.1648531823098582,0.5155319951585512,-0.2997480077233188
['The Beatles'],[754032],-1.1288242645754913,-0.05881097444425478,0.4867054893440796,0.1812155292694809,-0.47457046896378086,0.5057533551942157,-0.4078346601249693
['The Beatles'],[754032],-0.6422801426562397,-0.6290475407504034,0.16243947089127467,0.04229574155949015,0.055981444395186396,0.6669388735411919,0.027990709059499644
['The Beatles'],[754032],-0.36419553373422575,-0.3525053643441779,0.18836316988171298,-0.11220590310842946,-0.2722528427358978,0.5567633590097675,0.09024143260017575
['The Beatles'],[754032],-0.940739724278285,-0.5346875653132208,0.07922407679620228,0.13039158422077965,0.16605433789482346,0.5675406852954181,-0.08599024021535166
['The Beatles'],[754032],-0.8188801307324581,-0.020051335720783978,0.28236161554401434,0.04475411210188823,-0.41835221652969223,0.5081388019918357,-0.1271449750776632
['The Beatles'],[754032],-0.8463494151147545,-0.3685491861140501,0.08885085691535405,0.05296023728680654,0.13762925739191126,0.4804094059448534,-0.06737521809119056
['The Beatles'],[754032],-1.0818729315051028,-0.2641536270692921,0.049541921154006484,0.32461199690803805,-0.464738867087907,0.4303629153160738,-0.14558936550923637
['The Beatles'],[754032],-0.44868648329357586,-0.36083945577443366,0.16862739982333538,-0.13481861111895174,-0.26135636894220643,0.6353863040946196,0.07413878300645213
['The Beatles'],[754032],-1.0133397110494649,-0.40895301542983253,0.049233143754113314,0.3359224417363915,-0.5535985468257628,0.4805851488473276,-0.15947015437294979
['The Beatles'],[754032],-0.4132361086693207,-0.5582602347658496,0.16869927240549218,0.13147020172970916,-0.5202430164995756,0.49092055230706344,0.053921708836975
['The Beatles'],[754032],-1.2246590454282518,-0.6189127905451576,0.16012647006908146,0.43956663871218427,-0.6648831668548263,0.7791406526590596,-0.33697796077929704
['The Beatles'],[754032],-1.131769211863233,-0.25598433164704654,0.04814334680010247,0.2234741811226677,-0.18621325585712872,0.5344737170553855,-0.17443917269256623
['The Beatles'],[754032],-1.2844732883990782,-0.10379861000093756,-0.0234651200310567,0.2705563880375708,-0.6262544586416345,0.5865740468623355,-0.11743551370362496
['The Beatles'],[754032],-0.688034944430335,-0.695192359051295,0.17924040078382422,0.12345358472367135,-0.2974948565958603,0.653415142094734,-0.10801812189738423
['The Beatles'],[754032],-0.908657952559743,-0.048669512604621136,-0.016037165702402142,0.13029718705462057,-0.48477809055456167,0.5757711480811711,-0.029862088479804316
['The Beatles'],[754032],-0.9698688760214862,0.6353509201521527,0.2184219848392353,0.26231007619218893,-0.5713131665017817,0.9137960825264764,-0.8253003912658449
['The Beatles'],[754032],-0.8085150434483086,-0.46554281554047466,0.20042066645909162,0.2551146726146876,-0.47999297307297417,0.5009234791550073,-0.16878466469231523
['The Beatles'],[754032],-0.81043002743663,-0.21583629890045153,0.1329959760915037,0.08796689951941322,-0.6745065020658844,0.6214401016966286,-0.03484711436501049
['The Beatles'],[754032],-0.7597180234764748,-0.35645666452593794,0.5416446929595712,0.15591715303991296,-0.6751623989447899,0.5606216317255256,-0.29088204965268877
['The Beatles'],[754032],-1.0843659881035315,-0.18416775978630892,-0.052180129299729545,0.39009455197577464,0.10228412456369758,0.9270076393545287,-0.7117149593002641
['The Beatles'],[754032],-0.29385924661999285,-0.3345781085894211,0.17982950229278785,-0.1142764521933616,-0.10190115747062972,0.49530561795998956,0.1620022126079921
['The Beatles'],[754032],-0.6426495450136204,-0.5617291027117984,0.1655035634812571,-0.011729761779148636,-0.7477470370907563,0.955294726870155,0.003350360464563119
['The Beatles'],[754032],-1.107543223341665,-0.3996692886356184,0.02987236945967869,0.26534999475100246,-0.4502973828641661,0.6282054480936264,-0.1544151372849209
['The Beatles'],[754032],-0.3471949990132494,-0.3820562873538428,0.14856908307932803,0.1618135451698183,-0.03614964607487555,0.5391221476287006,-0.24352473138266773
['The Beatles'],[754032],-1.112868488901052,-0.1232872667073984,0.3428262392492135,0.2281573045656121,-0.6453121314211093,0.5686659170285742,-0.3584616559425347
['The Beatles'],[754032],-1.0319239891272591,-0.1769531028253784,0.03798576573993718,0.25960486872384303,-0.6513923312254426,0.533884549944659,-0.0797752115812396
['The Beatles'],[754032],-0.8372364181423575,-0.012975022551931791,-0.0924185839097695,0.2541719824687249,-0.6392679332567813,0.6614017978778367,-0.07015743283868686
['The Beatles'],[754032],-0.7772410035372712,-0.16663229443193378,0.054173884862155464,-0.009200108902920247,0.11440486938789035,0.44007728137384516,0.02015627808615014
['The Beatles'],[754032],-1.1569378607475038,-0.07987073626348049,0.057782197140910194,0.0912444537457244,-0.18901652802939847,0.6683546838473213,-0.11155160981883544
['The Beatles'],[754032],-0.5270098789547593,-0.23237802088048612,0.10314381519518748,0.006430408495822312,0.07788866584543865,0.23917811400432554,0.021187160538668974
['The Beatles'],[754032],-1.002485795540236,-0.4588002161356891,0.14507877357809243,0.20858750556092961,0.07521701509414566,0.4669262308084019,-0.1938504914499176
['The Beatles'],[754032],-0.9163004623251817,-0.4096669899983401,0.2143610625550528,0.12639227879831866,0.14528721230345823,0.425957425179045,-0.22210010689992482
['The Beatles'],[754032],-0.8906178078971789,-0.039702164741611964,-0.05168313825080856,0.21807652131136274,-0.015187411307407207,0.47638674459246366,-0.15858835480241826
['The Beatles'],[754032],-0.7781979168144175,-0.6462560445969832,0.18895176546897136,0.12350408821539069,-0.012896587193591784,0.6694189972859694,-0.05216657294782659
['The Beatles'],[754032],-0.35229977336460566,-0.18524909434906098,0.1817170646223466,-0.08157319606664315,-0.12087230655091254,0.2686502113122601,0.04899063709007734
['The Beatles'],[754032],-0.6959093466441807,0.009771325636478465,0.0014678573402362514,-0.0817543546201398,0.12220278194838921,0.5678796206327461,0.034876610094630243
['The Beatles'],[754032],-1.161027448746848,-0.28444357835907425,0.169732919004469,0.23609993046186062,-0.013442393892810194,0.40040356427375584,-0.29455450274584716
['The Beatles'],[754032],-0.3784205358954658,-0.10624168997834116,0.0032707525205487374,0.22966162823169226,-0.03687333951779883,0.4311176333310493,-0.31407244858762057
['The Beatles'],[754032],-0.9193938921958502,-0.08298042754683481,-0.024888113818449447,0.4027223163742209,-0.8047628296364299,0.579760509908378,-0.2140631981819242
['The Beatles'],[754032],-1.1917726383921392,-0.5448382649533403,0.21656799408590932,0.2765337963337188,-0.16266018821852862,0.6225379107870191,-0.3302000130978933
['The Beatles'],[754032],-1.1534104651153698,0.13962859178969345,-0.025547135954738967,0.4491364406038398,-0.7216935317196409,0.9566280293935631,-0.5686993049830662
['The Beatles'],[754032],-0.6498774791269525,-0.27553974388850233,0.1202010887867243,-0.07867834644045911,0.11397306081804164,0.5212761557627461,0.060434866931066415
['The Beatles'],[754032],-0.8454832137685092,-0.35488104295941714,0.03721795316868684,-0.047492058368554836,0.05488962900890683,0.7058750670875552,-0.04937517707468315
['The Beatles'],[754032],-0.867238782192968,-0.2445348641014941,0.4513359732043752,0.09535022599170341,-0.03370329823283643,0.49622349359694246,-0.18036547810470774
['The Beatles'],[754032],-0.5033865130824366,-0.2421166408034835,0.09778492324560574,-0.10575556278174535,-0.17598373136532391,0.5236614592697789,0.07266358490328698
['The Beatles'],[754032],-1.2283751582132125,-0.16713306507014655,0.2114205873551066,0.23981058228426433,-0.3583820064547131,0.6067489201370141,-0.19633006782697726
['The Beatles'],[754032],-0.6580978512535031,-0.6149589657999301,0.16424889208575752,0.1727350383837562,-0.2199695437814914,0.5047964287801453,-0.1023898218255371
['The Beatles'],[754032],-1.047058713370201,-0.4567338461407223,0.23540098430839476,0.13310246814079937,-0.4476017770617591,0.7617954708007539,-0.2499052519137207
['The Beatles'],[754032],-1.0911041396031813,-0.21441330326809374,-0.04034933872105816,0.2709274402492719,-0.7189726751070906,0.6918772514826966,-0.07276580075891927
['The Beatles'],[754032],-1.1772145069154547,-0.3625826362122309,0.07493115604862147,0.2545807220400713,-0.3475167274794972,0.654062837595156,-0.16952474327388917
['The Beatles'],[754032],-1.1116194499086216,-0.11136504441249455,-0.06055998285437812,0.25784729097346637,-0.7270959774758532,0.6293174489693173,-0.04784753455758296
['The Beatles'],[754032],-1.1116935659507083,-0.38002908503973554,0.21253011139449834,0.15783237154068538,-0.4478418071329785,0.7149183001961384,-0.24528723261761956
['The Beatles'],[754032],-1.2021290611762698,-0.3674706582052244,0.06444179900679596,0.22896886452257317,-0.183895228798987,0.4698451523788343,-0.2935803966198908
['The Beatles'],[754032],-1.2667070126928461,-0.4498405033551588,0.05606769419703833,0.3488294753726151,-0.42990732556648203,0.5678656863363756,-0.29740569776682935
['The Beatles'],[754032],-0.9843224569485026,-0.5448313014638101,0.20641461972049152,0.0986929155986355,-0.2662384326303103,0.7845596328133978,-0.20987927304577533
['The Beatles'],[754032],-1.1772495221774422,-0.43343539346222026,0.18251769285482558,0.26502570681485055,-0.7868679541748644,0.791670645940067,-0.28022991815682774
['The Beatles'],[754032],-1.0924369129302591,-0.32803519204480874,0.22245245035780256,0.24356190103288375,-0.63445281495816,0.5816430130146332,-0.2810344854758177
['The Beatles'],[754032],-1.1283812248350504,-0.5867274065949937,0.028754328018061857,0.28638095827563137,-0.42952006757162065,0.7157877593512958,-0.1850575354045484
['The Beatles'],[754032],-0.5407757238568325,-0.3317439094730804,0.15960385916316988,-0.047712832550246456,0.006329441279088038,0.41402654195374194,-0.002170186343926584
['The Beatles'],[754032],-0.9283639124121319,-0.6508492478172583,0.15312358683933774,0.22958154659392965,-0.7101903769790623,0.8205233571955133,-0.1620915021775111
['The Beatles'],[754032],-0.8882285863803244,-0.5144932220415822,0.17090167484039928,0.024692940760678905,-0.19548838574012364,0.7667109351164668,-0.15329127894196654
['The Beatles'],[754032],-1.240483950587867,-0.3267145724881305,0.29413685579730525,0.19192261316468395,-0.43420039307307057,0.7381872569318504,-0.37957782168845977
['The Beatles'],[754032],-1.1772572214613766,-0.3991474740559178,0.2538470586325103,0.31449126307039854,-0.6225733177933592,0.5741043181225257,-0.3882278878715571
['The Beatles'],[754032],-1.1722742538643038,-0.47706996023830545,0.2731449526688284,0.11151506392745957,0.1939362066599383,0.6747119959605767,-0.2947084217505401
['The Beatles'],[754032],-0.8067052311991305,-0.2963315628449355,-0.02668392974210493,0.43059229458564935,-0.5470924900206038,0.9779817066728639,-0.666551539972612
['The Beatles'],[754032],-1.0548714987066665,-0.3539814691367336,0.027365325941241803,0.02882525679215957,-0.6279510582958898,0.9650854718075569,-0.05285203264168365
['The Beatles'],[754032],-1.2613906727532185,-0.5104661380844636,0.1492371575261117,0.3440508785608425,-0.42440896090926944,0.6249410796925232,-0.32622812228630826
['The Beatles'],[754032],-0.6682083869322284,-0.5287599943411198,0.19121435832259157,0.08269416942213356,-0.39798063043998133,0.6433057249793049,-0.02483429769635593
['The Beatles'],[754032],-0.8698035561415132,-0.5799295656492891,0.13769602270319234,0.14610080457181146,-0.014995568461156112,0.5939791854935086,-0.0743530109028953
['The Beatles'],[754032],-1.0752399625587463,-0.36949807544327923,0.6164053373936429,0.08776696112681281,-0.4442928313850745,0.8074501819229987,-0.4448506294959767
['The Beatles'],[754032],-1.0165465953477237,-0.5871188855711227,0.0694914240447077,0.18808263281789753,0.0037252538196283587,0.6438573516946333,-0.10368508410315815
['The Beatles'],[754032],-1.1137303586967164,-0.2723329779444032,0.2531775648202914,0.20700512779864422,-0.633485612088797,0.6428715563959276,-0.24608589415784085
['The Beatles'],[754032],-1.0083012720149516,-0.5163712400256734,0.1457016955311491,0.2293420568817916,-0.45355077492164125,0.61875348476811,-0.2318114527885167
['The Beatles'],[754032],-1.0659023467302384,-0.537732746238722,0.15499092009426615,0.219017449214063,-0.17850070567049559,0.569199405489257,-0.27261579666158153
['The Beatles'],[754032],-0.9249290775747357,-0.498191627628355,0.0819506623276255,0.09959397793642677,-0.18446595000441826,0.7623845177117731,-0.03909100126567618
['The Beatles'],[754032],-0.9931155011156201,-0.4728899409223298,0.03520620935502203,0.1561695884490676,0.1631881982364252,0.49343445959049836,-0.09929570491763877
['The Beatles'],[754032],-1.0878938324828178,-0.39204495262621436,0.21388622802243756,0.2765221500171247,-0.6346806364395018,0.5831508993918703,-0.307733588402601
['The Beatles'],[754032],-0.9516504589987431,-0.6904288428258961,0.160550941485556,0.3004222219332186,-0.4437074287211489,0.6566002019462076,-0.21173180989285145
['The Beatles'],[754032],-0.9714514948747492,-0.5464743930646259,0.17470789095109235,0.2431698963301063,-0.45621059160544575,0.6061171671335469,-0.24223471858307571
['The Beatles'],[754032],-1.2533938426130864,-0.3157608823075046,0.025082070270337452,0.27878934038846703,-0.4343263190975184,0.6398681409077618,-0.1708854826015663
['The Beatles'],[754032],-1.3318989707075548,-0.27779621047156794,0.005239754493241397,0.2560616678984404,-0.606834087149888,0.728778492509554,-0.2404334247994138
['The Beatles'],[754032],-0.9642964437209995,-0.21172060833126896,0.04509522649343787,0.20115494777188353,-0.6605320662272145,0.5512213373510095,-0.07505063320735336
['The Beatles'],[754032],-1.0282981006438687,-0.1238241691671765,0.007841467691141656,0.09207563978206453,-0.18684307220832647,0.6968728515313644,-0.15713469710453373
['The Beatles'],[754032],-0.5950983283494071,-0.6923375869377206,0.20336625676334724,0.03196874733734797,0.14221701114317253,0.6157157298786985,-0.03019595589594094
['The Beatles'],[754032],-1.0571600992484067,0.04072316295034522,-0.043434755894015506,0.11093613035781856,-0.6658430919666133,0.6165687174487191,0.02749638303891916
['The Beatles'],[754032],-0.844138349066473,-0.46242942335953235,0.10778767166371916,0.08344607488452553,0.146112744505696,0.5212849583904432,-0.0825376287853503
['The Beatles'],[754032],-0.40830835463034726,-0.03742530656992366,-0.06341354572899512,0.31805859065086645,0.20800681330940182,0.627480990602681,-0.5808066675870679
['The Beatles'],[754032],-1.23557628915566,-0.08742910603276419,0.4162482278141635,0.3231319253583253,0.270220904359658,0.8235176506289335,-0.9138898374596859
['The Beatles'],[754032],-0.7467534717469603,0.09298467756090671,-0.020650615203527758,0.03227040078592649,0.08406003428819007,0.17582950791777346,0.055394721331637226
['The Beatles'],[754032],-1.2134747543591207,-0.2956063331855685,0.5392525332426865,0.1446157588653263,0.008419779114856623,0.6849647819068903,-0.4014905492003845
['The Beatles'],[754032],-0.758389530595609,0.17040804519221428,0.5658343507609838,0.047732360656275764,-0.26592634742561744,0.27024703129144495,-0.2700145060650591
['The Beatles'],[754032],-1.2450210068785987,0.10655090469977242,0.5062780262738061,0.17346322134935208,-0.4741910293040182,0.46218879319237727,-0.45057177422921535
['The Beatles'],[754032],-1.0040712159822542,-0.06901862501828969,0.010562634215636066,0.18757139930544262,-0.8468456273059386,0.5543252183378731,-0.06886146135569429
['The Beatles'],[754032],-0.9208019183226375,-0.4428239281409485,0.12241252727184924,0.18446198877188455,0.15307470232701062,0.3881881565606653,-0.17680512389783531
['The Beatles'],[754032],-0.967269167333973,-0.29878816721011203,0.47913693949595687,0.0968550722902457,0.15683608551028122,0.5470913031877126,-0.25835790167923867
['The Beatles'],[754032],-0.9785977158491401,-0.5878250350510148,0.10910429710041407,0.003911312038010827,0.006155301488516543,0.899851608942278,-0.054005680931951024
['The Beatles'],[754032],-0.9572766296985088,0.026565882330441153,-0.07367185860922398,0.23201792646723074,-0.6312941717771435,0.6935989795626473,-0.20464551637691314
['The Beatles'],[754032],-0.8405662692499918,-0.6489803280868288,0.23611741517906237,0.1306192251561419,0.16494260967711116,0.5618487530768729,-0.21441677222048963
['The Beatles'],[754032],-0.28864134241891365,-0.04315838516948591,0.08250854628058482,0.08528152523633536,-0.33143800510840843,0.5317572850083226,-0.20491451340453246
['The Beatles'],[754032],-0.5127018007626482,-0.48257228851769574,0.23896999900769705,0.0030515095058687254,-0.503497219842124,0.7360229698197333,0.037655325476863406
['The Beatles'],[754032],-0.7250888625591682,-0.32506206970276486,0.4066934972596898,0.10567408046657058,-0.5916406951257068,0.532436978154903,-0.2220852069455436
['The Beatles'],[754032],-1.2078192273662751,-0.37302446834754516,0.022062878571110937,0.22044337826783889,0.005042577108251023,0.5543761337041139,-0.18378884132701992
['The Beatles'],[754032],-0.9098194314458111,-0.19890077617732205,0.0816845867771951,0.3020387730181762,-0.6715524941261866,0.36491738148453284,-0.13866106624844451
['The Beatles'],[754032],-0.7491917063867489,0.05888921375804623,0.4327367454078522,0.301161862549369,0.025076634386128057,0.5451974972506253,-0.7172802253819331
['The Beatles'],[754032],-0.15473016390377883,0.19326345195268596,-0.04262238831484973,0.054284599022428034,-0.4661451243008939,0.8502798644487144,-0.43645204782375974
['The Beatles'],[754032],-1.0680569254944432,-0.3599243692203549,-0.015658274663907214,0.4633048410874732,-0.7564647812137052,0.8059908862315642,-0.3830470475208718
['The Beatles'],[754032],-1.0226661141311069,-0.3181770639150753,-0.03418088848639499,0.5194052881014967,-0.35583723570158277,0.8637304977254372,-0.7003982672315958
['The Beatles'],[754032],-0.8662860230326306,-0.39554831187972583,0.4117380612344087,0.05476474117013787,0.06084895179236844,0.5683769201157152,-0.24403508721316347
['The Beatles'],[754032],-1.1746972554872277,-0.054537032275447074,0.11417507061867867,0.07498357638397665,-0.19344802068800004,0.6451646432076245,-0.11630619596083189
['The Beatles'],[754032],-1.2274105720084525,-0.5456333166723301,0.14030526670018384,0.3751259976503537,-0.4148180332586279,0.6793891393973923,-0.2780386281317042
['The Beatles'],[754032],-1.0717603648918301,0.05090632803495961,0.2751691049545679,0.004570487160399697,-0.03527597250690472,0.5620699167015243,-0.15129374745461396
['The Beatles'],[754032],-1.0744671177175655,-0.06365026167441586,-0.027394536186694834,0.059695279065230894,-0.654162586430687,0.7391219772171915,-0.014296092757500971
['The Beatles'],[754032],-1.0391237864375074,-0.29303940834007697,0.05991453026381989,0.1266124404253351,-0.025890128638618542,0.4993537610667902,-0.1827446364354446
['The Beatles'],[754032],-1.231438940396266,-0.3953489399046901,0.035045916230978046,0.2799849253951979,-0.339394724178267,0.6545042080859195,-0.16677701677037535
['The Beatles'],[754032],-1.2565352715042464,-0.24188476212465582,0.37588051202175227,0.26499265896672036,-0.44755145853947986,0.5296790731232522,-0.45675827057666124
['The Beatles'],[754032],-0.3362996255956033,-0.3758625183338243,0.19747379166288803,-0.12294290566461034,0.0721357476854516,0.37821674392241594,0.05469985743058369
['The Beatles'],[754032],-1.0720648602142693,-0.2144920857307129,0.04320316042382932,0.3132572275361845,0.03315273268977379,0.5718219321970879,-0.4199661915189588
['The Beatles'],[754032],-1.0880674723043169,-0.20314853805058838,0.06510527589384812,0.13200230480451078,-0.028211156073061225,0.4506768843779171,-0.18913650231561255
['The Beatles'],[754032],-0.6298954985626604,-0.6298269363683238,0.3784535235139949,-0.0922965757274546,0.14066526804169854,0.7267445866843668,-0.11322143987293537
['The Beatles'],[754032],-0.9730136222724491,-0.060141880109207596,0.0174693461016898,0.037537764767272656,-0.05000497489959512,0.45633498677213613,-0.03564905306729623
['The Beatles'],[754032],-1.137226067423181,-0.44179459024375434,0.15089000060768423,0.24783147735092154,-0.17419346588336299,0.5815912249344184,-0.22612544305028656
['The Beatles'],[754032],-1.2480065541847305,0.11189907992758572,0.5590998613534788,0.17992176054057699,-0.47380146153316893,0.4713729270352233,-0.439567549438975
['The Beatles'],[754032],-1.1378404544176848,-0.4414343995587928,0.12756563200282087,0.21738302413961486,0.09273864815018124,0.5257653465076062,-0.19971998579467373
['The Beatles'],[754032],-0.8349714170505066,-0.505326602514659,0.099160117219174,0.24265287895331095,-0.649109961126255,0.6277217759653706,-0.07436757319817373
['The Beatles'],[754032],-1.1053978428526174,-0.378447309752328,0.026317540904587787,0.339326906411825,-0.6291533070203043,0.5718748840708905,-0.13638956441231112
['The Beatles'],[754032],-0.7605788541394367,0.2059890009670846,0.5574567912872668,0.0366554668578704,-0.2688703285333198,0.26383368042374655,-0.26356112616501476
['The Beatles'],[754032],-1.1041616322206491,-0.4710661331411244,0.04185721461785916,0.17543569273605888,0.17904024227768095,0.5585715405779442,-0.1400831748046425
['The Beatles'],[754032],-0.7761129152080661,-0.501229944552209,0.17417819969010967,0.17324737352453543,-0.5638897179836118,0.6840979977639334,-0.017080048484260254
['The Beatles'],[754032],-0.5133390752043733,0.2739394493260776,0.7856342414443346,-0.03974153973047392,-0.08674281715519588,0.41572938460675496,-0.20753640059458398
['The Beatles'],[754032],-1.0407663864436651,-0.36791980998012297,0.37581017168099623,0.17824331028860188,-0.015550042219321204,0.5283071824327719,-0.3091722512279224
['The Beatles'],[754032],-0.8662705181237806,-0.2742417658783066,0.18583530551976415,0.14279003901208268,-0.4888709260666115,0.5389688567899555,-0.16433363970425185
['The Beatles'],[754032],-0.9648397348360692,0.18884652421628917,-0.12310044176818691,0.3629405763484291,-0.43834167530528445,0.49904792679857696,-0.3236396496028947
['The Beatles'],[754032],-0.7745323584573558,-0.3882914682283491,0.17406073385060444,0.30776586059809913,-0.8505360260949196,0.4278740326877533,-0.16256065479998047
['The Beatles'],[754032],-1.1078325032407126,-0.692796447319489,0.21894679945983309,0.2932203786159326,0.0390152573722486,0.7462013088566742,-0.231093720864144
['The Beatles'],[754032],-1.3434162633604327,-0.20878183362760472,0.570412398515881,0.234582234571389,-0.16549502038051195,0.5715520957350414,-0.5469238628173339
['The Beatles'],[754032],-0.8924293688521231,-0.29029203553521415,0.1867738854745605,0.01408952971871026,-0.03249240439451827,0.6841759796950152,0.044861367329711126
['The Beatles'],[754032],-1.1389140628041838,-0.3837888713514194,0.2954029234028319,0.2622036595570898,-0.4467495553242447,0.5724827255680897,-0.3461176637262552
['The Beatles'],[754032],-0.8373613698227427,0.2720660027536169,0.02803911178713425,0.2807898055949765,0.23608909056416622,0.71236920918762,-0.8495477894893302
['The Beatles'],[754032],-0.8814756549589171,-0.527961428925694,0.11075076991407068,0.17911368318025567,-0.021044319191959995,0.5438320690790064,-0.10237174755674285
['The Beatles'],[754032],-0.7055813845120655,-0.3018420996308161,0.11635950892493997,-0.05329709208953361,0.12213356643961552,0.5333028598427291,0.025703957157920208
['The Beatles'],[754032],-1.1973890913817749,-0.45971576836156997,0.030011630168298286,0.39401324081407,-0.7933377473748057,0.6025534105272725,-0.23699922601876308
['The Beatles'],[754032],-1.2719375038436742,-0.3199354784977008,0.0031189183834826753,0.1579882388703231,0.18786457617058797,0.5614807865305287,-0.1609322987379504
['The Beatles'],[754032],-1.107364318655442,-0.34306461163046154,0.06403427116294282,0.34208194778834516,-0.6293018205349461,0.5458954503625011,-0.14638306469136422
['The Beatles'],[754032],-1.1737104879437255,-0.4559339050731146,0.11895920742569849,0.2673991371528422,-0.6096968647015762,0.746354832349127,-0.20010956518876416
['The Beatles'],[754032],-1.2964289717939284,-0.2942339411182125,0.14585643722686953,0.02687925016729394,0.1927343084493008,0.7563176792260858,-0.22670490304029048
['The Beatles'],[754032],-1.4040899194776861,-0.4609726758147852,0.023143117675021994,0.30580693827659977,-0.13558893157720056,0.6922165548500117,-0.25081563878587015
['The Beatles'],[754032],-1.1216260720825415,-0.5484783180590743,0.11841467833719183,0.08342111220933111,0.18976057179039138,0.6847046296911029,-0.1919107631827004
['The Beatles'],[754032],-1.1606746929526737,-0.33556843091582433,0.14773554616374918,0.06393803855182201,0.17945869050009597,0.6341554783585813,-0.1415522569673563
['The Beatles'],[754032],-0.9406419769760893,-0.279902869760133,0.18658375199638796,0.1423257272817946,-0.47957103871702333,0.5558750985089739,-0.19138924919288422
['The Beatles'],[754032],-0.8363425144524606,-0.04162362949202999,0.12290185967142772,0.05509401620007021,-0.41811608884841933,0.4848397220767382,-0.059303993452004274
['The Beatles'],[754032],-0.4144175855640502,-0.23166196228908903,0.16772942492632442,-0.1732005764875777,0.07823769266952732,0.44423184172155417,0.11214919588677501
['The Beatles'],[754032],-0.8369683435954862,-0.2687777042646432,0.09323371876621116,0.009507016522204365,0.1271151550290881,0.4324378439592351,-0.05965514026359177
['The Beatles'],[754032],-0.7725521918094006,-0.5047913623436613,0.15257993086348734,0.1709962055791256,-0.5644351584314009,0.6790067647744277,-0.008788254035521857
['The Beatles'],[754032],-0.9697863216561567,-0.44382395975705075,0.08041378973514969,0.1421494104049037,0.1631951772911372,0.5473910866507203,-0.10156814501429531
['The Beatles'],[754032],-1.1932152007024768,-0.36169948288926534,0.004746250905601901,0.36981397980919445,-0.5375053971745589,0.47072604086363984,-0.2126155441956715
['The Beatles'],[754032],-1.1134568529385789,-0.4585981473389348,0.03528592110634853,0.17693160518167184,0.17866651643477588,0.5517155182051061,-0.13937248277065006
['The Beatles'],[754032],-1.0972002866526491,-0.10550463865869329,0.08016622445089741,0.22013485411517622,-0.6634213133048712,0.43764809520773246,-0.23774721628200338
['The Beatles'],[754032],-0.8483972492449314,-0.016486609245967974,0.1597887604578782,0.05529270852925095,-0.41829299551473087,0.48143221513725476,-0.08295190889043506
['The Beatles'],[754032],-0.4084892148356327,-0.21124616860054185,0.1756435010144617,-0.1788132066592148,0.07598146716724469,0.4351714311514389,0.1166900570089116
['The Beatles'],[754032],-1.328572594089375,-0.187108128261725,0.1977113323104782,0.23832064146961543,0.2186818841511436,0.6050049096235811,-0.49581622360964167
['The Beatles'],[754032],-1.2743412869593067,-0.06252316024321775,-0.08054767888232947,0.06711045840334982,-0.6243361318433847,0.899999577896869,-0.06433917674327301
['The Beatles'],[754032],-0.8066182901865162,-0.3684168823842097,0.40734641658978327,-0.01736646137932514,-0.30094209748046835,0.7791553325195689,-0.13751907350797296
['The Beatles'],[754032],-0.9671456395984059,-0.43114196075535655,0.11300041959945487,0.23371625131561108,0.02119934328067558,0.64874545792459,-0.34467369691103905
['The Beatles'],[754032],-0.6690264320493522,-0.6103560823460575,0.16533784767414525,0.17626252415623014,-0.21949044182840888,0.4971560537620505,-0.10841075376793977
['The Beatles'],[754032],-1.1979867533093325,-0.35584512818110425,0.12703395881166382,0.25175477818381825,-0.3447724056473087,0.6704411143354453,-0.20784059608235267
['The Beatles'],[754032],-1.1857824680958,-0.37308728930471546,0.11362077385237931,0.26935188769627355,-0.44970915527192895,0.529531643804092,-0.3282034780422749
['The Beatles'],[754032],-1.0567326836431599,-0.2309791997063406,0.3583227827845079,0.07220877590664786,0.1557547142111482,0.4613492626696082,-0.3118058340534983
['The Beatles'],[754032],-1.3260464949273776,-0.29533802020885336,0.1249259997991255,0.2499320576900472,-0.16024550333660664,0.599058587407979,-0.26718030863152015
['The Beatles'],[754032],-1.0859351487621152,-0.4022302301268927,0.3477505594848519,0.16491550306576755,0.08694856583398629,0.5722467897652489,-0.30603011767292676
['The Beatles'],[754032],-0.8313158961479973,-0.07022980242617123,-0.052669282142483155,0.22378804874684818,-0.6530204602078223,0.6300392569632312,0.010570037225313671
['The Beatles'],[754032],-0.7925956420098833,-0.25530818551074874,0.0839317302917585,-0.001648616662197316,0.12444096409633015,0.4841419993108842,-0.003717966235653045
['The Beatles'],[754032],-0.5641138002549393,-0.18630731781018975,0.08595552361653097,-0.08415249829281267,-0.1756150498032676,0.4791855329504794,0.0804001238047569
['The Beatles'],[754032],-1.054011762659271,-0.1932604981108962,0.22060836436910178,0.23978807762549048,-0.297955807854091,0.3830135921578596,-0.28007092569322983
['The Beatles'],[754032],-0.8624171766985663,-0.26739324039803336,0.08392000332820033,0.01836519990893641,0.13014436197195092,0.4328884120115847,-0.06504207792287653
['The Beatles'],[754032],-1.3033518491408713,-0.16434438787532743,0.21550407581902378,0.2800479990335159,0.24140068594394082,0.6939931407965446,-0.6379567820079397
['The Beatles'],[754032],-1.3144900954109815,-0.23283835585400478,0.3333399610971944,0.17714222847376665,0.01098426258031041,0.6049379057390817,-0.35886290332932935
['The Beatles'],[754032],-1.1241288089725854,-0.36046531974634777,0.023927590195115908,0.33262453382393836,-0.6296414676648667,0.558592236899988,-0.138425105665427
['The Beatles'],[754032],-0.8527703109757075,-0.055048859301728925,0.2069057213586009,0.24314313053250428,-0.7724366567363434,0.42793461009461803,-0.0010625094111611168
['The Beatles'],[754032],-1.1839689198978767,-0.3428776292733619,0.0070283079868259275,0.363052198456053,-0.5404335772940277,0.4597372159908019,-0.20547878109264203
['The Beatles'],[754032],-0.756900105986381,-0.546825668509295,0.12916624805597732,0.06757024260946459,0.14502656813100132,0.5669020882414275,-0.07553088676370592
['The Beatles'],[754032],-1.1028570565864182,-0.10354850586615529,0.022966387907627818,0.23498369396130864,-0.6638809606825826,0.4166962207667552,-0.20442031166912034
['The Beatles'],[754032],-0.9087797286048221,-0.03780481962066364,0.21808705339452136,0.251108316493353,-0.7672434238035438,0.41735967346694214,-0.008328130107100309
['The Beatles'],[754032],-0.7658910693389733,-0.11916659309420438,0.13868890078831675,0.22526940030288023,-0.7774271927190017,0.44716512829097804,0.011337993468396552
['The Beatles'],[754032],-0.7008084863216122,-0.17976803034494174,0.06283193959776172,0.17939859014575915,-0.24808328390123005,0.29918959468582235,-0.016878321057363675
['The Beatles'],[754032],-1.1931472465117066,-0.2655423409044824,0.09238852264922526,0.09089404017676242,-0.44764520867414,0.7602624713840188,-0.21695998846149075
['The Beatles'],[754032],-0.9967618515705127,-0.7149368925245213,0.10465656122798124,0.36977767533443556,-0.6136934042878635,0.6656489914582614,-0.20682021260594013
['The Beatles'],[754032],-1.0026687978294222,-0.5045844701110603,0.3016131596326747,0.11738153427998849,-0.4441462388333762,0.8028593758819248,-0.27342304023376046
['The Beatles'],[754032],-0.6176181731690001,-0.2940623128530735,0.12934520886148904,-0.0338440881142404,-0.25060147985373027,0.5395771608444941,0.03718377077785107
['The Beatles'],[754032],-1.1035929847282528,-0.19556828371840154,-0.04541057835879755,0.26662087447639893,-0.7192703915890658,0.6866610396640274,-0.06927995428422336
['The Beatles'],[754032],-1.031813595056252,-0.15231514989268335,0.4779568975438999,0.10920282071973397,0.14890504141859434,0.41029591354290373,-0.31076749056870234
['The Beatles'],[754032],-0.6393096040682442,-0.16373561641624956,0.2708919026060061,-0.08617957928282441,-0.33315409136493923,0.7214784030204148,0.1593419444942831
['The Beatles'],[754032],-0.3299637687188795,-0.3927674839422929,0.26764471406177004,-0.05150444429136785,0.07796093159288861,0.33787056549715494,0.0819108500239239
['The Beatles'],[754032],-1.3060518010226674,-0.2345682411492095,0.2873634352966991,0.18101509777050215,0.009243404823741344,0.590865940186968,-0.32875446020793947
['The Beatles'],[754032],-0.46156535822158784,-0.29005724824294843,0.18834292846759654,-0.029952281607772635,-0.08960734647088758,0.3940744642570324,0.035456299849627365
['The Beatles'],[754032],-0.8894163694519371,-0.3066785980046586,0.08175219829987852,0.4868850559482347,-0.3070192666024924,0.657563149595099,-0.3694093567128348
['The Beatles'],[754032],-1.3694500985082354,-0.47810057412798324,0.00661028068899101,0.30781479406275847,-0.13742719521392405,0.6962147457622261,-0.23212496984925415
['The Beatles'],[754032],-0.9399044680247458,-0.36385878149036127,0.06286856053899081,0.3206123543275154,-0.8233024262263174,0.5774884330205377,-0.10384953480234954
['The Beatles'],[754032],-0.8692889710216877,-0.29513740124917753,-0.004079493238154732,0.1389557491306063,-0.04779191003518007,0.41103027884866156,-0.0642888549039037
['The Beatles'],[754032],-0.7876415532848244,-0.4031625066748702,0.11992465551108587,0.2503478131882349,-0.6647928945619186,0.5000304720282722,-0.05154093798688429
['The Beatles'],[754032],-0.9866303428736245,-0.5171362176796259,0.29249952315685585,0.20486095137481422,-0.18178973062724696,0.633431242869624,-0.23820152389382163
['The Beatles'],[754032],-1.0802801368333024,-0.2742162753879072,0.04501304528978782,0.21756289596865486,-0.19006095534616563,0.541531317083813,-0.15691710126947916
['The Beatles'],[754032],-1.2302178826151147,-0.6243344042046987,0.173456881301685,0.4348034865108034,-0.6671524124837234,0.7739288219005335,-0.3263768845832545
['The Beatles'],[754032],-1.0032393082457427,-0.19051765653423283,-0.0068225004879370185,0.26346503777219343,-0.6541970461085346,0.5236393239135795,-0.042478790956159716
['The Beatles'],[754032],-0.32389476115746674,-0.362683394740069,0.1813986256917317,-0.060669761022365716,-0.3746377448704944,0.44524239405250454,0.05686208267518168
['The Beatles'],[754032],-1.1708568561395687,-0.40728020843133217,0.0362870909425484,0.27181974955796934,-0.18216439121014152,0.45380141853824607,-0.24675205237648729
['The Beatles'],[754032],-0.5419702807624858,-0.3372659470202056,0.18941919063498622,0.15134503010952693,-0.7902557319309941,0.4695000896654089,-0.011008787147305897
['The Beatles'],[754032],-0.6314552768651893,-0.17069334784070966,0.24830091771027943,-0.028379030401774256,-0.6896279073571233,0.7639754246556293,0.15168801148984348
['The Beatles'],[754032],-0.4521457324516521,-0.2034567521647877,0.2669615368143339,-0.12418332630244629,-0.26171823814803596,0.605618813743086,0.11174046219350772
['The Beatles'],[754032],-1.086315183850449,-0.3190643232265684,0.1831348976552961,0.04999072247760603,-0.18695879541061863,0.7647224557766938,-0.2135753321736624
['The Beatles'],[754032],-0.9833485632164062,-0.14928588864487524,0.3619236280853078,0.12486803598726734,-0.03630864427866781,0.4496979216841468,-0.3121648214488019
['The Beatles'],[754032],-1.0162640832182546,-0.4165118099098039,0.11462788418793864,0.13167512957725674,0.1651952379359157,0.5130290790527103,-0.20344641248052506
['The Beatles'],[754032],-1.1641797287232056,0.061219421785248675,0.46277789757623555,-0.014207336954291688,-0.466841722921079,0.8216764417123894,-0.27449033939045503
['The Beatles'],[754032],-0.8074302186190938,-0.3559934836788873,0.04016289394025863,-0.06458703266798081,0.05103253927616217,0.7111815546795449,-0.033292972788937024
['The Beatles'],[754032],-0.8531629808120851,-0.3198916794487907,0.17466351841979502,0.14898008202605134,-0.48673934515607026,0.5591518920898071,-0.16910067630580183
['The Beatles'],[754032],-1.1678632297478302,-0.133361414668138,0.025364467737720255,0.16017163697209824,0.0769485309071878,0.4917810124012603,-0.06121812813233099
['The Beatles'],[754032],-0.5433427802459023,-0.3630282538434792,0.1759932603890843,-0.10928508577875565,0.10963890863262132,0.5630619327868145,0.05600426431099893
['The Beatles'],[754032],-1.3646465714454212,-0.3076701053032767,-0.03195401738727505,0.29901230637571397,-0.5988704356968526,0.7262015629971015,-0.21017385187353713
['The Beatles'],[754032],-0.3707915453524628,-0.5319976582536088,0.20446735385718737,0.017350044064001247,-0.26512985379294035,0.44520204761345944,-0.01973035354025504
['The Beatles'],[754032],-0.7779057879553941,-0.19709679742030692,0.040004020094613166,-0.006182637541675928,0.11706411606781546,0.45708563594193313,0.020503648310836755
['The Beatles'],[754032],-0.6723000217801638,-0.6556577835563583,0.15206316011627413,0.11100894410724069,0.056857468553289645,0.5564722258757107,-0.01096839119592369
['The Beatles'],[754032],-0.8341427088517201,0.01774153454964924,-0.0722208069645263,0.24072140208695944,-0.6424296309304292,0.6567817073494474,-0.06642523311377524
['The Beatles'],[754032],-1.056806210469639,-0.3578389815761367,0.20505479230749943,0.029411162250168627,0.17131935780120527,0.6557744599230119,-0.14151217417617631
['The Beatles'],[754032],-1.0519364997340714,-0.33159724761969867,0.550532391170757,0.1466610651503925,-0.45915117870703,0.6378844338138383,-0.4821001724609558
['The Beatles'],[754032],-0.7998200622481504,-0.33212431619096217,0.1517849109814773,0.23255257647239336,-0.7589515037203556,0.5018461565486912,-0.13445158009474995
['The Beatles'],[754032],-1.2027629989210236,-0.3177398921196378,0.042231512542864606,0.009306272243428981,0.18414258326814814,0.7512337624807466,-0.14570261731922482
['The Beatles'],[754032],-1.2112720866166988,-0.145258129150904,0.41359081138930387,0.11271893672859462,-0.4474234777950968,0.7618031519878855,-0.31587993118160856
['The Beatles'],[754032],-1.304438921776685,-0.2015555657434042,0.09625670984409947,0.01353504491432647,0.006966267230220817,0.7752517603246109,-0.2317552336513712
['The Beatles'],[754032],-0.9826971598102919,-0.03621820784822132,0.2831484479768696,0.08300099556719306,0.1330271017782118,0.3745446693864364,-0.1157145964351463
['The Beatles'],[754032],-0.7392249703169786,-0.16722001084669375,0.23158059408804232,0.21909471880610568,-0.7716432302509598,0.5014792598062664,0.0034598041203691724
['The Beatles'],[754032],-1.0788236181544273,-0.005522275142990754,0.2888143361230177,0.0984907378516014,0.14083129718748663,0.36242185595074844,-0.14044969818267916
['The Beatles'],[754032],-0.8267402054475548,-0.4768073537150215,0.14734828254491975,0.28644091740344124,-0.46812510218389747,0.6020818271506072,0.06144770445872691
['The Beatles'],[754032],-0.031711540404070086,-0.05692907510082364,0.01877529955114529,0.14008927267665575,-0.18365274254586406,0.8102081960265701,-0.43387189239326773
['The Beatles'],[754032],-1.0122425634705694,-0.36727354996554934,0.018446968512563614,0.2442280649505645,-0.28470120433651036,0.5090137507433246,-0.06850197039446826
['The Beatles'],[754032],-0.7612612642272243,-0.3173019494914715,0.17490303884870123,0.10840439252569363,0.14593050947433137,0.48509017989430236,-0.05939346971659626
['The Beatles'],[754032],-0.8924451421032896,-0.165335096246479,0.09088661823860958,0.023361894929785,0.12822648485698981,0.46045659823993407,-0.048831122136257156
['The Beatles'],[754032],-1.0456617623593423,-0.5115264306282628,0.0853154158501393,0.24621510788079987,-0.619980030713333,0.7415000483029464,-0.12346188514425636
['The Beatles'],[754032],-0.5686987347181327,-0.6363589642229173,0.32644151273601046,-0.04290763644068594,-0.2216789305320345,0.7711593478751267,-0.07394626135379961
['The Beatles'],[754032],-1.121358021183902,-0.4071616477190633,0.04400162481610571,0.27866906479014164,-0.3622379455989553,0.5174343616260646,-0.20270645976840315
['The Beatles'],[754032],-1.1045366918400836,-0.30985646572591297,0.2213530278432967,-0.01806228188922365,0.17367891811850558,0.7528441775615842,-0.15352568090240243
['The Beatles'],[754032],-1.2042030516860447,-0.3834192125607899,0.026277061339185493,0.1547107389256502,0.18751742796176396,0.586821242788611,-0.14244342462033968
['The Beatles'],[754032],-0.8808243678567839,-0.1316177374801832,-0.025599707530351495,0.020439544341456062,-0.4947978419500655,0.6783532483744772,0.07486716695041241
['The Beatles'],[754032],-0.9466046781280169,-0.2942875108282492,0.007998672609401567,0.03082440038429582,-0.2045543902185797,0.732315254791751,-0.0053493133652981655
['The Beatles'],[754032],-1.2966040769118754,-0.26856723133948857,0.05343211847136223,0.32327595400262926,-0.6123536165516129,0.6267571365380273,-0.21604683482916545
['The Beatles'],[754032],-0.9702133289056208,-0.4714456825194784,0.0907482354724317,0.2055856943116267,0.07153950403206139,0.45862638319801347,-0.15386573100089934
['The Beatles'],[754032],-1.0355412536115438,-0.5603044468585298,0.150831282301112,0.04603383928027233,0.18144673783252385,0.7009960528292417,-0.18270911783364072
['The Beatles'],[754032],-1.2017546948814088,-0.23973889120710207,0.323894904250634,0.1367454903568595,-0.4415406399924483,0.7869358324265622,-0.28027631375842416
['The Beatles'],[754032],-0.6234515478528664,-0.544258247191462,0.16110952369705625,0.0840659700149501,-0.3147895683314695,0.6149470644204466,-0.027430721597901768
['The Beatles'],[754032],-0.9610925390081496,-0.5120360500397801,0.0936532685178734,0.08195348509599061,-0.1886894942620073,0.6993352925079656,-0.11199592178200149
['The Beatles'],[754032],-0.6069211491209372,-0.20999405596380208,0.1152494486001237,0.03254676815868915,-0.615631799559468,0.48065668633569875,-0.04146339167966193
['The Beatles'],[754032],-0.9562051500454324,-0.20956661670158663,0.04998976588938245,0.3337133431801085,-0.6627353797917884,0.37344311027976806,-0.16046275493189743
['The Beatles'],[754032],-1.1433003228402505,0.0318132923661399,0.02861801688446866,0.11830790059727282,-0.5574912277436378,0.6545227143027144,-0.07897296189355683
['The Beatles'],[754032],-0.4536438650054566,-0.06782114481672415,0.11014718660594994,0.04881761713053949,-0.33339815342260937,0.5144175076522788,-0.062099399244930055
['The Beatles'],[754032],-1.135812441668229,-0.1949316418931045,0.20259009900374744,0.03423375529088478,-0.18381265077728312,0.7646021977105373,-0.1440232645992937
['The Beatles'],[754032],-0.7456654619033976,-0.3468978646037727,0.3212600051917236,0.040133341856503316,0.13053282686968612,0.48271654152820265,-0.11702273442653274
['The Beatles'],[754032],-1.1841668176676539,-0.530800976259235,0.145307485439028,0.238946698512845,0.19792662750556506,0.5633488949147802,-0.17488281237532002
['The Beatles'],[754032],-1.1265213617429788,-0.5274796304764288,0.12741012933297455,0.28208019632944,0.01444798449676325,0.6064507591480467,-0.14422121650463252
['The Beatles'],[754032],-1.1965024786494398,-0.5045456434518045,0.1879321202413253,0.26169790583639824,0.019733033388151598,0.621709078590478,-0.23914301925071826
['The Beatles'],[754032],-1.0114584707361067,0.04377924251788613,-0.02980929141950422,0.10975140674231101,-0.6716692261808777,0.5952446356230556,0.028847325736576716
['The Beatles'],[754032],-0.4668494605586973,-0.2534010927561229,0.10667640704831714,-0.10442854741106011,-0.1771340874481763,0.5319748915555588,0.0762142147650012
['The Beatles'],[754032],-1.1473476345046167,-0.3442889930596762,0.021056783736402174,0.23237438255508777,-0.18150220721629257,0.5640316768273468,-0.15228993697742713
['The Beatles'],[754032],-0.7455908628241344,-0.7429003495518507,0.19801524005576887,0.1267785670156798,0.15998211265570278,0.5951253398579746,-0.13180714106794958
['The Beatles'],[754032],-0.8458123171871614,-0.3710671606078259,0.43101661062615604,0.048342819218113835,0.056993137843610514,0.5574571069098202,-0.24117094132234712
['The Beatles'],[754032],-1.1907439927544972,-0.1891699520406186,0.19754309993964503,0.15734414143786726,0.08336479198211107,0.5431826873579249,-0.1836732911704146
['The Beatles'],[754032],-1.0686300999511187,-0.5825045270236974,0.25469819359420925,0.219304739246589,-0.611357939484638,0.7968164012588136,-0.26825495187272563
['The Beatles'],[754032],-1.0069180911435744,-0.6029554673379897,0.24051536067385526,0.16012695677662359,-0.4377533077074596,0.8149041474891223,-0.22639951064687605
['The Beatles'],[754032],-1.034907995235181,-0.2972746414092417,0.03640608703180225,0.12857512259738385,-0.026656376547127207,0.4955540866456028,-0.1694447653015846
['The Beatles'],[754032],-1.1795615165002362,-0.5685579419297124,0.17233315021500262,0.2999305282601704,-0.6003520836689542,0.7704969301331709,-0.26527257094714984
['The Beatles'],[754032],-0.7681194394577958,-0.5065557960826533,0.16954675507179143,0.26233179156005043,-0.4719892510982031,0.6174867938835245,0.06895957900236784
['The Beatles'],[754032],-0.8507367074542788,-0.022115616825520948,-0.03827775538747972,-0.09023158275729586,-0.059124129810174175,0.6214925324631944,0.11256232142990073
['The Beatles'],[754032],-0.46875646454420394,-0.21630817378420458,0.07380752094330334,0.31339387996065216,0.2161521622549333,0.6607384712633303,-0.4152691957667196
['The Beatles'],[754032],-0.6410112852579125,-0.008574179225954036,0.16292714359256186,0.10093043376185351,-0.2694517322539492,0.252798093885067,-0.038147903071936565
['The Beatles'],[754032],-0.3157988340008756,-0.3560966621649164,0.1868706448817361,-0.1947557031975196,0.07867541948265369,0.5280452864911614,0.11440108993134633
['The Beatles'],[754032],0.025159364842391233,-0.07965613665291829,0.01569333344787477,0.1359376820006923,-0.18474896436580282,0.8354988244633796,-0.43045268176195955
['The Beatles'],[754032],-1.3674584310017934,-0.4714506585870743,-0.001155854705207166,0.3079586321467711,-0.13848722236079544,0.6878814071200691,-0.2249026853448777
['The Beatles'],[754032],-1.112487059124973,-0.3892076489399224,0.2093550267961355,0.2699913588683733,-0.4506020455371205,0.5526051540002025,-0.2911474266009975
['The Beatles'],[754032],-1.0473820482663279,-0.5563304451996421,0.10241496793393334,0.10666415792464516,0.006744031386360532,0.7345285525105194,-0.1736016774276725
['The Beatles'],[754032],-1.0337632473250538,-0.46052076411182225,0.20739775451702017,0.1294427296569483,-0.44933505223620934,0.752735001573719,-0.22552182656386152
['The Byrds'],[631774],-0.9715616068952674,-0.4032615082499925,0.12106193683991204,0.11900052310691789,-0.4616478442694978,0.7291530768942186,-0.15244235458942781
['The Byrds'],[631774],-1.2272455098321922,-0.2600011827342572,0.013669421878129492,0.19984646577279075,-0.4474474764203514,0.6435134604795819,-0.19575497833618846
['The Byrds'],[631774],-0.7869295073710733,-0.2793695537577301,0.09105367384256705,0.5010895289547139,-0.5218424826702877,1.015537446796958,-0.8578394002397394
['The Byrds'],[631774],-0.5423061329472241,-0.14998637579934723,0.36972776118967005,-0.05803170537950129,-0.27053755093882664,0.425608760311821,-0.10648594904428124
['The Byrds'],[631774],-1.1362453889733382,-0.3571173621234018,0.06098750069493012,0.25065273871452737,-0.16642631259051802,0.6121681625442783,-0.2737276952839702
['The Byrds'],[631774],-0.7108477667307337,-0.42490999029258614,0.2984313784996535,0.012154575575121299,0.13273322487919464,0.5403709144645682,-0.08761581303291938
['The Byrds'],[631774],-0.9428967612880674,-0.5615785015807595,0.12450452037237582,0.21920326858328448,-0.6273086361988311,0.7614797258825075,-0.12204670000839102
['The Byrds'],[631774],-1.0102823176381983,-0.3497108472026171,0.015579567980973454,0.07749302521598947,-0.6383608838311831,0.8470774367043129,-0.0897396110101019
['The Byrds'],[631774],-0.8822598109667598,-0.48740104457544375,0.15630811026989344,0.13736302284846785,0.15692934535064829,0.510900005697171,-0.12811108031075666
['The Byrds'],[631774],-0.454092205010092,-0.2695150732049154,0.10597572506130022,-0.003740048064827112,-0.24310661296149402,0.6019755112569214,0.057446676724798904
['The Byrds'],[631774],-0.9821162550140468,-0.17820058450398282,0.4378065417408083,0.034167398807476296,0.1490867400478264,0.5693111112945406,-0.2763518196082597
['The Byrds'],[631774],-0.8220333838312621,-0.3853676555793108,0.43400602459273707,-0.01890861788481597,-0.026402883701699874,0.7143658969201204,-0.22328201915449827
['The Byrds'],[631774],-0.8932708872319827,-0.31345570951454205,0.23332863477518886,0.17670942106775667,-0.4723126393671459,0.6695283219899673,-0.1664753919959617
['The Byrds'],[631774],-1.1080910216215165,-0.37477053664686744,0.13278858016370518,0.13452825294912657,0.17562382725690584,0.5748225188042042,-0.19994185693329355
['The Byrds'],[631774],-1.2495565624386473,-0.28609464227998826,0.03392591325763155,0.2602188991457367,-0.622335365370076,0.6579661390693543,-0.23944589643147213
['The Byrds'],[631774],-1.3624371252079623,-0.2778153933579687,0.0907915586292933,0.25211081642276584,-0.6038548920285467,0.7455471289150775,-0.31552431159615757
['The Byrds'],[631774],-1.038436281161994,0.013683003773641789,0.17001205200160205,-0.022382422819240657,-0.03970362030096861,0.6007527451930327,-0.12233999189918753
['The Byrds'],[631774],-0.8845137790534376,-0.1070495077672859,0.1382092517293307,-0.08828122384629115,0.12469701298373502,0.5255646324005777,-0.07849833770865138
['The Byrds'],[631774],-1.1242770315050785,-0.30081858819168766,0.07474144065918369,0.2371862514106291,-0.6255519926568789,0.6870688542151603,-0.142851387036363
['The Byrds'],[631774],-0.8290541881619942,-0.07437640025526734,0.17386827892955775,0.07503283249305572,-0.24757345485932858,0.368178431534614,-0.11109939368116732
['The Byrds'],[631774],-0.7205566355545624,-0.5104533890129334,0.23023499311673618,0.10723248778866432,-0.5729704543874335,0.6802470787907013,-0.12807192854569116
['The Byrds'],[631774],-1.209113064163825,-0.46921742750180573,-0.01886576185420876,0.3171922452446191,-0.6981187669399036,0.7451727714678821,-0.18451451873081207
['The Byrds'],[631774],-1.2180862776646142,-0.3590810333867074,0.15739926599021736,0.16818347189569655,-0.16568373831353747,0.7230869883745696,-0.2362008172768452
['The Byrds'],[631774],-1.0693075410109605,0.16830506105267637,-0.012007305755778613,0.2958515397647356,-0.5299648447528648,1.1511107370604883,-0.7996851046685097
['The Byrds'],[631774],-1.194068774078813,-0.3572817400398582,0.1728330779525508,0.13595449160409506,0.007088061494312244,0.6827786751639267,-0.2683627779004076
['The Byrds'],[631774],-0.8042408940349115,-0.32549512299978123,0.3327075191394527,-0.007490437122986657,-0.04453092933598315,0.5818023723888756,-0.18773444412543322
['The Byrds'],[631774],-0.8621445145050048,-0.18619706098728744,0.17910678565426857,0.11532731697265591,-0.29322217373084597,0.5567349273824554,-0.3004718360749857
['The Byrds'],[631774],-0.8460368590031542,-0.48822398925121047,0.2320375114811207,0.19490985534934455,-0.6502180224769736,0.6359172113343731,-0.19781131585463907
['The Byrds'],[631774],-1.0641472897545834,-0.23111881616162824,0.03190458806221464,0.04478303650324519,-0.19448420497063268,0.7474054820756924,-0.09886025531720058
['The Byrds'],[631774],-0.888291713349678,-0.3657082023418103,0.08690040688309254,0.059922425425902086,-0.027200789199363574,0.5913790264801988,-0.10008737897861385
['The Byrds'],[631774],-0.9254923262175505,-0.2889465584381534,0.3458451930219734,0.032047766475400405,-0.21069550870019674,0.6330897243599264,-0.25814944528977163
['The Byrds'],[631774],-0.9607138019606238,-0.2762605127311352,0.21768876087976832,0.04153920393169557,-0.20568383565397405,0.6387651252106793,-0.18021804460450347
['The Byrds'],[631774],-0.7156899971612949,-0.5402309287284898,0.26945957060776665,0.06308819703956423,-0.3842956424654177,0.7417723295960439,-0.15937669509770733
['The Byrds'],[631774],-1.0801657752062752,-0.35868407299696375,0.41839839266575407,0.18953219996483606,-0.6251872433571052,0.7486765844408185,-0.428332739636159
['The Byrds'],[631774],-0.8049406906513138,-0.17713655458783217,0.25298386716048427,0.1629773389643322,-0.6839016485242766,0.46114280777049943,-0.17265085685394027
['The Byrds'],[631774],-1.1366179087292374,-0.32121662763937586,-0.021672609877869738,0.18890090720394875,-0.0035940747214845367,0.5582606854041635,-0.13992199098874938
['The Byrds'],[631774],-1.0167003004413249,-0.27373129498837917,0.03882427770739493,0.12163833700685238,0.1464977621972418,0.4245601963508877,-0.1850005306661402
['The Byrds'],[631774],-0.4106470509762714,-0.09705435754019451,0.1711771642671621,-0.15622091653326398,-0.1189720456624451,0.3234151313695977,0.04262177155785562
['The Byrds'],[631774],-1.0523292574583116,-0.3918198575085096,0.07593819954963282,0.20452388699265142,-0.1863609993617965,0.5978958365911585,-0.14545582992153536
['The Byrds'],[631774],-1.0320942138119469,-0.31226721535628127,0.14920348146998033,0.0531499374103704,-0.19698906836660876,0.6879580296938512,-0.2194951704938777
['The Byrds'],[631774],-1.0605531079678316,-0.2432918491785935,0.3045773274396947,0.230255038452233,-0.46968883090551944,0.4960323965349464,-0.3463218598839242
['The Byrds'],[631774],-0.7512048167466505,-0.43854587918694116,0.26517067377379433,0.06726905302459053,-0.02690077313205538,0.6115381920827936,-0.26194471334898733
['The Byrds'],[631774],-1.1847549800790431,-0.3337378631043584,0.35544515177288905,0.1802422001276543,-0.17247307744422274,0.6661078499023324,-0.35332863292409855
['The Byrds'],[631774],-0.610850603240342,-0.3986874600896929,0.13816493078539363,0.06274210785585288,-0.06207799859977101,0.4441181941328899,0.0009963618211929375
['The Byrds'],[631774],-0.6838713192750414,0.07191074776520298,0.042538589838565025,0.06298642615529247,-0.01301457097285194,0.13928438155440256,0.01731691151527795
['The Byrds'],[631774],-0.9222071493142597,-0.32188238510587014,-0.06878001776096575,0.4004295268947145,0.17913054484730973,0.8501107014764132,-0.7075269433913033
['The Byrds'],[631774],-0.9700786271330917,-0.4414441587012178,0.25737698483460036,0.1538003195613595,-0.020098231897793986,0.48521356592168335,-0.26172161046813003
['The Byrds'],[631774],-1.120232176812876,-0.3869363288482606,0.007845951161442459,0.24725128970597654,-0.6297121931889946,0.6724229844479719,-0.17256937350574722
['The Byrds'],[631774],-1.0827612919403784,-0.37122497877941835,0.0668445837728109,0.21011089469592534,-0.18525923866016025,0.5805829292532165,-0.14586358832934335
['The Byrds'],[631774],-1.1617846433575585,-0.27146306264840836,-0.007928838431214507,0.17313695551747976,-0.005030560214087765,0.5357642909981227,-0.13325846423227183
['The Byrds'],[631774],-0.8102911256317832,-0.28434615607919456,0.09648721119292543,0.16326179033578944,-0.49362259128425945,0.5134637014162614,-0.09190651345968484
['The Byrds'],[631774],-0.9359062719014408,-0.27318167964631507,-0.0252823385461866,0.23180020197890752,-0.6569082508717646,0.5909552638913004,-0.035539714406563054
['The Byrds'],[631774],-0.9930428887290392,-0.5676776517618713,0.0766159957660086,0.2217093132171722,-0.6222494220134456,0.7752365832163596,-0.1170602683048665
['The Byrds'],[631774],-0.8269183644367595,-0.39269762598628577,0.14514637792419444,0.1664339116705208,-0.21354127054771635,0.4945824087276018,-0.10671103432215805
['The Byrds'],[631774],-0.8651573403265927,-0.07016313158157328,0.024802500793505964,0.10025701826289825,-0.05501856518007628,0.3853506494137242,0.004207105121959119
['The Byrds'],[631774],-1.2074837959179507,-0.1378359345394771,0.18886096413440376,0.05001383441629467,-0.01078701283840364,0.6481513769489754,-0.23529277077202226
['The Byrds'],[631774],-1.143682163507341,-0.044834266002493926,-0.007494661382055779,0.13477073157619252,-0.648686030920629,0.6632787613002222,-0.13551132228603804
['The Byrds'],[631774],-0.8664637248308061,0.26147177869341653,-0.18722541208294494,0.2166999605019351,0.09993227510154097,0.5408666843095525,-0.40740159118516384
['The Byrds'],[631774],-0.7177109513797884,-0.36644625054291463,0.15508705375972073,0.16959124272088108,-0.5010400391671808,0.5188466843904814,-0.11483787035276781
['The Byrds'],[631774],-1.17818629819627,-0.2980293084713985,-0.0006373317954229418,0.17682521649850844,-0.0005427645239626539,0.5562306032631239,-0.15227467529545338
['The Byrds'],[631774],-0.8057783506341856,-0.3062459903481221,0.3267001395761839,-0.008692847968488631,-0.04618452048301033,0.5708613334066748,-0.1836755468966669
['The Byrds'],[631774],-1.0190480313506989,0.09989360966761514,0.251341860094088,0.17601409786162667,-0.6484792318827239,0.5989595029483091,-0.29698428930221593
['The Byrds'],[631774],-1.0203166842367188,-0.20945816196365086,0.45038842329583645,0.13411398057971283,-0.465942426319363,0.6992799084631337,-0.32378053658437894
['The Byrds'],[631774],-1.1765363920914105,-0.2870738006721285,-0.011886235737742935,0.1788609874994608,-0.0019060748842690434,0.5469359341328264,-0.14240750997506382
['The Byrds'],[631774],-1.367245164353621,-0.25293119160644073,0.13606242940617597,0.24381906049650381,-0.6048674491459852,0.7458376963619006,-0.33997598220447295
['The Byrds'],[631774],-1.1427369949337094,-0.48457143603375374,0.1849584413611848,0.26131072354613627,-0.43678988910783495,0.6712544229375417,-0.28921468714050713
['The Byrds'],[631774],-0.8306282512091583,-0.27169993802635867,0.23769080047245225,0.14116377188226753,-0.4905304776228296,0.5146998952182621,-0.16468121033609134
['The Byrds'],[631774],-1.0461344353273583,-0.38771109120233616,0.08030853874227672,0.20245645332839246,-0.18734430229814952,0.5943051125583919,-0.143118880815073
['The Byrds'],[631774],-0.8206146593774769,-0.33891108153798377,0.08937237261790963,0.11526516806953616,-0.22032606451420275,0.5189818672611496,-0.05823931991942435
['The Byrds'],[631774],-0.8809074364150988,-0.29742905701689293,0.12868472684742677,0.19360350214543737,-0.4918492927386695,0.46269868203313097,-0.13987667276327648
['The Byrds'],[631774],-0.6918043206907134,-0.534944658060524,0.15495075007298562,0.11652897582212782,0.13266501285153323,0.4049679018568795,-0.07047018892434885
['The Byrds'],[631774],-1.06445645174384,-0.15760976485822503,0.17101867010358138,0.08103481877252844,-0.027452274532282214,0.5174900537329072,-0.20139211597573842
['The Byrds'],[631774],-0.8147704671960989,-0.08451332395960766,0.17077631167202192,-0.18757505383634154,-0.05991020634166089,0.6919283432878425,-0.04466256902982066
['The Byrds'],[631774],-1.0888314631448297,-0.45702552160736815,0.14569201053619224,0.2697474773061106,-0.4442526482984984,0.6628675645718627,-0.2355502314304322
['The Byrds'],[631774],-0.6083065303037444,-0.28622644216809595,0.1619592655691443,0.2122847481215793,0.0607112769170271,0.9577028478432283,-0.7213092698712957
['The Byrds'],[631774],-1.1082170303053538,-0.4074744028140878,0.12511642193086409,0.22804227461768106,-0.625155814352112,0.7112173618576945,-0.22967430352853638
['The Byrds'],[631774],-1.1108200055274944,-0.37510248060373086,0.004107679868005941,0.2468683832314962,-0.6321496878103186,0.6591885405915057,-0.1643564632227168
['The Byrds'],[631774],-0.7437790153985814,-0.1565752997269935,0.29194325571671403,0.07304707566509233,-0.5041121834517766,0.5211476658891961,-0.07948563262634295
['The Byrds'],[631774],-0.49371201619095834,-0.2403850884937778,0.27469643246866604,-0.104735327929364,-0.08297270464875148,0.5055900762964747,-0.0710916935811752
['The Byrds'],[631774],-0.5393340906405214,0.03499677683041297,0.20555082449972417,0.282536404439524,0.04158251636847778,0.7498990548068897,-0.8145189764151952
['The Byrds'],[631774],-0.8242754377658199,-0.2881764647949341,0.10221397910526578,0.17142252328100804,-0.4912140660106131,0.5185257094406409,-0.10234842341355728
['The Byrds'],[631774],-0.9417839423558287,-0.27794181231583726,-0.011946375040699968,0.2328781453514774,-0.6555724966240065,0.5973368353068339,-0.04639785094362106
['The Byrds'],[631774],-0.8210987954656828,-0.2998443763392255,0.12003335700736299,0.11599269538466606,-0.4931329170720032,0.5495683049888831,-0.10037201612844696
['The Byrds'],[631774],-1.0347556140596812,-0.21905852088958164,-0.17443144580019454,0.6150178296672395,-0.6898559890330381,0.9856592375665395,-0.7522376655071874
['The Byrds'],[631774],-0.8168003647209829,-0.4391361923599782,0.3627674545349242,0.04478951633794965,-0.02856013685501533,0.6075920176621653,-0.1954866741164983
['The Byrds'],[631774],-0.7245179621921792,-0.6466339546694524,0.18382448707439045,0.10688842688672953,-0.0275098672154742,0.5872755639310594,-0.1163883927541427
['The Byrds'],[631774],-1.1139552340309082,-0.4633441954533812,0.014346030687422656,0.2529893707235384,-0.44225522688573904,0.6684099728503395,-0.1639115634157649
['The Byrds'],[631774],-1.2105105469713946,-0.11928210036558298,0.19789457826275608,0.04599801249915616,-0.011800679271982908,0.6430323877553907,-0.23975550199263013
['The Byrds'],[631774],-1.0304424807569184,-0.38928887295202663,0.20734119626383624,0.20921707985591947,-0.8103839112663872,0.75333638277996,-0.2235325003411641
['The Byrds'],[631774],-0.5677139586346692,-0.43004699017500353,0.19491713144863254,0.05650548764035592,-0.2412147149818477,0.5194419326170943,-0.03543669996445878
['The Byrds'],[631774],-0.9939056740903682,-0.602213319399352,0.08346778501501345,0.22565810712430032,-0.6188063807902041,0.7929865054768018,-0.12568647970041738
['The Byrds'],[631774],-0.7492814296992845,-0.3034415805021864,0.07473910810435137,0.1637622050971051,-0.4995462026364572,0.4681831672276479,-0.022355607253696837
['The Byrds'],[631774],-0.940392744637565,-0.4266900609864826,0.1714693704924528,0.10451431314293565,-0.02019233246046659,0.5931390661929602,-0.1538791217109611
['The Byrds'],[631774],-1.0879650965181666,-0.22637986009972594,-0.04318188696551408,0.04506757878279846,-0.002179323643767519,0.7689137565663248,-0.07487905333226498
['The Byrds'],[631774],-0.7924891271918477,-0.1631635024793122,0.0657303776744203,0.1485724204041737,-0.24768685734249477,0.3032113317377624,-0.08746551489866747
['The Byrds'],[631774],-1.1356016376073492,-0.33244277506104664,-0.010583568685094242,0.17925573713174336,-0.002732915484620662,0.5657349110512888,-0.13487679993621673
['The Byrds'],[631774],-0.5851619683609804,-0.0366547607004299,0.26141016751920587,0.012866136372129206,-0.7295041662694722,0.3814477729782728,-0.13623910607629203
['The Byrds'],[631774],-1.123321278287099,-0.43561367820606445,0.2279388266643629,0.272246235990499,-0.4410455202707855,0.6816457144021535,-0.29431230627212923
['The Byrds'],[631774],-0.9334849339101274,-0.2932230115605404,0.05518759412655137,0.19018956236854317,-0.4811196853716743,0.5160310851652322,-0.10175136149462909
['The Byrds'],[631774],-0.7811683862695319,-0.3831692308019735,0.2784111633469343,0.038900048660638196,-0.03625972162416606,0.5709937857593204,-0.2366858470723042
['The Byrds'],[631774],-0.6894114513968758,-0.2819725183924852,0.24553913673599756,0.02411004951985881,-0.24751222576442325,0.43436468190060606,-0.14596490891515168
['The Byrds'],[631774],-1.1258581239076504,-0.27352801931120624,0.13659106801711318,0.25354769987657155,-0.4568030715351728,0.5565057106011262,-0.19135381689854508
['The Byrds'],[631774],-1.14229431047578,-0.4457630693928383,0.060509443815261785,0.1813764918167423,0.0932677238940365,0.5846214738882928,-0.17295608172452373
['The Byrds'],[631774],-0.7827332549243432,-0.38435024247298644,0.08758069370721022,0.19235927261304805,-0.6694184638179927,0.5382039980613829,-0.09545480655029175
['The Byrds'],[631774],-1.0410500489677375,-0.26839009525378443,0.13074232593364102,0.14580840911740442,-0.18434296483902837,0.6220335753805268,-0.264614683658766
['The Byrds'],[631774],-0.8235649257700576,-0.5831755197732774,0.21011568548781812,0.0479998972956322,0.15818055979709075,0.6110909552783496,-0.11631784507741341
['The Byrds'],[631774],-0.8231636147781992,-0.5386672918657925,0.25315619356501556,0.06414062969690626,-0.2872766543798036,0.7433287084802584,-0.1405659454084531
['The Byrds'],[631774],-0.9001346058125294,-0.5430194675767291,0.14659809173099309,0.27835252165257773,-0.637697704817878,0.5960117605622474,-0.14285143235673947
['The Byrds'],[631774],-1.3491825877349921,-0.23911997787502862,0.13164846001308675,0.23828123400545748,-0.6078912118158458,0.7497993766244273,-0.3359737013880722
['The Byrds'],[631774],-0.9884989633814041,-0.3208480959677728,0.21115933341326515,0.041556142610117044,-0.19920511869362043,0.6700175712549787,-0.20064828263994267
['The Byrds'],[631774],-1.142733643606311,-0.03576727776087358,0.2291161805412337,0.16189611329841166,-0.027127635867281116,0.42348556386241776,-0.2118759680914616
['The Byrds'],[631774],-1.0294286100340957,-0.5224955645258381,0.21472387364906487,0.18895846442484088,-0.004142609029661553,0.5270163706577281,-0.29026059544139343
['The Byrds'],[631774],-0.9985655913548208,-0.20905749172209132,0.29482149361697163,0.11733782809952843,-0.035745404005736864,0.4538663399963862,-0.28504306169290966
['The Byrds'],[631774],-0.7727396535549336,-0.3397704533246359,0.27478704099162693,0.00902798786812114,0.12955792618935752,0.494763843771129,-0.13721685637744474
['The Byrds'],[631774],-0.9986780023666558,-0.3530838110038233,0.20738603064836295,0.04214178123431262,-0.0180788074009068,0.6351600530934891,-0.19524260466938095
['The Byrds'],[631774],-0.9603031664212152,-0.2135514999996558,0.11004355122913322,0.0009519154182882039,0.053506657082365384,0.5668168477740787,-0.0705887217025259
['The Byrds'],[631774],-1.247606498483729,-0.3074328031185201,0.06416558337426853,0.254434322709761,-0.16846927203911632,0.5790668684179039,-0.20515311021033758
['The Byrds'],[631774],-0.720331360084009,-0.3243028150218785,0.06882140847066869,0.17341730159362603,-0.24157835599825117,0.3484539334376049,-0.050235414056591994
['The Byrds'],[631774],-0.9604444568059302,-0.4588852827310747,0.15215940108680762,0.015000219075277989,-0.007014172386282884,0.752836185787387,-0.11605830991266051
['The Byrds'],[631774],-0.6866945986194309,-0.5124068233286099,0.2059925818940907,-0.01786343596776102,0.04445576994764425,0.5940248885724162,-0.058983249759905675
['The Byrds'],[631774],-0.7834092762934738,-0.33457340882069353,0.39875078335351727,0.014368706000348333,-0.48882233150357657,0.69228357356746,-0.2137856617564663
['The Byrds'],[631774],-0.5779388123224527,-0.41154780096707616,0.19252815614169375,0.03909302000062,-0.06644015377144112,0.424348130351868,-0.026077704717799577
['The Byrds'],[631774],-0.9205079019168098,-0.008640202246805066,0.04303837341137418,0.11648978619060463,-0.06422151911887657,0.2755023190041146,-0.0797250719874297
['The Byrds'],[631774],-0.9133675935838003,-0.20504748637166334,-0.014795062517961793,0.07167039147615585,-0.48552574148701505,0.663546224085272,-0.0011566814581203966
['The Byrds'],[631774],-0.7166360409051776,-0.08897032909582271,0.18953192925567797,-0.16833689663435897,0.10995225890353921,0.5790791764915167,0.036625602422271315
['The Byrds'],[631774],-0.7478323265699571,-0.28796524925252936,0.3198932060865488,0.03503164339297434,-0.49915241417041234,0.610198456787343,-0.16862212632776116
['The Byrds'],[631774],-0.7738727335417716,-0.25472225278951616,0.2705820530397201,0.07754271562648939,-0.6728294978067855,0.6667323706172329,-0.13613002601259336
['The Byrds'],[631774],-0.988353414107797,0.025459493898549766,-0.12647663627867103,0.4233594143780801,-0.5654716703440328,0.8019437521290874,-0.5786379950594684
['The Byrds'],[631774],-0.7540937694370197,-0.5623105826882279,0.3039835674745476,0.07250249610540643,-0.2098236900331183,0.6326157956781283,-0.1878204019944071
['The Byrds'],[631774],-0.8508876945081703,-0.5214297776022189,0.13978812021922363,0.11731006087562625,-0.021789137173805477,0.6111246168992054,-0.09478143632944884
['The Clash'],[75747],-1.1356835066435311,-0.3807391852883005,0.047400172433085815,0.17724713548898696,0.18363323999672862,0.562993397288403,-0.10826053889776281
['The Clash'],[75747],-1.3124452986621697,-0.07282528206615427,0.04021291170180632,0.2893267116855731,-0.797024072562642,0.6780640084619238,-0.15496568809688657
['The Clash'],[75747],-1.102600562152891,-0.2691379256449718,0.5003568998970479,0.355507417252048,-0.7903395282351819,0.8025262941737205,-0.1377219195943277
['The Clash'],[75747],-0.4411050019980543,-0.4750572720462968,0.18957062700486324,-0.04530875406787514,0.10871722617184479,0.5507234543067195,0.04081461914357861
['The Clash'],[75747],-1.3485960675241855,-0.2577547122824463,0.131602311025386,0.32495167600786135,-0.6010831759021492,0.7103183862488083,-0.1776625238284602
['The Clash'],[75747],-1.3026358278479777,-0.056765510442464556,-0.028105755802072842,0.22544196342717068,-0.2656479608487741,0.5448770468037117,-0.10077837682561473
['The Clash'],[75747],-1.2427234104499292,-0.20684452169606246,0.36757615784163256,0.32905063526466344,-0.7933905368435067,0.6435796541549943,-0.39483926593608
['The Clash'],[75747],-0.7545471732858954,-0.5450028387192403,0.3390271160983712,0.12109351278010928,0.07452671442281461,0.6001212856470263,-0.22426870921971473
['The Clash'],[75747],-1.0176195919878337,-0.37288355582555055,0.002164250505151436,0.49390180692362706,-0.06880279584446573,0.9651095954052364,-0.6748931043297115
['The Clash'],[75747],-1.2480939765995471,-0.16254625719322946,0.030400420983215316,0.42802562283918905,-0.6207427347955569,0.45218061027297596,-0.09193923487143335
['The Clash'],[75747],-1.1745641362337977,-0.13869128313580414,0.41871164431361807,0.13969332775345053,0.17932492431271782,0.5733086787940723,-0.2870154442170564
['The Clash'],[75747],-1.3439642568823154,0.02058429508418883,0.12933063139891296,0.05274084427272219,-0.0011391177583086921,0.6386769742830892,-0.19566796138672643
['The Clash'],[75747],-1.1260400710436398,-0.14980032438018615,-0.01305685622021519,0.2986107946205776,0.13223181313738666,0.6284409333537118,-0.45831435133955456
['The Clash'],[75747],-1.260976710737568,-0.15836993235401645,0.08510144679530117,0.23635213349918133,0.00806624926109256,0.49624652354469906,-0.22245809079719173
['The Clash'],[75747],-1.2015612415871855,-0.4449218068793515,0.15455579991800442,0.2950006359654924,-0.5979601152325292,0.8391017411436615,-0.14332737954277244
['The Clash'],[75747],-0.9240502266206497,-0.2314493123902592,0.12050471525420324,0.12831514067197766,-0.038271894058906325,0.3923741225901956,-0.10641419485307271
['The Clash'],[75747],-1.2114193630237484,-0.4078557325081354,0.25330058224352997,0.16565521700045954,0.10494354214319086,0.6547693201712314,-0.27432273944377916
['The Clash'],[75747],-1.1677995018225207,-0.4917128269735088,0.030276278143480346,0.2065603667123955,0.20396866955945533,0.6919674641516717,-0.1557867246731732
['The Clash'],[75747],-1.272723469500545,-0.07664339217051672,-0.004930716121947163,0.06549717772614806,0.17204256138766916,0.5658679697566427,-0.08952908243557411
['The Clash'],[75747],-0.2433064568837237,-0.4192796995617871,0.11225453969867051,0.3736782537837678,-0.7463082466965312,1.1643254966626009,-0.4823492193771066
['The Clash'],[75747],-1.3038914764342722,-0.39668641581567915,0.014247971008735072,0.42876917624173205,-0.7848793239008787,0.6070534177576905,-0.2737008472975192
['The Clash'],[75747],-0.8433861087159629,-0.20579803258903395,0.0734798125013805,0.2335156482266416,-0.8421517311140154,0.5970010861151241,0.010936564681684476
['The Clash'],[75747],-0.28619343721983426,0.006025105326229355,0.14090370111123188,0.1197290133898697,0.11681035154784823,0.877096876513695,-0.6229748334494583
['The Clash'],[75747],-0.46215194499394285,-0.5070575323006226,0.05255509022552982,0.40647538189412374,-0.7481306528288091,1.0636498393799867,-0.48722671330578576
['The Clash'],[75747],-0.7571695541198398,-0.3783394234007416,0.29055800509171636,-0.002911528061011207,0.14351540131240445,0.609467163892239,-0.07536426072574615
['The Clash'],[75747],-0.6573573961652989,-0.8105179878615197,0.23685548037072116,0.22904701964728058,-0.6209214029560263,0.9083295295787637,-0.08285087630725702
['The Clash'],[75747],-0.9146601401521595,-0.06627639872581416,0.35199038272553634,0.4486424552125436,-0.34288976136397836,1.0156178895414938,-0.9338992802379362
['The Clash'],[75747],-1.0574123968907527,-0.3956188632540012,0.07276543152817687,0.22077274954243917,0.17822121685462444,0.5052861925312828,-0.11228396711297586
['The Clash'],[75747],-1.1506622743333814,-0.36935424914505804,0.07396697280599439,0.2790735559844794,-0.7878591909371311,0.8701618827075879,-0.046416299694288496
['The Clash'],[75747],-1.191307268952134,-0.3038756789955501,0.40657297932788716,0.1463178180411368,0.19464407702746347,0.6926642045644678,-0.3088799181629034
['The Clash'],[75747],-0.41343606772205477,-0.3535137750958721,0.05211229975270894,0.18136913556442566,-0.13043090949581845,1.0411295781509158,-0.5884284637181989
['The Clash'],[75747],-0.573306641062163,-0.36860691227235104,-0.002083242581027931,0.49016131142300473,-0.5439494654034513,1.0567226602237207,-0.5744754661739442
['The Clash'],[75747],-0.6345420720427408,-0.49562914354768467,0.3971470502879177,-0.0013276243094972227,-0.03954524651887301,0.7368964691236193,0.05285924861434767
['The Clash'],[75747],-0.9505083041536484,-0.3874029358285166,0.5411837472682834,0.12270807702800271,-0.006542487602313179,0.6649237931624332,-0.31282341014033893
['The Clash'],[75747],-0.7649628697099102,0.17456841009156415,0.26336027759123015,0.15164978595968936,0.192185742769392,0.7056784611824988,-0.33552554494461867
['The Clash'],[75747],-1.2095304935588984,-0.3301107588505284,0.1998918460767837,0.18545490641057225,0.18644344226042006,0.541822974613437,-0.21717394283164798
['The Clash'],[75747],-1.187363421963924,-0.5180519677575902,0.1592275486570248,0.2795551713632566,-0.5988949833122915,0.8055426908112915,-0.23190756571605037
['The Clash'],[75747],-0.7543012065543995,-0.3293727750605258,0.31488459321000256,0.02579274243972943,-0.037001751979996035,0.5739853898691736,-0.19780340162442342
['The Clash'],[75747],-1.0681972487719384,-0.35142173027739076,0.030244810168847728,0.1979643432287325,0.1729735650659558,0.5101331890839594,-0.08052428373088705
['The Clash'],[75747],-1.1241997380761672,-0.4346724857110244,0.37242925746868594,0.3621647618936111,0.20282076442565655,0.4888287404041655,-0.3677885053049886
['The Clash'],[75747],-1.2674982006145543,0.0889384333478875,0.10655046605256514,0.21836704509952096,-0.5989847731025154,0.8269821956820185,-0.26599378732446216
['The Clash'],[75747],-0.6342245058809184,-0.04626683238042628,-0.070078139419028,0.31661376836019584,0.15685306853200745,0.8116797117710797,-0.5719613027369456
['The Clash'],[75747],-0.24467909929153872,-0.5022630273564185,0.06266651118985159,0.29827413710331524,-0.11929198930175454,1.0437458237163664,-0.5657396917476708
['The Clash'],[75747],-1.0231114856286827,-0.46235461375742415,0.06927449798353298,0.3766495886547699,0.17336826870093933,0.8733970677575323,-0.4412243856810166
['The Clash'],[75747],-0.298575756513531,-0.5446830737889391,0.09565093501269248,0.36381470096037427,-0.39962184278309154,1.0091247370485112,-0.4327299674715482
['The Clash'],[75747],-0.34630157834381564,-0.36882875705130475,0.13500849036006152,0.344544130321824,-0.20724457165578145,1.0141405621966757,-0.5034743896080839
['The Clash'],[75747],-0.40128883324069403,-0.35633854983666113,0.006685875396801894,0.37565879209437103,-0.38060516977916664,1.0093056298441074,-0.601697829276289
['The Clash'],[75747],-1.226185478141245,-0.4206523819894331,0.03884231297408658,0.20564863347552392,0.19618647995540114,0.5846913688555018,-0.14777228266115577
['The Clash'],[75747],-1.257273979827287,-0.5997482711306491,0.08427530226786807,0.3054830231661241,0.037784000416041914,0.6648154377516413,-0.22106685363118359
['The Clash'],[75747],-1.3871074452708934,-0.30453314721478614,0.12998118251056806,0.2704618304466922,-0.4151618934123123,0.7407947290633027,-0.2849710835721603
['The Clash'],[75747],-1.313569313180331,-0.41057717357351475,0.28302243786968634,0.2958637389648934,0.029062899690845457,0.5861617931905568,-0.29386151564773516
['The Clash'],[75747],-1.2885751578064863,-0.5131182676694126,0.19917524560792896,0.37139453934407307,-0.583599994477763,0.7539352008733914,-0.268074165264576
['The Clash'],[75747],-1.1116049469281724,-0.5359478079036698,0.05651184384462543,0.46107560315287405,-0.4276301263171253,0.5376485923168229,-0.15275546069144808
['The Clash'],[75747],-1.1507675871580874,-0.5114406892594513,0.08839555426479413,0.3004155522422979,-0.14226292860312306,0.7804487556974814,-0.13962867690893094
['The Clash'],[75747],-1.1476976512695103,0.35271590959142274,-0.11018209248816128,0.14265621200656306,0.07694095866230886,0.9931232847118642,-0.654721126344383
['The Clash'],[75747],-1.1798714664086407,-0.43172209757120417,0.05153331802773306,0.2405152552143246,-0.1586868689495015,0.7210766870017816,-0.13380374451439447
['The Clash'],[75747],-1.118759156434477,-0.42821620964366086,0.04494898055950637,0.4433207282783022,-0.42214414262455663,0.5719022292358802,-0.24527937158688867
['The Clash'],[75747],-1.058739363999996,-0.23136786285052705,0.1692671567423217,0.14881869756639565,-0.010196072620321866,0.5782630101532552,-0.17775866334318474
['The Clash'],[75747],-1.2565627355126783,-0.550550546072082,0.014729498215755563,0.3393428810261611,0.21650190219493817,0.5606807249145541,-0.15809004118056214
['The Clash'],[75747],-1.2600604917900333,-0.34813877938028764,0.053327774704938706,0.31730258523094745,-0.347996100236432,0.5353908189332076,-0.2403502419885795
['The Clash'],[75747],-1.165518344256712,-0.4007359632750746,0.005725451198352746,0.3645609028325632,-0.352367002430546,0.500896417137635,-0.16037993786236732
['The Clash'],[75747],-1.3170719101688955,-0.32311342329267057,0.05234615630294152,0.33663772336123576,-0.7773315490417563,0.7587777890890518,-0.20752413338658623
['The Clash'],[75747],-1.288417271814094,-0.38653660902443365,0.057892998263069546,0.22600736272643943,0.2037887885903595,0.590954061578229,-0.174909290461038
['The Clash'],[75747],-1.1856792724422096,-0.25051698986201226,0.15695135173672276,0.3044139601991246,-0.08739559835677553,0.410511115149641,-0.14598660875772704
['The Clash'],[75747],-1.307502259778522,-0.026873899168762164,-0.1160263398339392,0.12910497501813514,-0.6246811665115478,0.7792791191456747,-0.06650998794752266
['The Clash'],[75747],-1.320950806928953,-0.32516432356153385,0.05115533628862062,0.27338667991469007,-0.42523975548571075,0.7071930940972007,-0.16077583141099977
['The Clash'],[75747],-1.3895292980432052,-0.28670789904206057,-0.07345139768150266,0.19208471008468592,-0.5955286129489205,0.9022451348904975,-0.15202988948070134
['The Clash'],[75747],-1.3170937811583356,-0.00911653734172257,-0.03353718686066538,0.07112867333150255,-0.18037642739458445,0.6944351726324515,-0.10118169466614316
['The Clash'],[75747],-1.285967760660329,-0.42385049141745834,0.20246150132390608,0.23168981065330957,0.031649584124805764,0.7113327827547582,-0.22288841845936702
['The Clash'],[75747],-1.248380016269073,-0.4001092585610508,0.027472018087963204,0.21595482985196138,0.19653373878043542,0.5694754382736248,-0.14699063471541723
['The Clash'],[75747],-1.3953695415289535,-0.3220686511991502,-0.013582855088642959,0.29518617574812506,-0.5949602412852769,0.7573346466268992,-0.20758675389876652
['The Clash'],[75747],-1.2596517897582507,-0.614093116132986,0.06008186780772973,0.3105199996313871,0.03880426872449327,0.6624910975165578,-0.20778885472938208
['The Clash'],[75747],-1.1641263869260743,-0.42754652690584055,0.009025122760766826,0.24625495246030515,-0.1629287125306178,0.6956452318956049,-0.09476546819414881
['The Clash'],[75747],-1.1335538027411016,-0.43151164639285955,0.078621504794508,0.4205015632326371,-0.43289773124057707,0.5357106334390455,-0.19209469109553845
['The Clash'],[75747],-1.2974803677256597,-0.31686879882920976,0.03293661236806629,0.3119037743141029,-0.6027775034234759,0.7165036649103883,-0.17828458501205216
['The Clash'],[75747],-1.1998129603672587,-0.3778072779416482,0.06938040014998413,0.35599208246915287,-0.3498135422416029,0.5085770388908208,-0.2127048336558531
['The Clash'],[75747],-1.2652561007263232,-0.2838858867645031,0.017392445020030886,0.2021095206126579,-0.16549228064363503,0.6728064026945946,-0.11443213006187063
['The Clash'],[75747],-1.2686076252956846,-0.23059279529175014,0.02438463745876229,0.23612786361181679,-0.4360477225128022,0.6668067887304641,-0.13702266098649118
['The Clash'],[75747],-1.3429271280355266,0.044277196932467046,0.141261746214916,0.17949222659142755,-0.6277319348262823,0.6723223210523874,-0.20271164483486445
['The Clash'],[75747],-1.3202628973517243,-0.20067827285080334,0.25308102511777075,0.29306100272381297,-0.43653208284287554,0.5679746622032491,-0.33327264665073103
['The Clash'],[75747],-1.2942563914141565,-0.3979893845171348,0.1710967168844914,0.375013176213597,-0.7703754881540208,0.7989955272695183,-0.2117538447474996
['The Clash'],[75747],-1.0222688826469095,-0.2145585774539177,0.24633280842082686,0.2477141806077468,-0.6444374833758844,0.6354624484742617,-0.16771675339717595
['The Clash'],[75747],-1.309877306236151,-0.38521541134962,0.06267241686207844,0.23303697332052625,0.20620431545575008,0.5950832919477532,-0.18459996087338312
['The Clash'],[75747],-1.392797069597963,-0.3235891772174635,0.011424418623610797,0.29233917497619216,-0.595211298382003,0.7627459037696056,-0.21778933564396538
['The Clash'],[75747],-1.3081949758830849,-0.3095641626660738,0.06520162807138158,0.2764778714512802,0.19472184556074068,0.43883459835136046,-0.24095443776142655
['The Clash'],[75747],-1.108371998947761,-0.40933368185696994,-0.0031923694133932498,0.35023855036037926,-0.6150979869039553,0.6627781348585923,-0.06430073379909132
['The Clash'],[75747],-1.3282519951276897,-0.41878149767154393,0.3037227809484261,0.2943185375146204,0.03187507512252756,0.6010899223542491,-0.3170132675773898
['The Clash'],[75747],-1.3585474059019484,-0.2793048219796229,0.053027329631369094,0.26060853238939574,-0.5959511074706924,0.8387450990200076,-0.10701172703229485
['The Clash'],[75747],-1.2128704314735497,0.1569339839246396,0.09747985294015078,0.06962655738443733,-0.03335040875007302,0.47623535878926937,0.0087522244880295
['The Clash'],[75747],-1.3452446578047002,-0.29127570872984965,0.20067228558711656,0.3133992854765411,-0.426244421122509,0.607954628475968,-0.33445905938218995
['The Clash'],[75747],-1.2910910134608538,-0.4039146880128665,0.09153594787078732,0.3521677615239463,-0.49581543502582787,0.8196828424401237,-0.11907875767367428
['The Clash'],[75747],-1.0314159075232034,-0.22273921851131392,0.1706528516372525,0.26391542247932787,-0.6441327245072489,0.6132583236483181,-0.12154076063358495
['The Clash'],[75747],-1.3005725769386138,-0.20042451962197144,0.39312810342064297,0.07189675446627532,0.19099784158641916,0.690128987678853,-0.3809995466774488
['The Clash'],[75747],-1.0639523391405052,-0.20158059262944056,0.007356365104960827,0.08290008904435772,0.15807343940806606,0.5069524884926696,-0.04214516277496854
['The Clash'],[75747],-1.3497049268130166,-0.2053187650120617,-0.026618327438481953,0.20708942195200644,-0.15944659185337068,0.6630707275935842,-0.14756848605126058
['The Clash'],[75747],-1.2410057947617168,-0.37220806173241505,0.21313388049185353,0.24479500734992138,0.20051720008282228,0.5962327027719098,-0.15348606528916828
['The Clash'],[75747],-1.3738914066359242,-0.3247821215095894,0.02676997586185874,0.1927511553332262,0.027572423603167688,0.6817535458560301,-0.20702157293693524
['The Clash'],[75747],-1.3799359611527766,-0.08038842195435536,0.2764719304824474,0.28712019351655954,-0.7834176988251318,0.7375910296679138,-0.30936283627338323
['The Clash'],[75747],-1.3375098623402575,-0.305205518103938,0.09557258764918353,0.3444413067018027,-0.7762974696548645,0.7552305592946804,-0.22898373059188945
['The Clash'],[75747],-1.34045098430676,-0.28169541898781103,0.0919231892389836,0.25389830368010463,-0.3363690075843047,0.6819857463040675,-0.243099632019498
['The Clash'],[75747],-1.253928939024306,-0.3047946063634287,0.13820495903049468,0.11592045035478352,0.19055247652431945,0.6609333200737794,-0.2306554529164793
['The Clash'],[75747],-1.3115454787227903,-0.3228433988756275,0.06978868068948249,0.34642088936042276,-0.7778225993080565,0.7526409664232814,-0.2093370892896465
['The Clash'],[75747],-1.3255264820591521,-0.3103751121437128,0.2190348243581183,0.1865788303085332,-0.42273450047216854,0.8340277106241151,-0.2653738041509159
['The Clash'],[75747],-1.3032437420325178,-0.3034459218902008,0.2177251643747334,0.1836169289615315,-0.4260425862801157,0.8258067477234354,-0.25302367824122285
['The Clash'],[75747],-1.114935877115976,-0.13714433050000865,-0.02460004333967102,0.10776635650302704,0.1576074909545911,0.46749857824310104,-0.033798730120716644
['The Clash'],[75747],-1.3865838993919757,-0.5903499097442384,0.009040442963716661,0.37162049826016574,0.2369236983371295,0.6184812416781661,-0.21815689008054023
['The Clash'],[75747],-1.2251404591374857,-0.47576915859634783,0.06239691118211902,0.339265630069241,0.018537300233644444,0.4895023662621614,-0.22355521898546116
['The Clash'],[75747],-1.3297473388295369,-0.5807504475172013,6.478210905003024e-05,0.48158739239889053,-0.7502236356334542,0.7719132439519606,-0.2073269099901518
['The Clash'],[75747],-1.2309570102194332,-0.21152213258533079,0.0710325539230497,0.10133381729841,0.17592681840245372,0.5850940422239297,-0.12994510393358333
['The Clash'],[75747],-1.3311100846084445,-0.2840000122572284,0.05949051424071301,0.2612308418867455,-0.3380112546642737,0.6673888356855867,-0.2133241699588109
['The Clash'],[75747],-1.2416279164667705,-0.4329404531587665,0.000985402911325101,0.31529463217903364,-0.42428640522863503,0.6888808668498265,-0.1884959365967748
['The Clash'],[75747],-1.26692667124965,-0.4015402762191969,0.10859533646474485,0.23865733883704296,0.12340346772080638,0.729921721399442,-0.10789326719829313
['The Clash'],[75747],-1.185088369002978,-0.4579511515283956,0.007440491014315769,0.30944906999964733,-0.4280181731360455,0.698487954996429,-0.17117500014214224
['The Clash'],[75747],-1.2007753533179573,-0.49918910114286547,0.10895253627307985,0.2942917920762876,0.024184913735425282,0.595178304707568,-0.14269229606658695
['The Clash'],[75747],-1.3158794214569738,-0.10954942674637379,0.08131239562695597,0.15904905457161972,-0.8005747013339467,0.8281077732813634,-0.21509873771472163
['The Clash'],[75747],-1.336857373004914,-0.13579486374593297,0.027197663604450233,0.08587809188183486,0.006762881427916038,0.6853970918486451,-0.15822417925598936
['The Clash'],[75747],-1.2731476032295197,-0.24073553791996583,0.09397177324352811,0.19872078213576064,-0.6129065730920685,0.8059821443427164,-0.22519433662859892
['The Clash'],[75747],-1.3292289272885325,-0.1327119209370351,-0.0002486372095615586,0.16518619975195445,-0.43861835227560153,0.7187144176010434,-0.1677806435584696
['The Clash'],[75747],-1.3842700969227586,-0.16807766391778545,0.24120540132088938,0.2802841067854661,-0.7832430292958138,0.7542076373648939,-0.33515011400003547
['The Clash'],[75747],-1.3877655822562038,-0.14710985830070009,0.23190917333151756,0.2897617180338283,-0.7849288247026789,0.7327888990375738,-0.3171545033310023
['The Clash'],[75747],-1.2970103786575602,-0.5706849389241999,0.07916998641569674,0.2645161548033687,0.22726643426274312,0.732464042733417,-0.15560181692754285
['The Clash'],[75747],-0.9716095495282303,-0.5454777648555365,0.1308443183971231,0.2646537735992201,-0.1806268774867971,0.5451701954873011,-0.16977668128443163
['The Clash'],[75747],-1.1406707403988172,-0.6048850378740241,0.10553362989900486,0.33154163667547815,-0.7766224725790896,0.8192982011257569,-0.20184144155381212
['The Clash'],[75747],-0.6847818904494646,-0.024683235837881384,-0.027563084274999657,0.05653309427212863,-0.002089031788473074,0.8184718651385553,-0.1476261054906207
['The Clash'],[75747],-1.039907712243193,-0.45619007342141316,0.2519990038640566,0.30486521600007566,-0.5374225685570712,0.6062431086161664,-0.3144955142005946
['The Clash'],[75747],-1.2420845760423327,-0.29225285178537097,0.11658167981411557,0.1994541717687317,0.17954913178153817,0.45778477646391746,-0.2184888504005779
['The Clash'],[75747],-1.250802619013455,-0.3594069673826578,0.1583687340263882,0.24453096970700677,0.004895525782400746,0.4909541170817849,-0.32030612061705926
['The Clash'],[75747],-0.6449271315343291,-0.3541035043588056,0.22376504274442174,0.05957952162492081,-0.4973192406229904,0.6349732235676233,0.013987735246282327
['The Clash'],[75747],-1.3247463074966221,-0.03799680337392544,0.17688403642108239,0.27784765494243635,-0.6242941452930802,0.5882043085845513,-0.21855254547944325
['The Clash'],[75747],-1.2378351972171493,-0.5465527819035989,0.1410190922745117,0.27600071853433683,0.03339298528946012,0.6933998961808678,-0.2337666224143399
['The Clash'],[75747],-1.1786990969545608,-0.35510528230191457,0.23245580701329369,0.24531417493923305,-0.26353275737039367,0.5695197102764995,-0.2696304382170601
"['The Crusaders', 'B.B. King']","[136075, 59156]",-0.9473388418613744,-0.21025207061647594,0.6693434875946809,0.17384593826047448,-0.2705798972538058,0.6313287821410473,-0.4943487249617726
"['The Cure', 'Paul Oakenfold']","[137390, 749222]",-1.0586785811222967,-0.39583569424099163,-0.03342206598597644,0.5826321618875047,-0.7522677108571666,0.6856020218696055,-0.3537361793879677
"['The Cure', 'Paul Oakenfold']","[137390, 749222]",-1.1744350118740945,-0.47111922418855523,0.009646655778585063,0.5088848397818448,-0.7716668884108757,0.6263448229395482,-0.2618985276401272
"['The Cure', 'Robert Smith']","[137390, 1033109]",-1.0548970323362956,-0.28743071968186634,-0.08664522557014018,0.6213110496324933,-0.5408197542726555,0.7487873957951046,-0.5253629421854992
['The Cure'],[137390],-1.293018086811692,-0.33000255169960163,0.10268050492039872,0.29943799752441325,-0.32578712315056446,0.7687521593902562,-0.0462538543647383
['The Cure'],[137390],-1.1809584893047456,-0.2857787088559214,0.2613470028975958,0.4608095514491058,-0.6270961657040435,0.47430527481920515,-0.11169205984902848
['The Cure'],[137390],-0.9150049143815213,-0.39329462069110355,0.3983682438238932,0.0979216893829613,0.1674309644011179,0.7389846510994832,0.10431959126919596
['The Cure'],[137390],0.00982959093775332,-0.06597905113923226,-0.006378517151685556,0.01638384271193145,-0.011899293800936678,0.9223648092758855,-0.2999477885294754
['The Cure'],[137390],-1.1076546064222328,-0.39418213312239675,-0.014999451540582133,0.43379035758563833,-0.7948076298654113,0.6027365451749495,-0.11959514577178684
['The Cure'],[137390],-1.0490453263651167,-0.5216944221444993,0.11747862236034409,0.31922519030408475,-0.7930129971696128,0.7308216838484846,-0.16335361771484883
['The Cure'],[137390],-1.2788741348339234,-0.544223702060794,0.030373094925295323,0.40784315414796374,-0.5893093313799377,0.6626182574635237,-0.22092652752292719
['The Cure'],[137390],-0.9455557878789862,-0.3326864101090851,0.17496331687726027,0.11092421497846884,-0.02847895241108924,0.48505378147225336,-0.17004369508617306
['The Cure'],[137390],-0.9303261073129905,0.02408202988906399,-0.15430847938852474,0.44635362209951945,-0.5467646994075323,0.9189990923821139,-0.5176917986677961
['The Cure'],[137390],-0.7526056260253873,-0.2139371929319594,0.08657754996408958,0.27454060717536755,-0.4809761814848047,0.40404542733462795,-0.06634051594633979
['The Cure'],[137390],-0.8029659058193288,-0.27159618079355624,0.00817647483182619,0.37893045881982446,-0.5503390505255749,1.0027176846891306,-0.5914548560704262
['The Cure'],[137390],-1.345871464145395,-0.17804974994376527,-0.027844140687486238,0.2626663321274445,-0.7885045864818185,0.7660172820383365,-0.13362130534532615
['The Cure'],[137390],-1.132877804482017,-0.5167896898211047,0.14557595706762796,0.3208367694139012,-0.7834770013204728,0.763612280015335,-0.2063629463889512
['The Cure'],[137390],-0.3927817112124819,-0.13817883111398216,0.1910027928265316,0.25641941217123654,0.11980463003588376,0.8116418113981085,-0.5786914305652731
['The Cure'],[137390],-1.2145809302409152,0.09743677678177469,0.1278385601169104,0.04550867184302673,0.06409102238010611,0.5254707639371704,-0.06324755577635868
['The Cure'],[137390],-0.536129288919984,0.07699101909705121,-0.07735373544442779,0.537409867601822,-0.5791846940890031,0.7030444691237143,-0.6072601243631187
['The Cure'],[137390],-1.2917759805102396,-0.4725334267901983,0.0631245505051721,0.5107502413126058,-0.7722836740687922,0.5880947067596244,-0.2945351078542687
['The Cure'],[137390],-0.9348376850036823,-0.4607138069524285,-0.08904136912460352,0.6691264916133105,-0.5091915386324314,0.9560720845558219,-0.6291069345103782
['The Cure'],[137390],-1.3065241186351253,-0.2648833629726369,0.07275264373513018,0.3225466894137091,-0.3397899701605532,0.5620596041736392,-0.2246827713696283
['The Cure'],[137390],-1.172839856472412,-0.5154783108685242,0.024936363088399298,0.33433968268916897,0.193246576404309,0.4345466811720315,-0.16904818685173126
['The Cure'],[137390],-1.2761900754134536,-0.2717873278788275,0.19738823239820896,0.2018149435092528,0.1893058731215646,0.4841399957942201,-0.24231065297400511
['The Cure'],[137390],-1.0873386319095253,0.02499057407159687,-0.10765441818456946,0.16624430431192924,-0.8397894265253728,0.5998330951407037,-0.028341435918538188
['The Cure'],[137390],-1.1138675653261523,-0.12924412644563624,0.17742243404528013,0.18647386858138454,0.1453983247950758,0.2565075247110077,-0.18929895153452495
['The Cure'],[137390],-1.3688751217382054,-0.13130631723269987,-0.005539482408154998,0.08308524547975833,0.18690161143337505,0.6303905025683496,-0.12270163618864076
['The Cure'],[137390],-1.3928400130860836,-0.32483952202549154,0.004447780820105694,0.29899115981316526,-0.6807896829062517,0.7962036213783334,-0.20629038752099166
['The Cure'],[137390],-1.169059114386669,-0.40602075773722884,0.025964945160948844,0.28945975582704186,0.1994775181200458,0.5266428776022439,-0.15408556027795672
['The Cure'],[137390],-0.5829067149343177,-0.056543420572029504,-0.14264449938192922,0.5646006034011753,-0.5500760871770672,0.8363632452631362,-0.6240901346354635
['The Cure'],[137390],-1.1076546064222328,-0.39418213312239675,-0.014999451540582133,0.43379035758563833,-0.7948076298654113,0.6027365451749495,-0.11959514577178684
['The Cure'],[137390],-1.0244073566426966,0.04293594034832232,0.021999344128118735,0.09137895959795056,-0.30506093834592535,0.5495868836224771,-0.04351017067279137
['The Cure'],[137390],-0.9256024870625538,-0.026114085865856087,-0.08913115783299938,0.32898843111060466,-0.5483553767849965,1.1247938485915216,-0.37710846618652244
['The Cure'],[137390],-1.0478429152403954,0.19777675203488332,-0.14351695599769404,0.39802242860503784,-0.40827360382841743,0.6153934530588816,-0.39606833343884634
['The Cure'],[137390],-1.0744014676573876,-0.4662634398008436,0.06852565693561975,0.27844277737589923,-0.41082110105605374,0.8037896467392555,-0.2938530739761895
['The Cure'],[137390],-1.1065721942187263,0.051238126585467905,-0.09859508574690301,0.34152763526006313,0.07029608249033513,0.7504982687767154,-0.5274168986774801
['The Cure'],[137390],-0.9984108551002483,-0.10133870586565075,-0.11357697317860982,0.3470690923505936,-0.11338019481792076,0.8073399550852529,-0.4724649935169634
['The Cure'],[137390],-1.3722519223523295,-0.4826205010064875,0.028860275019440662,0.3514840789944404,0.03896551282526838,0.5449895147926419,-0.23241631251101497
['The Cure'],[137390],-0.7744706848821903,-0.22232331109388284,0.13143059534224313,0.23677904931263571,-0.3214543404185246,0.31900485532683526,-0.0747650678678567
['The Cure'],[137390],-0.7663118290614209,-0.22135288133696204,0.09634889793952507,0.13784307276859029,-0.41331756603708797,0.43313212240562016,-0.04731462756675591
['The Cure'],[137390],-1.3180225490402713,-0.012190009759026803,0.27828890286335684,0.2481158852717123,-0.6248394285044926,0.5949894794877592,-0.3496323601659588
['The Cure'],[137390],-1.1452909589016549,-0.22475049670493502,-0.024372052273944383,0.2681132633856086,-0.8053740834331351,0.7164298359043224,-0.02485001548763018
['The Cure'],[137390],-0.011100022944261894,-0.04673615479560124,0.11131913615197044,0.15721779363599953,-0.37183473583564075,0.8129956527747498,-0.48139236041665484
['The Cure'],[137390],-0.9348376850036823,-0.4607138069524285,-0.08904136912460352,0.6691264916133105,-0.5091915386324314,0.9560720845558219,-0.6291069345103782
['The Cure'],[137390],-0.9256024870625538,-0.026114085865856087,-0.08913115783299938,0.32898843111060466,-0.5483553767849965,1.1247938485915216,-0.37710846618652244
['The Cure'],[137390],-1.1852614982086174,0.24444261388835103,0.07145695324781222,0.012962441852009454,0.1418586995641577,0.4155865896880869,-0.06556184783137538
['The Cure'],[137390],-0.5615579606831264,0.058162980089721546,-0.06187240762793257,0.2019280665912278,-0.26569254113610263,0.7494763555429403,-0.3036183155614172
['The Cure'],[137390],-1.05565691081012,-0.009003282266504056,-0.11490305317515052,0.2645560004964403,0.2207667054905388,0.638473036271246,-0.3324543160736281
['The Cure'],[137390],-0.8207492661033834,-0.3268384500713978,-0.012098810958995385,0.20983964656328338,0.23807870984762072,0.9007928997328264,-0.37720703944642014
['The Cure'],[137390],-1.0815599937134375,0.06920595313331757,0.27203671260426293,0.26750331344490585,-0.08402387704088592,1.0597646563035914,-0.8550832063430223
['The Cure'],[137390],-1.0008164617015,-0.1989405176076771,0.05964621551104849,0.10757444449300843,0.16153814707494996,0.5820409921707769,0.0472481826969399
['The Cure'],[137390],-0.998842855315748,-0.2841053924571455,0.10691219342405757,0.3488377118620612,0.24929681453167848,0.7146364642670715,-0.5393292793174352
['The Cure'],[137390],-1.1790976371689144,-0.4202377131420679,0.04146733723233348,0.4078041075642715,-0.7881961781240453,0.6244624659036325,-0.17856425287570143
['The Cure'],[137390],-1.1783210873046066,-0.43098636097429943,0.21569864478724657,0.2767959354407173,-0.4366387558042241,0.6160147055345038,-0.31139561223864437
['The Cure'],[137390],-1.2531716862493127,-0.19191548905725989,0.26041012017605525,0.14152889006938374,0.1831599634509767,0.52565156399896,-0.288259819780707
['The Cure'],[137390],-1.2963736704526194,-0.05189010809498504,0.21006924893569612,0.3144560368515934,-0.4501182259819321,0.44217077858561477,-0.2494976355125051
['The Cure'],[137390],-1.2299577201789962,0.03898695363699363,0.1025559460262138,-0.0066252075608800535,0.16585258858091426,0.597240824776044,-0.1068611974678405
['The Cure'],[137390],-1.1594883460501175,-0.46687866222263813,0.19531382351146695,0.23882680947673077,0.11053250318625293,0.665315935737511,-0.05858317538499356
['The Cure'],[137390],-0.7302837815070339,-0.6215658977417646,-0.03477377567688983,0.5481859092066796,0.11650561990525532,0.9595914065206794,-0.6753693063432922
['The Cure'],[137390],-0.8985795076127011,0.18792689301360463,-0.1583064851951147,0.5426506458233586,-0.6303663429085812,0.8317738905792043,-0.6809631259631093
['The Cure'],[137390],-1.301027673117292,-0.1834764766401796,-0.014351346344780929,0.4223745236470477,-0.600248785814262,0.5536711877689816,-0.24732057799022059
['The Cure'],[137390],-1.12493503705735,-0.018984017701348523,-0.1278914706396121,0.28270678057506565,0.23296802610203365,0.6716533638691323,-0.4575368664711714
['The Cure'],[137390],-1.0490453263651167,-0.5216944221444993,0.11747862236034409,0.31922519030408475,-0.7930129971696128,0.7308216838484846,-0.16335361771484883
['The Cure'],[137390],-0.5557096645885984,-0.4520607290510879,0.023797374824156347,0.4779318998254467,-0.7037485448210561,1.1424626509398585,-0.7294505388620248
['The Cure'],[137390],-0.9984108551002483,-0.10133870586565075,-0.11357697317860982,0.3470690923505936,-0.11338019481792076,0.8073399550852529,-0.4724649935169634
['The Cure'],[137390],-0.9103515836324269,-0.07480004687685947,0.08896859600791533,0.4868861291774041,-0.11349551563417141,0.6593155677287584,-0.6912505468519035
['The Cure'],[137390],-0.791746278715237,-0.32524220051943903,-0.016464814475341573,0.43867678668436205,0.18914735036170513,0.9293771502300635,-0.7556822804445049
['The Cure'],[137390],-0.8298283289449652,-0.39640120719836264,-0.07051047008274317,0.6545009135711626,-0.6823512780525717,1.1029010750427832,-0.6392661779124721
['The Cure'],[137390],-1.285190010995859,-0.048782381140232284,0.09237585123620803,0.1502187668275314,0.19680495865697886,0.5998861100941211,-0.25669562863025014
['The Cure'],[137390],-1.3310198589653852,-0.4886926088417791,-0.006382686327352311,0.47996472726960493,-0.7624184418445848,0.6888816675762128,-0.21064773119035962
['The Cure'],[137390],-0.9117554220293315,-0.35978590263157795,0.10622898972325877,0.22094644651317746,-0.2146275340305437,0.37274123053307134,-0.1292035850795082
['The Cure'],[137390],-1.1455835830611991,0.10801232099048368,0.5881607013090521,0.16630597297742614,-0.29213521306308543,0.4280284552819559,-0.46816208410033233
['The Cure'],[137390],-0.6420574886628734,-0.21464917470732894,-0.07220876851351457,0.5107492605757344,-0.539800039041216,0.9201952178274464,-0.830723431441494
['The Cure'],[137390],-0.8696121417347885,-0.4023787809514564,0.18914093363629783,0.2384429117983574,-0.6436740447444756,0.6338844855811594,-0.15783666087733494
['The Cure'],[137390],0.014925335606711323,-0.10226873094204292,0.03575847634019828,0.21423059055421206,-0.6347541733878846,0.8513104262114086,-0.401684728702713
['The Cure'],[137390],-1.1480611684787287,-0.06552449839136137,0.13983178992706619,0.1812345321455689,-0.2881930339070095,0.5052869788486689,-0.11474057767931158
['The Cure'],[137390],-0.6895050225095505,-0.13331924455269853,-0.1083897280181174,0.5220100829570081,0.07424567147819994,0.7010490979169384,-0.542682573004478
['The Cure'],[137390],-0.8924398391647357,-0.2811607562666272,0.014346777819558287,0.5646321522545319,0.10552692272236285,0.7931231392269542,-0.7460214904921441
['The Cure'],[137390],-1.3755959184293352,-0.22199528203985955,0.039352378447473205,0.2926327408038774,-0.6049267478103983,0.669551291885139,-0.23092610787580106
['The Cure'],[137390],-0.8780946423418902,-0.06272440894603329,0.04073879037046108,-0.0019574132774584584,-0.027744930475341475,0.6712217022607746,-0.07766886607598811
['The Cure'],[137390],-1.4278921998246874,0.03696222675844913,0.499435755387378,-0.019260803161456962,0.008484255379332131,0.7610976340830259,-0.46728995389971184
['The Cure'],[137390],-1.1284428131285102,-0.09653999304186357,0.1770239734265273,0.22776206185267311,-0.6388935828702489,0.6026794355869918,-0.23119440520286025
['The Cure'],[137390],-0.7823941159417084,0.20241647218678738,-0.2323927631177246,0.2926546875157791,-0.37867479427802947,1.0162841462689765,-0.4932754037310645
['The Cure'],[137390],-1.0928744965978723,0.36179184607576476,0.2746434463091218,0.04369051604983466,-0.2960204118101258,0.6052152565050503,-0.2472162307718922
['The Cure'],[137390],-1.4041125646954957,-0.35665813588921547,0.0822547468794007,0.26591897712049484,0.03790732821445913,0.6342270183337136,-0.26284097410208146
['The Cure'],[137390],-0.6025989654728063,0.05629620740936504,0.17959368827378036,0.26174760723359575,0.06270875632657531,0.8138815502168607,-0.8463996474839124
['The Cure'],[137390],-0.5958863619491723,-0.28722256277890346,-0.032311503584770876,0.5706718028200585,-0.541184273711744,0.9545984751002636,-0.6033001151134751
['The Cure'],[137390],-0.9973934668941686,-0.4147317040329522,-0.08467537305430677,0.5494171965182331,-0.7056570003720499,1.0318082832981976,-0.5555967802888367
['The Cure'],[137390],-0.9688442797155228,0.11955966649175781,-0.11813436660429176,0.4494999888060291,-0.691161565968611,0.54264683588324,-0.43553638134747497
['The Cure'],[137390],-1.0744014676573876,-0.4662634398008436,0.06852565693561975,0.27844277737589923,-0.41082110105605374,0.8037896467392555,-0.2938530739761895
['The Cure'],[137390],-1.074407483565176,0.10505329539311775,0.02269888807641038,0.42679682414199843,-0.5139090489520701,1.1069102070413126,-0.7662402088257173
['The Cure'],[137390],-0.8421206343034089,-0.42125625873978056,0.3355988053728433,0.0710115119828375,0.06339357032767882,0.5248716718494751,-0.1486448577578309
['The Cure'],[137390],-0.6585324440911358,-0.3988714855398363,0.06912096803359673,0.4098710711725394,-0.34645729761098004,0.5403593108799984,-0.41732760352766585
['The Cure'],[137390],-1.1664693011552065,-0.4135647655960247,0.048432611585280845,0.16921016749792345,0.009412302779996372,0.6402721692506514,-0.12975071427335919
['The Cure'],[137390],-1.1433516643837551,-0.17678121047914563,-0.12898161402680913,0.6322638757230701,-0.6105163949349536,0.827268317354803,-0.6368868781197748
['The Cure'],[137390],-1.1948992595345012,-0.18627030792344737,-0.009209572947749399,0.24627886013582756,0.19796828475406505,0.5116295323364742,-0.28383477478270647
['The Cure'],[137390],-1.1764154118964663,-0.3393826253281327,0.1673472898147298,0.3936839744680975,-0.6235653987447235,0.4756507925956127,-0.2696205976695224
['The Cure'],[137390],-0.998842855315748,-0.2841053924571455,0.10691219342405757,0.3488377118620612,0.24929681453167848,0.7146364642670715,-0.5393292793174352
['The Cure'],[137390],-1.1370308522140957,-0.2337361529100649,0.09486297799632026,0.16587211776114377,-0.17750882551370353,0.6500574845529422,-0.14902883132418923
['The Cure'],[137390],-0.38975275218312944,0.026057442070971472,-0.04388779322548396,0.19778772798516264,-0.41763835242859954,0.9506377146115194,-0.44372384395481024
['The Cure'],[137390],-1.0160474570742197,-0.07303233991799794,-0.06535577710146843,0.5481248795489281,-0.449644989025776,0.7718314210971922,-0.7620217124296342
['The Cure'],[137390],-1.3447233597672423,-0.18044487939605386,-0.03213008830767388,0.2630944110605288,-0.7890770769072991,0.760113965034871,-0.1348293071686952
['The Cure'],[137390],-0.6813070910145279,-0.17281189443504597,0.007497365539424633,0.380326119175078,0.2149594197670746,0.5471142122128375,-0.47304038044341784
['The Cure'],[137390],-1.0218673543561765,-0.36423027481867193,-0.10641447667237044,0.5521519130357284,-0.6695474920141081,1.2663166652559121,-0.5924943763872135
['The Cure'],[137390],-1.0771850856047065,-0.084464686901599,-0.10626521816622538,0.4674293284841108,-0.5320108439661855,0.9350634469612272,-0.6559934894747691
['The Cure'],[137390],-1.408192924697523,-0.16275772340212782,0.021640998497763377,0.25979258262807997,-0.6050993592994294,0.7026991474216939,-0.220557664837831
['The Cure'],[137390],-0.934610468233479,-0.1715846736632743,-0.05050881730143616,0.5098796231710838,-0.5031622902932158,1.0819103856515648,-0.8154659052196997
['The Cure'],[137390],-1.213447561220171,-0.04819266635996542,-0.06919813267615957,0.29029673472934625,-0.6053874232160763,0.722020264162523,-0.11936646480934444
['The Cure'],[137390],-0.8028916004056974,-0.2722984625159899,-0.10451620751876002,0.5851583088242776,-0.5492310708249539,0.7785071025969661,-0.5889654007341504
['The Cure'],[137390],-1.1518736453798293,-0.1231063009051111,0.1417980202416738,0.12376994090133292,0.16528614641247996,0.496682616819146,-0.171335674553169
['The Cure'],[137390],-1.2911366113382625,-0.05459306446467539,0.01397764567921171,0.23144007089513788,-0.6268456980780239,0.6196483074296892,-0.15325918744681952
['The Cure'],[137390],-1.0959534554364314,0.0007661601373381866,-0.02775756681789435,0.3627148822216784,0.22301811255167442,0.5120923107678182,-0.47232843318641593
['The Cure'],[137390],-1.1594883460501175,-0.46687866222263813,0.19531382351146695,0.23882680947673077,0.11053250318625293,0.665315935737511,-0.05858317538499356
['The Cure'],[137390],-1.0008164617015,-0.1989405176076771,0.05964621551104849,0.10757444449300843,0.16153814707494996,0.5820409921707769,0.0472481826969399
['The Cure'],[137390],-1.2917759805102396,-0.4725334267901983,0.0631245505051721,0.5107502413126058,-0.7722836740687922,0.5880947067596244,-0.2945351078542687
['The Cure'],[137390],-1.3100062891769741,-0.1438242866570634,-0.005399433261826443,0.3335245424961225,-0.6196691320640091,0.5461301754914822,-0.16362155406702564
['The Cure'],[137390],-1.172839856472412,-0.5154783108685242,0.024936363088399298,0.33433968268916897,0.193246576404309,0.4345466811720315,-0.16904818685173126
['The Cure'],[137390],-1.119538336892255,-0.4349662748103956,0.09079046444880015,0.17210272911314134,0.18040221086922253,0.49418063760503395,-0.16750802900045408
['The Cure'],[137390],-1.049255691638474,0.06150176140989567,0.20837154850400574,0.1827465171686265,-0.02487689379606136,0.35575600433805443,-0.10965271472956788
['The Cure'],[137390],-0.6196174044957335,0.190920827534094,-0.13880421728052594,0.29470869653624554,0.17553734856640385,0.40213857326842956,-0.42435782919975124
['The Cure'],[137390],-1.213447561220171,-0.04819266635996542,-0.06919813267615957,0.29029673472934625,-0.6053874232160763,0.722020264162523,-0.11936646480934444
['The Cure'],[137390],-0.934610468233479,-0.1715846736632743,-0.05050881730143616,0.5098796231710838,-0.5031622902932158,1.0819103856515648,-0.8154659052196997
['The Cure'],[137390],-1.0750086015031768,-0.31954164056551987,0.0884613156927242,0.24201112971017427,-0.6214246757534732,0.7605938978518425,-0.13408699841267038
['The Cure'],[137390],-1.200217636399438,-0.41108643487214513,-0.01664717244003027,0.3787706738724761,-0.609562318826685,0.6304901801302678,-0.1806337918370685
['The Cure'],[137390],-1.1108034440389232,-0.642879058845498,0.24678156547142469,0.2342906224190645,0.19899981206383835,0.5722403929487638,-0.26087057174725464
['The Cure'],[137390],-1.218843272093457,-0.25148323260151934,-0.029314216703398316,0.1758144337321813,-0.343483099198741,0.784282173586796,-0.07489469793441217
['The Cure'],[137390],-1.3780762419551076,-0.06988666218960636,0.32121327277792017,0.2714619844563206,-0.5615628205500774,0.9672241841162054,-0.5725274274645747
['The Cure'],[137390],-1.12493503705735,-0.018984017701348523,-0.1278914706396121,0.28270678057506565,0.23296802610203365,0.6716533638691323,-0.4575368664711714
['The Cure'],[137390],-1.1065721942187263,0.051238126585467905,-0.09859508574690301,0.34152763526006313,0.07029608249033513,0.7504982687767154,-0.5274168986774801
['The Cure'],[137390],-1.3065241186351253,-0.2648833629726369,0.07275264373513018,0.3225466894137091,-0.3397899701605532,0.5620596041736392,-0.2246827713696283
['The Cure'],[137390],-1.04793202005846,0.05607914988085615,0.02593115147761637,0.4610226476936582,0.07823872493297906,0.6575809325772091,-0.6757795393639698
['The Cure'],[137390],-0.6813070910145279,-0.17281189443504597,0.007497365539424633,0.380326119175078,0.2149594197670746,0.5471142122128375,-0.47304038044341784
['The Cure'],[137390],-0.8924398391647357,-0.2811607562666272,0.014346777819558287,0.5646321522545319,0.10552692272236285,0.7931231392269542,-0.7460214904921441
['The Cure'],[137390],-1.0478429152403954,0.19777675203488332,-0.14351695599769404,0.39802242860503784,-0.40827360382841743,0.6153934530588816,-0.39606833343884634
['The Cure'],[137390],-1.249774670308147,-0.457740464911727,0.2832001157653313,0.24257269576906226,0.02942883193098337,0.654319967920229,-0.312121740279933
['The Cure'],[137390],-0.8615620048315593,-0.3371793539655105,0.23392920137836273,0.06222225835342094,-0.037294346613084416,0.4909412562468323,-0.163619665931443
['The Cure'],[137390],-0.8453208920867245,-0.1659822523398487,-0.07368412121294476,0.4438444445414759,-0.100995950216862,0.7681848212650402,-0.6974398697421625
['The Cure'],[137390],-1.049255691638474,0.06150176140989567,0.20837154850400574,0.1827465171686265,-0.02487689379606136,0.35575600433805443,-0.10965271472956788
['The Cure'],[137390],-0.8028916004056974,-0.2722984625159899,-0.10451620751876002,0.5851583088242776,-0.5492310708249539,0.7785071025969661,-0.5889654007341504
['The Cure'],[137390],-1.0136245369294057,0.016379602070476312,-0.06120035795363813,0.31313002984896526,-0.47326831386503443,0.36904488056158313,-0.05537273607246483
['The Cure'],[137390],-1.293018086811692,-0.33000255169960163,0.10268050492039872,0.29943799752441325,-0.32578712315056446,0.7687521593902562,-0.0462538543647383
['The Cure'],[137390],-0.9688442797155228,0.11955966649175781,-0.11813436660429176,0.4494999888060291,-0.691161565968611,0.54264683588324,-0.43553638134747497
['The Cure'],[137390],-1.0218673543561765,-0.36423027481867193,-0.10641447667237044,0.5521519130357284,-0.6695474920141081,1.2663166652559121,-0.5924943763872135
['The Cure'],[137390],-1.25559665895744,-0.15190505850976133,0.0564778231218429,0.198670321366166,-0.17275692330852174,0.5939065237308419,-0.15740514561932345
['The Cure'],[137390],-0.8609779793565252,0.13357221733934518,-0.044698517949729684,0.20304600405067183,-0.5866539479732847,0.9461668203403503,-0.4162623217442061
['The Cure'],[137390],-1.0959534554364314,0.0007661601373381866,-0.02775756681789435,0.3627148822216784,0.22301811255167442,0.5120923107678182,-0.47232843318641593
['The Cure'],[137390],-0.6196174044957335,0.190920827534094,-0.13880421728052594,0.29470869653624554,0.17553734856640385,0.40213857326842956,-0.42435782919975124
['The Cure'],[137390],-0.46689826978149,-0.2310649763148231,0.0015452448440355158,0.17590160743327635,-0.6264736039194211,0.9178417367669349,-0.227919406991672
['The Cure'],[137390],-1.169059114386669,-0.40602075773722884,0.025964945160948844,0.28945975582704186,0.1994775181200458,0.5266428776022439,-0.15408556027795672
['The Cure'],[137390],-1.301027673117292,-0.1834764766401796,-0.014351346344780929,0.4223745236470477,-0.600248785814262,0.5536711877689816,-0.24732057799022059
['The Cure'],[137390],-1.0771850856047065,-0.084464686901599,-0.10626521816622538,0.4674293284841108,-0.5320108439661855,0.9350634469612272,-0.6559934894747691
['The Cure'],[137390],-0.6074473887041623,0.04306884147794767,-0.07961953811726649,0.26490872227038187,-0.4023639486607559,0.9153110675224844,-0.461350906675496
['The Cure'],[137390],-0.8453208920867245,-0.1659822523398487,-0.07368412121294476,0.4438444445414759,-0.100995950216862,0.7681848212650402,-0.6974398697421625
['The Cure'],[137390],-0.8969425976515284,0.4075293721162605,0.48718001285031726,0.028757379137701468,-0.6346480003023466,0.8501916654187303,-0.3397478649375539
['The Cure'],[137390],-1.0366934320018673,-0.05835469826696536,0.03287648611947095,0.24093178281414074,-0.2062717430395656,0.392008636564437,-0.0763284572976622
['The Cure'],[137390],-1.0521658649891568,-0.23404068744975273,0.015729066281702862,0.254476657205264,-0.3590764943071927,0.5889640056852972,-0.14303535781624335
['The Cure'],[137390],-0.99426288699499,0.014368235715912118,-0.09680092899656588,0.4203322923176574,-0.41676077433868913,0.5916361296732388,-0.351058342925358
['The Cure'],[137390],-1.2594050711009497,-0.15319383450269322,-0.06175161540166028,0.23205120803746904,-0.6158769424900861,0.7311341509932112,-0.0879418197668377
['The Cure'],[137390],-1.1452909589016549,-0.22475049670493502,-0.024372052273944383,0.2681132633856086,-0.8053740834331351,0.7164298359043224,-0.02485001548763018
['The Cure'],[137390],-0.7302837815070339,-0.6215658977417646,-0.03477377567688983,0.5481859092066796,0.11650561990525532,0.9595914065206794,-0.6753693063432922
['The Cure'],[137390],-1.1433516643837551,-0.17678121047914563,-0.12898161402680913,0.6322638757230701,-0.6105163949349536,0.827268317354803,-0.6368868781197748
['The Cure'],[137390],-1.0136245369294057,0.016379602070476312,-0.06120035795363813,0.31313002984896526,-0.47326831386503443,0.36904488056158313,-0.05537273607246483
['The Cure'],[137390],-0.7526056260253873,-0.2139371929319594,0.08657754996408958,0.27454060717536755,-0.4809761814848047,0.40404542733462795,-0.06634051594633979
['The Cure'],[137390],-0.8609779793565252,0.13357221733934518,-0.044698517949729684,0.20304600405067183,-0.5866539479732847,0.9461668203403503,-0.4162623217442061
['The Cure'],[137390],-0.6381758913315881,-0.234098286932425,0.1781381997494143,0.3614069942644139,-0.6248051411994395,0.6369776480492826,-0.3888687480289724
['The Cure'],[137390],-1.3899100113848546,-0.23980315122023405,0.19999538890616764,0.19716675896127386,0.024831474553531394,0.6245084348156955,-0.2717417358470357
['The Cure'],[137390],-0.6585324440911358,-0.3988714855398363,0.06912096803359673,0.4098710711725394,-0.34645729761098004,0.5403593108799984,-0.41732760352766585
['The Cure'],[137390],-0.7539120588716336,-0.15934844745155585,0.056694587669036386,0.20045322689185072,-0.2431157062174687,0.27984326094844864,0.03340572335129642
['The Cure'],[137390],-0.8298283289449652,-0.39640120719836264,-0.07051047008274317,0.6545009135711626,-0.6823512780525717,1.1029010750427832,-0.6392661779124721
['The Cure'],[137390],-1.3780762419551076,-0.06988666218960636,0.32121327277792017,0.2714619844563206,-0.5615628205500774,0.9672241841162054,-0.5725274274645747
['The Cure'],[137390],-0.5829067149343177,-0.056543420572029504,-0.14264449938192922,0.5646006034011753,-0.5500760871770672,0.8363632452631362,-0.6240901346354635
['The Cure'],[137390],-1.1948992595345012,-0.18627030792344737,-0.009209572947749399,0.24627886013582756,0.19796828475406505,0.5116295323364742,-0.28383477478270647
['The Cure'],[137390],-1.1230859774788826,-0.48966438726943523,0.09682222084653506,0.18490984851412737,0.18695241635466595,0.5381742967737544,-0.19438162695219577
['The Cure'],[137390],-0.9303261073129905,0.02408202988906399,-0.15430847938852474,0.44635362209951945,-0.5467646994075323,0.9189990923821139,-0.5176917986677961
['The Cure'],[137390],-0.8969425976515284,0.4075293721162605,0.48718001285031726,0.028757379137701468,-0.6346480003023466,0.8501916654187303,-0.3397478649375539
['The Cure'],[137390],-1.188437101440769,-0.3853033636518852,0.21253275754923112,0.22346629098515147,0.20818680882318405,0.5948827739515294,-0.2714492440486204
['The Cure'],[137390],-1.3118623320058789,-0.3349840600101525,0.01708624799107717,0.2080293191428028,-0.246430412733724,0.7357223456618001,-0.18473972084065224
['The Cure'],[137390],-0.5958863619491723,-0.28722256277890346,-0.032311503584770876,0.5706718028200585,-0.541184273711744,0.9545984751002636,-0.6033001151134751
['The Cure'],[137390],-0.6895050225095505,-0.13331924455269853,-0.1083897280181174,0.5220100829570081,0.07424567147819994,0.7010490979169384,-0.542682573004478
['The Cure'],[137390],-1.0244073566426966,0.04293594034832232,0.021999344128118735,0.09137895959795056,-0.30506093834592535,0.5495868836224771,-0.04351017067279137
['The Cure'],[137390],-0.8038874770256939,0.24123506353126664,0.22000547803580425,0.30821911050055506,-0.6986878348548021,0.6965021726869364,-0.5138729676140827
['The Cure'],[137390],-1.1790976371689144,-0.4202377131420679,0.04146733723233348,0.4078041075642715,-0.7881961781240453,0.6244624659036325,-0.17856425287570143
['The Cure'],[137390],-1.1450737475081745,-0.01841222600167755,0.5852954103940957,0.2844212838883964,-0.8176981101537277,0.5250603074808631,-0.43388182285765553
['The Cure'],[137390],-1.2038604676468079,0.013161036733133138,0.22831941488697882,0.16421968017617045,-0.18960403402011478,0.537562215856745,-0.2332204871434704
['The Doors'],[114342],-1.0191282660175316,-0.5124878521299666,0.3287003387860459,0.09630554358165638,-0.2599119629220401,0.8839399293052844,-0.19979998761477902
['The Doors'],[114342],-0.977348191066052,-0.03132734192488367,0.42540057812141074,0.34954411244586725,-0.8082652377166831,0.6376890855205957,-0.2619270702696933
['The Doors'],[114342],-1.140922937985884,-0.20217036960595364,0.08224476685823653,0.08229687420039866,-0.6291341832476722,0.8733802147643013,-0.1383661065603473
['The Doors'],[114342],-1.1283618066343113,-0.39226196311862305,0.23732521837849146,0.025189603626073236,0.012789944320828585,0.8953917513678442,-0.19473934742594615
['The Doors'],[114342],-1.1121073949798346,0.07416305227101289,0.28916586405385114,0.06355739785939196,-0.648814664550179,0.7545866779285798,-0.18996001699360685
['The Doors'],[114342],-1.165058093334756,-0.38479867104608956,0.5323431281770311,0.22818897336025312,-0.1595453638534041,0.6630714410670825,-0.516065412761738
['The Doors'],[114342],-0.7731932602924687,-0.16911243533425693,0.10561591283695364,0.15067837424956113,0.03655920357937055,0.8590904606698412,-0.4195724314576676
['The Doors'],[114342],-0.8948327076017155,-0.498494059215899,0.08301603855313666,0.009744473464268339,-0.011763829820171027,0.8198300707753554,-0.020640108743047416
['The Doors'],[114342],-1.2005214184855577,-0.2000056190149121,0.506120464736922,0.23931792866625048,-0.16033110350080002,0.6687716328928913,-0.40049704711593653
['The Doors'],[114342],-0.9931267755190417,-0.2680875632657021,0.12788089585535725,0.27022960381970323,-0.6382388747038045,0.6506129907146595,-0.12374381834436517
['The Doors'],[114342],-1.0224694793251137,0.01145470674987873,0.03020143069976883,0.22822721080789563,-0.6646599813242858,0.4616598847782889,-0.04670123058560244
['The Doors'],[114342],-0.6698400840421718,-0.19808202568054864,0.23355204524552733,-0.10510628664954978,-0.7753624210570694,0.8293190071631256,-0.02160153388905938
['The Doors'],[114342],-0.7574284262388349,-0.5197430309313611,0.09397240549718802,0.128699983083734,0.1906700696652597,0.7666515319380586,-0.07476678093118502
['The Doors'],[114342],-0.7600563322437419,-0.3285292085834081,0.1693381413021637,0.31456006305740775,-0.8114142464294357,0.6906140383088641,-0.21962784077728778
['The Doors'],[114342],-0.8041956807039241,-0.3629671490521751,0.3900477042538239,0.02199162130559071,-0.3008234434802522,0.6995948220525756,-0.22546050822024738
['The Doors'],[114342],-1.022879458028065,-0.1666864533570382,0.04026291714140078,0.3361256538075127,-0.6517902299567973,0.4164534057402873,-0.11698517305948244
['The Doors'],[114342],-0.8406702022468043,-0.15020949787823357,0.13625741143306475,0.10184308552592958,0.1298973624761484,0.36802448447003383,-0.04820146263803234
['The Doors'],[114342],-1.0030058635524923,-0.25998746518593474,0.3604502746128126,0.21534415403105012,-0.7280526980932943,0.7084480123275807,-0.24346956195962582
['The Doors'],[114342],-0.7517561180774351,-0.6090606966812729,0.2272367370340452,0.11628662385472377,-0.20298967895296827,0.6530607238563299,-0.10189673265180739
['The Doors'],[114342],-0.5706419272209752,-0.4585744105656645,0.1769804440274389,0.022585733252691535,-0.49472804545778887,0.8360959619397181,0.1727330563601794
['The Doors'],[114342],-0.7498169715247079,0.3571437717092159,0.9394083516382895,-0.08683933915504918,-0.2629031586793925,0.5301343200737556,-0.16918057619905916
['The Doors'],[114342],-0.486369554297971,-0.3343745063249468,0.05145594382681941,0.2751317451100623,-0.078985569947769,1.2302462164348849,-0.6643473474731166
['The Doors'],[114342],-1.1713705181404794,-0.4066791598777803,-0.000579173477923223,0.34560036801751987,-0.613945612622974,0.6382806337360211,-0.1558154068096336
['The Doors'],[114342],-0.45992158241516823,-0.15041815478402046,0.281804071481364,-0.028495889124762842,0.07559184585451807,0.34994586448674914,-0.0025789404268556334
['The Doors'],[114342],-0.8098698359287478,-0.19365289079976242,0.13342531990669215,0.05310936445746085,0.1151245673384516,0.37706514292719207,-0.018475922374598698
['The Doors'],[114342],-0.6908802401203109,0.15483084909589442,0.7152653640112909,-0.015991043228661385,-0.0963927470829127,0.3247583877528129,-0.1248278157897712
['The Doors'],[114342],-0.29220621340531405,-0.2644881313158067,0.3992042908672733,0.023073936682546585,-0.7351194371771131,0.46778644181562,-0.044892427674658356
['The Doors'],[114342],-0.22921414484775932,-0.03642449948272873,0.08549427075426913,0.33912556593609994,-0.43867914608113656,0.7077977563651172,-0.5186507939517643
['The Doors'],[114342],-0.6323362813769653,-0.2082473664031353,-0.026169595239870586,0.23674288717362865,0.0593898818857365,0.9592968308424469,-0.5659458468923751
['The Doors'],[114342],-0.6595878336624569,-0.45756320251412197,0.05732320970560697,0.3037688593987163,-0.1219167384806592,0.9257861243263166,-0.4941855135733615
['The Doors'],[114342],-0.6384232388654705,0.04039246263589179,0.048244143485552685,0.03518682732424276,0.08667652791330994,0.249866866065742,0.0720133185761679
['The Doors'],[114342],-0.7750468545493587,0.34940235183994145,0.9562732631044026,0.013287852301928181,-0.2686109887452098,0.349719779406491,-0.2144684438876645
['The Doors'],[114342],-0.9354945750077273,-0.1544025262601914,-0.04571059834035292,0.21153872329730994,-0.2481439705873879,0.7784492537966781,-0.30295632613175505
['The Doors'],[114342],-1.1117860083995255,-0.3240130913393236,0.10090947653596485,0.2796652836617064,-0.6368270192102089,0.5603516214567652,-0.26038280752188153
['The Doors'],[114342],-0.9505105574068814,-0.14339968032603329,0.041002529792637986,0.11873105675690007,-0.12267508414651432,0.46552920010240567,-0.036278338309214286
['The Doors'],[114342],-0.804437964239484,-0.5902535871027939,0.310057006834143,0.10519405559678989,-0.19841268643410717,0.6677873381455474,-0.16207535045210053
['The Doors'],[114342],-1.1439654400069512,-0.5217246535798757,0.08854458536597182,0.3012403374671503,-0.6060933862925358,0.7381504707850071,-0.16964830682231113
['The Doors'],[114342],-0.9203240850839837,-0.4857108134144348,0.05496257334344331,0.28979323613853186,-0.6401264097417159,0.601228889932099,-0.06056395173766321
['The Doors'],[114342],-0.6242405812233467,0.0655200042993555,0.04124461551639254,0.08916044932643002,0.09638859918048358,0.23258394370856372,0.12754002751823934
['The Doors'],[114342],-0.6081570741172996,-0.1553501474266125,0.10179058437494885,-0.08954702140227945,-0.7900810984074312,0.7335228174863534,0.0929846713079712
['The Doors'],[114342],-1.157069895805153,-0.5467500663729016,0.01692537020549248,0.3798128325884461,-0.7839795982992755,0.7571744812612732,-0.20964607895191392
['The Doors'],[114342],-0.8632242428453524,-0.48856114854095695,0.09244520078219862,0.2684300128789497,-0.20018896082227097,0.49315305195395154,-0.10577828399071561
['The Doors'],[114342],-0.6148209737773755,-0.4991799818105963,0.2680812057125369,0.1608908480761066,-0.6697409033795161,0.6443849838036694,-0.051523997373987475
['The Doors'],[114342],-1.106071074226837,-0.3113134730266366,0.11924620058312019,0.11674431269910723,0.07915658420380271,0.520850986328314,-0.20296699695114048
['The Doors'],[114342],-1.0843291615622428,-0.5310149372330174,0.10737318249847981,0.294069212652239,-0.6118592238324787,0.7329388986383556,-0.19468889671147505
['The Doors'],[114342],-1.1750627768313089,-0.4129389821335075,0.22004439700588352,0.18791657354889107,0.1874286133954695,0.5524625957053958,-0.2691497600243543
['The Doors'],[114342],-1.0625207545618491,-0.361688703228061,0.050246787115172525,0.38414225113408074,-0.7967137606508967,0.6340169443201353,-0.17741525317890428
['The Doors'],[114342],-1.1586650245401262,-0.14623926469246606,-0.01767251485470054,0.1044812938437525,0.0017884419220381522,0.6856162762840786,-0.05663942737250736
['The Doors'],[114342],-1.2022266962741632,-0.5019434030976209,-0.023132990704856103,0.22373561264881667,-0.15640649610729285,0.7409834797043967,-0.1412048915086135
['The Doors'],[114342],-1.0206792283477857,-0.4980609372132977,0.15542252337049117,0.08014310143217865,-0.26025149538036857,0.861123072372517,-0.1196880565463918
['The Doors'],[114342],-1.1345704888957644,-0.41656558630572676,0.011064554817515069,0.16356472848121012,-0.6122710916614401,0.8883753889627342,-0.09879573807806939
['The Doors'],[114342],-0.9173538642409507,-0.33814814975866647,0.0075265953053132,0.38129898396459405,-0.634939762481698,0.5380378621490364,-0.04678572174111277
['The Doors'],[114342],-1.0970743757437034,-0.06304802448201377,0.16258509936167734,0.19150924319853255,-0.6543689527430216,0.5322206391932235,-0.1908982260608255
['The Doors'],[114342],-0.2813410736448338,-0.22498478507576214,0.20465527002643596,0.06331702017368056,-0.9257742054234481,0.3397221163367546,0.050981281998917424
['The Doors'],[114342],-1.0540674674651245,-0.42321681847593123,0.03027994446490608,0.2762416964860461,-0.6324070891312245,0.6078188594743994,-0.13791101231645309
['The Doors'],[114342],-0.6198564096510194,-0.3350017940093359,0.1455846602502363,0.041338639088814445,-0.24600859920083107,0.47200143072440637,0.0006662198203034795
['The Doors'],[114342],-0.9618078634207701,-0.5467868000743303,0.13892565435344012,0.13311728050987431,-0.006481564908548307,0.6031398798218156,-0.15433692004961433
['The Doors'],[114342],-1.0870963047581987,-0.14183505878774616,0.020694206533113806,0.10245656759390218,-0.20658107945559004,0.5623964164409261,-0.08256380550360422
['The Doors'],[114342],-0.7203193669852062,-0.050360436898886494,0.17505257192256893,-7.813839919796982e-05,-0.24872218636739185,0.5076181559747287,-0.03282265055944509
['The Doors'],[114342],-1.0100545979849722,-0.12754053097161122,0.07270129375285832,0.17834921706080198,-0.3005885209641727,0.4926778507793549,-0.118243335837266
['The Doors'],[114342],-1.0390921945636065,-0.42795907112360626,0.11710393103638471,0.4263898174357227,-0.6129685321699547,0.6166931002309859,-0.1529420024685136
['The Doors'],[114342],-0.9285897844534552,-0.14927704182299287,0.010213679217331396,0.30672677612687554,-0.6731754392590433,0.3330282486798478,-0.05648165622406607
['The Doors'],[114342],-0.21405619978509788,-0.291523899273831,0.16970508656338523,-0.04051436921389366,-0.09654469354202129,0.4300975113225404,0.02846438470979733
['The Doors'],[114342],-0.4726200583499797,-0.19949886824694368,0.12171904707922417,0.07396477001764161,-0.36716278449941625,0.27086623904508644,-0.002592541371128052
['The Doors'],[114342],-1.1848838881933563,-0.39218101776426284,0.05446560159166273,0.14884326088447344,-0.172104253272958,0.6866028863711293,-0.20478931547812834
['The Doors'],[114342],-1.2100985833218032,-0.28653173615712635,0.02592135041512208,0.08715274761674079,0.17852522283275385,0.6361685319141464,-0.14432946944475644
['The Doors'],[114342],-1.0383897253900756,-0.351524297630635,0.049801226895536996,0.19322447321302857,-0.4582334568828582,0.6497308817724771,-0.1337530451637157
['The Doors'],[114342],-0.818634774126236,-0.3197160829532264,0.2944866982123334,0.08074725753820808,-0.03593659664407297,0.583910588311121,-0.15706208742000705
['The Doors'],[114342],-1.0908302628445383,-0.28085998339190554,0.15916570334843044,0.026149820695340848,0.17228014807538616,0.7215338999821334,-0.1539812837651605
['The Doors'],[114342],-0.6806980630161504,-0.3147395787408,0.21253600980361936,-0.10675800034527064,-0.22787318025306433,0.7987450918010169,-0.027625685939983952
['The Doors'],[114342],-0.5235611375533153,-0.39733568558575344,0.14751330917496921,0.038847877090775515,-0.5170889895024128,0.5834241728145982,0.006322174839348965
['The Doors'],[114342],-1.062498044728578,-0.6459252597915793,0.05137444041724135,0.4504332717986954,-0.6002749971362722,0.6644202889591623,-0.2129715026627043
['The Doors'],[114342],-1.1392292943547526,-0.45171037969211636,0.11784193931032191,0.06549927591519411,0.18926877289741337,0.712836333367427,-0.20171140322050504
['The Doors'],[114342],-0.9525398320517878,-0.5654135605830973,0.05934421301174888,0.28988114650515784,-0.17895400385952134,0.579099547430062,-0.03353006683556135
['The Doors'],[114342],-1.2442667499458313,-0.43934493733682034,0.04916565890817031,0.43951996931273357,-0.4918254360997945,0.6838644738605534,-0.2858113516728027
['The Doors'],[114342],-1.2224554865639008,-0.5543519048281007,-0.012562438060579547,0.4848919149133676,-0.5690601614888472,0.7576976833123567,-0.27155486782841776
['The Doors'],[114342],-0.8204842492111261,-0.4028519627530091,0.12161214272263252,0.059763028989826154,-0.30677192227513844,0.6057901152565992,-0.07038178584978894
['The Doors'],[114342],-0.6205460366665496,-0.31783529385095616,0.4029269597126284,0.12416614765298603,-0.688060750719673,0.5436564786161506,-0.15080318041827714
['The Doors'],[114342],-0.47125100559058175,-0.008178610637205406,0.5820568682693071,-0.2680070339039807,-0.1781101230853488,0.7980779468178115,0.09261185288069516
['The Doors'],[114342],-0.41112178119025705,-0.4982642972482447,0.4085409464426831,-0.0744273581943342,0.10394096153333066,0.5346945034814047,-0.12110688383506206
['The Doors'],[114342],-0.8118669011888758,-0.3271293645715657,0.07888572397362639,0.1704511394834257,-0.04848114797416539,0.3633036660902711,-0.08622368617134706
['The Doors'],[114342],-0.8683585695065869,-0.5378145832476237,0.1331397779480378,0.15556840049298365,-0.28271238804543064,0.6482342790684469,-0.08820832280177499
['The Doors'],[114342],-0.9432999536370407,-0.13717980698748666,0.03896590011082116,-0.006885802374536289,-0.03470309967684947,0.5892403186655987,-0.05744422502497933
['The Doors'],[114342],-1.1436937782334005,-0.3079800773622492,0.1787210821005632,0.12565094914119246,-0.0019278435044267962,0.6220708060632183,-0.26446820896618123
['The Doors'],[114342],-1.1450278445562312,-0.33673245377970645,-0.024057677510885018,0.16044629021110723,-0.4403105287133482,0.8073398756642395,-0.09468372235096138
['The Doors'],[114342],-0.36687302739612804,-0.5288029262675462,0.21467593885507333,0.11042871141581394,-0.2544635636967875,0.43544006933762874,-0.012023877317762296
['The Doors'],[114342],-0.9833638147367298,-0.655285657006429,0.22066607685149672,0.42196755140487846,-0.61343116235635,0.6106038475485879,-0.22737167714481632
['The Doors'],[114342],-0.893598116280431,0.011377457568196095,-0.03782433228409213,0.1628242589542235,-0.4106914732830441,0.4156070059889761,0.02459312548743829
['The Doors'],[114342],-0.6881491788060392,-0.4972594091551976,0.2047850585609932,0.21139030875151035,-0.3101896144170012,0.44550119878498295,-0.09266727810440292
['The Doors'],[114342],-0.7528184403032875,0.2768529162965534,0.7088279010057507,-0.011714498289690458,-0.10764504017691345,0.13578141216206396,-0.2550418003241889
['The Doors'],[114342],-0.29037968095327843,-0.3772734627570733,0.30070927662640834,0.04309545402090432,-0.4603442486981626,0.38825059368318837,0.002173436639040798
['The Doors'],[114342],-0.9303622104471606,-0.2614916988817552,0.06210098480218415,0.0038261665599783876,-0.03081502615595773,0.7005783917118796,-0.04494581204966645
['The Doors'],[114342],-0.9551007157498888,-0.4477437587351736,0.04136038909825135,0.1760604725872467,-0.45967301742736427,0.7343636183155043,-0.08302347995988274
['The Doors'],[114342],-0.8615986785609359,-0.4419022211393544,0.06263662494205703,0.13597643599865786,-0.2840309914777893,0.7182488710713752,-0.041799808224299295
['The Doors'],[114342],-0.9971759770678739,-0.695885913599458,0.061582035620078066,0.44269180564355587,-0.11554896937510174,0.8099829016178337,-0.2830161438202472
['The Doors'],[114342],-0.5911566823494772,-0.4718706005696686,0.14617350398291837,0.21720657070917265,0.22426795208961972,0.8561207646840964,-0.3997742252518816
['The Doors'],[114342],-0.6903486607656022,-0.6919054348974834,0.1466084064888423,0.11277937708375717,-0.026161474540234944,0.630552945380391,-0.05537780644716908
['The Doors'],[114342],-1.1604486195348063,-0.46093699422349627,0.07719203352891515,0.20664933810153718,0.1917037756243915,0.5945398976415263,-0.20502868908675081
['The Doors'],[114342],-0.8547266444356282,-0.016062257994078274,0.1419132436868478,0.1815469639338921,-0.010280871574597337,0.5381906462264336,-0.42169309405644273
['The Doors'],[114342],-1.104473658480136,-0.10356050742804879,0.5966506780184407,0.22403951203390318,-0.8116568186336168,0.7025554192376212,-0.40388613722785804
['The Doors'],[114342],-1.1217249555549633,-0.18936172083686556,0.358305169189841,0.39845263989106644,-0.6864804073361367,0.7008138752869112,-0.4694239722057748
['The Doors'],[114342],-1.122931429667156,0.056340538113341665,0.3340596736228001,0.01271917298926338,-0.19936110951561964,0.7135678213525002,-0.17946360408248357
['The Doors'],[114342],-0.9790349371182265,-0.18323660665105765,0.23775387023073535,0.02577590944081814,-0.19935781902020194,0.7458983018626147,-0.06382885934468614
['The Doors'],[114342],-0.9923700580640216,-0.3109744907268343,0.2476038245198872,-0.009103503232252876,0.011172013977520294,0.9006727763888471,-0.30605480815411296
['The Doors'],[114342],-1.0452311279345705,-0.15606880572795231,-0.08174968840077816,0.25869429990164033,0.23606567991924784,0.8093994967504664,-0.4103893148845521
"['The Highwaymen', 'Willie Nelson', 'Johnny Cash', 'Waylon Jennings', 'Kris Kristofferson']","[75801, 583959, 816890, 200791, 774588]",-0.6421704194419621,-0.461865764629181,0.15511472389134429,0.13689431654008133,-0.04681691180310463,0.4732323307499634,-0.02948976761852635
"['The Highwaymen', 'Willie Nelson', 'Johnny Cash', 'Waylon Jennings', 'Kris Kristofferson']","[75801, 583959, 816890, 200791, 774588]",-0.7176068292071788,-0.558502598810653,0.1268176870581551,0.19364473964414738,-0.20508856480947393,0.5793407433115505,-0.03599648663447915
"['The Highwaymen', 'Willie Nelson', 'Johnny Cash', 'Waylon Jennings', 'Kris Kristofferson']","[75801, 583959, 816890, 200791, 774588]",-0.807620404778446,-0.45179283520565505,0.15714707800419284,0.29210244574772803,-0.7395936541250437,0.5837132186632418,-0.09515716200773117
"['The Highwaymen', 'Willie Nelson', 'Johnny Cash', 'Waylon Jennings', 'Kris Kristofferson']","[75801, 583959, 816890, 200791, 774588]",-0.4775296487263413,-0.5005682124022018,0.1883398479958507,-0.00135384337006387,-0.06306922299941582,0.5791519168289943,0.05757523403898835
"['The Highwaymen', 'Willie Nelson', 'Johnny Cash', 'Waylon Jennings', 'Kris Kristofferson']","[75801, 583959, 816890, 200791, 774588]",-0.829149715567804,-0.46534870868588907,0.20277484127532547,0.05797980219375196,0.07994898356820312,0.7247201873147622,-0.13577614085993034
"['The Highwaymen', 'Willie Nelson', 'Johnny Cash', 'Waylon Jennings', 'Kris Kristofferson']","[75801, 583959, 816890, 200791, 774588]",-1.1919219988308853,-0.29372025118546513,0.15356321143370946,0.2128593380845663,-0.7839868827435735,0.9608818985764824,-0.122124800202904
"['The Highwaymen', 'Willie Nelson', 'Johnny Cash', 'Waylon Jennings', 'Kris Kristofferson']","[75801, 583959, 816890, 200791, 774588]",-0.4183225309193625,-0.3056934343822534,0.13036140102038202,-0.026211109678647124,-0.07987682559638049,0.5160149694843457,0.18275569639336592
"['The Highwaymen', 'Willie Nelson', 'Johnny Cash', 'Waylon Jennings', 'Kris Kristofferson']","[75801, 583959, 816890, 200791, 774588]",-0.4385045612204989,-0.5129398665420146,0.22797942164332985,-0.00876894440620123,-0.06434035472822604,0.608131631655885,0.04091785510725464
"['The Highwaymen', 'Willie Nelson', 'Johnny Cash', 'Waylon Jennings', 'Kris Kristofferson']","[75801, 583959, 816890, 200791, 774588]",-0.8453255455246937,-0.5517370282012076,0.2192662676966692,0.1677418369225246,-0.1890291038187811,0.6555009363881884,-0.11189055143109362
"['The Highwaymen', 'Willie Nelson', 'Johnny Cash', 'Waylon Jennings', 'Kris Kristofferson']","[75801, 583959, 816890, 200791, 774588]",-0.40521150758514773,-0.35234748039071334,0.1469597285858659,-0.12770445916151849,0.09831415141291469,0.5961849231758455,0.1496895090527544
"['The Highwaymen', 'Willie Nelson', 'Johnny Cash', 'Waylon Jennings', 'Kris Kristofferson']","[75801, 583959, 816890, 200791, 774588]",-0.660317057380777,-0.48831368021096466,0.08920990208387777,0.2500301716507608,-0.5762570981621615,0.5401835688077412,0.02270720808284281
"['The Highwaymen', 'Willie Nelson', 'Johnny Cash', 'Waylon Jennings', 'Kris Kristofferson']","[75801, 583959, 816890, 200791, 774588]",-0.8434469424502696,-0.4737997690800996,0.052401024634845576,0.22355280579529457,0.15107803143024554,0.40916505269102066,-0.08725236555954162
"['The Highwaymen', 'Willie Nelson', 'Johnny Cash', 'Waylon Jennings', 'Kris Kristofferson']","[75801, 583959, 816890, 200791, 774588]",-0.6669559771483466,-0.6578461707918641,0.1599084287476673,0.16445228172170265,-0.6461869535637559,0.8172866528210041,-0.01703197671367131
"['The Highwaymen', 'Willie Nelson', 'Johnny Cash', 'Waylon Jennings', 'Kris Kristofferson']","[75801, 583959, 816890, 200791, 774588]",-0.3712922639940729,-0.49425809585140157,0.2539130325525103,0.05882429194629483,0.09692893818308133,0.34355956222363676,0.012284173920677852
"['The Highwaymen', 'Willie Nelson', 'Johnny Cash', 'Waylon Jennings', 'Kris Kristofferson']","[75801, 583959, 816890, 200791, 774588]",-0.8036858292445908,-0.583419838498579,0.138294959123824,0.24813644291285417,-0.02374560120813723,0.4722137667471122,-0.11792515442608252
"['The Highwaymen', 'Willie Nelson', 'Johnny Cash', 'Waylon Jennings', 'Kris Kristofferson']","[75801, 583959, 816890, 200791, 774588]",-0.40459629591481566,-0.3968675392624014,0.39135917846461266,0.24428527412143478,-0.7046215782343294,0.4377851078277898,0.06745873223785104
"['The Highwaymen', 'Willie Nelson', 'Johnny Cash', 'Waylon Jennings', 'Kris Kristofferson']","[75801, 583959, 816890, 200791, 774588]",-0.7566713782348785,-0.759767736169448,0.14151524498080395,0.17825341279213275,-0.17940939602802872,0.7868033298697028,-0.04454831147495723
"['The Ink Spots', 'Ella Fitzgerald']","[82831, 184502]",-0.21740028989325355,-0.499449094804924,0.24988356283842708,-0.013408641321047155,-0.37139200689596324,0.45212826261927386,0.05740861405962643
"['The Ink Spots', 'Ella Fitzgerald']","[82831, 184502]",-0.23707342425356995,-0.6296737871129789,0.2761513818468526,0.05034855691582537,0.10774546405116933,0.44115378063087474,-0.061907136104188736
['The Kinks'],[100160],-1.4066646847468354,-0.3495033144531888,0.26338583053409154,0.2898241814843128,-0.23754682744227076,0.6611985712436099,-0.3397407658703979
['The Kinks'],[100160],-1.200087952714167,-0.5072835523954572,0.2503209657574581,0.23295321771465508,-0.42423319668041576,0.7254946526032968,-0.31625855447191575
['The Kinks'],[100160],-1.060096300787227,-0.33594083281182846,0.22627016430596072,0.17744134112478,0.16174061087520755,0.41758807270118814,-0.18262433056736443
['The Kinks'],[100160],-1.3421132557686644,-0.33519686232658724,0.14963179666879933,0.17889631034339526,0.19824672323080456,0.5696527574074833,-0.2721839534510765
['The Kinks'],[100160],-0.619383517817107,-0.44388813584744263,0.1846166447095247,-0.013330471664427015,0.11647106109961254,0.445014557587435,-0.013853846699219016
['The Kinks'],[100160],-0.9022709829952159,-0.20914076184812094,0.0008446130662584092,0.15600903141998856,-0.04363787349707892,0.3686968157269095,0.057789550205777536
['The Kinks'],[100160],-1.2639168751146819,-0.36543057955106484,0.03208743887436729,0.17740863445075783,0.19598520474507822,0.6168187106689148,-0.12382892684634136
['The Kinks'],[100160],-0.6980071472605224,-0.19037823431859277,0.09466111412061227,0.06968661078858435,-0.25334283843776395,0.36373596050200124,-0.021380377608216268
['The Kinks'],[100160],-1.0469061105318018,-0.22682584811046905,0.1699406378800636,0.07540646161220678,-0.02505866355288011,0.5345498369154639,-0.1681964919567917
['The Kinks'],[100160],-1.175820787796658,-0.47438153164138697,0.029377216079893992,0.1833484168399916,-0.1627766231369011,0.7282574941323858,-0.14402345123940877
['The Kinks'],[100160],-0.6923088327736046,-0.1815473784471547,0.04165123992309953,0.1489450060460967,-0.5144726680935168,0.4069373080274571,0.062348210942462276
['The Kinks'],[100160],-1.18537783595371,-0.4661028334823048,0.007693162289426815,0.10918912230143357,0.19132980431693766,0.7007497187566464,-0.13940594613743504
['The Kinks'],[100160],-1.1184306869863399,-0.49607386116387064,0.05373737648624953,0.2773317430232544,-0.4377171552070121,0.6664031846979773,-0.1866820471633723
['The Kinks'],[100160],-1.3303032580161591,-0.29446604370889834,-0.02368501888048145,0.275460997751016,-0.42531043681627745,0.6796384881153583,-0.18646735982885543
['The Kinks'],[100160],-0.47539614675617436,-0.6617135402481008,0.2153110346462767,0.12127747496946115,-0.6709947963964635,0.7346183651868867,-0.006876105232867259
['The Kinks'],[100160],-1.1044950899998542,-0.3860447589964823,0.03560063343749789,0.19088479329135216,-0.008468831124689703,0.49255059141014207,-0.12110036553452244
['The Kinks'],[100160],-1.0067101014079802,-0.4961290898243695,0.2727568588287567,0.26970277398574105,-0.45277621011234126,0.5778744794989009,-0.26956005187422427
['The Kinks'],[100160],-1.1879271015171335,-0.5139725356049728,0.04349061097712768,0.35794251479225164,-0.6120157600747743,0.6329697169735758,-0.24707149613139837
['The Kinks'],[100160],-0.9581914288132904,-0.47775400690763853,0.13403593788407636,0.1247774476299191,0.07844349991705488,0.5814977015651979,-0.11743508581247203
['The Kinks'],[100160],-1.3210822613741031,-0.2770351716117285,0.1375202724048842,0.1360284996088041,-0.16575655456671412,0.6958441599138027,-0.260297918761779
['The Kinks'],[100160],-1.1734488142767925,-0.2993593962782046,0.15580064099216004,0.21983117296751858,-0.6247581549010187,0.6801220417825051,-0.22885498612573693
['The Kinks'],[100160],-1.3405918276705568,-0.16114521275425048,0.14964297210264968,0.07699049334018875,0.01183966452004572,0.724981913686674,-0.24398550174145758
['The Kinks'],[100160],-1.181650746518545,-0.3165026172731803,0.04091570547387619,0.20677205622161757,-0.17961263527434115,0.5436130106569657,-0.15044445612078558
['The Kinks'],[100160],-0.9716552181380353,-0.3545916459689484,0.055863199178110806,0.2714950214489166,-0.645350068566613,0.5333932045464082,-0.07819961209115078
['The Kinks'],[100160],-0.9440534783604508,-0.24551208073137198,0.03789990136644628,0.1736728394761589,-0.3897837660812394,0.5387076131948921,-0.030444843170673943
['The Kinks'],[100160],-1.1856540333029393,-0.5216244475497793,0.021150285084046004,0.4288948626513937,-0.6123336701685455,0.5417037036454275,-0.24871032766634027
['The Kinks'],[100160],-1.2661120389931189,-0.32289189786362776,0.09915623142407898,0.2965303358021278,-0.16974248948958787,0.5325079616647406,-0.20346003481735886
['The Kinks'],[100160],-1.028815299311769,-0.47985459070878816,0.06091410955972712,0.2832970055909102,-0.6250299470700841,0.6596027739941278,-0.08377933629310344
['The Kinks'],[100160],-1.1954658685088022,-0.30619492963297595,0.044866711418651437,0.3094590655824911,-0.4469273414234635,0.49748853601594306,-0.20244536686222078
['The Kinks'],[100160],-1.1633816681713656,-0.16011042603376885,0.020363577593643933,0.07680568438047533,-0.27219543350745734,0.7603372875697159,-0.009917657972545263
['The Kinks'],[100160],-0.8255527330473936,-0.379278157334919,0.07495932930239516,0.10306511224432092,-0.018039596399102308,0.6698269059833042,-0.052086369837090446
['The Kinks'],[100160],-1.0631235990414478,-0.30344319017218,-0.015141087601988509,0.30665215167452825,-0.6395195876619283,0.5580970047776956,-0.12617167426371625
['The Kinks'],[100160],-0.8246157910825138,-0.2608314697215852,0.20227871479950885,0.14411663804482444,-0.30955246890519056,0.5196970056875042,-0.1225204350402241
['The Kinks'],[100160],-0.9665039100494306,0.09433643508150047,0.520597503309842,-0.07197753827516648,-0.6624876236237891,0.8201082183471544,-0.24653266076018573
['The Kinks'],[100160],-1.1687341889699956,-0.2306475082668696,0.10564129628554385,0.21020267370724938,-0.4447291440595654,0.7030946250685768,-0.14174003429255028
['The Kinks'],[100160],-1.1525391400215295,-0.3742801383643494,0.10383277745542267,0.02771211658193475,0.1848938798896492,0.7526581945944996,-0.1326919754473847
['The Kinks'],[100160],-1.0783050399574554,-0.5051982165134447,0.19871680542675543,0.22692125117145895,-0.1744252231333707,0.5845617924216336,-0.20114177588619844
['The Kinks'],[100160],-1.2916918749256194,-0.4666692235186333,0.006396969463631878,0.29719922411578337,-0.41685473753353436,0.7261171405387685,-0.2364134712748977
['The Kinks'],[100160],-1.1161053827642398,-0.36337077099990805,0.2986386158379373,0.2443705038280352,-0.62550139904857,0.6358052270342237,-0.2598950609459097
['The Kinks'],[100160],-1.1430054332256498,-0.4242903724704522,0.10583457852475701,0.29637102953480926,-0.1709884498447348,0.5089593391073959,-0.22937188009357132
['The Kinks'],[100160],-0.6424137471663935,-0.20017788984703522,0.06540214744976626,0.11834311400910195,-0.520103972765584,0.40760563568558045,0.07474026890197617
['The Kinks'],[100160],-1.179776995803187,-0.16893554486996692,0.050774817588507375,0.2578862687653087,-0.1909365259013666,0.4336281789556305,-0.10639104047382769
['The Kinks'],[100160],-1.2364584775190584,-0.26863125067359284,0.001985428592109115,0.23505337838835724,-0.002834008213174922,0.4392916680584698,-0.17045365572664684
['The Kinks'],[100160],-1.3606322758308123,-0.5860356648793453,0.15411664088380295,0.2898063481238716,0.2279307704608983,0.6417120340121695,-0.29982326410080784
['The Kinks'],[100160],-1.1468614242179174,-0.3083357457316723,0.21313451774581416,0.1764294326735331,-0.002951040908466513,0.5433598888262954,-0.2250505500759109
['The Kinks'],[100160],-1.1402816879447504,-0.20165423441085586,0.11031934843614456,0.33513001011353954,-0.46286418007439023,0.3902748870273429,-0.23228995836270672
['The Kinks'],[100160],-0.9738332268761439,-0.20099342009582502,0.019063959879536307,-0.1171257213030156,0.14632431879659558,0.7199863283452295,-0.007927778498941726
['The Kinks'],[100160],-0.694318042607333,-0.593163908632054,0.18196857199889716,0.13498223087531483,-0.030863241640806484,0.5307157878894819,-0.08946859735089703
['The Kinks'],[100160],-0.9125970163774237,-0.2686886624350546,0.041423550605133426,0.30247205943557776,-0.8136101689703717,0.6244170085955612,-0.17883671871741152
['The Kinks'],[100160],-1.030969616759574,-0.06398562827519433,0.09177514988719104,0.12547321010373613,0.13368506388903392,0.29056789151777107,-0.11326779858719534
['The Kinks'],[100160],-0.8349952385882966,-0.16276436477727751,0.20478026495050758,0.09363886577287418,-0.23567278047762066,0.4126682888374429,-0.1128795495773495
['The Kinks'],[100160],-1.0696024358791758,-0.2888124507617154,0.06336540336530809,0.18742249576291173,0.07125508497213484,0.43569740652629957,-0.14577554165381912
['The Kinks'],[100160],-1.269139751730667,-0.11940935548626011,0.03586204737203962,0.3306640281534772,-0.5346039729095639,0.502542297548211,-0.22001953813787292
['The Kinks'],[100160],-0.9591033345473217,-0.10570231951321654,0.019206518695339223,0.21532260200950948,-0.4993683481181015,0.3315689815641737,-0.11888104843889095
['The Kinks'],[100160],-0.9300801021229038,-0.17671013535661403,0.001734471165983923,0.38957233966389326,0.07352621281440166,0.7223970712948438,-0.6440073745273007
['The Kinks'],[100160],-0.8256555370473435,-0.38342991501116663,0.0763532902502463,0.10182000467428774,-0.018075074779218988,0.67140036458182,-0.051350724812130905
['The Kinks'],[100160],-0.8142196142383411,-0.5411986336750034,0.13410219316469205,0.11786569859209575,-0.02487970773507642,0.5753609388987826,-0.12741786861768803
['The Kinks'],[100160],-0.964015219681696,-0.08621529670678812,-0.02868973499812747,0.20681879779766488,-0.4120877216358713,0.31592630287969947,-0.03245618276801065
['The Kinks'],[100160],-0.7248461572546673,-0.31920405937928426,0.16181967861339022,0.022147838543426463,-0.060047524305110005,0.4482750373683589,-0.09444706517332191
['The Kinks'],[100160],-0.9967243626815544,-0.4927248962842311,0.1438881019788253,0.15455570857514364,-0.0073024004705016885,0.585444956830011,-0.09745471605927938
['The Kinks'],[100160],-1.2511727271564956,-0.10571394211661478,0.1098478916379297,0.2848918960328628,-0.45153809972205283,0.4860748207272497,-0.28371379288928295
['The Kinks'],[100160],-1.3894004460810399,-0.32924457124462864,0.021065794808128667,0.2799007546971923,0.03234795080802251,0.5854467885425323,-0.23107269409054468
['The Kinks'],[100160],-0.9351731382270821,0.13741712783439525,0.5362654116776788,0.10705813590627207,-0.4928639623378087,0.5569241193525643,-0.29325863441638766
['The Kinks'],[100160],-1.2017221561093647,0.34178283112598784,0.41426569688205583,0.026425995940008006,0.17946053911107918,0.6206986122193205,-0.45831037578817074
['The Kinks'],[100160],-1.2381929951792496,-0.2899319556433243,0.08839358492721018,0.031985720070948284,0.19104374134434385,0.7727425208545923,-0.20151709955451427
['The Kinks'],[100160],-0.943827424674345,-0.6181913563544692,0.20372242023084475,0.1854749748254849,0.028878908768443682,0.7496946860642738,-0.3324374784330884
['The Kinks'],[100160],-1.236022423599925,-0.4465799337288757,0.04841285773283588,0.2603284245995271,0.11528158831089137,0.5849990030498596,-0.2265845134119921
['The Kinks'],[100160],-0.9157202903521957,-0.23121896394495914,-0.01733968913669296,0.27779040831402174,-0.6614312212154424,0.4780673828287622,0.038033516407661574
['The Kinks'],[100160],-1.0721343971099502,-0.35830081622144894,0.04540874311395682,0.22918526478748008,0.16270900211769304,0.3639018751069695,-0.13927092624211382
['The Kinks'],[100160],-0.7287055823069811,-0.7045195009645113,0.17694942254953164,0.15270285461473743,-0.4639772535121149,0.7353504071828104,-0.130624997165106
['The Kinks'],[100160],-1.2090208214901108,-0.439209327214904,0.06796917739970233,0.23569606438525925,-0.43376702829224817,0.6896199358116074,-0.2452524015043198
['The Kinks'],[100160],-1.1127528494398744,-0.5247263888613262,0.09169782272132207,0.2447951501490615,0.002334948295035421,0.5234472506305088,-0.2311402867237273
['The Kinks'],[100160],-1.207901926738073,-0.5578043459700819,0.07808356515731353,0.2429120917668909,0.19792692811773382,0.5382520566907011,-0.23268826639746476
['The Kinks'],[100160],-0.8298849150858661,-0.4493138400860897,0.033984883267676236,0.3350100804738268,-0.3775226794596098,0.9951429669324001,-0.47829062524702004
['The Kinks'],[100160],-0.7235186478313494,-0.46320524632997606,0.09093281580833545,0.20834476136848645,-0.640497124134864,0.7427131773732375,-0.06778554881546572
['The Kinks'],[100160],-0.3677003525922067,-0.5268315845056961,0.2255770798660184,0.014452112546140213,-0.2569208478118321,0.5381702186981805,0.018895991136988952
['The Kinks'],[100160],-0.4751294652171547,-0.654548536976214,0.21434179660058927,0.12102854654803866,-0.6716215348150409,0.7303329230647218,-0.005086448518180324
['The Kinks'],[100160],-1.0277999402772209,-0.2408315279928221,0.010515249599157965,0.13364613198024647,-0.018579550436730537,0.566892765048033,-0.06349583387320218
['The Kinks'],[100160],-1.2493735786059028,-0.48365383510087745,0.0030105387981514886,0.31114563194429207,0.12391634534228947,0.620197737652414,-0.16424609709816393
['The Kinks'],[100160],-0.7488526236822269,-0.22480002427303417,0.009343504993829016,0.2115241981531923,-0.503277393938461,0.4204679322762985,0.11148940734496957
['The Kinks'],[100160],-1.0011294387909762,-0.4750929980880258,0.06747342576213454,0.18324466357461286,-0.012134730881593642,0.541097635218586,-0.11511675986918454
['The Kinks'],[100160],-1.1428584030291613,-0.42457268858612607,0.14129755102184352,0.33055942352322126,-0.7970862704156956,0.6417214302719026,-0.20043320821522895
['The Kinks'],[100160],-1.213529154900132,-0.2411836423030391,-0.013602959774047511,0.37358597872955895,-0.7194925233487139,0.48275611458678,-0.1919029326829639
['The Kinks'],[100160],-1.1495105520108808,-0.32140965669223787,0.02176620997039069,0.2424417256500541,-0.010171693961271216,0.4167590852438848,-0.1704220348681911
['The Kinks'],[100160],-1.3176625151320265,-0.2473348108582761,-0.04397369999880237,0.312631688027474,-0.6019869973927441,0.7042017753674015,-0.19999884563489068
['The Kinks'],[100160],-0.8713409970364863,-0.48632204452233113,0.12617435488564777,0.15878880350965147,-0.02937969308177882,0.43989982376034553,-0.16172979038775628
['The Kinks'],[100160],-0.9864938572200296,-0.4029869460568762,0.19469503496214932,0.030539262677051895,0.16378401660501257,0.6306081295426944,-0.1622860013661264
['The Kinks'],[100160],-1.3313462178008817,-0.3979761322212835,0.16319714424017212,0.275566064637046,0.02208734847603292,0.5311632748123832,-0.3438877567627603
['The Kinks'],[100160],-0.680206311250792,-0.406262653457637,0.11538560060534284,0.00801750472410497,-0.4711685957032874,0.8948466885898275,-0.04263628239433422
['The Kinks'],[100160],-0.6810611236813447,-0.3684304785325029,0.132702772240696,0.0012616793691981453,-0.05043457108469396,0.5858935053821644,-0.02078279851390487
['The Kinks'],[100160],-1.0643474738367753,-0.5205321105222613,0.1047042155314315,0.23615435747781122,-0.2555733992718229,0.6720139320682578,-0.14962507457200047
['The Kinks'],[100160],-0.8381824743785804,-0.3465578540483732,0.19849537579524235,0.21249699099329156,-0.48006167876973227,0.5477818508121787,-0.14217867729637504
['The Kinks'],[100160],-0.7490335616385123,-0.5110683554730708,0.2392945030248869,0.12941059691571505,-0.20907462892206452,0.5737367539585934,-0.12360048293666341
['The Kinks'],[100160],-1.2470613167507125,-0.3851981951073541,0.05552335736139166,0.3975175205444392,-0.7818548966556794,0.6705971658277834,-0.20911860804143062
['The Kinks'],[100160],-1.227081485874418,-0.3677348305233866,-0.03327584986112607,0.27566834752962394,-0.4282706236027856,0.7236861705463213,-0.1520229057411556
['The Kinks'],[100160],-1.0807286988086118,0.11296646197561261,0.5987306179737553,0.2583705087979068,-0.6498504773635616,0.4855853982528705,-0.43302339601264367
['The Kinks'],[100160],-0.9468872669300191,-0.09894615046439405,0.17000962169429706,-0.006241309688769316,0.039860452273911474,0.48948294850394897,-0.12117252840058558
['The Kinks'],[100160],-1.2576732103437243,-0.2379192950752872,0.0925108354480136,0.13535594782048047,-0.4364117320734955,0.7935391719460833,-0.16727790806232445
['The Kinks'],[100160],-0.9132620904121188,-0.551759754501606,0.15126263769585443,0.08224111776816169,0.1697806017126823,0.6354829336775761,-0.0922425127256349
['The Kinks'],[100160],-0.52134457290649,-0.20004244552177666,0.1360686024980773,-0.04426374402259846,0.08111825398008746,0.280742821672542,0.04113789150672467
['The Kinks'],[100160],-1.1413042869732608,-0.20858181158917388,0.038682708826419894,0.23342045279029044,-0.4606878252034914,0.5271010235729637,-0.1326660695534169
['The Kinks'],[100160],-1.1698401066267052,-0.13752532192342967,0.014218636863253038,0.1531240960760707,-0.2859539956421771,0.553781492971493,-0.13539139152728227
['The Kinks'],[100160],-1.305116887317163,-0.11035599722947056,0.03321694517131689,0.004225061990675716,0.006064400665215878,0.7869132153650599,-0.12687638793821615
['The Kinks'],[100160],-0.7261727604116954,-0.5359572207102264,0.1794199384186573,0.0277469123357723,0.1503949640831736,0.6110230554744315,-0.06158554333940751
['The Kinks'],[100160],-0.6735170409480077,-0.4028365224687302,0.11133463664015814,0.013022527284356445,-0.4690778361393737,0.9017314748768835,-0.05497641481471872
['The Kinks'],[100160],-0.7181808637856839,-0.6503781250993401,0.1712803866755327,0.21273102273272965,-0.46882841969981004,0.6497669877018993,-0.10094205195787476
['The Kinks'],[100160],-1.216219639126893,0.011035662616981502,0.4428153002562776,0.09363699990620691,-0.0019445611858919195,0.6241364736697858,-0.3920623931313901
['The Kinks'],[100160],-0.9720758147673972,-0.226177768226074,0.0993516038208225,0.1175309252330989,0.05372465633110659,0.40234390860143276,-0.1169377133723685
['The Kinks'],[100160],-1.0218501665559925,-0.30663948914321176,0.18722984407883486,0.33553398645799487,-0.4723156631570012,0.359434498400248,-0.24840268472526006
['The Kinks'],[100160],-0.9439471983117127,-0.41214690330586734,0.1346132044587833,0.22156306863429717,0.14704831510323227,0.31886796247872673,-0.19799437319136573
['The Kinks'],[100160],-1.261371878084911,-0.4865102846609957,0.042649392165490276,0.25887752980047113,-0.2424121397366229,0.6924535099238127,-0.204183176204679
['The Kinks'],[100160],-1.122341900322974,-0.20398643181436546,0.024239509930461752,0.2117612622720423,-0.2859577044738722,0.49002498749921597,-0.10974788081719879
['The Kinks'],[100160],-0.5715697696468428,-0.3235288192834447,0.17236369196535153,-0.18939695889985458,-0.060492319369383256,0.7833083100922349,0.15137449717403859
['The Kinks'],[100160],-0.8381301341063294,-0.3566437891803982,0.06699862284978492,0.18273271245969674,-0.0337941883453376,0.4670265835153331,-0.04888819908704291
['The Kinks'],[100160],-1.227632872243778,-0.020552771042347696,0.06453420697371963,0.19882846172232158,-0.6315386003971512,0.645337328087581,-0.12140063341139591
['The Kinks'],[100160],-1.207819801457006,-0.5013775213733711,0.12210104575162792,0.2317763076349239,-0.5115086100136312,0.792783820957205,-0.21844569941234154
['The Kinks'],[100160],-1.1907774026829394,-0.3453306430227248,0.03982204841957917,0.23690747543862958,-0.4394426498443647,0.664247569128372,-0.1422320065892833
['The Kinks'],[100160],-1.177330591454309,-0.2355443668644421,0.05000665560791851,0.1342326834119327,-0.1802369092505034,0.6497699340778105,-0.05253774656205343
['The Kinks'],[100160],-0.9658753928557055,-0.32027965323480156,0.0019436579670679302,0.1722755719556131,-0.026425904521180484,0.4715375351924824,-0.02841207645488862
['The Kinks'],[100160],-1.0203826208026294,-0.17543304680430125,0.07045107327848214,0.13802287174063854,0.054001447630418774,0.3669888909598661,-0.11134432452752535
['The Kinks'],[100160],-1.3606322758308123,-0.5860356648793453,0.15411664088380295,0.2898063481238716,0.2279307704608983,0.6417120340121695,-0.29982326410080784
['The Kinks'],[100160],-1.0946566645949196,-0.3211509565000239,0.10184021393747071,0.22395828233688853,-0.585020491218379,0.907348924833389,-0.36272480036012106
['The Kinks'],[100160],-0.8282962702328851,-0.27580093050580157,0.06150450967551171,0.038066685799189676,0.1306388796593822,0.47167976264473993,-0.008330909422787773
['The Kinks'],[100160],-0.6793634424066138,-0.6754508824988158,0.20135562784406064,0.08987128186116754,-0.45839251934184055,0.8830578123791218,-0.07278532669229078
['The Kinks'],[100160],-0.585870658397236,-0.461401944904794,0.17024207452084697,0.07304726051734926,-0.06286045377447154,0.44029330393261895,-0.0038817776756481757
['The Kinks'],[100160],-1.0161078905750442,-0.5303103954384769,0.24420633874744976,0.10586933725524676,0.17955698217277444,0.6254938413301152,-0.21248848039630458
['The Kinks'],[100160],-1.3013958693374772,-0.27029048504409003,-0.030377884410317427,0.2520829993460995,-0.43180161833383707,0.6576141769063666,-0.17234762474971738
['The Kinks'],[100160],-1.1281551356660053,-0.2371642935553529,0.12837800715143935,0.12318816498566801,-0.1886264350162128,0.6108244000788524,-0.2032597924656428
['The Kinks'],[100160],-1.0881796085944155,-0.0016161130654623245,0.523780812144002,0.27621094935260443,-0.6469735203308628,0.48590342131196673,-0.4307013471987941
['The Kinks'],[100160],-1.1668757182404308,-0.40474201521353104,0.04584742737137224,0.21558519860842115,-0.42897569296464627,0.7981338056857747,-0.14495273625116864
['The Kinks'],[100160],-0.3080631344898108,-0.5219721173420866,0.2672874206939243,-0.07922110408934617,-0.25336425814118246,0.7162082927647778,0.17699413190789007
['The Kinks'],[100160],-1.0383004305256291,-0.36526953390333405,0.125122101530831,-0.050709712529513035,0.16655305564317371,0.6785481060989413,-0.09772223601390417
['The Kinks'],[100160],-1.2046635532831764,-0.24458943746252113,0.24238861376058482,-0.031908298024336756,0.18422176754913586,0.76960546998645,-0.23791688733076546
['The Kinks'],[100160],-0.9246049755930845,-0.3029424793870885,0.04561808777867059,0.22024585463681526,0.1347532171955547,0.21920398738253621,-0.11854556605961683
['The Kinks'],[100160],-1.0876725131229814,-0.3259299585748159,0.1550814788000762,0.19347732575646875,0.16045729535807723,0.386734447039403,-0.2489160707709538
['The Kinks'],[100160],-1.1954658685088022,-0.30619492963297595,0.044866711418651437,0.3094590655824911,-0.4469273414234635,0.49748853601594306,-0.20244536686222078
['The Kinks'],[100160],-1.2206402823927878,-0.3390847625892474,-0.025835093207493977,0.20339493407548068,0.012631535054610229,0.6318133773424024,-0.12811294274575807
['The Kinks'],[100160],-0.8785528085111838,-0.2732830326828412,0.06803018449407654,0.2917183047379426,-0.4793365935930865,0.40700618226278457,-0.1114485739008359
['The Kinks'],[100160],-1.315739311944264,-0.536926520210732,0.11248649086944537,0.3434336464770079,-0.4089187993009984,0.7155255344815546,-0.28769147344671675
['The Kinks'],[100160],-1.1031326721285764,-0.3980238301107465,0.14752875539374322,0.06486845703897658,0.18044875812688788,0.6471295155289195,-0.15977784040225837
['The Kinks'],[100160],-1.0825338230051884,-0.40504848238872515,0.13948900032770534,0.22550690735442241,-0.44809918095292744,0.6127302722292957,-0.20362453328006458
['The Kinks'],[100160],-0.8371571210433925,-0.6383672816128115,0.21087401462852226,0.16975932989960893,-0.45739628646200403,0.7174764276555882,-0.12066022048837749
['The Kinks'],[100160],-0.8700540696224801,-0.31274124085873517,0.42465756349089795,0.12402735416423892,-0.6514840378546173,0.6835342844510598,-0.22056774627022466
['The Kinks'],[100160],-0.9667395014753939,-0.3018058597268294,0.01738571839355229,0.3340381090330636,0.04976922300456482,0.6678186942557411,-0.4945268718420613
['The Kinks'],[100160],-1.2281235575539085,-0.6198009810611752,0.05165854389243434,0.3094375506866007,0.12679376549995372,0.657551703001313,-0.18983942829271475
['The Kinks'],[100160],-1.0471873131768148,-0.3058407845733458,0.04788842645468903,0.3944782102833952,-0.6508399506703283,0.34211269333465505,-0.18721326294672055
['The Kinks'],[100160],-1.3260208706972119,-0.21344196370423518,0.18911242714564008,0.24819870761768098,-0.43896332994306964,0.5868853365120666,-0.30729190289545905
['The Kinks'],[100160],-1.102735158921137,-0.5133271859135592,0.09615428600531356,0.236176599446725,-0.0004090747846439741,0.5128082748499555,-0.22683806215983052
['The Kinks'],[100160],-1.0721343971099502,-0.35830081622144894,0.04540874311395682,0.22918526478748008,0.16270900211769304,0.3639018751069695,-0.13927092624211382
['The Kinks'],[100160],-1.2155623531587665,-0.4343273583876735,0.004398555947814488,0.2626651841117217,0.010846800188644517,0.5247146482142926,-0.22510318416597183
['The Kinks'],[100160],-1.213529154900132,-0.2411836423030391,-0.013602959774047511,0.37358597872955895,-0.7194925233487139,0.48275611458678,-0.1919029326829639
['The Kinks'],[100160],-1.3176625151320265,-0.2473348108582761,-0.04397369999880237,0.312631688027474,-0.6019869973927441,0.7042017753674015,-0.19999884563489068
['The Kinks'],[100160],-1.1760650876230585,-0.44887337579186626,0.09904914910552087,0.23815362591243588,-0.2545825574852523,0.675349709263944,-0.19260345770951776
['The Kinks'],[100160],-1.1495105520108808,-0.32140965669223787,0.02176620997039069,0.2424417256500541,-0.010171693961271216,0.4167590852438848,-0.1704220348681911
['The Kinks'],[100160],-1.0512894452410215,0.05977054356947364,-0.0051339702488003664,0.1859327950376896,-0.3136683114686962,0.33683497650267386,-0.054864948734701414
['The Kinks'],[100160],-0.9174728871818248,-0.11890266383788345,0.4488390516353478,0.22799004774010778,-0.1560648034003595,0.6465938404809959,-0.6181482888671946
['The Kinks'],[100160],-0.9374777487275665,-0.6020648214602504,0.3591240666354148,0.3644476369092047,-0.6215307920545441,0.645554621206768,-0.15595719771187258
['The Kinks'],[100160],-1.089351745654674,-0.46011334892044814,0.23967020010320605,0.1666157079761814,-0.6096996141110774,0.9073246286100741,-0.11653576015641008
['The Kinks'],[100160],-0.5142747633061431,-0.30999754119492223,0.1572811949285885,-0.016726068188288156,-0.06880225974959851,0.5145823248054011,0.06734345937687314
['The Kinks'],[100160],-1.155795677104124,-0.2038793351416185,0.27010158624909647,0.11772746362497788,-0.005468476777320913,0.6202073360112001,-0.2488281291712783
['The Kinks'],[100160],-1.0918146413521532,-0.47389705791118697,0.11107858406074406,0.057784315334434296,0.19092539811467021,0.7541188486353322,-0.053801451238616765
['The Kinks'],[100160],-1.3895470536770398,-0.35016751904249244,0.11440304504208258,0.35680251748658093,-0.41736829083918925,0.5991864229169631,-0.3230641473792118
['The Kinks'],[100160],-1.2560606361931357,-0.5266865125744152,0.07627969187195527,0.3003317219612157,-0.24228210258119845,0.6303624270329393,-0.2808015861678089
['The Kinks'],[100160],-1.1705551939607126,-0.6125714180192516,0.15238484281878248,0.2754494625125774,-0.41987759887753373,0.7229794763873122,-0.25124769304977196
['The Kinks'],[100160],-1.1665144300554855,-0.07103155151994803,0.3594180215398885,0.09999478371415187,-0.6388046173524515,0.7555604461427964,-0.13462102686802688
['The Kinks'],[100160],-1.4054184496704076,-0.46982342201255933,-0.020262654165823218,0.2380147509762557,0.21727219030194905,0.6295247710092365,-0.22087008017316037
['The Kinks'],[100160],-1.1634907096274896,-0.2296473644435392,0.05095436956620417,0.20038974188563285,-0.014939313054788007,0.43392788945110733,-0.19623994848115164
['The Kinks'],[100160],-1.2582328399785891,-0.3579893027606568,0.22838102866807397,0.25327405189699925,-0.6039435739249056,0.7644509372229641,-0.29215961436346966
['The Kinks'],[100160],-0.9262888583037808,-0.4772100929500237,0.12104570312153258,0.2507277194706249,-0.639046733216501,0.6338700460402931,-0.09807105742106981
['The Kinks'],[100160],-0.9340107673999409,-0.08359523699387544,0.08154385225494012,0.16223143497829964,-0.5034739022648101,0.38717107129009676,-0.140161758541682
['The Kinks'],[100160],-1.2114784000807173,0.5290673242655938,0.5483698882282874,0.043950853339746354,-0.4821684729220526,0.5771035737888538,-0.34127392615091373
['The Kinks'],[100160],-1.316117662150691,-0.29623358236499564,0.03359104345308283,0.27711754419715556,0.012623123148984304,0.4632104428956932,-0.1717199296665442
['The Kinks'],[100160],-1.0439016680632975,-0.33042033246026464,0.13831556845936907,0.11193220473281228,-0.1946546577937878,0.5998657320443537,-0.15182020372305946
['The Kinks'],[100160],-1.4032435423843708,-0.4104936321636117,0.011370499784528346,0.2594798197822923,-0.2295931131897219,0.7368074447260013,-0.2612400386176619
['The Kinks'],[100160],-1.0916669928033573,-0.18325874703676417,0.018981669618467895,0.2223601904906568,-0.025536736857306615,0.33593903664648844,-0.08973940298467557
['The Kinks'],[100160],-1.2806680193947089,-0.14631929306666316,0.08262919907110042,0.25491175116199866,-0.8032569943036953,0.6683116334354666,-0.15459226928005945
['The Kinks'],[100160],-1.2371796392677192,-0.2619226887838553,0.12407767930018526,0.3460381362249417,-0.6251049867298616,0.5100644918593813,-0.2689449961120575
['The Kinks'],[100160],-0.8713409970364863,-0.48632204452233113,0.12617435488564777,0.15878880350965147,-0.02937969308177882,0.43989982376034553,-0.16172979038775628
['The Kinks'],[100160],-1.207901926738073,-0.5578043459700819,0.07808356515731353,0.2429120917668909,0.19792692811773382,0.5382520566907011,-0.23268826639746476
['The Kinks'],[100160],-0.9864938572200296,-0.4029869460568762,0.19469503496214932,0.030539262677051895,0.16378401660501257,0.6306081295426944,-0.1622860013661264
['The Kinks'],[100160],-1.012627782772366,-0.3913465784362207,0.15162282606793626,0.1879417402280755,-0.46117606778404324,0.5886072722742088,-0.18696171268168235
['The Kinks'],[100160],-1.2677497879614732,-0.3655891948980503,0.15721074955906905,0.3411731048444277,-0.2548131699679913,0.5047083372697888,-0.2844222324272453
['The Kinks'],[100160],-1.0423878306283896,-0.3678150649857664,0.31588517324741194,0.07000546082035196,-0.18358132267768354,0.7283877235985857,-0.1554147813898877
['The Kinks'],[100160],-1.1197316569423164,-0.5454508815850755,0.23047154252181984,0.27461119943230017,-0.25643609876445045,0.6351831574587272,-0.1852015189327988
['The Kinks'],[100160],-1.261208787488652,-0.14513503772158842,0.379417471948391,0.0985455487342355,-0.6190225100361357,0.8403651256461931,-0.3315170697346236
['The Kinks'],[100160],-0.7791300081756225,-0.17381758712368708,0.11972825334290847,0.28210224238965115,0.026583884848652414,0.5906852427581332,-0.4962542447559994
['The Kinks'],[100160],-1.3631251218497344,-0.24540261424643828,-0.04590911920123865,0.22770542677207184,-0.7861917993368476,0.8156903155586038,-0.19729079804658659
['The Kinks'],[100160],-0.8773789191023716,-0.21912808037618187,0.29835310891833144,0.07165782710984979,-0.5759250139635416,0.6090853818630383,-0.17956968357942082
['The Kinks'],[100160],-1.0577175067215339,-0.4170372019111823,0.04128466630155266,0.30267310402368974,-0.6338612138401792,0.5899721857229198,-0.13191028347166583
['The Kinks'],[100160],-1.261371878084911,-0.4865102846609957,0.042649392165490276,0.25887752980047113,-0.2424121397366229,0.6924535099238127,-0.204183176204679
['The Kinks'],[100160],-1.207927046443233,-0.34982723013116657,0.013119644914535373,0.3676508518857564,-0.6188172090553912,0.5283083101874054,-0.1789569257859626
['The Kinks'],[100160],-0.9659345968033445,-0.23609637607322456,0.1297749261331152,0.09836869071194311,-0.03176397147804307,0.49041493686227156,-0.10544980483452643
['The Kinks'],[100160],-1.0264521316833475,-0.3568974633423184,0.163558563935516,0.19887149544666477,-0.19354084269132737,0.4765667769115546,-0.17764007625820272
['The Kinks'],[100160],-1.1964065833848716,-0.2902908132577049,0.12229499125765247,0.1788804209651277,-0.6158221779058098,0.7764000611312951,-0.20212386349057265
['The Kinks'],[100160],-0.7108146463116937,-0.332738738267781,0.14789941899866338,0.06451409840200786,-0.061146234743658705,0.3743350949715145,-0.047943616791760936
['The Kinks'],[100160],-1.0790643187602098,-0.20729490626228908,0.3737407700657398,0.08839414695812083,-0.01302020704487827,0.6365801656376834,-0.2596807501740062
['The Kinks'],[100160],-1.2486460105776322,-0.03243641777488545,0.4759084640881296,0.19098889905403194,-0.44651046903603,0.6244815783780473,-0.3953563284137905
['The Kinks'],[100160],-1.1931997928739209,-0.43878359031520686,0.03755623655098931,0.2563281413991874,-0.3431691311710225,0.6704619725746188,-0.188453431835911
['The Kinks'],[100160],-1.3364835570757456,-0.21624864689628756,0.2923787542064002,0.0846297479979824,-0.4250612931138814,0.8922865629964474,-0.29575836554953444
['The Kinks'],[100160],-1.2714638608873867,-0.04494642684177474,0.14105362299720176,0.026299226152163225,-0.4515456499365494,0.7982883266181979,-0.2211644163810125
['The Kinks'],[100160],-0.9717862106136239,-0.41389180135020476,0.04984727950913276,0.2878007134352711,-0.6427253155744107,0.5770662257738524,-0.11487632965868994
['The Kinks'],[100160],-1.013562277500883,-0.4419129402195261,0.23228846721321691,0.08983192509314579,0.16871668656690908,0.5678612095332337,-0.14582952293983262
['The Kinks'],[100160],-1.078321082954329,-0.47641861055372864,0.07112304419830688,0.19469694230164367,-0.445687283470877,0.6941359097024606,-0.19639251218720272
['The Kinks'],[100160],-1.1565679809242908,-0.4189808266551321,0.10327832393753007,0.33414209527321564,-0.7969557172381472,0.6267914715590461,-0.1917886332134486
['The Kinks'],[100160],-0.40102042674506366,-0.4009267663863917,0.1960254508619702,0.057997437959467615,-0.09746786839255905,0.25380913611873845,0.008550280636532905
['The Kinks'],[100160],-1.1463499094641891,-0.2954752342051563,0.049077898500144074,0.28690826524474017,-0.7182960930483339,0.6525149677595025,-0.12442846251461474
['The Kinks'],[100160],-1.223723062466021,-0.5183036172972991,0.022461656081413768,0.28283340492444936,-0.42171982283089815,0.7273950872179152,-0.19500601396848313
['The Kinks'],[100160],-0.7549941431185418,-0.5461420599547293,0.2187851533844011,0.0383985036201569,-0.036182650096713044,0.5536402685860876,-0.11153426838017316
['The Kinks'],[100160],-1.0338010587791102,-0.20707970347426904,-0.08567763380208027,0.38994080392324604,-0.547785815666999,0.9567610990927895,-0.5501278479917536
['The Kinks'],[100160],-1.1884258940076848,-0.5289326030035991,0.044735620680547934,0.4063498686156548,-0.5982250378034116,0.6847051687554422,-0.20015455504265034
['The Kinks'],[100160],-0.9029998399828876,-0.29112652543549145,0.05840338800701845,0.3012235509435655,-0.6565830847281758,0.48306337512296865,-0.09567153537923147
['The Kinks'],[100160],-1.221221268680247,-0.3310232040693846,0.054033287210444335,0.21861163704037861,-0.7915785113019717,0.8400837029355056,-0.20442338022174822
['The Kinks'],[100160],-1.135874072180731,-0.2007578238836512,0.06100866164681262,0.1796506857202373,-0.01842263766232078,0.4303465163746935,-0.09874534346230207
['The Kinks'],[100160],-1.3192486895633257,-0.2534142369992246,0.41325739054093774,0.25052797625574097,-0.43361944898024807,0.6211961419573985,-0.41496150277745747
['The Kinks'],[100160],-1.1381027873561822,-0.38852507985622936,0.0633472848157578,0.28825227890741856,-0.3541527419192744,0.5791042455109872,-0.18256664826645552
['The Kinks'],[100160],-1.1968365101116687,-0.20693426025857614,0.29579472273127305,0.22674897846192082,-0.17635001329464267,0.5436173343974444,-0.34986545090763616
['The Kinks'],[100160],-1.0255407604095965,-0.295029799396273,0.14976385007642581,0.14070041998531269,-0.46939213651343475,0.5891267827123985,-0.21255638501309435
['The Kinks'],[100160],-1.0714845100762223,-0.26683184413771477,0.013331288261085435,0.165412666066572,-0.02415184741747146,0.4349148347888699,-0.10766167742626763
['The Kinks'],[100160],-1.3578713486793437,-0.5529535163637598,0.038609965348007355,0.23357733056901672,0.22432457542139478,0.7024440446494368,-0.19828601343927083
['The Kinks'],[100160],-1.1041272020453627,-0.1790723026808949,-0.0013555763337454317,0.289081153846184,-0.455525170390313,0.5436101116854238,-0.08149120555522292
['The Kinks'],[100160],-1.1268368037556533,-0.4205535946117703,0.05446757695023017,0.10176887642717312,0.19019153594735044,0.7211291021343594,-0.12379569419049913
"['The Miracles', 'Marvin Gaye']","[503668, 316834]",-0.6493258449791768,-0.07061611140470764,0.01488424001797131,-0.17227007405354455,0.09911404420506965,0.5570500531315596,0.12063486310884908
['The Ramones'],[490004],-1.2589266576907368,-0.051822324673412044,6.979012688080627e-05,0.0889764082777571,-0.6402017688186294,0.7455745609041384,-0.12247116699743472
['The Ramones'],[490004],-1.4377911433526787,0.05227493388452766,0.21617487106760563,0.11348559186299353,-0.619527786747672,0.787345930807987,-0.24761920963271267
['The Ramones'],[490004],-1.4391674369632923,-0.055080088064988514,0.1349304249235621,0.13551770412249148,-0.6123307755665653,0.810558444480071,-0.24823680551717434
['The Ramones'],[490004],-1.377831971146234,-0.044881706888841,-0.017477655005997888,0.1108663302249282,-0.445255742011606,0.7194918036197355,-0.15027076083818983
['The Ramones'],[490004],-1.3061597006301118,-0.1092614223583564,-0.0723444366514713,0.30112373887583443,-0.6271708432887755,0.5166551216934832,-0.10697172891182494
['The Ramones'],[490004],-1.4569625257038186,-0.5156729477500974,0.02026105536269533,0.3905216255216202,-0.30787998597199745,0.6539955004265304,-0.2829793405731155
['The Ramones'],[490004],-1.3436876841960137,0.0034392333008985178,0.06863477253891519,0.25117899699858875,-0.6212842667973365,0.595310627078195,-0.24474352817118478
['The Ramones'],[490004],-1.1057823821788881,-0.2368040081380383,0.09760476404963445,0.16335630553801334,-0.546031969395369,0.6550817066770483,-0.06378903260843194
['The Ramones'],[490004],-1.2972789999403533,-0.14919032000984989,0.08950202968164679,0.38521537027161606,-0.8064851303991709,0.4654801032339485,-0.28438986547104467
['The Ramones'],[490004],-1.2114998564223252,0.04310696286076618,-0.09811475864515895,0.26574159007763704,-0.5647657086776221,0.976718674469916,-0.48186402354152685
['The Ramones'],[490004],-1.1620371218873613,0.15130225574825898,-0.11667303011101945,0.26971122460579056,0.09055241708802411,0.9505373308687278,-0.6232606531825718
['The Ramones'],[490004],-1.3780225813735623,-0.23646250657792883,-0.05249965049672838,0.2865090373953788,-0.6035077735709021,0.6848040127794642,-0.25748380524160025
['The Ramones'],[490004],-1.0313456561189978,0.5549294582978559,-0.0916073062638563,0.27618635665084884,-0.5587462158807116,0.9427328980212282,-0.7516764636332647
['The Ramones'],[490004],-1.2154699111626892,0.13245916852444103,-0.11290758508311285,0.2714738614223773,-0.5638511565701281,0.964309125423731,-0.5034310021771161
['The Ramones'],[490004],-1.3625292766092916,-0.41047977643738787,-0.0627441040650114,0.24987929955488292,-0.5850495112579385,0.9126624508462532,-0.16288796432950858
['The Ramones'],[490004],-1.39649551455479,-0.3846912634782527,0.29042392818704016,0.3881239375718259,-0.5940556837809531,0.6273335051563592,-0.46791636907054307
['The Ramones'],[490004],-1.4707407826249987,-0.19596621232062036,0.08026799750479674,0.0764195548565296,0.03088477079639566,0.8049285882432388,-0.2402871161295225
['The Ramones'],[490004],-1.3075215208183137,-0.0529326774274351,-0.07411071472950839,0.2725670693233806,-0.6339220735001044,0.5011458437709086,-0.11142227430783566
['The Ramones'],[490004],-1.256445567229598,0.19649960384407764,0.15520898585784493,0.0345446351008912,-0.02185115822025096,0.5087242573652357,-0.23948379891928748
['The Ramones'],[490004],-1.094599279181595,-0.21813506224063742,0.14253771745921992,0.0057630747466341625,0.16576799625826677,0.6476890415942768,-0.13582389261821748
['The Ramones'],[490004],-1.2455346859057248,-0.2391263630256088,-0.037616391548732746,0.30770041953296173,-0.7950249766981144,0.7042785020323117,-0.1747686778599953
['The Ramones'],[490004],-1.3303340544270141,-0.15981659305557167,0.08781909239657745,0.12647105205600118,-0.4375520746915174,0.818381382789883,-0.12968349481834154
['The Ramones'],[490004],-1.3408533834340146,-0.07447711998516975,-0.08824299822515802,0.17217553607278074,-0.6221423615431,0.7255556349795118,-0.061335073897444504
['The Ramones'],[490004],-1.2338927418223722,-0.34589543071097184,0.06018784618264428,0.19808962070012356,0.008540883525460419,0.5774368484329702,-0.1773966529549878
['The Ramones'],[490004],-1.4230929532521912,-0.4057516326831468,0.004970019301938348,0.3170097036827155,-0.7593632905317301,0.8533189305717919,-0.21971753977519173
['The Ramones'],[490004],-0.9768823163586143,-0.28206733719972765,0.10094785005810585,0.14147455836563447,-0.029733799905649998,0.4698727455356635,-0.10223278875370354
['The Ramones'],[490004],-1.1620371218873613,0.15130225574825898,-0.11667303011101945,0.26971122460579056,0.09055241708802411,0.9505373308687278,-0.6232606531825718
['The Ramones'],[490004],-1.2703125838055946,0.0017301878948175135,-0.18286514532134832,0.27424040495858776,-0.08855667634836327,0.9829710806328622,-0.5350473071029286
['The Ramones'],[490004],-1.4339934900492695,-0.0038943873135453867,0.24663575734497686,0.14885112158647745,-0.11302920360069055,0.9511802424810354,-0.5965083094567858
['The Ramones'],[490004],-1.1909622391285541,-0.11811894540968816,0.0615892994847853,0.30018835945943667,-0.6400509233046028,0.48892683683391963,-0.2286065872269471
['The Ramones'],[490004],-1.352157128222209,-0.12428707463527364,-0.08350174740132081,0.2695169887377182,-0.6079990433350538,0.6933374554171154,-0.08183600250549945
['The Ramones'],[490004],-1.4456056466929446,-0.15074134434526307,0.11491522468646116,0.17275153411749256,-0.1572776032744716,0.6748672152335291,-0.2383888496036375
['The Ramones'],[490004],-1.4204595323262017,-0.20928504420396327,0.033313673022269626,0.14525985953427925,-0.3297777635427084,0.8258802768490697,-0.21229229191762067
['The Ramones'],[490004],-1.2703125838055946,0.0017301878948175135,-0.18286514532134832,0.27424040495858776,-0.08855667634836327,0.9829710806328622,-0.5350473071029286
['The Ramones'],[490004],-1.4458120704775137,-0.22420469289311362,0.005904515861399442,0.09036784759540273,0.027291351263726404,0.7747322344638434,-0.17885497427526698
['The Ramones'],[490004],-1.3365410730223886,-0.08592493663118358,-0.07036665821693992,0.18460428768355958,-0.6196787031900911,0.7291052465765455,-0.0749695764918435
['The Ramones'],[490004],-1.39649551455479,-0.3846912634782527,0.29042392818704016,0.3881239375718259,-0.5940556837809531,0.6273335051563592,-0.46791636907054307
['The Ramones'],[490004],-1.3720541672724442,-0.4754181934206907,-0.002563945795018508,0.28428406904696385,0.03733058458456659,0.631199750098146,-0.22352952140122986
['The Ramones'],[490004],-1.3436876841960137,0.0034392333008985178,0.06863477253891519,0.25117899699858875,-0.6212842667973365,0.595310627078195,-0.24474352817118478
['The Ramones'],[490004],-1.2283468375619375,-0.024501174361149767,0.034426401711999226,0.21223761624128906,-0.6329496577007077,0.6266677926982959,-0.10925091731119664
['The Ramones'],[490004],-1.287560827318266,-0.47675021553758823,0.02418401671929778,0.2790264597386845,-0.7672277070516775,0.8829039057379766,-0.18195438176951223
['The Ramones'],[490004],-1.348619618362651,0.10917264824374152,0.16099143376408648,0.16998356550975446,-0.447979794155261,0.6338746936916638,-0.143249063053254
['The Ramones'],[490004],-1.3055800379138782,0.37302893894672673,0.29585121767474487,-0.10387260028159295,-0.13308618520158363,0.5355829074944286,-0.22300157425027395
['The Ramones'],[490004],-1.3935864645490383,-0.2858333296802539,-0.0013954106707733136,0.10644672411241371,0.02573877302368026,0.7596510542293579,-0.16734534350495578
['The Ramones'],[490004],-1.44056890342327,-0.21741284842712563,-0.0233393048908484,0.07975891063441021,0.02686954977307822,0.7862990760089733,-0.17271332509354123
['The Ramones'],[490004],-1.1831596448624382,-0.025700240467765065,-0.045413050762906124,0.2285780457517913,-0.3872498480313236,0.3544386638890132,-0.0781355911556043
['The Ramones'],[490004],-1.4957347678329775,-0.11063232020953295,0.12232929165609845,0.15760315321564572,-0.5989026344145106,0.8446398374317953,-0.28378509772142546
['The Ramones'],[490004],-1.4204595323262017,-0.20928504420396327,0.033313673022269626,0.14525985953427925,-0.3297777635427084,0.8258802768490697,-0.21229229191762067
['The Ramones'],[490004],-1.5018537476423923,-0.18200809680724694,-0.033533361550504036,0.07622935489492168,-0.14718424419308263,0.8511043994821739,-0.19340430378691292
['The Ramones'],[490004],-1.3847672303143428,-0.3896184116960067,0.09829128637840043,0.26277348327315175,-0.4025898568839447,0.9107612464812223,-0.0816388766961374
['The Ramones'],[490004],-1.4056098005049722,-0.3350377838910866,-0.057835510280232975,0.22423748432081156,-0.5903116601538849,0.8832095058438922,-0.17924803431145087
['The Ramones'],[490004],-1.2950871470514969,-0.31078988072909475,0.09887680504411847,0.1531179588600106,0.19425360224111296,0.6182492095970425,-0.21879933865506526
['The Ramones'],[490004],-1.1514035173849686,0.00427177873275723,-0.20600549260433215,0.4178047611198666,-0.3235374608494812,1.1239427465019736,-0.7000925504087743
['The Ramones'],[490004],-1.3845651779204307,-0.23483979294233936,-0.03399107167345431,0.06870990528028506,0.19844685115529198,0.6961464087678331,-0.1456624116457089
['The Ramones'],[490004],-1.44056890342327,-0.21741284842712563,-0.0233393048908484,0.07975891063441021,0.02686954977307822,0.7862990760089733,-0.17271332509354123
['The Ramones'],[490004],-1.4664364358203592,-0.3672814389433321,0.0312186861323423,0.3085342699594656,-0.7586698849963613,0.8524730958431946,-0.2539981178312482
['The Ramones'],[490004],-1.4759169102556424,-0.15364711090917452,0.06216651359503345,0.05455816114161868,0.025503788086241343,0.7865803467885382,-0.23349610035688403
['The Ramones'],[490004],-1.3828314970436257,-0.3925475459354964,0.13429098754639834,0.17834400206752202,0.03668739526700963,0.7420943348726229,-0.2463519615038463
['The Ramones'],[490004],-1.1459245936562077,-0.39386436546079556,0.02649683870635928,0.2381892757138725,0.0015948240757521239,0.5065007523351094,-0.12769687397034907
['The Ramones'],[490004],-1.1470715960698157,-0.14930581901189555,-0.04066391010369773,0.18817731191796044,0.024292307757934905,0.6635635772069124,-0.3068308618128755
['The Ramones'],[490004],-1.3185119013495477,-0.17057787913069314,0.07690366351011685,0.15825536430955625,-0.1689046982510742,0.6516526694398532,-0.20257579597366795
['The Ramones'],[490004],-1.352157128222209,-0.12428707463527364,-0.08350174740132081,0.2695169887377182,-0.6079990433350538,0.6933374554171154,-0.08183600250549945
['The Ramones'],[490004],-1.1290513021639872,-0.09479755052065296,0.058648516539628014,0.12543877191197403,0.14971053588724195,0.3797595859274325,-0.19733656655581278
['The Ramones'],[490004],-1.3978881521286555,-0.2873974588410741,0.024793653831659955,0.20991745795083777,-0.15878685776691273,0.6318852500801512,-0.25704391006459093
['The Ramones'],[490004],-1.0876956058957672,-0.17079961762695386,-0.12250098238613724,0.3870469253750168,0.1920062499663841,0.8861341425419867,-0.6676483179102966
['The Ramones'],[490004],-1.4957347678329775,-0.11063232020953295,0.12232929165609845,0.15760315321564572,-0.5989026344145106,0.8446398374317953,-0.28378509772142546
['The Ramones'],[490004],-1.315265282056336,-0.4559477873012365,0.08195414083694746,0.42221477969003923,-0.5925076742943334,0.6224613735151815,-0.38004472090897645
['The Ramones'],[490004],-1.4681835218823567,-0.13398337213193331,0.14812821816688895,0.14686214825966215,-0.6007494195981252,0.8578308112641113,-0.30782792427690386
['The Ramones'],[490004],-1.2946134497717008,-0.24405625257078173,0.15144438392715226,0.2420679550975446,-0.0011777068745977156,0.4119744201732925,-0.31677655542464855
['The Ramones'],[490004],-1.071899912532507,0.24229687408998052,-0.19265194958822382,0.4092331076759262,-0.2617970165169856,0.9101116694968555,-0.6884571597721011
['The Ramones'],[490004],-1.2389120458734642,0.04943262619453762,0.19561625896555537,0.2456237207313908,-0.38165902440936056,0.35363103369811244,-0.29731150761865316
['The Ramones'],[490004],-1.4567358135481807,-0.3469744448900411,-0.07442749935775271,0.24043405406432505,-0.5843922688619575,0.8798714442611749,-0.17277491606167872
['The Ramones'],[490004],-1.4174285873187995,-0.32129597084315953,-0.03768787724001509,0.09427436320673702,0.21231113955153685,0.781487897158645,-0.1711267997388772
['The Ramones'],[490004],-1.2940494130480245,0.0880404330150482,0.0295215982991836,0.12160950249820246,-0.3687404630605156,0.6132711677236187,-0.060561852518780275
['The Ramones'],[490004],-1.3075215208183137,-0.0529326774274351,-0.07411071472950839,0.2725670693233806,-0.6339220735001044,0.5011458437709086,-0.11142227430783566
['The Ramones'],[490004],-1.3622207318722321,-0.15686433898164845,0.09524958025545902,0.1359802452795124,0.011687797944634079,0.6268726238358614,-0.23172830691071614
['The Ramones'],[490004],-1.3626150215909685,0.06814685507295239,0.12516495162609484,0.07517894453209668,-0.4486377616242789,0.7392346368194505,-0.22147486644982595
['The Ramones'],[490004],-1.3185119013495477,-0.17057787913069314,0.07690366351011685,0.15825536430955625,-0.1689046982510742,0.6516526694398532,-0.20257579597366795
['The Ramones'],[490004],-1.2528879606122079,-0.26390983999371137,0.15453992354794296,0.2954527281016231,-0.4338883613062221,0.6924375196708941,-0.09257739675140535
['The Ramones'],[490004],-1.1694865362101212,0.029601756599596258,-0.05498225617633028,0.20419034520108237,-0.6182902746550958,0.7560555092154476,-0.15815820370652434
['The Ramones'],[490004],-0.9708354442013296,-0.2539783589087045,0.07640829616665612,0.13308795882083713,-0.5584290069864527,0.6578810911781614,-0.03196404530618796
['The Ramones'],[490004],-1.2258097738059368,-0.2584529857314823,0.1528598710105647,-0.000101311590601349,0.18556678160420353,0.7277972894972847,-0.177447804838929
['The Ramones'],[490004],-1.4159222872337223,-0.22506521647720895,0.11058480326332466,0.23010991734165226,-0.598915585573345,0.8336185986867227,-0.156677575752037
['The Ramones'],[490004],-1.3714379741638885,-0.05319977660090022,0.0690303437654436,0.010230498494410559,-0.00276146184943252,0.6851428844987585,-0.17128796801593912
['The Ramones'],[490004],-1.5063119715592779,0.13400033469580763,0.3953147250151374,0.07690144988576406,-0.6168918019609352,0.8083496890955557,-0.37581114277558963
['The Ramones'],[490004],-1.1621618925421795,0.24283471128788858,-0.22979508781734023,0.31106712775711826,-0.5519181144796589,0.9532290515745837,-0.5800278089944707
['The Ramones'],[490004],-1.3061597006301118,-0.1092614223583564,-0.0723444366514713,0.30112373887583443,-0.6271708432887755,0.5166551216934832,-0.10697172891182494
['The Ramones'],[490004],-1.455787521450351,-0.1705604726562207,0.03627439888549653,0.081604637806506,0.026835461568837413,0.7696454716724632,-0.2178782616946435
['The Ramones'],[490004],-1.158499127270473,0.3701704890920841,0.11944844265723939,-0.0949683301593938,-0.050361357268714005,0.5234735478524462,-0.03868232011924739
['The Ramones'],[490004],-1.2703762181363838,-0.2528844583828186,0.0886296298752033,0.2348250179533726,-0.0024949184875014776,0.41997890340813243,-0.2918731259941724
['The Ramones'],[490004],-1.4133648085184192,-0.12847093716458005,0.36639662537245443,0.353930111379734,-0.6741138962092837,0.7093402113047232,-0.6352784610538793
['The Ramones'],[490004],-1.1176828783873833,-0.31385911842583086,0.07845545487485456,0.2580182930836693,-0.12254175733275978,0.9156476761825537,-0.4306218285934272
['The Ramones'],[490004],-1.2638823840634228,-0.10807604408890083,-0.0024229745876680735,0.3559890982764822,-0.5462398009197551,1.024567548088641,-0.4381795966504956
['The Ramones'],[490004],-1.4664364358203592,-0.3672814389433321,0.0312186861323423,0.3085342699594656,-0.7586698849963613,0.8524730958431946,-0.2539981178312482
['The Ramones'],[490004],-1.4230929532521912,-0.4057516326831468,0.004970019301938348,0.3170097036827155,-0.7593632905317301,0.8533189305717919,-0.21971753977519173
['The Ramones'],[490004],-1.3845651779204307,-0.23483979294233936,-0.03399107167345431,0.06870990528028506,0.19844685115529198,0.6961464087678331,-0.1456624116457089
['The Ramones'],[490004],-1.3408533834340146,-0.07447711998516975,-0.08824299822515802,0.17217553607278074,-0.6221423615431,0.7255556349795118,-0.061335073897444504
['The Ramones'],[490004],-1.1853791657463497,-0.6154369443040112,0.054937585032283645,0.384927352490001,-0.5075813415538283,0.6689959691049928,-0.20999270548200724
['The Ramones'],[490004],-1.1159208401934022,-0.03485542351084245,0.19238197813861596,0.08100644027955355,-0.4616815908953128,0.7228073899971135,-0.12334868119132321
['The Ramones'],[490004],-1.2161922275857115,-0.19682038764762178,0.00846968361175566,0.1551510819590388,0.0015409807425425294,0.604458086474359,-0.14189342696526233
['The Ramones'],[490004],-1.265275781142109,-0.14742380206503208,-0.03255025104313914,0.4003505068683691,-0.0700269741610856,0.9800534919943305,-0.6199315093147567
['The Ramones'],[490004],-1.2857684077405171,-0.003696585452799442,0.021489354606295932,0.013693330609014929,-0.08938078274056095,0.7197213482470768,-0.2267399194847508
['The Ramones'],[490004],-1.4458120704775137,-0.22420469289311362,0.005904515861399442,0.09036784759540273,0.027291351263726404,0.7747322344638434,-0.17885497427526698
['The Ramones'],[490004],-1.3966057377206733,-0.31058255431312093,0.0017986800404481969,0.1047306686783712,0.20981324377928406,0.7765766293372678,-0.09995697147036302
['The Ramones'],[490004],-1.1057823821788881,-0.2368040081380383,0.09760476404963445,0.16335630553801334,-0.546031969395369,0.6550817066770483,-0.06378903260843194
['The Ramones'],[490004],-1.3032401412718948,-0.2287346118103667,-0.010089347975800418,0.21100838631477253,-0.17498646689167607,0.5475419366146381,-0.17554968977583818
['The Ramones'],[490004],-1.377831971146234,-0.044881706888841,-0.017477655005997888,0.1108663302249282,-0.445255742011606,0.7194918036197355,-0.15027076083818983
['The Ramones'],[490004],-1.2589266576907368,-0.051822324673412044,6.979012688080627e-05,0.0889764082777571,-0.6402017688186294,0.7455745609041384,-0.12247116699743472
['The Ramones'],[490004],-1.1879200292606413,0.05651491657936221,0.5423334071763712,0.015116128797742193,-0.46302410460808036,0.7296314041125066,-0.3671982857891359
['The Ramones'],[490004],-1.3927487703677166,-0.05922455584327723,0.03051639353493943,-0.008585001886928356,0.10126086706398947,0.7776052337341997,-0.14234937936442194
['The Ramones'],[490004],-1.0313456561189978,0.5549294582978559,-0.0916073062638563,0.27618635665084884,-0.5587462158807116,0.9427328980212282,-0.7516764636332647
['The Ramones'],[490004],-1.3303340544270141,-0.15981659305557167,0.08781909239657745,0.12647105205600118,-0.4375520746915174,0.818381382789883,-0.12968349481834154
['The Ramones'],[490004],-1.3967230346885708,-0.23041240686333475,0.10516452533359431,0.17190193929452505,-0.598920139105181,0.8852062512943156,-0.2642232030832016
['The Ramones'],[490004],-1.3403503854599141,-0.0020559874848324416,-0.04370852088099936,0.03181896997284321,0.16763986338153675,0.5355076091108143,-0.11803569267080115
['The Ramones'],[490004],-1.3567302245308763,0.10379560529387645,0.16637623337806265,0.08527590697871297,-0.17862224721145145,0.6627181403039124,-0.18886929515136736
['The Ramones'],[490004],-1.3723984287558109,-0.010245232506592188,0.23208824456024893,0.16730389981042523,-0.11348926688713068,0.9497037681329912,-0.5830639830444015
['The Ramones'],[490004],-1.2946134497717008,-0.24405625257078173,0.15144438392715226,0.2420679550975446,-0.0011777068745977156,0.4119744201732925,-0.31677655542464855
['The Ramones'],[490004],-1.3935864645490383,-0.2858333296802539,-0.0013954106707733136,0.10644672411241371,0.02573877302368026,0.7596510542293579,-0.16734534350495578
['The Ramones'],[490004],-1.4258985187667967,-0.23505809754798498,-0.006759544701402846,0.1951731405873915,-0.591018075925464,0.8864977080263617,-0.1734827341868871
['The Ramones'],[490004],-1.4124446966872397,-0.556697174019177,0.028041544116350216,0.4073513076896117,-0.3072013901330233,0.6647410916601773,-0.2676449503411618
['The Ramones'],[490004],-1.4905606718405762,-0.19570888906070932,0.0001436149692119306,0.08232365643310195,-0.1451294488374106,0.8651025696136575,-0.20874448793354652
['The Ramones'],[490004],-1.3746204301325973,-0.14862194354597996,0.1453728172526876,0.1083904366294961,-0.1643818136676444,0.7563197498976618,-0.19114324670872546
['The Ramones'],[490004],-1.1514035173849686,0.00427177873275723,-0.20600549260433215,0.4178047611198666,-0.3235374608494812,1.1239427465019736,-0.7000925504087743
['The Ramones'],[490004],-1.131003358293739,-0.0991107594756331,0.06538217388749663,0.23613796453180774,-0.38319981597002317,0.40781257507188484,-0.11841911839656111
['The Ramones'],[490004],-1.3475951240320314,-0.1329172961968287,-0.04407148666384536,0.2541311194144925,-0.6144049406540731,0.6791526749783712,-0.13466061778717275
['The Ramones'],[490004],-1.256804847572674,-0.4301760331568915,-0.028007022028626153,0.2171607538610111,-0.5969122114492272,0.9311147388811675,-0.14014646584968332
['The Ramones'],[490004],-1.3780225813735623,-0.23646250657792883,-0.05249965049672838,0.2865090373953788,-0.6035077735709021,0.6848040127794642,-0.25748380524160025
['The Ramones'],[490004],-1.2114998564223252,0.04310696286076618,-0.09811475864515895,0.26574159007763704,-0.5647657086776221,0.976718674469916,-0.48186402354152685
['The Ramones'],[490004],-1.4377911433526787,0.05227493388452766,0.21617487106760563,0.11348559186299353,-0.619527786747672,0.787345930807987,-0.24761920963271267
['The Ramones'],[490004],-1.4192772210217255,-0.2530098093618235,-0.01846450442540203,0.20816117693919003,-0.5944411400808423,0.864738367186174,-0.1760853671976565
['The Ramones'],[490004],-1.4681835218823567,-0.13398337213193331,0.14812821816688895,0.14686214825966215,-0.6007494195981252,0.8578308112641113,-0.30782792427690386
['The Ramones'],[490004],-1.4567358135481807,-0.3469744448900411,-0.07442749935775271,0.24043405406432505,-0.5843922688619575,0.8798714442611749,-0.17277491606167872
['The Ramones'],[490004],-1.332204919461138,-0.1627293470261968,-0.06423847146387353,0.23842044887089403,-0.7970430025624662,0.7272059812420231,-0.14394190668140577
['The Ramones'],[490004],-1.455512948547375,-0.21355043159028095,-0.022658996140065356,0.20338672137234215,-0.5944997668476295,0.8449339966770092,-0.19935477302380109
['The Ramones'],[490004],-1.3519395605032152,-0.21130604773932224,-0.024577782015029977,0.18650173573296525,0.10623867555743816,0.5744419453061437,-0.1533144620635289
['The Ramones'],[490004],-1.2638823840634228,-0.10807604408890083,-0.0024229745876680735,0.3559890982764822,-0.5462398009197551,1.024567548088641,-0.4381795966504956
['The Ramones'],[490004],-1.265275781142109,-0.14742380206503208,-0.03255025104313914,0.4003505068683691,-0.0700269741610856,0.9800534919943305,-0.6199315093147567
['The Ramones'],[490004],-1.2857684077405171,-0.003696585452799442,0.021489354606295932,0.013693330609014929,-0.08938078274056095,0.7197213482470768,-0.2267399194847508
['The Ramones'],[490004],-0.8669324940064945,-0.42427852154560997,0.10131030435383584,0.22698089014195877,-0.8277254294969496,0.6501900114812342,-0.07978635347923324
['The Ramones'],[490004],-1.2493099118801223,-0.10527598173496903,0.19261890867423972,0.21987099195845788,-0.011242404102910705,0.3877165574211171,-0.25376905571725555
['The Ramones'],[490004],-1.1778254583729582,0.016234570503781895,0.1714094825209743,0.23949691835679368,-0.3864484214923602,0.36677194626777526,-0.26131310702434773
['The Ramones'],[490004],-0.999830077626409,0.16514483026251198,0.06754507465185701,0.08229855657967235,0.0056352108548366085,0.6698209865163045,-0.3906340928046305
['The Ramones'],[490004],-1.3032401412718948,-0.2287346118103667,-0.010089347975800418,0.21100838631477253,-0.17498646689167607,0.5475419366146381,-0.17554968977583818
['The Ramones'],[490004],-1.2154699111626892,0.13245916852444103,-0.11290758508311285,0.2714738614223773,-0.5638511565701281,0.964309125423731,-0.5034310021771161
['The Ramones'],[490004],-1.4391674369632923,-0.055080088064988514,0.1349304249235621,0.13551770412249148,-0.6123307755665653,0.810558444480071,-0.24823680551717434
['The Ramones'],[490004],-1.4708383533594533,-0.20490655821333426,0.013454254128462644,0.1867963347141969,-0.5903452610637597,0.8795554496607074,-0.18979151001879002
['The Ramones'],[490004],-1.2535804894813374,-0.3267312450197992,0.006385705366439134,0.07055421751714608,0.19431963017918905,0.7141702063621331,-0.11060452363394867
['The Ramones'],[490004],-1.3648309252422897,0.06898546512424404,0.08848965199018988,0.06419215659346056,-0.6228085043930047,0.8429281671198489,-0.2198695497346541
"['The Rolling Stones', 'Eric Clapton']","[894465, 187478]",-1.2604785451952154,-0.1663040697894747,0.19560957736045326,0.13856807097138024,0.17979425505429472,0.5098467087355671,-0.23406788145947585
"['The Rolling Stones', 'Eric Clapton']","[894465, 187478]",-1.2604785451952154,-0.1663040697894747,0.19560957736045326,0.13856807097138024,0.17979425505429472,0.5098467087355671,-0.23406788145947585
"['The Rolling Stones', 'Ry Cooder']","[894465, 175708]",-0.37086196657736514,-0.1336004333379197,0.015132610561470129,0.12184478485384452,-0.16761366597612862,0.9181183840358078,-0.294816887232246
['The Rolling Stones'],[894465],-0.9279472707146824,-0.060263130908484515,0.10604654840051901,0.37013276588587546,0.26776592908221936,0.8150284707526565,-0.7350491024407928
['The Rolling Stones'],[894465],-1.092746931917465,-0.48547914476572035,0.24265998415223314,0.13660748990082627,-0.34880626839142426,0.7788170435411214,-0.27418003853786255
['The Rolling Stones'],[894465],-1.1796868759411783,-0.6929643369531586,0.060447379735683336,0.4132624125332206,-0.14382958780787267,0.6189780430093372,-0.18073128923443635
['The Rolling Stones'],[894465],-0.9916598583126669,-0.5552606800456457,0.06450727083296612,0.286065232016431,-0.4260728176913075,0.7763039705109628,-0.2227552600023955
['The Rolling Stones'],[894465],-0.9886985552393627,-0.386804324348803,0.04571410295220698,-0.041798109063394775,-0.007502287353935236,0.8406570085628502,-0.08116419605764544
['The Rolling Stones'],[894465],-1.2452447860333447,-0.310113977225066,-0.00807922597249656,0.23131635770325268,-0.17456189441606768,0.5610793750089278,-0.23059610490459118
['The Rolling Stones'],[894465],-0.9777703723268003,-0.14609576950905429,0.12026195552657078,0.0321233207426747,0.0532627872606663,0.5444560971363839,-0.04477047917055371
['The Rolling Stones'],[894465],-0.9730857941384853,-0.27527030338790537,-0.049098867257278085,0.5038551228504161,-0.555425774685193,0.8130983733295463,-0.5645204267395191
['The Rolling Stones'],[894465],-1.0270135385093617,-0.48908298971467085,0.10402652463158579,0.27349850502914685,-0.2709059980860605,0.5784977488707179,-0.18221783041897358
['The Rolling Stones'],[894465],-1.2549833473501606,-0.39442440661147304,0.19817847334954428,0.24203558527087732,0.1935701902320957,0.4992696793789841,-0.3070292835835152
['The Rolling Stones'],[894465],-0.8679609572528346,-0.1934412960729071,0.1510178069839475,0.18084181042254108,0.12093653981686805,0.19677915466657825,-0.11676146272044823
['The Rolling Stones'],[894465],-0.9546126384867338,-0.12789836995048037,0.055285651512385556,0.3529264974652391,-0.624788551919845,0.6269479616744605,-0.09318027611584095
['The Rolling Stones'],[894465],-1.0114897430092569,-0.4178935113450977,0.45421148691157304,0.07051990333183356,-0.08809771733441757,0.7385314674466551,-0.3032981573804551
['The Rolling Stones'],[894465],-1.1679692063055485,-0.33216803660140604,0.07336181866708813,0.22962428915859193,-0.17036001396201633,0.6243092867492687,-0.08255265544481154
['The Rolling Stones'],[894465],-0.949313944863943,-0.2845472697030176,0.4309502419285614,0.05144976786285025,0.15755847878932996,0.5673890339608973,-0.19462928448624472
['The Rolling Stones'],[894465],-1.0352970142139144,-0.4505745404565126,0.17809346972000864,0.25847815594872164,-0.27226217552828913,0.5809975743746979,-0.2227242070292991
['The Rolling Stones'],[894465],-0.9202253153640968,-0.3909370576307264,0.15999156327322128,0.18977330501462075,-0.6462286507876983,0.6441147079792232,-0.16251351688283228
['The Rolling Stones'],[894465],-1.1355832060266848,-0.4549036159944407,0.05300184414693184,0.17435748067266127,0.10319381656420237,0.6755655593135428,-0.13149079942012196
['The Rolling Stones'],[894465],-0.7691806056816177,-0.383019012613658,0.392644668652051,0.08997673827437462,-0.4731761626409927,0.732580150350564,-0.09009405239220644
['The Rolling Stones'],[894465],-1.0086838598916341,-0.5906862869609342,0.12650647163750434,0.1523723976645232,0.1812905103836647,0.6016423284510266,-0.15601495707740637
['The Rolling Stones'],[894465],-1.058671513858224,-0.36751284708899357,0.05590513937278352,0.22964873227395394,-0.27676878916822745,0.560439101571914,-0.13709632533477337
['The Rolling Stones'],[894465],-1.325726965919486,-0.2735517228180063,0.23087800651064103,0.24965502691792518,0.035142086697333694,0.645492863565453,-0.4079484445012871
['The Rolling Stones'],[894465],-1.1192648317722078,0.2538751470651031,0.40585849064280455,0.29152438544440035,-0.10426490301951802,0.8609630789530622,-0.902568472994152
['The Rolling Stones'],[894465],-1.3157397708554828,-0.5015026346806146,0.033639084815000005,0.2197150699758378,0.2129255660022103,0.6287974893084263,-0.21362576647352732
['The Rolling Stones'],[894465],-1.3157397708554828,-0.5015026346806146,0.033639084815000005,0.2197150699758378,0.2129255660022103,0.6287974893084263,-0.21362576647352732
['The Rolling Stones'],[894465],-1.05396823238291,-0.3213964371406577,0.10040814334959133,0.10819396762700699,0.1872237820291838,0.65951046331333,-0.111649860928282
['The Rolling Stones'],[894465],-0.6856670446369283,-0.11360849767099092,0.09837384307423035,0.3148460116708793,0.09258928107268152,0.9558732784410805,-0.876443543525846
['The Rolling Stones'],[894465],-1.131854293016838,0.02332182125716035,0.08899518241223908,0.19659275645072297,-0.27170693361058496,0.5269758162850943,-0.3422892488264807
['The Rolling Stones'],[894465],-1.2944317747777407,-0.3792507175785617,0.12692134515865525,0.37952485118189816,-0.5825120958934811,0.7567289433779409,-0.31931060635261116
['The Rolling Stones'],[894465],-0.5844382361051049,-0.5220307350380968,0.1681758159690465,0.29067685592416226,0.22503293370882632,0.760181374506246,-0.5978235638771763
['The Rolling Stones'],[894465],-0.8828160699827982,-0.2236083894060514,-0.07207559922676486,0.5348848904011929,-0.5086100558290848,0.9969668313411179,-0.8506932318930559
['The Rolling Stones'],[894465],-0.5980152265000545,0.03960788251586453,0.3595413029750745,0.18867327690726624,-0.27033618676651616,0.6102238602417588,-0.6592528387859411
['The Rolling Stones'],[894465],-1.2010851304602415,-0.4063903578121504,0.16274754902299907,0.42021102435856644,-0.6805509885193339,0.6911047378721449,-0.31075067295761427
['The Rolling Stones'],[894465],-0.9812766341538987,-0.4730694941178419,0.22613699450148037,0.176719924277206,-0.15466483246868007,0.7944720939827425,-0.3392925192127491
['The Rolling Stones'],[894465],-0.8938195725866696,-0.04152132088306511,0.16323640807773102,0.4109547255211173,-0.5935636955923954,0.603163757334154,-0.5993746973408001
['The Rolling Stones'],[894465],-1.0100426441370718,-0.3582205376730877,0.08747813629750471,0.25919150750004205,0.163598018281934,0.36350177917059096,-0.1046017781343416
['The Rolling Stones'],[894465],-1.420756821533712,-0.30460607846602855,0.0261272483233627,0.271148484650592,-0.1380497472642681,0.6985955577573706,-0.23873729197324872
['The Rolling Stones'],[894465],-1.244314158487483,-0.18204576201440045,0.09543979313560945,0.16171076089106862,0.17972468147649512,0.49539479222168803,-0.22595064875390883
['The Rolling Stones'],[894465],-1.2426789868129138,-0.5752244796938173,0.085334288850806,0.3681448257070449,-0.5783153024100154,0.7918573595319657,-0.2852307751834295
['The Rolling Stones'],[894465],-0.7216152489537226,-0.1736891704394321,-0.030759329788186365,0.24050410879052084,-0.37653655131096464,1.1038296181694855,-0.5589656581496597
['The Rolling Stones'],[894465],-1.0869440974247937,-0.5299542777450937,0.1147618336424282,0.377947829272842,-0.6217175552387382,0.5717484285105779,-0.2747408828871612
['The Rolling Stones'],[894465],-0.9801472039756993,0.24724467053218716,0.03801564089458118,0.4259876902466581,0.0756747843127388,0.6435495125413845,-0.8997102534901439
['The Rolling Stones'],[894465],-1.1929005591657285,-0.5218654158291598,0.004921323884194842,0.36056658057781144,-0.6052127633234907,0.6827101728393596,-0.1773762506886538
['The Rolling Stones'],[894465],-1.2022060250621631,-0.3662659914921114,0.16764318189917865,0.2383526974302937,-0.24958791544143993,0.7120708164629547,-0.26525845460241776
['The Rolling Stones'],[894465],-1.2026125670234538,-0.2824275635143793,-0.07385448413665657,0.4099790561824788,-0.09894830014648687,0.8038137774036427,-0.5232651511466342
['The Rolling Stones'],[894465],-1.0965783345014468,-0.31127787615297975,0.05005025647653683,0.2051475529731038,0.09280680714456745,0.5726840557622404,-0.1599028006117258
['The Rolling Stones'],[894465],-0.8451628246338376,-0.5600140664825526,0.23076070415247793,0.1327824511544518,-0.2811074066958008,0.7195399415326971,-0.16219978809873772
['The Rolling Stones'],[894465],-0.9808902971906183,-0.6160307937178551,0.22223058794410452,0.1752807158207762,0.17523573244250712,0.5131118775704238,-0.18655796423834614
['The Rolling Stones'],[894465],-1.1133894461852156,-0.3149803428479141,0.16507644018885442,0.24686543473475842,-0.1904413385593897,0.4784547649663844,-0.22645851321575683
['The Rolling Stones'],[894465],-1.0466939276546754,-0.3966827352939195,0.13003123933121633,0.24375100812777678,-0.2727740914611716,0.6113443445419805,-0.19757390652511508
['The Rolling Stones'],[894465],-0.886466049067153,-0.2327151646600382,-0.028291887805292636,0.13062787318616154,-0.48530695352621905,0.6398640148320535,0.018032780778316708
['The Rolling Stones'],[894465],-0.541982023394271,-0.3600125602756407,0.21568478773408273,-0.03736191788117528,0.1049449137273651,0.41713493719900985,0.004345916369167833
['The Rolling Stones'],[894465],-1.159273274247703,-0.06903030015936004,0.49819715969622336,0.27468075291617255,0.09332300178822764,0.9534982462385625,-0.9078930789246359
['The Rolling Stones'],[894465],-1.2098933171392365,-0.43843950602771126,0.10093134694231246,0.16721721084413257,0.01784723720583343,0.6607986611848601,-0.22031417306705386
['The Rolling Stones'],[894465],-1.2098933171392365,-0.43843950602771126,0.10093134694231246,0.16721721084413257,0.01784723720583343,0.6607986611848601,-0.22031417306705386
['The Rolling Stones'],[894465],-1.2871458824144826,-0.400087865791332,0.03007328191756674,0.39205092102044975,-0.3685359027556275,0.8581844281556261,-0.4656112653048107
['The Rolling Stones'],[894465],-1.127423870214722,0.04190142544711479,0.14932588435233096,0.00011082635413964138,0.1493458197198474,0.5109658141230026,-0.12083061408592155
['The Rolling Stones'],[894465],-0.9966570982122248,-0.057184284406785975,0.009475180918590483,0.38988742965866235,0.11789013780374234,0.9541769130120443,-0.8667566118972837
['The Rolling Stones'],[894465],-0.7224965101807624,-0.25872666804959427,0.11191293809761191,0.20502162939947494,-0.3287756382060645,0.31968156205907305,-0.01997122211664776
['The Rolling Stones'],[894465],-1.1297352160831091,-0.6143355367723858,0.12067349522374503,0.37484810948717984,-0.4247076029327849,0.6136938075661658,-0.20515910276149135
['The Rolling Stones'],[894465],-0.6901279576275849,-0.1661213564162868,0.032365083371471766,0.4934644337174511,-0.49239910307560664,0.696008104920043,-0.5760869194399809
['The Rolling Stones'],[894465],-1.1948911926710402,-0.3304484450273816,0.09789717598679562,0.39109309398541303,-0.6000648442180513,0.6452679275462941,-0.42394346429717195
['The Rolling Stones'],[894465],-1.0677694117209218,-0.21528455345255834,-0.033787769108181875,0.3048601813266174,-0.7425452117245166,0.4732032188904249,-0.14709056524492584
['The Rolling Stones'],[894465],-0.9539466573519821,-0.27787749038779114,-0.06365056308245214,0.5059103273418565,-0.5547276157120494,0.8190311494202307,-0.5683470513016037
['The Rolling Stones'],[894465],-1.151604587249634,-0.06494784611797515,0.49695961661072774,0.27610234661799243,0.09393336419395704,0.9564782405796202,-0.9127396132057938
['The Rolling Stones'],[894465],-1.1444785393812662,0.18708563543756898,0.29794917995489656,0.146699716449108,-0.4330975658966898,0.789014588878181,-0.45131741446429463
['The Rolling Stones'],[894465],-1.1392753579960313,0.019232831229833502,0.31263235930297495,0.3356120320828255,-0.3898700704145168,0.8096044693180844,-0.7606457906788767
['The Rolling Stones'],[894465],-1.095139564627751,-0.06248524498061288,0.2243895137521925,0.4817613161717771,-0.508869859471038,1.0517673158019396,-0.9614248046685563
['The Rolling Stones'],[894465],-1.2871458824144826,-0.400087865791332,0.03007328191756674,0.39205092102044975,-0.3685359027556275,0.8581844281556261,-0.4656112653048107
['The Rolling Stones'],[894465],-1.3370771695036103,-0.21957085112893251,0.09752867441869977,0.3193711298700597,-0.43943894988326254,0.4946924265724497,-0.33925319282507854
['The Rolling Stones'],[894465],-0.8039511243657231,-0.3336246470012321,0.12231232469155265,0.07950062930646262,-0.05199191211944361,0.39700156830972116,-0.1368301640772384
['The Rolling Stones'],[894465],-1.2781149800573652,-0.19414540365803207,0.39535478647092526,0.12047389540928531,0.19177553205736614,0.5914595336093028,-0.3621319786856225
['The Rolling Stones'],[894465],-0.8669157932388004,-0.14921567342036218,0.037393276848348506,0.09273769821528226,-0.48740440131261087,0.57572368666631,0.034108631454090405
['The Rolling Stones'],[894465],-1.1942950263369747,-0.35928764286505177,0.09741506317953974,0.15626508278621584,0.18912339014215082,0.5683466206513763,-0.13222698380353054
['The Rolling Stones'],[894465],-1.2732952885427489,0.08578178238084126,0.12867702047555768,0.14328131609593364,0.03026548430183614,0.7398251774667634,-0.3267918758340902
['The Rolling Stones'],[894465],-1.3556782487972152,-0.17210725646469066,-0.04457341827739446,0.29661074711967506,-0.4126317896332673,0.702717172195058,-0.22379553945400327
['The Rolling Stones'],[894465],-0.7987826577489334,-0.2005874129232319,0.13504058434172134,0.03764179198125244,0.1197909864689248,0.35745410991908316,-0.09146494436965572
['The Rolling Stones'],[894465],-0.9943918637093894,-0.2856747069365702,-0.04704525030478582,0.5770161087026845,-0.049704025447986536,0.9239191017592044,-0.9108576883440865
['The Rolling Stones'],[894465],-1.2564831926857711,-0.3785785485125361,-0.03132113224858061,0.36634964404254844,-0.6037060710092814,0.6575486035791905,-0.1972785114478688
['The Rolling Stones'],[894465],-1.0411059283938118,0.32973150775124743,-0.08885398476611207,0.22078560162400984,-0.11563067235585019,0.8869063636916538,-0.6772627122622977
['The Rolling Stones'],[894465],-1.2743034967053757,-0.23409787046948527,0.010956022928878591,0.11529856874706834,-0.4387960840813578,0.7940413156395054,-0.19410639588828926
['The Rolling Stones'],[894465],-1.051403407823875,0.42648995094339825,0.2080655327624689,0.2940206224442417,-0.5526672546370733,0.9578782581483296,-0.8375391129932834
['The Rolling Stones'],[894465],-0.9043314309698746,0.10527420524604349,-0.06924439892999029,0.18746764637773192,-0.02596328675034298,0.39263071956990914,-0.27404220127608325
['The Rolling Stones'],[894465],-1.0314250705774815,-0.1603849980826745,0.2131885662287838,0.08098140974356145,0.05661935048036495,0.48129005794623003,-0.17811420295374328
['The Rolling Stones'],[894465],-1.0799085054728554,-0.40107901567782434,0.12676694231751776,0.25325410519624997,-0.1852389929625559,0.5413369166130896,-0.22118208057861857
['The Rolling Stones'],[894465],-0.6054801225442419,0.08791778225384303,0.5627795392236535,0.16425103378635822,-0.4979300139006024,0.4624043488257556,-0.4584148996493976
['The Rolling Stones'],[894465],-1.129642088000922,0.03180621387206592,0.30478692234806953,0.3475474495169207,-0.38484584991221604,0.824647463348353,-0.7902636857905232
['The Rolling Stones'],[894465],-0.5806218406398964,-0.13924251778277266,0.0755314918943652,0.02040979300558939,-0.5248368777325214,0.49508010577807626,0.11852759415140834
['The Rolling Stones'],[894465],-1.3157397708554828,-0.5015026346806146,0.033639084815000005,0.2197150699758378,0.2129255660022103,0.6287974893084263,-0.21362576647352732
['The Rolling Stones'],[894465],-0.9499595127439113,-0.1822812103639149,-0.1303752165028894,0.35728571418187577,0.28272161563853454,0.9280255212388905,-0.6544667343557955
['The Rolling Stones'],[894465],-1.3905843387611343,-0.2207532705780769,0.14328120099634098,0.24444909587728603,-0.42775373870017164,0.6598741639407503,-0.34052892165092324
['The Rolling Stones'],[894465],-0.6444268046292893,-0.06438473583174618,0.1227233964569647,-0.047284360687796255,-0.5279241968051566,0.5226564202640714,0.04953575139892441
['The Rolling Stones'],[894465],-1.3529415125841286,-0.012158861391461918,0.17958469509236863,-0.00670005921022385,0.18238653886952746,0.6922477878929991,-0.25759157451568715
['The Rolling Stones'],[894465],-1.1145921839991613,-0.20522726651230747,0.15455195105886604,0.17870157043278287,-0.28376549818888547,0.5333155348574299,-0.21708354915976044
['The Rolling Stones'],[894465],-1.0597766684886412,-0.28164532406651,0.4456979805632993,0.035123264136008914,0.1803871905230352,0.665898213623128,-0.4472139102753862
['The Rolling Stones'],[894465],-1.3875298030865957,-0.37516761603076926,0.15293353862456174,0.21377053253236275,0.03974312118398358,0.7134552952949866,-0.2884657301201212
['The Rolling Stones'],[894465],-1.2129527788272225,0.050117015273287935,0.4045688738602933,0.2539815261107701,-0.09134008773015292,0.9826462887151461,-0.7785351759830984
['The Rolling Stones'],[894465],-0.9400743237142193,-0.42790538346373846,0.15497969049110935,0.17133074935507497,0.1551053088960536,0.43565494929290804,-0.11351212187019412
['The Rolling Stones'],[894465],-1.2522853949790331,-0.29462854062507815,-0.01611227330369812,0.14608446320360696,0.005844168716246171,0.6340725203623635,-0.18860097173000664
['The Rolling Stones'],[894465],-1.1353821787519278,-0.4361527162197772,0.09409129261826268,0.3298837438961833,-0.7070099416095668,0.6882488331155504,-0.18744534067878754
['The Rolling Stones'],[894465],-1.016403788080698,-0.05804969526699978,0.012784218977242079,-0.03375981730217304,-0.29975936913413365,0.7431838024788576,0.007852304956927484
['The Rolling Stones'],[894465],-1.2818104809324185,0.18866723115364606,0.43605868605420234,0.04299354909314812,-0.021508462285293434,0.5355584012667121,-0.3215291723708322
['The Rolling Stones'],[894465],-1.2226556209279795,-0.1580740005590934,0.10649439674970305,-0.013488295848066446,0.18267838168122258,0.7875004994754365,-0.13228384042973182
['The Rolling Stones'],[894465],-1.086496362710081,-0.2753399278182668,0.06672691218709266,0.18855178977534798,-0.45512686808130354,0.6362820908180518,-0.1074036474859259
['The Rolling Stones'],[894465],-0.4941331441992249,-0.2525791772091773,0.18253078917410615,-0.018626120454866436,-0.5361807191500478,0.5102016672418663,0.006434789806410799
['The Rolling Stones'],[894465],-1.086065514975983,-0.08342840854432393,-0.015522098708929294,0.19809789819723092,-0.6618646607614864,0.497299292451177,-0.1382731079774458
['The Rolling Stones'],[894465],-0.8848937731206242,-0.20689142647858813,0.475507866397991,-0.025019760967946357,0.14355913339924745,0.5358414334823735,-0.25087229440055797
['The Rolling Stones'],[894465],-1.0172589688788343,0.1054738670594195,0.1598359093436076,0.16978812177508548,-0.19903155582922555,0.4893897587342813,-0.3784380155601727
['The Rolling Stones'],[894465],-1.075682566011184,0.4464931217363212,0.32299987369480204,0.36200679577467404,-0.7352804069624933,0.907725438948311,-0.9669673371328137
['The Rolling Stones'],[894465],-1.3136429527338003,-0.13540985132342973,0.2788042756195736,0.17357137204715303,0.02339013839323183,0.6555386783832543,-0.407013558731758
['The Rolling Stones'],[894465],-1.095256881078878,-0.05862550081544647,0.2206860703932715,0.4725833925772301,-0.5105010691348104,1.0534947570978122,-0.9511042839177356
['The Rolling Stones'],[894465],-1.0748158997260409,0.0809092820731193,0.34767478525483636,0.2881437618176448,-0.4487354194635913,0.5110481470058827,-0.5519318993613841
['The Rolling Stones'],[894465],-0.9928150316372535,0.210308023186976,0.0413576874311086,0.2778896331406995,-0.20418087892096654,0.8380516633253654,-0.7075205488400521
['The Rolling Stones'],[894465],-0.681357336964386,-0.1049968422531676,0.05641410643054382,0.09453716366369218,-0.5023667918248923,0.5134490321472943,-0.002803977600655161
['The Rolling Stones'],[894465],-0.9928150316372535,0.210308023186976,0.0413576874311086,0.2778896331406995,-0.20418087892096654,0.8380516633253654,-0.7075205488400521
['The Rolling Stones'],[894465],-1.2767428859955239,-0.426456691216306,0.051165316761512224,0.32480910570468374,-0.4156156610528491,0.723370023735553,-0.2704521467287894
['The Rolling Stones'],[894465],-1.1593557309475953,-0.0442135869808211,-0.2033502228319617,0.512153220599128,-0.49464636130729056,1.0699514844341682,-0.7960861646981249
['The Rolling Stones'],[894465],-1.0828314461266155,-0.16771559340674594,0.46650570526502133,0.16413659677815323,0.15426474700673093,0.33352986637532994,-0.379484200204974
['The Rolling Stones'],[894465],-1.1492111749016103,-0.12217933379950717,-0.06328851627893117,0.30358635138359524,0.01831691570974009,0.48265015334330086,-0.29077234962418697
['The Rolling Stones'],[894465],-0.9914713576886884,-0.3947924274464975,0.19687195874821986,-0.07241250447168908,-0.09997099334627756,0.8406157393821214,-0.17605637655530823
['The Rolling Stones'],[894465],-1.1775906466918182,-0.5120582285099428,0.014043342397528727,0.35459714868337067,-0.607619570310623,0.6771030649094415,-0.17332734906700908
['The Rolling Stones'],[894465],-1.0283129496126877,-0.43938164173856414,-0.10744675963844702,0.5689582214804351,-0.5027709854069871,1.0203080619061498,-0.7043508043558263
['The Rolling Stones'],[894465],-0.9958177354913995,-0.039045341215894445,0.0865160171578744,0.5142269788224718,-0.43555262192999283,0.917144120323879,-0.767490352316904
['The Rolling Stones'],[894465],-0.7616310162441313,-0.11402780488412927,0.06240323662743018,0.09415285809720068,-0.07417984840855288,0.27238587312273965,0.03321254070060152
['The Rolling Stones'],[894465],-1.2821511667215149,0.12004903357699788,0.05713678300556871,0.15763060048430552,-0.6378647613209413,0.6340732369061037,-0.21122931584709131
['The Rolling Stones'],[894465],-1.0463060678620129,0.07424453949362513,-0.019133594937466827,0.22370418130602238,-0.6701157462163534,0.42728667848011814,-0.04503996108029499
['The Rolling Stones'],[894465],-0.8375142095669459,-0.02036305038804369,0.22581580057144138,0.07221648439754362,-0.5142447774302215,0.41273431393806775,-0.15332458533597054
['The Rolling Stones'],[894465],-1.09553961385373,-0.19634112190855912,0.17276349834060936,0.1702655703926395,-0.28632485728275986,0.5356734103530787,-0.2206012153593638
['The Rolling Stones'],[894465],-1.070797078772429,0.45443827530738673,0.32063556691758793,0.3631622148830219,-0.7354464096743225,0.9051194116057468,-0.9674606215456463
['The Rolling Stones'],[894465],-1.3103523958324488,-0.1282112718501144,0.27887027613462023,0.17175712744148441,0.022546359323852624,0.6523172978886599,-0.40585713625945946
['The Rolling Stones'],[894465],-0.5983268271468343,0.12003288871278872,0.5547091592042553,0.1474744512246998,-0.4999416063473668,0.46916444453374373,-0.46348176503312305
['The Rolling Stones'],[894465],-0.681357336964386,-0.1049968422531676,0.05641410643054382,0.09453716366369218,-0.5023667918248923,0.5134490321472943,-0.002803977600655161
['The Rolling Stones'],[894465],-0.8570650991364988,-0.1745199735474347,0.07766804310965249,0.4491011928169694,-0.5355620275091348,0.9463719023400096,-0.8889545516173589
['The Rolling Stones'],[894465],-1.229335704964328,-0.06193583676470002,0.04124255590632681,0.1864008955281139,-0.28186475155872887,0.4888632965297269,-0.2262943581566125
['The Rolling Stones'],[894465],-1.2588854679314239,-0.1967008512807479,0.005534393336728045,0.31026655097332334,0.08159395561755817,0.8773621828758232,-0.52376085804646
['The Rolling Stones'],[894465],-0.6645200636648837,-0.3575377020689949,0.1371374388473098,-0.008610548995645973,-0.050650651896090436,0.5883384576721927,0.02028135301357692
['The Rolling Stones'],[894465],-0.9769195677576633,0.28921570267168384,0.2606616065539166,0.35111747115181163,-0.5254034471162404,1.0779647570222053,-0.8913966818604837
['The Rolling Stones'],[894465],-1.234944239828214,0.1896305430995731,0.483702968312015,0.18620123635112082,0.03891392298372978,0.6889099536310792,-0.6595717783703912
['The Rolling Stones'],[894465],-1.3795539315868195,-0.18260882280280735,0.4989337757187487,0.3035222340311833,-0.5751600009755414,0.8088543973589151,-0.6137530407318023
['The Rolling Stones'],[894465],-1.3242642132324114,0.44765340525623537,0.49251231044098737,-0.13947535889144347,0.15187227175879595,0.6392366455585882,-0.25197404491718
['The Rolling Stones'],[894465],-1.3011659768062431,-0.20483462910075453,-0.024546159985164084,0.436004100691391,-0.6923344221889748,0.5541271933649492,-0.1734359945475912
['The Rolling Stones'],[894465],-1.366412213025125,-0.5001043851910965,0.01571613972548937,0.30986589473921383,0.04889811931750407,0.6811045356343887,-0.2333619350626192
['The Rolling Stones'],[894465],-0.5090662271865436,-0.2561262271332004,0.16587772474961932,-0.01777490517676668,-0.5355515314907313,0.511911828120469,0.0036737628431555303
['The Rolling Stones'],[894465],-1.130868025965974,-0.33389415248413395,0.5406651057547022,0.18063692802661985,-0.13016492873353633,0.9004552894652751,-0.6220894942214564
['The Rolling Stones'],[894465],-1.010454621487048,-0.028668990663069396,-0.019117943652663418,0.04188563220197186,-0.005307056766807949,0.7250814153390867,-0.1521911620920821
['The Rolling Stones'],[894465],-1.1799051787965709,0.12856533079865454,0.08600830042363965,-0.03402204046414244,-0.20338304314392855,0.739942418718887,0.09219690775530036
['The Rolling Stones'],[894465],-1.1592394440198364,-0.31411053809822653,-0.08035366166553373,0.6528440953033814,-0.6862730374537458,0.9356485596729708,-0.7240490688250439
['The Rolling Stones'],[894465],-1.1130407729132488,-0.2141336621207602,0.15204153620921007,0.04024385040242908,0.1701691038422752,0.6563092511274227,-0.10526611124094933
['The Rolling Stones'],[894465],-1.2098933171392365,-0.43843950602771126,0.10093134694231246,0.16721721084413257,0.01784723720583343,0.6607986611848601,-0.22031417306705386
['The Rolling Stones'],[894465],-0.9055846442859196,0.024023843030968776,0.027404349369985058,0.28227856843213545,-0.6710824989648049,0.3587032033851719,-0.13880581063562708
['The Rolling Stones'],[894465],-1.2734947554485414,0.07693376691522495,0.21073155001086263,0.2697290251442713,-0.4634464683523095,0.40708432522405064,-0.250835355079582
['The Rolling Stones'],[894465],-1.3928467139637308,-0.3467112729120423,0.008635728998832868,0.27441738461075305,-0.13603565245426052,0.6964471968914293,-0.2907997664790821
['The Rolling Stones'],[894465],-1.1618440514154542,-0.27239482958238687,0.081040191853169,0.23979885882294746,-0.44833289194278475,0.6199794475914839,-0.15588988005125143
['The Rolling Stones'],[894465],-1.212402682614258,0.17622169220166423,0.4254703825830056,0.1447028627146783,-0.3001918282102219,0.4045645673294434,-0.3391394322597763
['The Rolling Stones'],[894465],-0.9149210613754614,-0.22933013652822185,0.04731901557364429,0.11876603000925838,0.13393736318080865,0.35246655646568326,-0.11313559577358018
['The Rolling Stones'],[894465],-1.1112496457717902,-0.2990075503418164,0.10053957198377961,0.30379481193729796,0.08074991123809176,0.3586772465592779,-0.08167082199176809
['The Rolling Stones'],[894465],-1.1982296153316307,-0.13595976986033165,0.1624825253302015,0.2208801677693787,-0.1927622126079195,0.44390300463621113,-0.27675811802383105
['The Rolling Stones'],[894465],-1.3126778939362742,0.07343423449665742,0.37427414371440704,0.05836028234703727,-0.18957507699789436,0.6304586411713305,-0.3703534233901035
['The Rolling Stones'],[894465],-0.8899016889613984,-0.3327959145992855,0.2348496892985115,0.09366758547425583,-0.46959960919575666,0.6839506545945202,-0.11649829912276434
['The Rolling Stones'],[894465],-1.1944329499408635,-0.3368946455683369,0.08448246624800385,0.17942490532799357,0.18629802089658465,0.5715290904992388,-0.20432612362260988
['The Rolling Stones'],[894465],-1.2670779948272262,0.13321813216404452,0.38374924439481267,0.3978694496634817,-0.5233707992299707,1.0225157974789387,-0.9412760131988036
['The Rolling Stones'],[894465],-1.0560667676336646,-0.11951215148662733,0.08278842605028881,0.17745362078173346,-0.014477868223513215,0.43132670773729764,-0.27344445043529697
['The Rolling Stones'],[894465],-1.2871458824144826,-0.400087865791332,0.03007328191756674,0.39205092102044975,-0.3685359027556275,0.8581844281556261,-0.4656112653048107
['The Rolling Stones'],[894465],-0.6877005020016618,-0.13207151957668734,0.07635086394052513,0.08470527291390491,-0.5199953317809255,0.4267329629323918,0.03373646550203508
['The Rolling Stones'],[894465],-0.9055846442859196,0.024023843030968776,0.027404349369985058,0.28227856843213545,-0.6710824989648049,0.3587032033851719,-0.13880581063562708
['The Rolling Stones'],[894465],-1.2153767038196555,0.034430687509187693,0.47141878801592374,0.12400313334352667,-0.4663603902750982,0.5770564697018489,-0.35754964038582393
['The Rolling Stones'],[894465],-1.3535971007726935,-0.33095536135913783,-0.022317511545668304,0.3414765208477627,-0.39581940046009145,0.7503571780590113,-0.29771074247823526
['The Rolling Stones'],[894465],-1.1632664068213452,-0.1538880376872241,0.2438204943229622,0.4442508596159939,-0.7450879053838975,0.7873904420030732,-0.6270481325060748
['The Rolling Stones'],[894465],-0.4735766029557006,-0.30272529997761005,0.19356654501275733,0.026424092232451415,0.08526745253728815,0.22554339774630247,-0.030456071959660037
['The Rolling Stones'],[894465],-1.2403200783955424,-0.0889129328999847,0.28285278560104593,0.2787163888374918,-0.2619410815201794,0.5338183121940016,-0.27739479335404627
['The Rolling Stones'],[894465],-0.8187485540400576,-0.10834074566735206,0.0481306723527109,0.24330388519713605,-0.8687942471440723,0.38391227623454754,-0.0011052187225338698
['The Rolling Stones'],[894465],-1.1370540241645213,-0.000989824718881439,0.4063923477091842,0.19207087283936955,-0.380934902660069,0.504949169788709,-0.2764215317802873
['The Rolling Stones'],[894465],-1.2026299107768479,-0.6684006584604321,0.06002410308371377,0.41295637203509283,-0.14406017027894227,0.6008259118400747,-0.1883245996701103
['The Rolling Stones'],[894465],-0.9687917658674015,-0.12472212162403595,0.08279839311747121,0.06651307307906403,0.13481718991070366,0.4024165664500445,-0.02426827192036956
['The Rolling Stones'],[894465],-1.14276989529043,-0.2978635836091496,0.12784262612054217,0.3264934171411114,-0.7231395082635476,0.5387247427466767,-0.2980176946853658
['The Rolling Stones'],[894465],-0.7583184022964906,-0.024951303966359768,0.1476480014569593,0.15997812669612388,-0.5811502011954702,0.49634795713934154,0.017844184592629583
['The Rolling Stones'],[894465],-0.7323190525309394,-0.1522789132483449,0.051809282336210245,0.10156817833013179,-0.2458529212537952,0.35836735740723075,-0.017916018901247256
['The Rolling Stones'],[894465],-1.289605846912649,-0.19280276163846394,0.15387685283966082,0.14952401885492422,0.006600373700314318,0.5875328953376959,-0.27848076276457046
['The Rolling Stones'],[894465],-0.6877005020016618,-0.13207151957668734,0.07635086394052513,0.08470527291390491,-0.5199953317809255,0.4267329629323918,0.03373646550203508
['The Rolling Stones'],[894465],-0.9499595127439113,-0.1822812103639149,-0.1303752165028894,0.35728571418187577,0.28272161563853454,0.9280255212388905,-0.6544667343557955
['The Rolling Stones'],[894465],-1.089840780675943,0.26976851823066983,0.4278484237834558,0.2857918898193328,-0.578348944948526,0.8508925233474642,-0.6161497853484869
['The Rolling Stones'],[894465],-0.5323587267865103,-0.3698130916801344,0.1812999496509817,0.06065449427253251,0.12857318476007912,0.4317310663604513,-0.23880457397000784
['The Rolling Stones'],[894465],-1.1399933341586788,-0.11196732931107942,0.09049701423117296,0.11347395138988656,0.16289486370340292,0.45340382700029286,-0.18122455494084597
['The Rolling Stones'],[894465],-1.1227594015188622,-0.4592399425041924,0.09957698245353504,0.4272040293825945,-0.6825893595504883,0.7164623959690601,-0.27595468573901905
['The Rolling Stones'],[894465],-1.2864851306180427,-0.21776935993185192,0.46115290761836925,0.149572220394504,0.1990613279360167,0.6442669852981143,-0.425954474130844
['The Rolling Stones'],[894465],-1.100866480345268,-0.5786466661571558,0.08732882498045211,0.3706790457594515,-0.4033549528805289,0.7519912882609198,-0.340173010207821
['The Rolling Stones'],[894465],-1.060936804839515,-0.15388908927104444,0.11152487537650506,0.2028928977516696,-0.3056049184260619,0.36474197724909524,-0.21231211511168122
['The Rolling Stones'],[894465],-1.3186927514671012,-0.24729142397418463,0.0054954711684556175,0.3389324869613136,-0.5968403805610779,0.668006406835362,-0.2690956698628048
['The Rolling Stones'],[894465],-1.3066673137684945,-0.06282072994511936,-0.010246659021141271,0.035557576865913355,0.007808884375226297,0.7522636306669295,-0.03921906814584483
['The Rolling Stones'],[894465],-1.210006186970213,-0.1283160900151553,-0.06424124580087778,0.39764262634531494,-0.33038250251194967,0.5277654124169003,-0.23474109426816864
['The Rolling Stones'],[894465],-0.4588643907695798,-0.19846666897675222,0.12992688360954416,0.10803624944600948,-0.7204304243068307,0.366908716829071,0.050896086839046284
['The Rolling Stones'],[894465],-0.579643057145237,-0.15244920424153058,0.14219593561049906,0.05716538007541318,-0.5351225648142254,0.3728206680695219,-0.0041732918511494695
['The Rolling Stones'],[894465],-1.0066435073535192,-0.17944586469320445,-0.1689240491403325,0.4504601840593279,0.30840951385561555,0.9797184037781206,-0.7797094530539957
['The Rolling Stones'],[894465],-1.0266321331367239,-0.4261475169100837,0.20635209572680624,0.16897184368324167,-0.18632702527536923,0.5990528653148016,-0.21071697188491761
['The Rolling Stones'],[894465],-0.8368801773769757,-0.47549390820023246,0.16742893179866533,0.1349165521998238,-0.4784501242104372,0.5845122726827978,-0.1654372330396863
['The Rolling Stones'],[894465],-1.0421238918859022,-0.30599897218117306,0.25816387072872793,0.25573857869650357,-0.819172978876318,0.5947912742046105,-0.28416413756637415
['The Rolling Stones'],[894465],-1.2613076715775824,0.1863874142996288,0.4987018387190123,0.10038438726815113,-0.20862923649658388,0.43678275532174105,-0.4463265825847791
['The Rolling Stones'],[894465],-0.7380219237126798,-0.23070120958401505,0.1540604533501113,0.04865095569397626,0.1238554160741247,0.3869058053418968,-0.06873173872949609
['The Rolling Stones'],[894465],-0.9801075841776632,-0.38817364299277246,0.18719531660558397,0.19719351017801506,-0.6390493975882615,0.6593542062710984,-0.20657939090648045
['The Rolling Stones'],[894465],-1.1550750664310074,-0.3173451814310202,0.08006477107643517,0.22608983403264055,-0.17309831813939183,0.6156569570587219,-0.07133546014324663
['The Rolling Stones'],[894465],-0.9794867903327613,0.07178819343112419,0.006609868596536598,0.2012536829964804,-0.6754487536476557,0.4493635640933549,-0.06132461019870836
['The Rolling Stones'],[894465],-1.3317375917019374,-0.10909550306967356,0.4167997144856559,0.27564387957414593,-0.6088591094461874,0.6675499033588642,-0.46343230440368055
['The Rolling Stones'],[894465],-0.9315767271225932,-0.2172213338325403,0.7290008056033978,0.11593835450252551,-0.560732091549588,0.6312361944616065,-0.45726088582577246
['The Rolling Stones'],[894465],-0.6401636770673116,-0.08676723355653161,0.05804039077062733,0.016046512463176437,-0.5222608560676955,0.515699498544478,0.11448849350275438
['The Rolling Stones'],[894465],-0.5323587267865103,-0.3698130916801344,0.1812999496509817,0.06065449427253251,0.12857318476007912,0.4317310663604513,-0.23880457397000784
['The Rolling Stones'],[894465],-1.2077243158747757,0.21712852155721904,0.6441873565201874,0.17524851479387638,-0.6329425837829085,0.6405092657321375,-0.46038065191327754
['The Rolling Stones'],[894465],-0.9804145443103137,-0.2705022409620425,0.09207037792738416,0.3473926687996148,-0.6025735312677992,0.6665504919917028,-0.3272578183257091
['The Rolling Stones'],[894465],-1.3464920899338293,-0.38463936197729937,0.2066522174895328,0.2824480105276633,0.038879757485746395,0.6366601327440968,-0.32075854232762185
['The Rolling Stones'],[894465],-1.1122936897130928,0.14232235375186061,0.5053357900614247,-0.103687039450388,-0.30454577400768995,0.6969054911711217,-0.32661457078814216
['The Rolling Stones'],[894465],-0.8832482997815618,-0.18320031801735165,0.2800937356166326,0.14696898593332208,-0.7532501614278819,0.5719036749622848,-0.20402129762049423
['The Rolling Stones'],[894465],-1.349798619468879,-0.4932734684989308,0.03670339641446573,0.3063708577839089,0.048135691407159904,0.6882308506246786,-0.24398876652733792
['The Rolling Stones'],[894465],-0.79100490110545,-0.11016386743582098,0.07817082895858293,0.10724421510867069,-0.07069716506842852,0.2757078325193275,0.013618016752519651
['The Rolling Stones'],[894465],-1.1668618303890015,-0.26431198351046464,-0.11253028345993955,0.447045142299464,-0.08393950331260476,0.8516171047508356,-0.6006164935485937
['The Rolling Stones'],[894465],-0.9262053147080216,-0.24216507144621502,0.07021514077304918,0.19061011386346696,-0.30794212586447445,0.4104928513234129,-0.09251884608762316
['The Rolling Stones'],[894465],-1.2227651988814723,-0.09920733636020897,0.20996327145733243,0.08278214673667955,0.08527650413050035,0.6219234787852159,-0.1833560111002546
['The Rolling Stones'],[894465],-0.9140170221745795,-0.5413905099430034,0.04932083378579081,0.33232124272089625,-0.32586501553342306,0.7776299313261684,-0.2445759822089713
['The Rolling Stones'],[894465],-1.075092494807145,-0.05858523784739288,-0.16471841078788435,0.4549382600451575,0.009892039427124386,0.8258154346852726,-0.6339561592767426
['The Rolling Stones'],[894465],-1.3129149147411845,-0.18688926583656124,0.12589812295610278,0.2206212686674456,-0.24018891765309233,0.7463862086282628,-0.2517726166494714
['The Rolling Stones'],[894465],-1.077994285157673,-0.38159446691847665,0.11262082372254956,0.25584971063249795,-0.18706194948916002,0.5221304623241366,-0.20695226997305374
['The Rolling Stones'],[894465],-0.6246053866394982,-0.4108070150184642,0.23380859394985434,-0.02255569802886699,0.11993758506069487,0.4738548905747328,-0.06430541292992008
['The Rolling Stones'],[894465],-0.9342172102340236,-0.43153718920400225,0.21245898128524085,0.3373136965806112,-0.6275249019778824,0.6378216589675947,-0.02403375276681156
['The Rolling Stones'],[894465],-1.2346205523779425,-0.27014231068765826,0.12168516418320634,0.17098868025462,0.18669705513840157,0.5367736027232399,-0.2270770073297173
['The Rolling Stones'],[894465],-0.8820562019795939,-0.33651181212584885,0.13688540529032597,0.13306292966445224,0.06681675548072842,0.49406945775232525,-0.09803872283089346
['The Rolling Stones'],[894465],-0.6927363486152567,-0.17525332768737206,0.25166807512637895,0.015139130662929172,0.11480339427382082,0.37406343632238803,-0.09956384588381466
['The Rolling Stones'],[894465],-0.9743476258350784,-0.17979776451013366,0.23410075793662163,0.21711582151815675,-0.7396707096018856,0.5817664848002169,-0.2303566265951452
['The Rolling Stones'],[894465],-0.8876342533360605,-0.24181056740096182,0.07649947532994197,0.16492546526195004,-0.3894881833412721,0.5037191439606165,-0.15276168965260253
['The Rolling Stones'],[894465],-1.2108678762293903,-0.20431029547805368,-0.04416909597731109,0.2949421655225696,-0.053766141249821715,0.6451680670523787,-0.27522586691019646
['The Rolling Stones'],[894465],-0.5806218406398964,-0.13924251778277266,0.0755314918943652,0.02040979300558939,-0.5248368777325214,0.49508010577807626,0.11852759415140834
['The Rolling Stones'],[894465],-1.3157397708554828,-0.5015026346806146,0.033639084815000005,0.2197150699758378,0.2129255660022103,0.6287974893084263,-0.21362576647352732
['The Rolling Stones'],[894465],-1.05396823238291,-0.3213964371406577,0.10040814334959133,0.10819396762700699,0.1872237820291838,0.65951046331333,-0.111649860928282
['The Rolling Stones'],[894465],-1.147086802874549,-0.5221813442870896,0.07322187318299768,0.26887392558920115,-0.42604134865324284,0.7248972554186869,-0.22660636060030018
['The Rolling Stones'],[894465],-1.2098933171392365,-0.43843950602771126,0.10093134694231246,0.16721721084413257,0.01784723720583343,0.6607986611848601,-0.22031417306705386
['The Rolling Stones'],[894465],-0.681357336964386,-0.1049968422531676,0.05641410643054382,0.09453716366369218,-0.5023667918248923,0.5134490321472943,-0.002803977600655161
['The Rolling Stones'],[894465],-1.0168088891584286,-0.2584250360223754,0.10616875473031064,0.44608226411906043,-0.7342943580990573,0.8576183190086945,-0.6155734226520688
['The Rolling Stones'],[894465],-0.9686361173379893,-0.24449262541556158,0.1961937016259223,0.19758242911216461,-0.6528218794527298,0.5536013666428862,-0.17566399607560407
['The Rolling Stones'],[894465],-0.7537193357357062,-0.23054842004092335,0.09657736466956479,0.07958530189482192,-0.678158682209698,0.5948124234798207,0.004205630106248164
['The Rolling Stones'],[894465],-1.1947105126394773,-0.3565255686263357,0.2307843386374986,0.2688243878942311,-0.6052015455278025,0.7160165565048204,-0.26305343189427405
['The Rolling Stones'],[894465],-1.1843278680158826,-0.6225918932924825,0.08380350209083341,0.295550027378017,0.11840696919018333,0.5536409043615608,-0.20392374133096938
['The Rolling Stones'],[894465],-1.1160318172956525,-0.5575666521561586,0.26836417299587956,0.3566765533353875,-0.5985144205988345,0.7055499812021926,-0.2803159999462659
['The Rolling Stones'],[894465],-1.3744488924728178,-0.42641426939767524,-0.014354899532197589,0.3782630752914914,-0.20945540505249927,0.7079373026870293,-0.35389574029130405
['The Rolling Stones'],[894465],-1.2488329402540428,-0.3434184650864497,0.3388998451586919,0.1841494211567185,0.20308671044827878,0.6226613309673082,-0.3960665782320024
['The Rolling Stones'],[894465],-1.1585983671982834,-0.3587463702635378,0.1853741115568786,0.21948773847521613,0.17997485895091045,0.48350067946412667,-0.2688894619590766
['The Rolling Stones'],[894465],-1.0421740705126417,0.4308969988107552,0.2211382786746288,0.30455440176329035,-0.5476769613323288,0.979557666734584,-0.8652564918396511
['The Rolling Stones'],[894465],-0.49471896386265934,-0.23973528730556481,0.18185252170614585,-0.026942633989619203,-0.5382816914827064,0.5071142922383853,0.004797797693149062
['The Rolling Stones'],[894465],-1.1554297055384881,-0.34358714410045565,0.0534153949217916,0.10248501190724058,0.014325129727641071,0.7725678445608002,-0.06912084748876805
['The Rolling Stones'],[894465],-0.8540933918035928,-0.5128972222162848,0.1925636515573496,0.2053181155449327,-0.4538060289328612,0.7045894672066206,-0.08144594085626616
['The Rolling Stones'],[894465],-1.2048982563853536,-0.12063464492146046,0.20656157481277532,0.12295489828049706,-0.1810878675518795,0.6746709190535346,-0.19491517480722476
['The Rolling Stones'],[894465],-1.0594365055043962,0.04378189159899677,0.1932419117675559,0.19307414692547167,-0.6669646318686037,0.46967361827200943,-0.18792317856881818
['The Rolling Stones'],[894465],-0.9346020541341461,-0.3179602620034856,0.2197804212008619,0.10846987462380105,-0.46603091652556594,0.6726458287569189,-0.12287777071815134
['The Rolling Stones'],[894465],-1.005918066674881,-0.4705960199730996,0.1878420924856843,0.12739889080042047,0.17871499962167273,0.6070799966409417,-0.19318538786094314
['The Rolling Stones'],[894465],-0.6963650116545388,-0.28630507619057,0.2618322342436334,0.19623286424484077,-0.6764618294163451,0.4876560984844203,-0.10650566990070118
['The Rolling Stones'],[894465],-0.8646216828260495,-0.3579378424893872,0.11482119975632074,0.12741316345531783,0.06494148657782305,0.4929416551639767,-0.0743573428287402
['The Rolling Stones'],[894465],-1.3183234505920498,-0.41318011171451025,-0.021485808582617814,0.4560574454847663,-0.5648607170203644,0.7748028449563542,-0.3019151349219474
['The Rolling Stones'],[894465],-1.2871458824144826,-0.400087865791332,0.03007328191756674,0.39205092102044975,-0.3685359027556275,0.8581844281556261,-0.4656112653048107
['The Rolling Stones'],[894465],-1.2628249495203736,-0.09156420376523133,0.17597636866321958,0.2393372331939236,-0.8005467718283451,0.7416868279834752,-0.20046177415487476
['The Rolling Stones'],[894465],-0.9386092407680658,-0.18394968743742368,0.26053265311213225,0.057608656242470274,0.13468271488800862,0.3642892331193303,-0.2169758513699012
['The Rolling Stones'],[894465],-1.3274226405919571,-0.24982814400316508,-0.010375185501152928,0.28212025434502264,-0.12946376349442595,0.7376367493375161,-0.34343078721653253
['The Rolling Stones'],[894465],-1.0418410706630827,-0.10322477902730169,0.5035862123162387,0.02852897055923772,-0.4577486985345132,0.7702384161180218,-0.3369430110580957
['The Rolling Stones'],[894465],-0.9808094327765281,-0.1592922805605105,0.2167468046302326,0.2050735957403399,-0.742854093748287,0.5644714377562265,-0.2160266209146664
['The Rolling Stones'],[894465],-1.0127102737477578,-0.11287822673859671,0.15531789943972443,0.4099348531184889,-0.049039351948102106,1.0639250756464966,-1.0056859338644946
['The Rolling Stones'],[894465],-1.0639558619342635,-0.058845540045410726,-0.07811159670336701,0.2519478509643685,0.20142133714940466,0.517898268176159,-0.3864338836934698
['The Rolling Stones'],[894465],-0.447396920437602,-0.254925059026309,0.1994055405486238,0.07552551309131629,-0.3550820446390067,0.31737198414320944,-0.03734934073011178
['The Rolling Stones'],[894465],-1.2441408025694134,-0.4462316516879299,0.17071088298130963,0.25700397786506113,-0.15041029757121172,0.674415096376569,-0.13890890079839738
['The Rolling Stones'],[894465],-0.8938195725866696,-0.04152132088306511,0.16323640807773102,0.4109547255211173,-0.5935636955923954,0.603163757334154,-0.5993746973408001
['The Rolling Stones'],[894465],-1.1682362432091111,-0.5562839232489536,0.08437265205528104,0.20075759867260368,0.20753919505656063,0.6602727833043085,-0.13983803368406578
['The Rolling Stones'],[894465],-1.1240817933939862,-0.45716513890859284,0.007123610367758631,0.37013704914312656,-0.23990949917366977,0.6190277771342589,-0.18624169706143293
['The Rolling Stones'],[894465],-0.7980353847388971,-0.0960263990475403,0.15807570303036342,0.11991117291162356,0.034214240844546245,0.3276358855231559,-0.036663289924155254
['The Rolling Stones'],[894465],-0.876901791717421,-0.36699464757112743,0.2579351455593745,0.2818746542480458,-0.6394030111249027,0.6518474531356993,-0.009574082056572645
['The Rolling Stones'],[894465],-1.3248868810787668,-0.1680043754612872,0.1560833988600952,0.2122964140107124,-0.24069978758875762,0.747414487138897,-0.267510355368556
['The Rolling Stones'],[894465],-1.0749977753715194,0.06283222856814863,0.018576970122188712,-0.09391756819224417,-0.21177518169129558,0.7538190410648038,0.07294149118271447
['The Rolling Stones'],[894465],-1.0972856231176218,-0.6245017730870268,0.13347501807191325,0.2787941830690487,0.012912442142685391,0.559228407986046,-0.24421433490100988
['The Rolling Stones'],[894465],-1.1502803660759735,-0.35415074505026595,-0.04714375114592187,0.5282067991907309,-0.06984645869517468,0.850790770001509,-0.686683334518573
['The Rolling Stones'],[894465],-1.0086971709101191,-0.4924981756960793,0.04419660511442048,0.3489091802111651,-0.44486858269518675,0.590419827437693,-0.13571024612157975
['The Rolling Stones'],[894465],-0.5792090891806483,-0.3688444276425278,0.11137400732469116,0.15629584054246828,-0.5119860715791655,0.47004182602258743,0.02587825899938792
['The Rolling Stones'],[894465],-0.652285124318866,-0.5493879034053899,0.1654949643045294,0.10528894503628788,0.13383926576379682,0.4572112329664311,-0.06045684397486925
['The Rolling Stones'],[894465],-1.104010629843873,0.0880461822264741,0.08336550784594879,0.16862355033930315,-0.19927572897412338,0.4650971640108574,-0.2884171004832409
['The Rolling Stones'],[894465],-1.06976280494246,-0.5314900211095498,-0.003302325955472973,0.46149017277772386,-0.5620815779771162,0.8485364703814818,-0.3614020079451015
['The Rolling Stones'],[894465],-1.36404529873851,-0.48315092630420603,0.03627647172558723,0.3040189129790592,0.04686706633537446,0.6750822266715439,-0.23739331228726304
['The Rolling Stones'],[894465],-0.9227557787782799,-0.3249251209896928,0.2077359748093091,0.10644967300476293,-0.4670415172401457,0.6720411157917546,-0.11076041531262172
['The Rolling Stones'],[894465],-0.9826873979703664,-0.19408369169920578,0.3005346736302922,0.19261042377281126,-0.7371659079132393,0.6056251136571738,-0.2617941369336651
['The Rolling Stones'],[894465],-1.1075509055189545,-0.10265524474814475,-0.03514424762430185,0.20019460771772607,-0.6577973579051596,0.5256804149998592,-0.14850457074197035
['The Rolling Stones'],[894465],-1.0295577029904603,0.05156318044124387,0.0005974100925488106,0.22225129823211784,-0.6682417504569972,0.4502960313537676,-0.07172614083115059
['The Rolling Stones'],[894465],-0.6152055118057687,-0.09971962072998998,0.04556360152055135,-0.05498836736463019,-0.6995688865160872,0.7080906569252537,0.12894624043865677
['The Rolling Stones'],[894465],-1.1389512752280433,-0.02537683388489776,-0.01572785125562482,0.17684962022420259,-0.030771970732556254,0.34307534808006623,-0.12426685564180613
['The Rolling Stones'],[894465],-0.7203266160988121,-0.2286537644199507,0.16776172136877596,0.03565302624606273,0.12223383544496616,0.39322212737271783,-0.06482507483531082
['The Rolling Stones'],[894465],-0.8683527957721506,-0.03962310910547687,-0.010515715346684029,0.0690236755363826,-0.7614138219531814,0.6978757081546612,0.07699006242049956
['The Rolling Stones'],[894465],-0.9832342060383357,-0.45829515447734326,0.3037414943410793,0.14726478772753307,-0.44987672557739766,0.7453369530391217,-0.2641532215585983
['The Rolling Stones'],[894465],-0.846101548320962,-0.3876190294986414,0.14727702645307658,0.11820244797079339,0.06468768383422423,0.5083986329591051,-0.07843263521728107
['The Rolling Stones'],[894465],-1.2361916427626607,-0.238679583249954,0.10355309970977808,0.2994117208105075,-0.16075774875495014,0.5444847013206308,-0.3691230959700775
['The Rolling Stones'],[894465],-0.46085849963738185,-0.17685616220423458,0.09527701795229371,-0.006086903288647952,-0.531426724056864,0.5277232330520795,0.13977059274401998
['The Rolling Stones'],[894465],-1.2298279586244767,-0.202174857106542,-0.037317239485309905,0.28736498430077523,-0.05709360850131487,0.626943625090369,-0.25647480283711976
['The Rolling Stones'],[894465],-0.9928150316372535,0.210308023186976,0.0413576874311086,0.2778896331406995,-0.20418087892096654,0.8380516633253654,-0.7075205488400521
['The Rolling Stones'],[894465],-1.1154104670426623,-0.133662013931561,0.009525848139331203,0.474237845940264,0.11517677368224623,0.8296059275352795,-0.9119477436377528
['The Rolling Stones'],[894465],-1.0418410706630827,-0.10322477902730169,0.5035862123162387,0.02852897055923772,-0.4577486985345132,0.7702384161180218,-0.3369430110580957
['The Rolling Stones'],[894465],-0.7807522744169666,-0.22774323116190084,0.24218911780177174,0.22574521531555922,0.25335941581987026,0.9153515566754398,-0.7285355338721331
['The Rolling Stones'],[894465],-1.119339724045578,-0.38812655119575246,0.06205804092833503,0.25019536711198526,-0.44460770601189076,0.6768987648904146,-0.18231007700527244
['The Rolling Stones'],[894465],-1.4283802339916862,-0.2610991435737585,0.10711968089210284,0.25001227193736913,-0.5942881478189337,0.7889677227382814,-0.31453714952416967
['The Rolling Stones'],[894465],-1.3170641271847496,-0.2516547895359278,0.20654223825510554,0.21070155630685694,-0.24587719012536963,0.6828295012685067,-0.3360510341076123
['The Rolling Stones'],[894465],-1.3237593144876911,-0.16654433089117346,0.17060569059971445,0.20833088808454878,-0.24305145682534718,0.7404448595213442,-0.2534104806588578
['The Rolling Stones'],[894465],-1.1446023311646651,-0.22967811860771184,0.2370556506378107,0.29170696581063826,-0.6317911173895951,0.5450164449364517,-0.2806733344749082
['The Rolling Stones'],[894465],-0.9162903234285465,-0.045645096041668304,0.09110538571441702,0.38376556226294156,0.27312761062956364,0.8299180453778193,-0.7652230008643208
['The Rolling Stones'],[894465],-1.3610537793332638,-0.2895344908779529,0.13892289275089142,0.13075109123597384,-0.23604896999019032,0.8639267963954027,-0.26704860949634746
['The Rolling Stones'],[894465],-1.129452236534846,-0.05156831967634851,0.2925207517615761,0.20249698657842494,-0.37799737677356243,0.5140459006597319,-0.22567480544032723
['The Rolling Stones'],[894465],-0.9424371386497206,-0.22239285421987542,0.18641080176143754,-0.09753144889803796,-0.025494651854644283,0.806952081992352,-0.0825942582854492
['The Rolling Stones'],[894465],-1.0653045813574853,-0.2942223245935479,0.11149361087028553,0.27665421697224896,0.07494767250594626,0.37448515607013155,-0.079757050840284
['The Rolling Stones'],[894465],-1.2157788480282299,-0.6881726445404157,0.04273943138910666,0.5232184995006548,-0.7629844306913323,0.704356953994768,-0.20094610144245412
['The Rolling Stones'],[894465],-1.2089732992322253,-0.5796181424533566,0.08891683924888479,0.2658576697268209,0.04386307116219642,0.7138633050836657,-0.2756904693997742
['The Rolling Stones'],[894465],-1.0342140874209933,-0.5800265789756011,0.029249750726589148,0.5094242541749976,-0.7575252929842964,0.7683316461326116,-0.351557843030647
['The Rolling Stones'],[894465],-0.955244271443636,-0.35323470826514547,0.05783207972123612,0.18546646614677614,0.15445290922686628,0.4048232039246483,-0.13931748347046924
['The Rolling Stones'],[894465],-1.054812110406282,-0.20814794216703628,-0.023059057639181636,0.3068083410828146,-0.7434416746397623,0.4675085426338167,-0.14843882783974494
['The Rolling Stones'],[894465],-1.2443280660014906,-0.3536457998975881,-0.023060485912252394,0.36362699326480824,-0.6061901091501164,0.6443362940851954,-0.19595225045649656
['The Rolling Stones'],[894465],-1.1210014818899916,-0.3773648546671697,-0.008278423927637857,0.5243904733587796,-0.7117556739426032,0.9657219215073816,-0.5589761414482394
['The Rolling Stones'],[894465],-1.2220876160494503,-0.3182557921614175,0.10638342426338396,0.27771018626394384,-0.17084637168033506,0.5314820047699428,-0.2882724434322969
['The Rolling Stones'],[894465],-1.2195023439653956,-0.3205829610485123,0.10201856736647087,0.2851602178540675,-0.1682502386663864,0.5389127479885599,-0.2983056055494193
['The Rolling Stones'],[894465],-0.9123466357531261,-0.5454967002029569,0.05575197716536837,0.31998119369693595,-0.3315180220690839,0.7595695454972701,-0.21500009585520358
['The Rolling Stones'],[894465],-1.0297143776458513,-0.43537025142727426,0.12209784169196242,0.22541544856092566,-0.6265178206143726,0.7106769431115252,-0.17738954146022257
['The Rolling Stones'],[894465],-0.8060774108443524,0.008989525313754175,0.036193547613574524,-0.10064509279142032,0.11211358073638282,0.568457692559695,0.16142291396386238
['The Rolling Stones'],[894465],-0.8544017379695259,0.10661068131564695,-0.03145523716877326,0.38214637889357767,-0.3947986067669127,0.717531162155308,-0.7156106198109625
['The Rolling Stones'],[894465],-0.6306853341341672,-0.3922032384278801,0.249589082349948,-0.02497100677353398,0.11935006349235079,0.46935711878121833,-0.07374384172477684
['The Rolling Stones'],[894465],-1.0354668982874273,-0.05251437280325196,0.045792676267073146,0.1826760369938581,-0.22000812003766984,0.33656072996691183,-0.1171381665884034
['The Rolling Stones'],[894465],-0.9556459790488087,-0.26821971887670537,0.04977414688388013,0.15805519449947192,-0.0317152998557972,0.4533668628394832,-0.03457506391198009
['The Rolling Stones'],[894465],-1.0404319715517916,-0.32495975721480314,0.037101690414536745,0.19678256943989778,-0.188189167754796,0.5723969851182188,-0.13135206392086285
['The Rolling Stones'],[894465],-0.7625416186473889,-0.15990039734599723,0.12223537791595576,0.09134699102137533,0.025109452075647076,0.2929913702004024,0.020237621019717596
['The Rolling Stones'],[894465],-0.928089742414343,-0.17022724925852317,0.028948900175457173,-0.017944898585816122,-0.03990464118619661,0.6251569600953494,0.028810809807939153
['The Rolling Stones'],[894465],-0.8769471121586834,-0.3739747300390067,0.1003085030245093,0.24131270896371987,-0.14884783474806274,0.7637039554783014,-0.42355611104121454
['The Rolling Stones'],[894465],-1.1019247656830469,-0.5423094893957613,0.0715697440507351,0.2588237651447226,-0.43091145268377434,0.7305651256123595,-0.2008846718829479
['The Rolling Stones'],[894465],-0.6099257795634574,-0.3870696762854397,0.16592339862341113,-0.01683209984555954,-0.3216521888874698,0.672947160114801,-0.0024977845314648993
['The Rolling Stones'],[894465],-1.2319031864055092,-0.538054791373054,0.0032400620444838057,0.37106759124085775,-0.4069675768355061,0.7488866525030083,-0.2255652451490734
['The Rolling Stones'],[894465],-0.6964817531441783,-0.21404463137379864,0.17653354792662804,0.03541138004682453,0.11737849350069265,0.370103993732609,-0.06296167076875156
['The Rolling Stones'],[894465],-1.2957167846212907,-0.5090187315944148,0.03723416810642125,0.2271637325476267,0.2121373846453802,0.635158771172953,-0.2130398278458109
['The Rolling Stones'],[894465],-0.9055846442859196,0.024023843030968776,0.027404349369985058,0.28227856843213545,-0.6710824989648049,0.3587032033851719,-0.13880581063562708
['The Rolling Stones'],[894465],-0.982076468200248,-0.47966147536321435,0.18735562651142929,0.2577362366476751,-0.3490343011715997,0.6904039640113458,-0.1944733160194811
['The Rolling Stones'],[894465],-0.6877005020016618,-0.13207151957668734,0.07635086394052513,0.08470527291390491,-0.5199953317809255,0.4267329629323918,0.03373646550203508
['The Rolling Stones'],[894465],-1.2182852312338215,-0.3295057216405304,0.0729028574705257,0.1850906011404692,0.18879681547455732,0.5674650322321733,-0.210214667451626
['The Rolling Stones'],[894465],-0.5323587267865103,-0.3698130916801344,0.1812999496509817,0.06065449427253251,0.12857318476007912,0.4317310663604513,-0.23880457397000784
['The Rolling Stones'],[894465],-0.8845987336481883,-0.38892553624670045,0.2434362473361454,0.2869863434778197,-0.6369135492894558,0.6604649612422347,-0.019967226114896004
['The Rolling Stones'],[894465],-0.6401636770673116,-0.08676723355653161,0.05804039077062733,0.016046512463176437,-0.5222608560676955,0.515699498544478,0.11448849350275438
['The Rolling Stones'],[894465],-0.6204510660486345,-0.3818262902389547,0.23451253433697714,-0.030160128116536688,0.11672706624554233,0.46182235859741805,-0.06207909058077957
['The Rolling Stones'],[894465],-1.2264493950994988,-0.29554492543122596,-0.08194560792706655,0.4052108132180013,-0.10170051065582529,0.7907865055457199,-0.4940965933367998
['The Rolling Stones'],[894465],-0.7645522039662329,-0.11902721416468003,0.0783113501373457,0.09159382841071903,-0.07343887079208691,0.28073097598446783,0.020318001048114556
['The Rolling Stones'],[894465],-0.6959803060218722,-0.06420968872418985,0.2783262036875882,0.2999084925637101,0.07701589611555455,0.8554432958023279,-0.9537557511134567
['The Rolling Stones'],[894465],-0.4006131740271183,0.021755735845296827,0.0863980924895775,0.2593524473204143,-0.2541729839748285,0.6466490317597894,-0.6370860123181645
['The Rolling Stones'],[894465],-1.0127102737477578,-0.11287822673859671,0.15531789943972443,0.4099348531184889,-0.049039351948102106,1.0639250756464966,-1.0056859338644946
['The Rolling Stones'],[894465],-0.734896260793899,-0.0680464370634605,0.010824029886267118,0.14024943197834744,0.07760439266208818,1.0958428513214937,-0.6407431138459496
['The Rolling Stones'],[894465],-0.9409004383984785,-0.31611984770557316,0.09375314606298131,0.040537639009498215,-0.46552684338607214,0.7732501050113124,-0.034013667337811984
['The Rolling Stones'],[894465],-1.029124119851958,0.08928954999214149,0.302021738680535,0.4142637119266372,-0.3187878772311097,1.1004993522424786,-1.0814960737648405
['The Rolling Stones'],[894465],-0.9699061739685468,-0.24218478341567562,0.17269580450217709,0.13543063134286187,-0.012238371755088209,0.5395198350178436,-0.24034535114741493
['The Rolling Stones'],[894465],-0.7083809179705156,0.04085564947682483,0.3312730015934944,0.16065533204781748,0.05055562227198049,0.8609033077963917,-0.7930130150552971
['The Rolling Stones'],[894465],-1.065450581578415,-0.4115176648877644,0.3319924522914335,0.134156906071908,-0.15968184870734073,0.7541812062319831,-0.36129553612004683
['The Rolling Stones'],[894465],-1.3764534979256038,-0.17816546148799575,0.08001338668179753,0.22897691697031253,0.050740284439466155,0.7545526227871269,-0.3712736183668724
['The Rolling Stones'],[894465],-1.1593714364404808,-0.6008880287879979,0.0957582883898004,0.3698433651748505,-0.1490667701553559,0.588720939778984,-0.18478833145484483
['The Rolling Stones'],[894465],-0.9255925082828731,-0.4804923193879077,0.21690133067622802,0.2300229273755527,-0.28011850057400284,0.5383188000943856,-0.19512356053541371
['The Rolling Stones'],[894465],-1.0604803578726687,-0.2112373967854274,0.18556455019450463,0.1944438877853593,0.027509580553225183,0.6623735329792345,-0.4456073395022178
['The Rolling Stones'],[894465],-0.9966570982122248,-0.057184284406785975,0.009475180918590483,0.38988742965866235,0.11789013780374234,0.9541769130120443,-0.8667566118972837
['The Rolling Stones'],[894465],-1.213691517434884,-0.2905607138022929,-0.08117497794689252,0.4524200942153432,-0.5565649777175851,0.8211936333336789,-0.3773088660988305
['The Rolling Stones'],[894465],-1.1536562923641853,-0.40185093442654124,0.039247222639999635,0.41519001752392365,-0.7124070824329655,0.5068923854864897,-0.21763639389428727
['The Rolling Stones'],[894465],-1.0485784580294009,-0.4066715686175783,0.3547006951948689,0.298755155232018,-0.613758449351023,0.7124730407824118,-0.2881298836720218
['The Rolling Stones'],[894465],-0.7764046190572679,-0.5000436273114949,0.26018473751405696,0.11652483882988701,-0.20744972838517564,0.5983078823555678,-0.10719064052331845
['The Rolling Stones'],[894465],-0.7080747960999139,-0.1879602471058287,0.050525570792214425,0.48494054733341924,-0.49539569456949467,0.6938053163019209,-0.5486894487657352
['The Rolling Stones'],[894465],-1.1244882135038206,-0.6212389333107904,0.12095433172824928,0.37416796699142496,-0.4247585773330106,0.6170302177503161,-0.20165362187393784
['The Rolling Stones'],[894465],-1.190714489838824,-0.3634615953249857,0.04733310975895352,0.3981185803211782,-0.601694952100505,0.6337480735484419,-0.3772374607546347
['The Rolling Stones'],[894465],-0.8958499966214893,-0.21194202504684098,-0.17265836717908098,0.42309734287372786,0.2932457211205734,0.9767888498353355,-0.6941508332330496
['The Rolling Stones'],[894465],-1.036912304150051,-0.3878559186097919,0.23038297347260409,0.11381128392367636,0.16743253109633757,0.5757512702607084,-0.23197129206164774
['The Rolling Stones'],[894465],-0.77956342253835,-0.40000094103288075,-4.8179479066483315e-05,0.3299095432895025,0.26255182874125127,0.8620921704005271,-0.6146663889212636
['The Rolling Stones'],[894465],-0.9984965105932802,-0.016726503193164873,-0.02723037380725632,0.051291450046229176,0.00026030624277099593,0.7473196926577406,-0.18833686942624905
['The Rolling Stones'],[894465],-1.1654784665083275,-0.3934475836089621,0.24049732970081247,0.30999308483101246,-0.7048997783606515,0.7130641696698611,-0.2776067422572005
['The Rolling Stones'],[894465],-1.0637425570928183,-0.27529556971758185,0.04274861519101097,0.22164090147469645,0.09876189618171662,0.5897869032721843,-0.20521393204877333
['The Rolling Stones'],[894465],-1.1891354167362151,-0.3977710348406803,0.09689200811275067,0.2484487258429272,-0.25067697089831315,0.7014471490660154,-0.21649928518562217
['The Rolling Stones'],[894465],-1.0308650639576726,-0.4036097949864929,0.08058539742945528,0.24606619616189448,-0.2752380900985822,0.5985326400329217,-0.16517272966721203
['The Rolling Stones'],[894465],-1.0064954382533218,-0.4242925378724286,0.46069686889030326,0.06759392875079187,-0.0880736453812343,0.7444609745940807,-0.30603952598207756
['The Rolling Stones'],[894465],-0.9635347843110025,-0.1262279350958559,0.0663043468047034,0.3460716120756881,-0.6255841583371983,0.6294280400311608,-0.09550490948527972
['The Rolling Stones'],[894465],-1.3352588832002936,-0.4869236936354866,0.020786981597067225,0.3206544441151926,0.053361129065843484,0.7055021829866656,-0.26890386178066533
['The Rolling Stones'],[894465],-1.1521173397847013,-0.32775747383107123,0.16710696967787336,0.25254594640052086,-0.18397307894344742,0.4947406441212878,-0.24889508245634107
['The Rolling Stones'],[894465],-0.9670939749252478,-0.46941486120884063,0.14227360166870212,0.28501904076586565,-0.8063262848675281,0.7125192698032583,-0.09753062092064899
['The Rolling Stones'],[894465],-0.9348138785885121,-0.2017930525505253,0.05673333215124616,0.17733705123908594,-0.39073308261535306,0.47278096474277326,-0.1319564471986327
['The Rolling Stones'],[894465],-1.0097205445021635,-0.47266523536762556,0.15100317393448753,0.13468596543663633,0.1787142147521226,0.5949129317646555,-0.17274108187543308
['The Rolling Stones'],[894465],-0.7950670213436786,-0.27490423930202446,0.2659138451886044,0.1399498150290358,-0.6562775813991434,0.6682567026173379,-0.08777247935756537
['The Rolling Stones'],[894465],-1.0168088891584286,-0.2584250360223754,0.10616875473031064,0.44608226411906043,-0.7342943580990573,0.8576183190086945,-0.6155734226520688
['The Rolling Stones'],[894465],-0.6856670446369283,-0.11360849767099092,0.09837384307423035,0.3148460116708793,0.09258928107268152,0.9558732784410805,-0.876443543525846
['The Rolling Stones'],[894465],-0.8828160699827982,-0.2236083894060514,-0.07207559922676486,0.5348848904011929,-0.5086100558290848,0.9969668313411179,-0.8506932318930559
['The Rolling Stones'],[894465],-0.5844382361051049,-0.5220307350380968,0.1681758159690465,0.29067685592416226,0.22503293370882632,0.760181374506246,-0.5978235638771763
['The Rolling Stones'],[894465],-0.9686361173379893,-0.24449262541556158,0.1961937016259223,0.19758242911216461,-0.6528218794527298,0.5536013666428862,-0.17566399607560407
['The Rolling Stones'],[894465],-0.7312904942039843,-0.27841658525082014,0.09691605126328356,0.08861417200040471,-0.6749893907771588,0.6362320414461864,0.005303158055133554
['The Rolling Stones'],[894465],-0.6446088634686583,-0.2011129258698073,0.18654323295672517,0.07798192406981946,-0.3382819416462535,0.37400868381242786,-0.0587267606279222
['The Rolling Stones'],[894465],-1.1942950263369747,-0.35928764286505177,0.09741506317953974,0.15626508278621584,0.18912339014215082,0.5683466206513763,-0.13222698380353054
['The Rolling Stones'],[894465],-1.1593557309475953,-0.0442135869808211,-0.2033502228319617,0.512153220599128,-0.49464636130729056,1.0699514844341682,-0.7960861646981249
['The Rolling Stones'],[894465],-0.9575185058598625,-0.13017136824431313,0.02275164431592978,0.1616620611829243,0.13169380610747558,0.25577574171867934,-0.0804455267031848
['The Rolling Stones'],[894465],-0.7983323372448955,-0.36188818434491893,0.13533396211128254,0.1447025065951965,-0.6609681457912406,0.6430343016036978,-0.0023993934911329187
['The Rolling Stones'],[894465],-1.3265681715396336,-0.011673004028947035,0.3158754064484931,0.28162922798361756,-0.26477020458237427,0.48118683525737216,-0.23366087125340063
['The Rolling Stones'],[894465],-1.372901861021196,-0.36949738522145775,0.19507265584547304,0.30029697019848833,0.03694515436602263,0.5853479537303816,-0.29765541609115836
['The Rolling Stones'],[894465],-1.062738367176453,-0.25043645657674407,-0.031938997006863375,0.5606257680187079,-0.5325455005343565,0.8402696108040273,-0.8128461863552062
['The Rolling Stones'],[894465],-0.9892033533685456,-0.2764379846986721,-0.03529885422436472,0.5735296691915709,-0.05049454223577333,0.924043456370833,-0.9158190888168232
['The Rolling Stones'],[894465],-1.0858681816418119,-0.2577778989811344,-0.012247082633404514,-0.014550380873778412,0.1695330196687672,0.7523536485655932,-0.007937735861339675
['The Rolling Stones'],[894465],-1.1082704860429313,-0.1725245772849323,0.05205357408127024,0.12502013002646156,-0.8096282975565918,0.8887659808565659,-0.056828976189269624
['The Rolling Stones'],[894465],-1.2261046507570974,-0.43357007583929086,-0.0015212842734587605,0.18606237317688532,0.016807194565089438,0.6889938409842039,-0.1782019569065505
['The Rolling Stones'],[894465],-0.8653978957967149,-0.4231484961793322,0.11777200464432855,0.18466712878622063,-0.47956273682339123,0.5497607081399603,-0.14580765006698043
['The Rolling Stones'],[894465],-1.161515810730327,-0.2521762463250284,0.10993665821301735,0.23118859791329432,-0.44987886859919873,0.6178483187265641,-0.16991980986060817
['The Rolling Stones'],[894465],-1.0732214168712306,-0.4553752454876091,-0.0904308307342824,0.5453935471310941,-0.5137149030674868,0.9793883100921963,-0.6402266976530595
['The Rolling Stones'],[894465],-1.0660313556143595,0.23698869013838184,0.387923069834105,0.3088077965233416,-0.11114363087545343,0.80820133943965,-0.9428100572482898
['The Rolling Stones'],[894465],-1.2268961079969114,-0.18957671351907723,0.00868104613315769,0.37545989023128445,-0.5290128636588018,1.0904436697708333,-0.5936122255095612
['The Rolling Stones'],[894465],-0.832848950841,-0.3781214417422056,0.13690914521381092,0.12073189241815625,0.0641686669397758,0.5047764104473639,-0.07561887063543311
['The Rolling Stones'],[894465],-0.8836266147264323,-0.0321883180295594,-0.015538006028128883,0.08223215279136316,-0.760167152317715,0.6865877946119261,0.07139500465771757
['The Rolling Stones'],[894465],-0.9658119960677894,-0.46075931927074887,0.2821767745547705,0.14117722280087608,-0.45217432538744845,0.7355407977522259,-0.24373722240738482
['The Rolling Stones'],[894465],-1.2549822783729674,-0.5185745914516227,0.000124804795585648,0.3680069190704075,-0.4081203917664482,0.7322664337754804,-0.22155714814537983
['The Rolling Stones'],[894465],-0.6023556046934235,-0.43365063535151066,0.19497945869854189,0.0646798647703114,-0.32733246528741483,0.5269961437793139,-0.08856719502163891
['The Rolling Stones'],[894465],-1.0285584041288633,-0.04858914091391714,-0.003040785069072012,-0.024764823610331502,-0.2991644221209414,0.735610091478327,0.015195064493906143
['The Rolling Stones'],[894465],-1.145529951395804,-0.3459863101852942,0.16748139235802198,0.2522666320537113,-0.18326872948663442,0.5052903837585055,-0.2493879534537393
['The Rolling Stones'],[894465],-0.5084271961535894,-0.2385769528042438,0.1730910047942867,-0.015003083894181047,-0.5371255500337601,0.4970356895096273,0.006974787308829885
['The Rolling Stones'],[894465],-1.05396823238291,-0.3213964371406577,0.10040814334959133,0.10819396762700699,0.1872237820291838,0.65951046331333,-0.111649860928282
['The Rolling Stones'],[894465],-0.9908991566175187,-0.16750584725161,-0.011235013548563043,-0.04682638871041863,0.15241824419900407,0.6794224851776559,0.004383285607800144
['The Rolling Stones'],[894465],-0.940551323376752,-0.2915162932306909,0.2666573188358686,0.09939407444910506,-0.46698534467237157,0.6740983927898768,-0.14628886200280955
['The Rolling Stones'],[894465],-1.131854293016838,0.02332182125716035,0.08899518241223908,0.19659275645072297,-0.27170693361058496,0.5269758162850943,-0.3422892488264807
['The Rolling Stones'],[894465],-1.3274226405919571,-0.24982814400316508,-0.010375185501152928,0.28212025434502264,-0.12946376349442595,0.7376367493375161,-0.34343078721653253
['The Rolling Stones'],[894465],-1.2229667667586337,-0.36271975139146817,0.001358723438274578,0.23040346214158453,0.19376991880465966,0.5296852812602342,-0.1544637010656231
['The Rolling Stones'],[894465],-1.1843278680158826,-0.6225918932924825,0.08380350209083341,0.295550027378017,0.11840696919018333,0.5536409043615608,-0.20392374133096938
['The Rolling Stones'],[894465],-1.1160318172956525,-0.5575666521561586,0.26836417299587956,0.3566765533353875,-0.5985144205988345,0.7055499812021926,-0.2803159999462659
['The Rolling Stones'],[894465],-0.9769195677576633,0.28921570267168384,0.2606616065539166,0.35111747115181163,-0.5254034471162404,1.0779647570222053,-0.8913966818604837
['The Rolling Stones'],[894465],-1.2257682269432677,-0.16706669557264317,0.35020539265167683,0.21271345691113647,0.21880071747581217,0.6510698592219407,-0.5904585534712748
['The Rolling Stones'],[894465],-1.3692336556786187,-0.07026085552442239,0.4039066450019225,0.2953432543667646,-0.7863388419605564,0.6895150575860735,-0.3547995752849424
['The Rolling Stones'],[894465],-1.415723425985975,-0.09656564979950925,0.45853041620089857,0.20265668538295079,-0.42366504219176204,0.7148915196242756,-0.4651071373408622
['The Rolling Stones'],[894465],-0.9568452907829887,-0.4095867095466453,0.14537318386961737,0.18105556472888054,0.155485321052029,0.42344200630823786,-0.10991385404035023
['The Rolling Stones'],[894465],-0.9896489771791332,-0.10463859831484364,0.11043444011430781,0.028609658704727727,0.05041946011611884,0.5166493768432991,-0.03455253865168412
['The Rolling Stones'],[894465],-0.9268351138622293,-0.33023832582561563,0.27169092273276646,0.11125854945900407,0.15662598068972655,0.5224776553046392,-0.20699574864462578
['The Rolling Stones'],[894465],-0.9974345242742017,-0.46513719500918715,0.182376930135797,0.16558300563082323,-0.1867964795948112,0.6095175692033311,-0.18918310287279452
['The Rolling Stones'],[894465],-1.2086178587620868,-0.2224063121585341,0.03311545858605802,0.17173539485743652,-0.260774813053044,0.7079166539145695,-0.048520418893297654
['The Rolling Stones'],[894465],-1.2656235732067478,-0.37947959935093417,0.21546554451129044,0.25392294038346086,0.2005253771640601,0.5396940486444419,-0.3205012223590109
['The Rolling Stones'],[894465],-1.2536200992621682,-0.3176969753152192,-0.08759441437649973,0.4112563376072708,-0.10053386649763293,0.780798961430315,-0.48220218688098176
['The Rolling Stones'],[894465],-1.0356100505224026,-0.32846820512443936,0.23529262950976665,0.20165720703638576,0.1591984249433589,0.3862719824864313,-0.23237595806342778
['The Rolling Stones'],[894465],-0.7978355427389834,-0.4277771990631697,0.26435154875057326,0.19741069142425424,-0.5400427142815327,0.724092265914729,-0.31963037866505184
['The Rolling Stones'],[894465],-0.8160018534485947,-0.014116758884979255,0.21944721047001065,0.04339814645610323,-0.33976977919239537,0.38662934565394236,-0.142207124691245
['The Rolling Stones'],[894465],-0.8632737118276214,-0.213031086281904,0.4441289802046209,-0.012501086572683768,0.14123429355896192,0.5149382966429951,-0.207664394882005
['The Rolling Stones'],[894465],-1.1509544167617984,-0.317122561648133,0.10319069073712855,0.33840084067813536,-0.7205983545632071,0.5414208758298327,-0.2870602736196737
['The Rolling Stones'],[894465],-0.9154364811098973,0.11949483660228848,0.5369704289975276,0.1712032911602601,-0.16300955041730833,0.7453465810087035,-0.5328719473745601
['The Rolling Stones'],[894465],-0.9386092407680658,-0.18394968743742368,0.26053265311213225,0.057608656242470274,0.13468271488800862,0.3642892331193303,-0.2169758513699012
['The Rolling Stones'],[894465],-0.6349043494941627,-0.09686683494490388,0.027701407582575936,0.19721021431355842,-0.5927176233910215,0.958476006263861,-0.46484871765677327
['The Rolling Stones'],[894465],-0.9513081840462837,-0.24523952051761894,0.19188741617004462,0.3294357284514227,0.0841144825908014,0.8454767770661112,-0.758023511098284
['The Rolling Stones'],[894465],-1.1361490477989926,-0.37949019575924553,0.10715911731688983,0.340315223165711,-0.5874274866859346,0.7800299107597166,-0.30489190510722086
['The Rolling Stones'],[894465],-1.2367967494420697,-0.29306827142203945,0.10231393305674025,0.23971588403370578,0.19836705222594817,0.5176897699623138,-0.2719675901785523
['The Rolling Stones'],[894465],-1.3335161403689826,-0.15176352204434193,0.1430224282943085,0.19194352734501557,-0.6091255716616464,0.783986854493472,-0.22301281532342107
['The Rolling Stones'],[894465],-1.1408386126411343,-0.4555527084152756,0.06037144543250764,0.24475194987250337,0.09771959055990342,0.49502571784272165,-0.1785186281973842
['The Rolling Stones'],[894465],-1.107014556115166,-0.6229048534554227,0.13267177403220023,0.2864636806513786,0.01385735705109083,0.5583720793247869,-0.2433178139568365
['The Rolling Stones'],[894465],-1.0713315630579647,-0.5089849022206049,0.04091605884261708,0.3449422296327566,-0.4119763521144616,0.765011565344565,-0.27371023152093554
['The Rolling Stones'],[894465],-1.012030428261873,-0.41684223557075717,0.07525368332759752,-0.032920057845492255,-0.00235021547822884,0.8443643961149141,-0.08557450684953179
['The Rolling Stones'],[894465],-0.9785134327168677,-0.41283151513509464,0.19298304108988287,0.2109621268849433,0.16753281086071406,0.46276438993336105,-0.19158188967826154
['The Rolling Stones'],[894465],-1.0422681769980147,-0.5439051410859518,0.138750734644016,0.26118889902567133,-0.0029603300475777054,0.4936997148098288,-0.25634105287386777
['The Rolling Stones'],[894465],-0.740750412766427,-0.5228929973212249,0.2558791708396964,0.11322565235679925,-0.20922448411935793,0.6078702807117417,-0.09302554311170143
['The Rolling Stones'],[894465],-1.0137454289928545,-0.2324603381722773,-0.08357265568488763,0.600717221530849,-0.5175224979117552,0.8877484642278385,-0.8846850145845465
['The Rolling Stones'],[894465],-0.6884043474076379,-0.20801426207676713,-0.03648285949495065,0.22156782784986204,-0.37678171629566953,1.133790322138663,-0.5584075714379758
['The Rolling Stones'],[894465],-0.8284223368079418,-0.35486021212944363,0.03634524355722916,0.2908606309416436,-0.49185073392449835,0.4019109597026674,-0.08943804471625727
['The Rolling Stones'],[894465],-0.9039310017703152,-0.4517872476432512,0.10860549710663606,0.17217436178120388,0.06451124502131843,0.4686055025581976,-0.11076964833674066
['The Rolling Stones'],[894465],-0.620462524123425,-0.198868973893473,0.08171050779727862,0.07547633991405354,-0.2547086166331105,0.37993382323261166,0.011690446240559831
['The Rolling Stones'],[894465],-0.8124762820605037,0.01358864403850115,0.042170283742969335,-0.0977282245638416,0.11254764607261762,0.5676243366916797,0.16154351300659042
['The Rolling Stones'],[894465],-0.6212645755143552,-0.11974228148270545,0.02936152009571347,-0.11054776510506427,-0.5163237438637235,0.7689076705112581,0.17588880712373373
['The Rolling Stones'],[894465],-1.1829632596610413,0.030111514681236844,0.38000920579808656,0.4983997411002427,-0.5349507224432468,0.8646281993130464,-0.8402111606684168
['The Rolling Stones'],[894465],-1.05396823238291,-0.3213964371406577,0.10040814334959133,0.10819396762700699,0.1872237820291838,0.65951046331333,-0.111649860928282
['The Rolling Stones'],[894465],-0.6959803060218722,-0.06420968872418985,0.2783262036875882,0.2999084925637101,0.07701589611555455,0.8554432958023279,-0.9537557511134567
['The Rolling Stones'],[894465],-1.1154104670426623,-0.133662013931561,0.009525848139331203,0.474237845940264,0.11517677368224623,0.8296059275352795,-0.9119477436377528
['The Rolling Stones'],[894465],-0.9668022665724484,-0.2111425236845795,0.24303045179293845,0.16840994190860922,0.2321455676842001,0.820652854543095,-0.5014353020495151
['The Rolling Stones'],[894465],-1.0619244122292677,-0.40536977707422334,-0.02202251470054317,0.24017747324342326,0.19357325906097433,0.582761180421581,-0.15831040707275204
['The Rolling Stones'],[894465],-1.2441408025694134,-0.4462316516879299,0.17071088298130963,0.25700397786506113,-0.15041029757121172,0.674415096376569,-0.13890890079839738
['The Rolling Stones'],[894465],-1.0963242491414829,-0.47452728339421885,0.0037668801534098276,0.3908689910349026,0.1653677325431418,0.7222288045631133,-0.4732873711407866
['The Rolling Stones'],[894465],-1.4268258198926442,-0.35431822747802094,-0.012091538447030281,0.4037295145309182,-0.5826074462499825,0.6842159156711272,-0.229450312038692
['The Rolling Stones'],[894465],-1.0786014986446892,-0.4000934893119659,0.09990223568737497,0.15633939756106277,0.172055601846812,0.5135513170400186,-0.18591636994307176
['The Rolling Stones'],[894465],-0.9087673562774726,-0.3290378673272004,0.19894490865756398,0.13241039232634758,0.16150473443821897,0.5258069892878555,-0.20258832263637291
['The Rolling Stones'],[894465],-0.8160876349424228,-0.40973411286606476,0.02018433130313035,0.3186627840603179,0.257236571053936,0.8414348129454317,-0.5856839662239685
['The Rolling Stones'],[894465],-1.0468797370917964,-0.1408528635446463,0.1427764761487409,-0.057558181674321744,0.16456105276138822,0.7371392790679876,-0.12719817124608215
['The Rolling Stones'],[894465],-0.6541276446664273,-0.5515682508091487,0.1754130315647024,0.1051128423704197,0.13422302526558239,0.461136623152451,-0.06689877589103296
['The Rolling Stones'],[894465],-0.8498974672929669,-0.19840291330803025,0.1008544918119922,0.04711877453411147,0.12595378278181157,0.3725308515119166,-0.1095153256341634
['The Rolling Stones'],[894465],-1.1922948725806264,-0.5661726142611873,0.12437096985690672,0.29710367321363745,0.01791017621594779,0.5302246594602809,-0.2695337769565287
['The Rolling Stones'],[894465],-0.6084419911995095,-0.12676262001117933,0.03244970287732403,-0.11709394499137887,-0.5171003079582741,0.7748373763589909,0.18136908147454042
['The Rolling Stones'],[894465],-1.107561033739691,-0.33107054701681976,0.04778679863090595,0.5295421353816621,-0.7052240391992333,0.9920858238005474,-0.6359402660213004
['The Rolling Stones'],[894465],-1.2515666594537362,-0.3326618210053683,0.04469944714427542,0.3526583125692353,-0.6025807729519579,0.6800108369551046,-0.19291570207915595
['The Rolling Stones'],[894465],-1.0648722668422292,-0.44082169721786063,0.16038100590378854,0.19151458330444202,-0.44453726137560906,0.726563082808329,-0.20944015699635476
['The Rolling Stones'],[894465],-1.1800172497080574,0.02890489935235773,0.3715952897879413,0.5015932889446991,-0.5340752212244698,0.8668844904461156,-0.8403605111867766
['The Rolling Stones'],[894465],-1.2224695688332332,-0.020636750206360657,0.1996727714620964,-0.0029210264997977325,-0.630116027204237,0.8900364201090966,-0.19079042048897077
['The Rolling Stones'],[894465],-0.734896260793899,-0.0680464370634605,0.010824029886267118,0.14024943197834744,0.07760439266208818,1.0958428513214937,-0.6407431138459496
['The Rolling Stones'],[894465],-1.029124119851958,0.08928954999214149,0.302021738680535,0.4142637119266372,-0.3187878772311097,1.1004993522424786,-1.0814960737648405
['The Rolling Stones'],[894465],-0.9409004383984785,-0.31611984770557316,0.09375314606298131,0.040537639009498215,-0.46552684338607214,0.7732501050113124,-0.034013667337811984
['The Rolling Stones'],[894465],-0.23926503076056216,-0.0966499148659697,0.011500625000062813,0.3521037320750502,-0.331371768901454,0.7036131381222628,-0.633681595555383
['The Rolling Stones'],[894465],-1.061172286179228,0.077491652901858,0.21782307104281473,0.3246741970594917,-0.3518835574670159,1.0162522488666743,-0.8656757955383405
['The Rolling Stones'],[894465],-1.4391366916078527,-0.3008270955416081,0.15458956326583728,0.3027907104491556,-0.41205921624042613,0.6874067684765964,-0.3560939395613067
['The Rolling Stones'],[894465],-1.107043973311026,-0.5377930881057789,0.08279334913978587,0.34787148732574996,-0.25612449406694154,0.5164165798064763,-0.19654670708252403
['The Rolling Stones'],[894465],-1.1144555394803857,-0.7256355610456543,0.05144592231511015,0.35875569154172643,-0.40931937720555256,0.8150640749242524,-0.09039801281712968
['The Rolling Stones'],[894465],-0.7648137587714094,-0.4668739167328293,0.2596639147338114,0.2136543931395602,-0.2996584526592473,0.47472325773311314,-0.13413706249006072
['The Rolling Stones'],[894465],-1.2255594610142237,-0.44372047159716427,0.10847105852138134,0.42959835359168697,-0.32542820021550267,0.5544184351522511,-0.2760217947426382
['The Rolling Stones'],[894465],-1.1875008723850564,-0.18136427482342635,0.10014249273094238,0.27839762950413277,-0.18846726990185778,0.4044861742817268,-0.17902337013804714
['The Rolling Stones'],[894465],-1.1359013447894806,-0.049639440303749824,0.3284820974731166,0.19652013844310043,-0.3768772583382947,0.5268040166256164,-0.24868665745045582
['The Rolling Stones'],[894465],-1.3139163678101415,-0.42800653279860873,0.20149606238828366,0.3627449838460664,-0.5083980719227403,0.6276893455494303,-0.4034998736078099
['The Rolling Stones'],[894465],-1.3463408985630538,-0.5401171965590649,0.053041508539347706,0.3820742938574905,-0.13820670794782922,0.6105935545765209,-0.25181131652770583
['The Rolling Stones'],[894465],-1.2487980952394993,-0.26665558413182233,-0.006909167061411428,0.2253539992635382,-0.1764863078215431,0.5484292736253019,-0.2356072370839051
['The Rolling Stones'],[894465],-1.1399745586891108,-0.5715768159205381,0.05308344706295246,0.25238499058079006,0.19239933532720682,0.5538743084126387,-0.17600967809648876
['The Rolling Stones'],[894465],-0.9562041103859105,-0.18312814175359549,0.4455439741955953,0.2848312380685282,-0.07784589494036759,1.084754918136601,-0.9520743566251197
['The Rolling Stones'],[894465],-1.0383399833535378,-0.29869197089244626,0.09840918672562513,0.27079238252857396,0.07224000029816706,0.3724124922036363,-0.07305233515193857
['The Rolling Stones'],[894465],-1.2944908607590806,-0.3822823306969136,0.21333171015318414,0.25743881031506183,0.20351486027354343,0.5414639911250743,-0.33103302019351966
['The Rolling Stones'],[894465],-0.8504054027959356,-0.32942178803446465,0.3710456382456708,0.23332886907124611,-0.43861071500176657,0.7199402560613288,-0.4892483435785121
['The Rolling Stones'],[894465],-1.3404640637511367,-0.40250006066421606,0.07059981942310525,0.43667712684413146,-0.5667458534939955,0.7831483638611858,-0.3325660240282046
['The Rolling Stones'],[894465],-0.521810674706851,-0.22800737980271227,0.19242132643892423,-0.02326083934823478,-0.5366419128108246,0.49660115344529304,-0.0034560753958990964
['The Rolling Stones'],[894465],-0.8715987793972721,-0.23127628775354409,0.33700169475446645,0.13927822092000966,-0.750052428407712,0.6101726554646134,-0.22278425691565973
['The Rolling Stones'],[894465],-1.0206513408846598,-0.45234173770780617,0.12682938918517841,0.2235847409716607,-0.6253732477158883,0.7177397875992051,-0.18183154520065356
['The Rolling Stones'],[894465],-1.1474879635997721,-0.37400003793513026,0.12081597821918233,0.3517749946973365,-0.7002005877171612,0.6381501901848974,-0.24458619158953834
['The Rolling Stones'],[894465],-0.7842167632329794,-0.05483351428932753,0.1298925330296178,0.18878957437998914,-0.5685286116808917,0.5341649818773746,-0.037057594810556996
['The Rolling Stones'],[894465],-0.962798761082886,-0.12919330524592337,0.07013889940495795,0.06791493695357873,0.1344204136151421,0.3979004894016145,-0.013658959508640203
['The Rolling Stones'],[894465],-0.8690536183253003,-0.22239488555586212,0.3425540213661452,0.13119622792023944,-0.7512220562538495,0.611885786952404,-0.22624925794164438
['The Rolling Stones'],[894465],-0.4552519720281077,0.039677891338966556,0.02453305412974318,0.09590760735227033,-0.0039060493389109687,0.6969391275386859,-0.3715921002538151
['The Rolling Stones'],[894465],-1.1229092441941266,0.251045430318342,0.4067877954692785,0.2908438598102946,-0.10390532769629272,0.863944088607532,-0.9035547531686635
['The Rolling Stones'],[894465],-0.964032001182261,0.177660699133688,0.5390550702762563,0.18121951394297217,-0.15968751594572358,0.7240959719832213,-0.5606189575153403
['The Rolling Stones'],[894465],-0.9578114303686133,0.18308645668858062,0.5359649172652077,0.18485417054165446,-0.1581455477992171,0.728730920251568,-0.5707683637433036
['The Rolling Stones'],[894465],-0.5806218406398964,-0.13924251778277266,0.0755314918943652,0.02040979300558939,-0.5248368777325214,0.49508010577807626,0.11852759415140834
['The Rolling Stones'],[894465],-0.5806218406398964,-0.13924251778277266,0.0755314918943652,0.02040979300558939,-0.5248368777325214,0.49508010577807626,0.11852759415140834
['The Rolling Stones'],[894465],-0.7807522744169666,-0.22774323116190084,0.24218911780177174,0.22574521531555922,0.25335941581987026,0.9153515566754398,-0.7285355338721331
['The Rolling Stones'],[894465],-0.4006131740271183,0.021755735845296827,0.0863980924895775,0.2593524473204143,-0.2541729839748285,0.6466490317597894,-0.6370860123181645
['The Rolling Stones'],[894465],-0.9699061739685468,-0.24218478341567562,0.17269580450217709,0.13543063134286187,-0.012238371755088209,0.5395198350178436,-0.24034535114741493
['The Rolling Stones'],[894465],-0.6513957410026537,-0.24757784142336348,0.09963505098398899,0.306442842408527,-0.20304441457194808,0.8922297099717867,-0.6860723190486203
['The Rolling Stones'],[894465],-0.7727659725103923,-0.31897227452652555,0.11087441308282164,0.0017861685158536986,-0.04370013184707279,0.5655631479537367,-0.0019816913921889977
['The Rolling Stones'],[894465],-1.2326021167365617,-0.17078742924787826,0.2357530942088435,0.13165086245551158,-0.0034275913592934425,0.5350422276544109,-0.3148968331634679
['The Rolling Stones'],[894465],-0.9255925082828731,-0.4804923193879077,0.21690133067622802,0.2300229273755527,-0.28011850057400284,0.5383188000943856,-0.19512356053541371
['The Rolling Stones'],[894465],-1.0604803578726687,-0.2112373967854274,0.18556455019450463,0.1944438877853593,0.027509580553225183,0.6623735329792345,-0.4456073395022178
['The Rolling Stones'],[894465],-0.8956919804488086,0.4532780178629322,-0.0762138580378126,0.29521420681357835,-0.38064157972789253,0.936384377467341,-0.6373794597771649
['The Smiths'],[899530],-0.9617392694396089,-0.34620984705645236,-0.04783718388277925,0.3326817647687121,0.016367566207164362,0.5234575666820764,-0.2771601262841436
['The Smiths'],[899530],-0.8200410955672833,0.01656213990397555,0.028609908932981785,-0.095926649287317,-0.24827067980438253,0.5733178356010702,0.07749379768507755
['The Smiths'],[899530],-1.264167893689069,-0.17468801474507692,-0.094643783148591,0.30461364699450105,-0.7562518587343251,0.9669550520313616,-0.19290693310661902
['The Smiths'],[899530],-0.1641748286640016,-0.18114201077975386,0.0604232554442081,0.060412498166906484,0.14352344746629445,0.6062325159135722,-0.23021069084791335
['The Smiths'],[899530],-0.9136705479552036,-0.3527742559439632,0.07628912431864357,0.24560874808983257,-0.1858108507781997,0.5258733588318232,-0.18317103081105365
['The Smiths'],[899530],-1.3911341033020883,-0.09685476012965868,0.17331555210777186,0.19635307309461447,-0.2553449246868214,0.623727212457668,-0.291211830612511
['The Smiths'],[899530],-0.949679693970312,-0.17295680175712322,-1.119447838561745e-05,0.16123857083686596,0.14046438623122887,0.35357279623710214,-0.02314223070169077
['The Smiths'],[899530],-1.1901781341732804,-0.365018289597242,0.0979661048498228,0.2200871936003725,-0.16186743236855353,0.6839352226694716,-0.20668897566652542
['The Smiths'],[899530],-1.1691695023970827,-0.14359858209487764,-0.0405706082553146,0.4709268536671525,-0.47716606649946647,0.6813132230198999,-0.524792877497986
['The Smiths'],[899530],-1.2684351772501152,-0.5067955222573153,-0.004061584065263673,0.2835631242565409,-0.14366563753696032,0.704654057854781,-0.17835231326234466
['The Smiths'],[899530],-0.18393604805118027,-0.18079007590789709,0.11289045909313682,0.05128370409224421,0.143661370007279,0.6149317334942712,-0.2514700477971595
['The Smiths'],[899530],-1.346820983456176,-0.33895365919259574,-0.019504556326679554,0.297668568338496,-0.4230265041774342,0.6542553862682732,-0.2306895110264486
['The Smiths'],[899530],-1.257545453586577,-0.12587689457183743,0.11336969089425908,0.2718465045254977,-0.4287907344202086,0.6537990084407456,-0.33414279722583234
['The Smiths'],[899530],-1.3493650246546058,-0.023182941522347646,0.3203815765821627,0.21978043371675546,-0.1588103914183777,0.6179565297838227,-0.3464678374808455
['The Smiths'],[899530],-1.2832343216811546,-0.3623730962029027,0.020365839458295266,0.23564542845356384,-0.15854041606229857,0.6571238871762688,-0.1989324289011764
['The Smiths'],[899530],-1.3098098838454193,-0.25337327488872846,0.0901843270831641,0.1419110533700706,0.11770213216729129,0.7386439986631075,-0.2671028549871258
['The Smiths'],[899530],-1.1904032599292582,-0.6328779399926002,0.10354034543954886,0.3181103200386044,-0.15000028468422993,0.6574934956968298,-0.24012130193058223
['The Smiths'],[899530],-1.1527033003769451,0.4592222130429502,0.35894797623793767,0.2420979780782236,-0.399254463252413,0.8127477212425398,-0.7763857992772504
['The Smiths'],[899530],-1.4302686294128033,0.07231886249632603,0.4778348346978568,0.07662656502229737,-0.43384385896443817,0.8144823823801567,-0.44089749963477104
['The Smiths'],[899530],-1.1867060984834004,-0.006446172917005734,0.2740292908294415,0.08991055076223149,-0.4593474384920163,0.6744363935202157,-0.1653131485098798
['The Smiths'],[899530],-1.3130737158918897,-0.3164118656843848,0.0011636569444884175,0.37061963384407887,-0.5232596104215322,0.5221505320046707,-0.21789041466775788
['The Smiths'],[899530],-1.412426502989196,0.12192765000010176,0.5407230154999038,0.04830104949756752,-0.16952085278962994,0.7749988016836115,-0.34800494693204065
['The Smiths'],[899530],-1.0717828690006928,-0.19432279552163306,-0.02106810554741226,0.2832157802360242,-0.2022519402910646,0.35476150984111016,-0.09052710451045724
['The Smiths'],[899530],-1.3220198612245277,0.06886331070727353,0.4520448258418728,0.12550292862471707,0.0038301758699252906,0.562418389196789,-0.49665463302867746
['The Smiths'],[899530],-1.0603983483236714,-0.4725177264642947,0.11078479789905002,0.08618705885920654,0.0907390105421655,0.6680477897138658,-0.15995648194890877
['The Smiths'],[899530],-1.2061848019464518,-0.31580960156161647,0.12471636454929202,0.2362212999961102,-0.4412533004138481,0.6189343967967198,-0.23389604694241414
['The Smiths'],[899530],-0.9975464366824284,-0.45765426519116376,0.21773133080604923,0.21123650961362062,-0.45360195992664654,0.6375512706434706,-0.2426406379198946
['The Smiths'],[899530],-1.002067978998426,-0.12253562898976221,-0.11437083968619548,0.6435036984107488,-0.5218913434247981,0.802669557515275,-0.7321327213220576
['The Smiths'],[899530],-1.2893799972631677,0.024586685132841984,0.5093567980265568,0.2997487706059424,-0.39946494257554654,0.7607129665526196,-0.7332107788750595
['The Smiths'],[899530],-1.3807207552860767,0.0805474169462532,0.5101676735633935,0.15194312620082556,-0.35961277839703715,0.5919609967383487,-0.4595609222765867
['The Smiths'],[899530],-1.134617778523624,0.3086888888826743,0.3137500552000196,-0.11030268450363195,0.14472025490079285,0.632904877778406,-0.14371923623232286
['The Smiths'],[899530],-1.3601758184077324,-0.07457898634190847,-0.09713332515433941,0.3009618707628379,-0.7596898628770985,0.8911294059668525,-0.17614326765411528
['The Smiths'],[899530],-1.320511095271641,-0.3631087070774134,-0.005440662627961061,0.4279131816142847,-0.7842193482381944,0.5867851592235728,-0.23502427189427222
['The Smiths'],[899530],-0.6601125732568013,-0.17700623151504544,0.14300469441172625,-0.048009972474429084,-0.08676340760106775,0.37066981579243863,-0.08258373543867352
['The Smiths'],[899530],-1.041765981257625,-0.28626027130619325,0.057255352664573586,0.4076967340974005,0.0548646850175103,0.6369953533976347,-0.5119189366990002
['The Smiths'],[899530],-1.2832343216811546,-0.3623730962029027,0.020365839458295266,0.23564542845356384,-0.15854041606229857,0.6571238871762688,-0.1989324289011764
['The Smiths'],[899530],-1.3334834314766342,-0.1433568325071256,0.2789626685394232,0.09296008915960488,0.09569426096077639,0.611955790685576,-0.3530119602378055
['The Smiths'],[899530],-0.8688515724361467,-0.12178874392875758,0.10276360674273508,0.08507902520064754,0.12774948088636415,0.3842661965912368,-0.0547612641523608
['The Smiths'],[899530],-0.18393604805118027,-0.18079007590789709,0.11289045909313682,0.05128370409224421,0.143661370007279,0.6149317334942712,-0.2514700477971595
['The Smiths'],[899530],-1.2721270765578419,-0.3642069912920613,0.06104398788929507,0.31680456517952427,-0.3416982443150369,0.5745871946207313,-0.2286202572934952
['The Smiths'],[899530],-1.346820983456176,-0.33895365919259574,-0.019504556326679554,0.297668568338496,-0.4230265041774342,0.6542553862682732,-0.2306895110264486
['The Smiths'],[899530],-1.2721270765578419,-0.3642069912920613,0.06104398788929507,0.31680456517952427,-0.3416982443150369,0.5745871946207313,-0.2286202572934952
['The Smiths'],[899530],-1.3154919949720822,0.009886936226910246,0.04364259259910805,0.20653936576357157,-0.6238486790108371,0.6975316795976212,-0.08873598635585365
['The Smiths'],[899530],-1.281976414950796,0.01237911177797874,-0.04026627809607087,0.08558078604057795,0.07567075701977055,0.5038916080133135,-0.0821751759854467
['The Smiths'],[899530],-1.2041308419093915,-0.3878799638445297,0.07237903055507638,0.31129029853917417,-0.3449462042760654,0.6019892448970913,-0.21363851417169086
['The Smiths'],[899530],-1.1588635738307442,-0.4526564852150074,0.06268013083812025,0.3723488540945474,-0.7850687708093183,0.7319239825577469,-0.19449448465333738
['The Smiths'],[899530],-1.3498601366133367,-0.09677255622979432,-0.028474588767284186,0.27152421834444024,-0.6074560569714218,0.6877304110976153,-0.20685016525834882
['The Smiths'],[899530],-1.2900563714249311,-0.32228108505387887,0.05519827134173447,0.22394633128103927,-0.1613691323702054,0.6457078477621903,-0.21502969684308593
['The Smiths'],[899530],-1.1680660602896913,-0.2659420470995198,0.10454263245712,0.2709118466478416,-0.4539401955567511,0.5143387355685264,-0.224515117401411
['The Smiths'],[899530],-1.3586204705471128,-0.1591662885654537,0.2717988221017325,0.10134650954045461,0.09965037808179207,0.6235369059943499,-0.36297753930157367
['The Smiths'],[899530],-1.1867060984834004,-0.006446172917005734,0.2740292908294415,0.08991055076223149,-0.4593474384920163,0.6744363935202157,-0.1653131485098798
['The Smiths'],[899530],-1.1785983889593379,-0.6007249893550725,0.05671535330215555,0.3478270499076602,-0.4252768205413154,0.6555457785172109,-0.238053150742558
['The Smiths'],[899530],-0.6601125732568013,-0.17700623151504544,0.14300469441172625,-0.048009972474429084,-0.08676340760106775,0.37066981579243863,-0.08258373543867352
['The Smiths'],[899530],-1.2704611947639126,-0.26951422204227143,-0.015413393554732861,0.19267221953032856,0.18710094452270826,0.5139037181631816,-0.14376563635559447
['The Smiths'],[899530],-1.023028095464899,-0.41607583640278106,0.05434472497174641,0.2849921242717206,-0.18667106497164837,0.5129793813142416,-0.09796789780919345
['The Smiths'],[899530],-1.2816748529259838,-0.07267002232804869,0.14067472104116877,0.15063465488231886,-0.009647953113158523,0.4629829531456843,-0.2187262059801807
['The Smiths'],[899530],-1.352564535203009,-0.2650065383444265,0.10823541484222478,0.13544855490266358,0.1983752046804198,0.6423810779603287,-0.2723695591732785
['The Smiths'],[899530],-1.2192313765955776,0.012576306951454175,-0.088314837200286,0.07888245432444858,0.0698002502715361,0.4940625103793027,-0.030225060516719516
['The Smiths'],[899530],-1.1856439237536764,-0.5207184633759017,0.035945045083039646,0.4263887367858728,-0.5968477708391929,0.6775617060724157,-0.19983488612001288
['The Smiths'],[899530],-1.3214387311905225,-0.3047725806700332,0.1313079109201795,0.3648927735255535,-0.5870847848989477,0.7368922347147685,-0.31288223673592164
['The Smiths'],[899530],-0.9722718176001377,0.11675091814695773,0.1365208823056997,0.11719439846609636,0.017105616413157155,0.14794968774314488,-0.20296752127533751
['The Smiths'],[899530],-1.2857429053096003,-0.29181544106170004,0.14892620713308025,0.25339710104012225,-0.43408799815664545,0.6302844158032562,-0.2858070160974589
['The Smiths'],[899530],-1.2709924848101628,-0.2645666491981412,0.30902882534544107,0.22545188382223927,-0.4345783461288927,0.6666088949470504,-0.3711545225294205
['The Smiths'],[899530],-1.2789192617998049,-0.5402708881167098,0.07669307691138087,0.32145884490095356,-0.14926828321368424,0.6175615064995479,-0.25778017428598077
['The Smiths'],[899530],-1.2314288666565103,0.015977993975395153,0.041220630305303436,0.11276977612445714,0.07545927202197855,0.49053370630374993,-0.07740212380667227
['The Smiths'],[899530],-1.3420774418555586,0.017525423157094495,0.41476289892757484,0.18866268672676198,-0.16577244636961347,0.6138837073643537,-0.37915382246448665
['The Smiths'],[899530],-0.8625994139421919,0.2816387816363386,-0.09687686433656316,-0.1376079480595234,-0.07985621179784437,0.5133062598401913,0.17287607793391438
['The Smiths'],[899530],-1.1309412325206956,-0.3601199317088292,0.12670542596286752,0.35134300212420655,-0.7134907977799988,0.591519248552322,-0.21035331094531604
['The Smiths'],[899530],-1.041765981257625,-0.28626027130619325,0.057255352664573586,0.4076967340974005,0.0548646850175103,0.6369953533976347,-0.5119189366990002
['The Smiths'],[899530],-1.1828069273620379,-0.3182429813642147,-0.025819691954668312,0.30532829956354673,-0.35426575856751835,0.5404846276556633,-0.12904554437298732
['The Smiths'],[899530],-0.8041162383936209,-0.31894124618030145,0.019693744513423844,0.22437391872753257,-0.4973471066075524,0.42134700488410526,-0.044240483986747584
['The Smiths'],[899530],-1.3995792427486944,-0.04092377628080648,0.00639309881610079,0.17079172332653902,-0.7837119210619584,0.8826435009781571,-0.19677075100682287
['The Smiths'],[899530],-1.0389828884506735,-0.4261134234705409,0.017766725613764193,0.3046170751116938,0.004629453606184881,0.5008108990756134,-0.16378385170672866
['The Smiths'],[899530],-1.3184034567583498,-0.3167345558670062,-0.021267292497345998,0.3018258657756799,-0.6002798928223976,0.7435675194760977,-0.17974752760940943
['The Smiths'],[899530],-1.3681161455637152,-0.26614486482388655,0.12585150093925568,0.35675368352830533,-0.7847549862805466,0.6483817138154917,-0.33224220108591207
['The Smiths'],[899530],-1.3594331496055507,-0.05108531424424559,-0.06063903482024687,0.09222618649254642,-0.17197622862530762,0.7073880276896788,-0.08719974321273843
['The Smiths'],[899530],-0.8700687344599783,-0.10700884349051848,0.07341292968483244,0.08382674223257695,0.1254619401798171,0.36099025767532733,-0.03261976868691027
['The Smiths'],[899530],-1.3349093578006614,0.07003715476948032,0.445035325781861,0.18708881999262117,-0.16489850460142508,0.6126630703738599,-0.41624811248637655
['The Smiths'],[899530],-1.0222243279224066,0.07057319670438368,-0.053837086233167464,0.04089837992936743,-0.6679910012764516,0.6898124712047607,0.04492704804730031
['The Smiths'],[899530],-1.1590629196947855,-0.2890156605504893,0.08358644668848697,0.2797279430353074,-0.4530787382801173,0.5178001770905806,-0.2118164391065714
['The Smiths'],[899530],-1.3451959155391218,-0.22793101549798295,0.018075940804795704,0.15423569888250108,0.10883625860759906,0.6496712929948832,-0.16250543313486368
['The Smiths'],[899530],-1.004891924625545,-0.3563902457198792,0.013992293768348539,0.2616517802764785,-0.014730876704090609,0.4167140299358908,-0.1252921935400752
['The Smiths'],[899530],-1.4391142290154049,-0.23066897637143602,-0.03823724729478626,0.22722154249316032,-0.5922831976876399,0.8387471804473546,-0.20942881448288678
['The Smiths'],[899530],-1.2586755997986454,-0.32446399673941717,-0.033812334838632795,0.2790833666732386,-0.3420763910926985,0.6146256998659978,-0.1436757703947006
['The Smiths'],[899530],-1.109537362296991,-0.16098362981646644,0.1198841214805277,0.042643638088242036,-0.00489124445490037,0.6790164139094382,-0.15616679960893212
['The Smiths'],[899530],-1.3395445140359654,-0.3006342439417169,0.009635064175856188,0.3565407982069568,-0.6074408248775477,0.5965266943085524,-0.3080678813676776
['The Smiths'],[899530],-1.3017251208188776,-0.010238252618885925,-0.017399875067424127,0.2807761233700497,-0.8057248595691451,0.6353474409441856,-0.10384768420188463
['The Smiths'],[899530],-1.30518420544916,-0.443593659475387,0.07997906737455736,0.3982918728591709,-0.5903113660891914,0.7030574075037601,-0.27845587076538003
['The Smiths'],[899530],-1.3107999960096892,-0.37066630604295336,0.18175621259722996,0.24260577081929377,0.026160684954934673,0.6069771018787783,-0.3144427620167897
['The Smiths'],[899530],-1.2294963049066312,-0.5603888330452272,0.1092490681811082,0.30364835298662823,-0.15230317591006617,0.6380771869372805,-0.2623145054558426
['The Smiths'],[899530],-1.3700101066231734,-0.12194413198347846,0.4299792747007977,0.1651570320147956,-0.16792861818598617,0.6268508007749042,-0.4628129276278136
['The Smiths'],[899530],-1.2843767433097715,-0.12799022100119029,-0.05212128047892394,0.31045967848416556,-0.6217054203676954,0.5538729864301224,-0.1614399208193396
['The Smiths'],[899530],-1.1984679394352562,0.07859082024302802,-0.11135264013603675,0.2260226414848351,-0.6091972841185275,0.7603934486868862,-0.21323106561311286
['The Smiths'],[899530],-1.282933200762086,-0.2049608074605565,0.10109730284873647,0.2134407416489507,-0.17688824430990732,0.529208257710396,-0.2285116713375543
['The Smiths'],[899530],-1.2723706751381143,0.09602010509812685,-0.03846835360720925,0.16824595483517882,0.05259773734450826,0.8214548303294097,-0.43010426412947583
['The Smiths'],[899530],-1.180659018392296,0.33211923204405414,-0.008640352967069427,-0.03815383030968923,0.03808809942426123,0.4209681000931227,-0.030814401836932796
['The Smiths'],[899530],-1.0204312124502128,0.08402693593040152,-0.09453604382817894,0.04611737922549865,-0.669732980354246,0.6694925605167201,0.06977209523406976
['The Smiths'],[899530],-1.4232431440326827,-0.09592241888110098,0.511290252901399,0.1576332486968807,-0.16327925415159192,0.6432140026518789,-0.5232864613702264
['The Smiths'],[899530],-1.0751359152217628,0.41896368660618144,0.0989045709979384,0.4681753115222278,-0.721488157740394,0.8487467182378312,-0.9184274293367118
['The Smiths'],[899530],-1.2197161425774972,-0.32905828906909934,-0.05528089875349922,0.47638624721997685,-0.5656262630385702,0.7312767207699666,-0.4133269217150868
['The Smiths'],[899530],-0.4054069916000027,-0.43326938283144756,0.2193690991680944,-0.007382243834549654,-0.16267470242814736,0.5243813782651618,0.005749372954853052
['The Smiths'],[899530],-1.4391142290154049,-0.23066897637143602,-0.03823724729478626,0.22722154249316032,-0.5922831976876399,0.8387471804473546,-0.20942881448288678
['The Smiths'],[899530],-1.0262123680442614,0.053089135393098515,0.16460692333707602,0.18047947814781887,-0.6428191316358886,0.6758629144403921,-0.16641351959681874
['The Smiths'],[899530],-1.3024426598083014,-0.2762334493239126,0.028113197468809824,0.2240165098739416,-0.4372630895307081,0.6444467357950159,-0.2375386394812851
['The Smiths'],[899530],-1.3255928397665229,-0.21684275012756452,0.19455907263433592,0.2143645327891844,0.009996836071246374,0.5174011960382027,-0.2690567988251256
['The Smiths'],[899530],-1.3693177214149217,-0.24418599704040897,-0.07370753553589002,0.35726948105671197,-0.7791356861008226,0.6851991100792153,-0.17336346810373107
['The Smiths'],[899530],-0.7613417339248236,-0.37517103031523613,0.10009364794366621,0.009636078204545996,0.13522481641621015,0.515426715924936,0.020349728960305777
['The Smiths'],[899530],-1.2121313069529263,0.28631096917593973,0.08080146927350104,0.30683025427205357,-0.8079190840468272,0.5876657153231728,-0.16084218276198803
['The Smiths'],[899530],-1.2629207048014186,0.059776951337067404,-0.061997985974719505,0.2593503402585394,-0.6403309604744598,0.507881500776607,-0.05983942367341727
['The Smiths'],[899530],-1.3315772664974759,-0.2859206497549971,-0.050267049496919076,0.3565948131673333,-0.7782033504231791,0.728985464560018,-0.1629583648493129
['The Smiths'],[899530],-1.3666927703677112,-0.29339611402679416,-0.06089406049377111,0.18277894293574784,0.13011585412078983,0.7508823289380944,-0.21572460476552502
['The Smiths'],[899530],-1.3911341033020883,-0.09685476012965868,0.17331555210777186,0.19635307309461447,-0.2553449246868214,0.623727212457668,-0.291211830612511
['The Smiths'],[899530],-0.9952374123541035,-0.26551390429768645,0.042477877592854256,0.2184233795410296,-0.031492635441530505,0.3641945432033289,-0.07736550497533892
['The Smiths'],[899530],-1.1948178404081549,-0.24703473426664957,0.1267448394435553,0.3789200417858755,-0.7979568852913257,0.600862918489073,-0.23487551355752082
['The Smiths'],[899530],-0.21441156044952028,-0.18113700761805085,0.09232882312061712,0.03985033033225013,0.13348178730576177,0.5630197388904526,-0.18276479827058598
['The Smiths'],[899530],-1.1667976616788402,-0.3141008036007802,-0.015230034444386713,0.39169336067839117,-0.6237522419875517,0.5060478934154309,-0.16636796780264596
['The Smiths'],[899530],-1.2816748529259838,-0.07267002232804869,0.14067472104116877,0.15063465488231886,-0.009647953113158523,0.4629829531456843,-0.2187262059801807
['The Smiths'],[899530],-1.2091611403381126,-0.3410222128364943,0.15874729842396104,0.18946524281717045,-0.16629654982119796,0.6773182768049089,-0.22538200937286673
['The Smiths'],[899530],-1.3486223897809375,-0.3176405885943588,-0.05781783996629557,0.28913175273027447,-0.33001640130159826,0.6612617838641954,-0.18467261942471797
['The Smiths'],[899530],-1.4052310405053372,-0.23509201678994548,0.05267227315763794,0.22022005548728707,-0.599684765790255,0.80674533495626,-0.24556949879308337
['The Smiths'],[899530],-1.2810028924961099,-0.26801647807363665,0.005041235442759729,0.33920809117552425,0.11770531031152932,0.4695258233107704,-0.277042285531709
['The Stooges'],[562304],-0.9999307163039579,0.30425768131593245,-0.0371209947317073,0.4290748819585408,-0.21938113465331371,0.541756623582561,-0.7190830619646764
['The Stooges'],[562304],-1.2853357062697064,0.1286483104353675,0.3844583219489159,0.18928404972346538,0.14670629104721528,0.22168268243609376,-0.2458714857239901
['The Stooges'],[562304],-0.7053045093525587,-0.02777739870966206,0.004217251154823452,0.14945587003692673,-0.4418344892183375,0.3000321245640487,0.024317679686456904
['The Stooges'],[562304],-1.0590506665916302,-0.11263341379858383,-0.09990469150480467,0.22925912412363236,-0.8077653498168588,0.7498268954422214,-0.19169037302088832
['The Stooges'],[562304],-0.898960392581965,0.5789268218090258,0.2268078514195899,0.21727141525734436,-0.004356432901614928,0.46924879504306993,-0.5444239533674704
['The Stooges'],[562304],-0.7168159210408809,0.21704025190414386,-0.015173518461118819,0.1413603280023969,-0.3504673691397916,0.2709047038546011,0.05161770241240017
['The Stooges'],[562304],-1.1625209568699864,-0.12913032714067588,-0.006894410302404082,0.11245226998857207,-0.02455128859129452,0.4705871885807629,-0.14054121384025337
['The Stooges'],[562304],-1.1746546808372087,0.40018110666837725,-0.070851502235671,0.1292588288644593,-0.01924244196310617,0.41259215123875737,-0.104303332621557
['The Stooges'],[562304],-1.0686433984033157,-0.041548003508055036,0.0025257260452145893,0.18023702323884325,0.04603468982123627,0.2508496279307426,-0.1653965539625909
['The Stooges'],[562304],-1.1043284061536878,0.08115064975959668,-0.07035560920044875,0.3609240908730562,-0.09833390446500942,0.8278350853740793,-0.698580373869714
['The Stooges'],[562304],-1.1443750787029943,-0.12438265469105889,-0.03449755339585636,0.2538811876531844,-0.25731374085733255,0.6214496217891167,-0.1694779524800132
['The Stooges'],[562304],-0.8703503009816865,0.11097984526607997,0.04414312149372775,0.12583373866190156,-0.43979293610305537,0.24986769492264985,-0.03871116976188721
['The Stooges'],[562304],-0.97997950451199,0.20902386713848892,-0.26456407822750455,0.3967959070673671,-0.5615458468543513,0.8272461611519283,-0.5944367424980236
['The Stooges'],[562304],-1.0146326934244354,0.021096057180833266,-0.01430789028767045,0.11824430330113579,-0.05526209177851601,0.2849861560284574,-0.09977910671182927
['The Stooges'],[562304],-1.0137953154567894,-0.25667396161754774,-0.06096473328073142,0.40650323971610475,0.06169872496933354,0.6807658744471526,-0.5215072316364427
['The Stooges'],[562304],-1.0924284952460976,0.1695297020085106,0.14150452004813158,0.21018052925341665,-0.20113442053075575,0.381841893931219,-0.26155341095748885
['The Stooges'],[562304],-1.1191899124575067,0.0789038009879138,-0.04411733542329048,0.23800533822521594,-0.19606747862366222,0.3630343455253564,-0.16487455146479418
['The Stooges'],[562304],-1.2827844742099876,0.25390667968789077,0.0048663246538623,0.10244200512590561,-0.3938168145350732,0.4367421187330604,-0.07388280784207447
['The Stooges'],[562304],-1.2279115680071602,-0.1568855028907023,0.3286858088659786,0.1952540496280861,0.001437082477083994,0.5252184769843077,-0.3735547381013815
['The Stooges'],[562304],-1.2549520885952166,-0.24053536649592042,0.06303394850791498,0.24236990142350304,0.005249168385406744,0.48439459191127604,-0.2372489122185282
['The Stooges'],[562304],-1.1326823793806082,-0.2443722597029228,-0.0408565644457996,0.3803139643811767,0.0821773466969392,0.8118317227226229,-0.5691547898559581
['The Stooges'],[562304],-1.138348988674717,0.23187012106952323,-0.10155760508839773,0.2546438250659812,-0.07335829690215732,0.49215616122649203,-0.3654191218492426
['The Stooges'],[562304],-1.152252954721484,-0.42678048467228225,0.02390090990116748,0.3637471908882747,-0.6064868025231479,0.6972144204957276,-0.1823500115670697
['The Stooges'],[562304],-1.2787888353888883,-0.3016930283353466,0.0029291242532411047,0.37882499030848527,-0.6017937473957199,0.6275313903573857,-0.21229763935830862
['The Stooges'],[562304],-1.0787890726393288,-0.08634762383107406,-0.058479660428027984,0.25991858141735513,-0.25415833091037193,0.6469601626821277,-0.2048744666335953
['The Stooges'],[562304],-1.0835603636960687,0.2110614430736132,0.12137806652194469,0.22530544043612344,0.022432565007570446,0.5984662576706232,-0.49078569493110064
['The Stooges'],[562304],-1.0804656843975755,0.1250547699295752,-0.0246106953893172,0.3391301381907022,0.0889224728371254,0.8507063479837079,-0.7902393944408854
['The Stooges'],[562304],-0.8487649173735354,0.05789917159290062,-0.09729134984822695,0.293658669356516,-0.06426675408836398,0.645017391744676,-0.40369380827529366
['The Stooges'],[562304],-1.175812176109465,-0.2964394841568063,0.03310213840021904,0.35897503310397755,0.08134272924009336,0.8385555139263947,-0.576661173858646
['The Stooges'],[562304],-1.1881675011594384,-0.07240961389491292,0.34293532328254334,0.12158511401106244,0.16960503535345822,0.5090774813982463,-0.3524524158657546
['The Stooges'],[562304],-1.3394237958322408,0.025192940521332273,0.335063163325073,0.11492899495510915,0.17303908895898742,0.4521419120770952,-0.38623429229931416
['The Stooges'],[562304],-1.233560215274724,0.1518922653057724,0.20852221004204446,0.23519487883240633,-0.15416763085356439,0.6152865039819069,-0.48949302987543336
['The Stooges'],[562304],-1.244955349983985,-0.3756899661326046,0.010162314807282725,0.3767721360951683,-0.5917235097616694,0.7542527099997243,-0.19388562988302066
['The Stooges'],[562304],-1.3065765802458928,0.15683924074001104,0.07269703607808056,0.1995742502468089,-0.5554151069675108,0.5113486952608225,-0.02517357755208109
['The Stooges'],[562304],-1.2794958612578207,0.35959063586320567,-0.057276114934089566,0.1545499747022001,-0.6657020113046043,0.42533515823487766,0.0009267802242738069
['The Stooges'],[562304],-1.0535055838429672,-0.13926701324543542,0.08210871526169916,0.08381514959385089,-0.03360159290460054,0.5023171239634172,-0.15041511429651117
['The Stooges'],[562304],-0.62721438854566,0.1667349637508247,-0.024486681870242322,0.11587777616696353,-0.3596811233850637,0.29374731614657557,0.11469652158657825
['The Stooges'],[562304],-0.8808937761018173,-0.0008999151180218374,-0.00011926060673744526,0.21768427280805722,-0.8711295394517398,0.4044590953171038,-0.07374136338698249
['The Stooges'],[562304],-1.3129280387563371,0.052524208535921775,-0.01641582749181208,0.23922112627865466,-0.5479242565990606,0.5012006849683126,-0.11001751567746412
['The Teardrop Explodes'],[569402],-1.231085550589978,-0.3146495766879004,0.013546112852559437,0.13600414214732998,0.005476775275833888,0.6552266701450378,-0.1824749511789764
['The Teardrop Explodes'],[569402],-1.2502140619344322,-0.24784058154433197,0.21079276708582093,0.18027012645851254,0.19621517208278402,0.6037387117281792,-0.2854237105729769
['The Teardrop Explodes'],[569402],-1.3067864296422207,-0.23294282272623634,0.10824835999343167,0.056714677228155146,0.18714311892057225,0.6815536795220739,-0.22904646282598673
"['The Velvet Underground', 'Lou Reed']","[840402, 233066]",-0.5743769211787645,-0.49054259491860736,0.2234668756768999,0.04019249608367389,-0.04234420778947771,0.5992653327887383,-0.06562047145633174
"['The Velvet Underground', 'Lou Reed']","[840402, 233066]",-0.5678272121712729,-0.387595375365838,0.2237152854863587,0.04495876481195601,-0.5113407345902533,0.5920773653163508,-0.08650289585918482
"['The Velvet Underground', 'Lou Reed']","[840402, 233066]",-0.5332863672225578,0.2879390979685321,-0.1215605134619021,0.12435773730826397,0.1994369265771705,0.7823625106551688,-0.37116468571838007
"['The Velvet Underground', 'Lou Reed']","[840402, 233066]",-0.3476207507114251,-0.0050067241043226145,0.08772932400704245,-0.052887063493554196,0.12064981499184248,0.5636656649229767,-0.012732566089227435
"['The Velvet Underground', 'Lou Reed']","[840402, 233066]",-1.01257612262002,-0.2347258024945159,-0.06131150518737055,0.2676653791046853,0.22953479999892404,0.764637040438011,-0.40342544328413865
"['The Velvet Underground', 'Lou Reed']","[840402, 233066]",-0.7426623352830395,-0.32768002842597044,0.15732145630213604,0.1843777005955628,-0.3168977974964975,0.4320667193789299,-0.10994703445066217
"['The Velvet Underground', 'Nico']","[840402, 868306]",-0.23043033196692245,-0.3777500862684627,0.2181684302426939,-0.10439458805687267,0.06733902218208275,0.3653071860061856,0.13612886025539978
"['The Velvet Underground', 'Nico']","[840402, 868306]",-0.8941727093429493,-0.28497675284531787,0.01260083314404558,0.20471988172051053,-0.3074372221698845,0.4569151944237022,-0.06652926853807893
"['The Velvet Underground', 'Nico']","[840402, 868306]",-0.9613836823034558,-0.23404240880111896,-0.11359746594641336,0.5959987033725423,-0.32075246829493625,0.9955880549614837,-0.7624651423233192
"['The Velvet Underground', 'Nico']","[840402, 868306]",-0.9076751458384558,0.13352016522962984,-0.1872308957721842,0.312631339461601,-0.49653035363483716,0.8238089304222271,-0.4786030905145172
"['The Velvet Underground', 'Nico']","[840402, 868306]",-0.6869630227820744,0.32967008417232785,-0.12822546792233602,0.18594694056382727,0.11500225105058683,0.6947508919915775,-0.4604048286581136
"['The Velvet Underground', 'Nico']","[840402, 868306]",-0.7405138392089972,-0.2946453813644208,0.04341392748277298,0.20772063615611625,-0.503081940459938,0.4425586682483846,0.012756241695006953
"['The Velvet Underground', 'Nico']","[840402, 868306]",-0.6869630227820744,0.32967008417232785,-0.12822546792233602,0.18594694056382727,0.11500225105058683,0.6947508919915775,-0.4604048286581136
"['The Velvet Underground', 'Nico']","[840402, 868306]",-0.8023275683766086,-0.26622001145273744,0.12705414796200543,0.11232361253582336,-0.47432639962132084,0.6730039568529889,-0.035729953050421245
"['The Velvet Underground', 'Nico']","[840402, 868306]",-0.8941727093429493,-0.28497675284531787,0.01260083314404558,0.20471988172051053,-0.3074372221698845,0.4569151944237022,-0.06652926853807893
"['The Velvet Underground', 'Nico']","[840402, 868306]",-0.8023275683766086,-0.26622001145273744,0.12705414796200543,0.11232361253582336,-0.47432639962132084,0.6730039568529889,-0.035729953050421245
"['The Velvet Underground', 'Nico']","[840402, 868306]",-0.9522970756212223,-0.2182216271159311,-0.1567731696439636,0.46525287940599597,-0.3600951346494913,0.910985148277993,-0.6380899266404336
"['The Velvet Underground', 'Nico']","[840402, 868306]",-0.9613836823034558,-0.23404240880111896,-0.11359746594641336,0.5959987033725423,-0.32075246829493625,0.9955880549614837,-0.7624651423233192
"['The Velvet Underground', 'Nico']","[840402, 868306]",-0.8039227549643454,0.026777314311663202,0.008173292272854786,0.1429371169969892,-0.0728460889429836,0.23056094778005223,0.010888675003346006
"['The Velvet Underground', 'Nico']","[840402, 868306]",-0.23043033196692245,-0.3777500862684627,0.2181684302426939,-0.10439458805687267,0.06733902218208275,0.3653071860061856,0.13612886025539978
"['The Velvet Underground', 'Nico']","[840402, 868306]",-0.9076751458384558,0.13352016522962984,-0.1872308957721842,0.312631339461601,-0.49653035363483716,0.8238089304222271,-0.4786030905145172
"['The Velvet Underground', 'Nico']","[840402, 868306]",-0.7405138392089972,-0.2946453813644208,0.04341392748277298,0.20772063615611625,-0.503081940459938,0.4425586682483846,0.012756241695006953
"['The Velvet Underground', 'Nico']","[840402, 868306]",-0.9128992215107666,-0.30606485702439745,0.01824017207116551,0.2105001019942642,-0.30295557451901084,0.47481074971498993,-0.08222974825138367
"['The Velvet Underground', 'Nico']","[840402, 868306]",-0.6816768201134062,0.3444643480213953,-0.13298523553494962,0.1972430347999517,0.11951630455274602,0.7087657735495533,-0.48196618338171404
"['The Velvet Underground', 'Nico']","[840402, 868306]",-0.9675317311132885,-0.22944025521259567,-0.11202828265960213,0.5960757020797547,-0.32083738807110673,0.9926413491543106,-0.7620646220660534
"['The Velvet Underground', 'Nico']","[840402, 868306]",-0.23764488272322373,-0.36068268621443555,0.2239005001761472,-0.10518585373599966,0.0669972888484934,0.3603926087390889,0.13184362473080413
"['The Velvet Underground', 'Nico']","[840402, 868306]",-0.9058646697898558,0.1201286244305446,-0.18961640576657335,0.32487008336566026,-0.49407708637872333,0.8258328673908123,-0.4782599357032793
"['The Velvet Underground', 'Nico']","[840402, 868306]",-0.7484935495004398,-0.2874017571962791,0.039425534307406924,0.21255101117284209,-0.502728756962237,0.43566551380044427,0.012823093508869886
"['The Velvet Underground', 'Nico']","[840402, 868306]",-0.7975252890989644,0.045038089790286014,0.005641557341256565,0.12877054169491337,-0.07539873100435414,0.23129238509544328,0.01296765152442496
"['The Velvet Underground', 'Nico']","[840402, 868306]",-0.8045548715614921,-0.2524762943414775,0.1421535459858108,0.10248143367374077,-0.4760949869557952,0.6777773274589698,-0.028838653852057135
"['The Velvet Underground', 'Nico']","[840402, 868306]",-0.9688183494940441,-0.2291274468414835,-0.14265158796179714,0.44115688333316894,-0.3672400778603745,0.8952764550846187,-0.6088165189644835
"['The Velvet Underground', 'Nico']","[840402, 868306]",-0.6519479399507889,-0.19647198733128654,0.12859588425902643,0.0226395173448134,-0.5202283371134573,0.5148256811483294,0.0020838387939997576
"['The Velvet Underground', 'Nico']","[840402, 868306]",-0.9475498563699288,0.11325349814842915,-0.0796861126618793,0.5145121155717807,-0.3905673105307662,0.6326467325372905,-0.607480996294015
['The Velvet Underground'],[840402],-0.7232594158829384,-0.5811122262852395,0.06706208491361193,0.2509569376554486,0.2322693611167661,0.8741223411125147,-0.4182487182728714
['The Velvet Underground'],[840402],-0.6635233958620068,-0.17671489942275312,0.06672451073981212,0.09944806856080891,0.14465204244523747,0.4797404384833759,-0.09705636610857081
['The Velvet Underground'],[840402],-1.1667386133141062,-0.49227730849173545,0.18450344912932198,0.25914281404159306,0.013233299009399404,0.5898670966696405,-0.26829953649500116
['The Velvet Underground'],[840402],-0.7617364123119715,-0.18891351949011997,0.03174749724020319,0.20506110612154038,-0.3352973696402564,0.3021280591076633,-0.04166744608671183
['The Velvet Underground'],[840402],-0.6082689580742969,-0.4389832599206119,0.19852352625591094,0.14169868303150004,-0.06155278106532452,0.3740827075923646,-0.056027535044486446
['The Velvet Underground'],[840402],-1.25462126082116,-0.16895843848668538,0.26918439147543477,0.20160723237198055,-0.261679835957273,0.6363453173782913,-0.3071689652438545
['The Velvet Underground'],[840402],-1.1983524293698775,-0.5074082687469288,0.20433646671430805,0.2706065045772153,-0.4210794584287336,0.759268172328679,-0.2851710919860497
['The Velvet Underground'],[840402],-0.8629145579900092,-0.5753914494779285,0.24502217876925564,0.038032266361102345,0.1715189476228875,0.7705338196539392,-0.14334635659865064
['The Velvet Underground'],[840402],-0.9585143101088477,-0.11003499356530146,0.011590259978268519,0.08700190146812903,0.14554383464555515,0.45274520308883426,0.0003641221536611168
['The Velvet Underground'],[840402],-0.6271689071863046,-0.09749982506696322,0.0650890941053489,0.07991287373286246,-0.08975024939513977,0.23053027899438172,0.01634597000142131
['The Velvet Underground'],[840402],-0.9806715097830097,-0.28812786617630975,0.22765883017941013,0.07285055741668327,-0.20360995870776044,0.6283770275901287,-0.19929573288698213
['The Velvet Underground'],[840402],-0.8374005778809175,0.02382807465302812,-0.11874424341862479,0.4011638989543517,0.08707272078167012,0.8550023223541281,-0.6419396824578035
['The Velvet Underground'],[840402],-1.3863729104545597,-0.2646476987718226,0.2883871094478813,0.16777913476006234,0.20625964453959766,0.642384906394772,-0.371733867865806
['The Velvet Underground'],[840402],-0.8638930841740553,-0.0932318251556738,0.10288706638138725,0.052586958886692126,-0.6757752833445254,0.6646356810856908,-0.01329599914582617
['The Velvet Underground'],[840402],-1.1184766069308614,-0.3029455092191684,0.06391035246997401,0.2998527113502216,-0.6394010500572889,0.5047662540942686,-0.2458670129806861
['The Velvet Underground'],[840402],-1.2036303752980742,-0.48064296650677907,0.11539864141980448,0.2512076976637358,-0.33105123512696416,0.7910842625568755,-0.10615194998172346
['The Velvet Underground'],[840402],-0.5016734107857479,-0.4479016893518208,0.1931529020756453,0.004462963171346166,-0.2460130304640054,0.5585461843419652,0.0036563792060922903
['The Velvet Underground'],[840402],-0.4333064686334831,0.022539016524093236,0.2839887429388726,-0.12941885820883,-0.12896476971548654,0.23017882116245314,-0.059974760679525035
['The Velvet Underground'],[840402],-0.22135170889156705,-0.4940800495078774,0.23730166677688022,0.06836198018863142,-0.36129138984360915,0.4214598865328605,0.0973930132230958
['The Velvet Underground'],[840402],-1.226055490657632,-0.4456784831165979,0.21022938232367205,0.2615568969673436,0.018583323084851958,0.5890109087214307,-0.31008483337752046
['The Velvet Underground'],[840402],-0.1659655787609959,-0.1075999949326315,0.06073227235848769,0.04324090072946409,-0.4945099203458802,0.7674828113927126,-0.13746599090273215
['The Velvet Underground'],[840402],-0.5761752464269725,-0.44700152417653677,0.15665900999335375,0.15893227698748258,-0.3336552923551624,0.40402804487506466,-0.04742719753492618
['The Velvet Underground'],[840402],-1.2356044870704055,-0.4817993638123139,0.02522228169010878,0.3503542104559193,-0.41598865966941934,0.6885121391677985,-0.25067183691242123
['The Velvet Underground'],[840402],-0.7617364123119715,-0.18891351949011997,0.03174749724020319,0.20506110612154038,-0.3352973696402564,0.3021280591076633,-0.04166744608671183
['The Velvet Underground'],[840402],-0.6592157735640511,0.3170368064056488,-0.17391357961416296,0.2641904903829936,-0.4296800415767697,0.7269026795617172,-0.4400861084858509
['The Velvet Underground'],[840402],-0.5900049816692111,-0.1816028952017939,0.25035286887770253,0.024414745772232384,0.09956224998646251,0.30971419257804933,-0.06925044542825838
['The Velvet Underground'],[840402],-0.6102914789290358,-0.46214027739595026,0.24965169778077737,0.03875232335997354,-0.05935132714509817,0.4531398666787017,-0.08457901752932748
['The Velvet Underground'],[840402],-0.24337123400732444,-0.5128868422276732,0.2356277317827868,0.08877532512729977,-0.35512502134241564,0.44306105611582164,0.083447600277974
['The Velvet Underground'],[840402],-0.3932125946011306,-0.5197894248603996,0.34752662310338794,0.06044930806642902,-0.5144619448336604,0.6728619878426355,0.05446783028978894
['The Velvet Underground'],[840402],-0.7756059975704251,-0.2587124807740253,0.08964093567091592,0.2199195269669135,-0.31328107227303215,0.40060391491410485,-0.10777347149537522
['The Velvet Underground'],[840402],-1.226055490657632,-0.4456784831165979,0.21022938232367205,0.2615568969673436,0.018583323084851958,0.5890109087214307,-0.31008483337752046
['The Velvet Underground'],[840402],-1.25462126082116,-0.16895843848668538,0.26918439147543477,0.20160723237198055,-0.261679835957273,0.6363453173782913,-0.3071689652438545
['The Velvet Underground'],[840402],0.08893897341372592,-0.24699732049862008,0.09110953193860949,0.18035550781069307,-0.02379807525971886,0.6593178847329906,-0.4113054999608447
['The Velvet Underground'],[840402],-0.9806715097830097,-0.28812786617630975,0.22765883017941013,0.07285055741668327,-0.20360995870776044,0.6283770275901287,-0.19929573288698213
['The Velvet Underground'],[840402],-0.7617364123119715,-0.18891351949011997,0.03174749724020319,0.20506110612154038,-0.3352973696402564,0.3021280591076633,-0.04166744608671183
['The Velvet Underground'],[840402],-0.3762365304536385,-0.5601576292632149,0.23507987564828675,-0.056196961754766954,0.10699993431396528,0.5656094902558548,0.023128763639100054
['The Velvet Underground'],[840402],-0.7607895158423784,-0.3042413433902085,0.10682936650686567,0.06168307219838896,-0.02625217834936696,0.603447200567912,-0.15201963103599195
['The Velvet Underground'],[840402],-0.4920370649398903,-0.5369720668471362,0.20949257803335825,0.10425478110636378,-0.46869029711061333,0.7889327653907404,-0.23693319916944586
['The Velvet Underground'],[840402],-1.25462126082116,-0.16895843848668538,0.26918439147543477,0.20160723237198055,-0.261679835957273,0.6363453173782913,-0.3071689652438545
['The Velvet Underground'],[840402],-0.9806715097830097,-0.28812786617630975,0.22765883017941013,0.07285055741668327,-0.20360995870776044,0.6283770275901287,-0.19929573288698213
['The Velvet Underground'],[840402],-1.226055490657632,-0.4456784831165979,0.21022938232367205,0.2615568969673436,0.018583323084851958,0.5890109087214307,-0.31008483337752046
['The Velvet Underground'],[840402],-0.18016828883982314,-0.453406294481201,0.2960024688769101,-0.029966955973522506,-0.37721894212037277,0.47310913813895844,0.0517362181782271
['The Velvet Underground'],[840402],-0.7751007387225214,0.08348451677368485,-0.11884333110533955,0.2562623388327059,0.00010184577496595462,0.5200824987548242,-0.31014011250691054
['The Velvet Underground'],[840402],-1.1983524293698775,-0.5074082687469288,0.20433646671430805,0.2706065045772153,-0.4210794584287336,0.759268172328679,-0.2851710919860497
['The Velvet Underground'],[840402],-0.6271689071863046,-0.09749982506696322,0.0650890941053489,0.07991287373286246,-0.08975024939513977,0.23053027899438172,0.01634597000142131
['The Velvet Underground'],[840402],-0.7756059975704251,-0.2587124807740253,0.08964093567091592,0.2199195269669135,-0.31328107227303215,0.40060391491410485,-0.10777347149537522
['The Velvet Underground'],[840402],-1.0289998245763574,0.08763973259907439,-0.0007925237780536488,0.26696365241387976,-0.4545063994521879,0.5472552746566094,-0.002049777339273509
['The Velvet Underground'],[840402],-0.713879724098968,-0.5187658578042892,0.2011384947538791,0.08072224993764518,-0.20837506742312273,0.6586118551495694,-0.10079817083336472
['The Velvet Underground'],[840402],-1.3863729104545597,-0.2646476987718226,0.2883871094478813,0.16777913476006234,0.20625964453959766,0.642384906394772,-0.371733867865806
['The Velvet Underground'],[840402],-1.1184766069308614,-0.3029455092191684,0.06391035246997401,0.2998527113502216,-0.6394010500572889,0.5047662540942686,-0.2458670129806861
['The Velvet Underground'],[840402],-1.2356044870704055,-0.4817993638123139,0.02522228169010878,0.3503542104559193,-0.41598865966941934,0.6885121391677985,-0.25067183691242123
['The Velvet Underground'],[840402],-1.2292599461364444,-0.36262417380637807,0.04272298696988098,0.2811921951584592,0.04976943266359035,0.7860435455701306,-0.2683966059616325
['The Velvet Underground'],[840402],-0.8392914586160473,-0.12898054928838681,0.07435022532511404,0.36774308886565604,0.23960350739559488,0.7264101596698884,-0.5209557298736502
['The Velvet Underground'],[840402],-0.8473365388698123,-0.3686687550510671,0.05396170160368267,0.1779637609096163,-0.03041319387055345,0.5031159291240878,-0.06565955059170643
['The Velvet Underground'],[840402],-0.8732932875253939,-0.236708788008663,-0.06309245762925873,0.40329098728059587,0.08306449378538891,0.8525515844223566,-0.610530159992876
['The Velvet Underground'],[840402],-0.8638930841740553,-0.0932318251556738,0.10288706638138725,0.052586958886692126,-0.6757752833445254,0.6646356810856908,-0.01329599914582617
['The Velvet Underground'],[840402],-0.6592157735640511,0.3170368064056488,-0.17391357961416296,0.2641904903829936,-0.4296800415767697,0.7269026795617172,-0.4400861084858509
['The Velvet Underground'],[840402],-0.4333064686334831,0.022539016524093236,0.2839887429388726,-0.12941885820883,-0.12896476971548654,0.23017882116245314,-0.059974760679525035
['The Velvet Underground'],[840402],-0.5969662708386841,0.09892358463680856,-0.06447822299644222,0.23016495693068237,0.14944163092148294,0.35715725503026496,-0.28919579379522176
['The Velvet Underground'],[840402],-0.19737126821275444,-0.1692999478980278,0.11617910649361249,-0.10075522479503612,-0.5330929622768916,0.7326427168638953,0.1296307379710822
['The Velvet Underground'],[840402],-1.1593495560098788,-0.19283036154255617,0.06392986435108534,0.13817668462783597,0.16927153791705138,0.5063742363898204,-0.13216661025040374
['The Velvet Underground'],[840402],-0.9001123466936088,-0.7710486675490754,0.19056521562151504,0.13374831344461768,0.19020583324725254,0.6950989509794627,-0.08407811813817341
['The Velvet Underground'],[840402],-1.129553013478405,-0.42620239272725047,0.06816377822064712,0.322280136690013,-0.7033199852672326,0.7466256636981624,-0.19844079892306582
['The Velvet Underground'],[840402],-1.0609241428366274,0.016987216046604397,0.05208374344186916,-0.011957951669415821,0.14155739013815993,0.48393798660708587,-0.04169883092198405
['The Velvet Underground'],[840402],-1.2141356698000298,-0.3421744740223291,0.30213569787515104,0.3277420908922132,-0.613394377105327,0.6156412958850551,-0.3531022095221495
['The Velvet Underground'],[840402],-0.6155944818652744,-0.38858636687589826,0.14345421697702054,0.13182731855549937,-0.49995682487330095,0.5387455685392697,6.02111100799534e-05
['The Velvet Underground'],[840402],-0.7787368469548493,-0.3424849118881844,0.3745699139416405,0.15931022964579594,-0.03848900473010361,0.4696610009581582,-0.24007755533685912
['The Velvet Underground'],[840402],-0.9907749583969029,-0.47676476632147535,0.24403204929785516,0.10181804625037111,0.17598091915884048,0.6911344835277755,-0.2153419558187092
['The Velvet Underground'],[840402],-0.2060177333149978,-0.0967256681267436,0.016099968063016883,0.3775622806162325,-0.6070110703842133,0.8122460283117466,-0.5573205813901141
['The Velvet Underground'],[840402],-0.9204125582852448,-0.2736977638377466,0.08393777970189145,0.1195216122573065,-0.30212465142649847,0.5561258993428879,-0.06668067337069912
['The Velvet Underground'],[840402],-0.7512992799680726,-0.4151458387429273,0.04944069830876853,0.3562902091794264,0.06005085311442708,0.8323797635746983,-0.5236031951512207
['The Velvet Underground'],[840402],-0.8301761861750342,-0.010818262687323808,-0.10727538791049712,0.39682224541717237,-0.3437155679769026,1.1063822787016582,-0.7504164025234603
"['The Who', 'Al Kooper']","[577627, 509524]",-1.0097086022071924,-0.10941835672863094,-0.002514889801512161,0.09118989588612164,-0.038389777729023654,0.47743540513083993,-0.042339699016436305
"['The Who', 'John Entwistle']","[577627, 226331]",-0.8788704982847213,0.32040298279444357,-0.215814130902838,0.43530491577396324,-0.5694385152588648,0.7560987940750505,-0.5973283302859528
"['The Who', 'Leslie West']","[577627, 255371]",-1.3315114870689606,-0.061681864921419464,-0.07150605678402407,0.16626761932629983,-0.24552085601604956,0.7586914337170002,-0.15855672360201303
['The Who'],[577627],-1.1991724852642107,-0.5067076927271363,0.0028223167268965435,0.3844569198995504,-0.5137254895579435,0.6362574462071614,-0.22455363753300786
['The Who'],[577627],-1.0904586762925255,-0.25722247456365943,0.027228562111051614,0.14097734210362547,-0.46092988485194936,0.6603244179176647,-0.16500873477753647
['The Who'],[577627],-1.1333926360738795,-0.12696816550343887,0.05772324860058607,0.2583585390462096,-0.26716541781133474,0.5231112254289688,-0.3399452739010603
['The Who'],[577627],-1.371575559384265,-0.40195900411327357,0.03582755242092133,0.3285890751217378,-0.5933833312901353,0.7372509035372484,-0.23306015915963096
['The Who'],[577627],-0.8433618467827259,0.2582495209539902,0.004139923561675732,0.2112275569496413,0.04923258262572568,0.7801050797513304,-0.6025674591841367
['The Who'],[577627],-1.191059783608256,-0.3785155067913395,0.043410515522399246,0.23175276611831566,0.09235105359401691,0.46078323431970436,-0.21264272317101207
['The Who'],[577627],-0.9511256295997202,-0.3644863614964708,0.039491716504843274,0.26369439782614146,0.022645105443924018,0.6326170143502281,-0.3367245731088285
['The Who'],[577627],-1.1087672493030163,-0.3027406386256286,0.1123209524613054,0.24294806334914218,-0.8221724420678718,0.5931042143836527,-0.2796252802575475
['The Who'],[577627],-1.0997767187509684,-0.07552737231442981,0.19018145957784485,0.11734281088979152,-0.8319739585025216,0.64608040532448,-0.20178165012684587
['The Who'],[577627],-1.086419758137752,-0.4058258022968859,0.12006712639293637,0.253763885111479,0.17607516898561837,0.43875155384189257,-0.17746763003978655
['The Who'],[577627],-0.7754005276911736,-0.2141749142781637,0.06920128497272572,0.15692945959146798,0.11132735002001162,0.1925147885326669,-0.016151052087590774
['The Who'],[577627],-1.2693099145996969,-0.07125209878063046,-0.016591372385891652,0.11998362970176808,0.18066899163598807,0.5664873828716233,-0.06608448658403979
['The Who'],[577627],-1.2786882626200855,-0.104278763244612,0.01261658711199659,0.2913740997206064,-0.6268135857622468,0.5527024937531871,-0.15830453552541607
['The Who'],[577627],-0.6184038125621286,0.22784590716100714,-0.12233459600406758,0.24844114065807893,0.1078503429820867,0.58823016200722,-0.4900091146340408
['The Who'],[577627],-1.02496736421601,0.2790904314853455,0.0452542286042811,0.33980053477308275,-0.3721832632478658,0.8899724536228643,-0.7598949566850818
['The Who'],[577627],-0.6972566471433619,-0.4965479083135006,0.3043442282139799,0.04167730951678082,-0.035191613721784976,0.6009309946536543,-0.06411003915868378
['The Who'],[577627],-1.082996559526019,-0.41037023388964583,0.19973472003404188,0.18817094271919116,-0.45652197292971775,0.5969959649918994,-0.29783365996941635
['The Who'],[577627],-0.9932723647942037,0.09278889297935604,0.17696702526251373,0.08746784499879577,-0.5902769824901793,0.5042448034345408,-0.1390509679450368
['The Who'],[577627],-0.710819509488068,-0.11231777077778853,0.2012744482761901,0.003588645142646322,-0.08128823753469969,0.345709711664782,-0.03332377505351925
['The Who'],[577627],-0.43314104337657766,0.16509639405754728,-0.11314246266854087,0.36783539073755145,-0.7751019455459943,0.8275894598500031,-0.5228031660945468
['The Who'],[577627],-1.0530662909952773,-0.2288584908061504,0.16347351766913734,0.1719868188803958,-0.02281341647833416,0.4306449890667555,-0.1626964438724157
['The Who'],[577627],-1.1530059524045364,0.16188352465061798,0.6209638793693623,0.17667158150599074,-0.02487097946072248,0.38575748789285885,-0.4006094436141222
['The Who'],[577627],-1.103886479850987,-0.15079680715971136,0.018023575021840304,0.10324929361108587,-0.02487734700122875,0.5091484047739223,-0.09883359468194236
['The Who'],[577627],-1.3022797547172202,-0.2346336652282479,0.005319234476652938,0.3046446946690712,0.03056631679940024,0.5623334642107554,-0.13536750104447512
['The Who'],[577627],-1.1082636853410004,-0.18412443319739052,0.10028305056172719,0.1330649453511992,-0.01563376469534843,0.5417824564817768,-0.13771207271040864
['The Who'],[577627],-1.3020311647550058,-0.006488159907977179,0.06603189452089758,0.04263837062286553,-0.0056289614508824495,0.6444202700896691,-0.17922625483789795
['The Who'],[577627],-1.2223192143677968,-0.07648827304090337,0.2644797817231822,0.32408775621636676,-0.7920218622898129,0.646543989802111,-0.3857287898886281
['The Who'],[577627],-1.1242586231340337,-0.342328428950315,0.09291333168433782,0.2968886271393161,-0.6161237649314406,0.6764979848605288,-0.18316439816442123
['The Who'],[577627],-1.1516490681619183,-0.055422361208936295,0.029446869375392166,0.06994936054699605,0.16105808635344762,0.5279164491026906,-0.07034119554018012
['The Who'],[577627],-1.0862052488875176,-0.14886758379156537,0.0537302974989846,0.18303848926238278,0.17962002331428792,0.51464467454708,-0.207537299294819
['The Who'],[577627],-1.1454003111536724,-0.1919804573089509,0.17645104607452802,0.17417329097195677,0.17241341280174646,0.4679476830778021,-0.1453524563108324
['The Who'],[577627],-0.8878517823555444,-0.22194585461099542,0.14124141134813284,0.16731551937942007,0.13122783229516366,0.27711585433025204,-0.11513834155157777
['The Who'],[577627],-1.132601374342221,0.05555832999393518,0.04926223764432142,0.21106164218097107,-0.8378517310956132,0.5050632545717681,-0.13946785940617212
['The Who'],[577627],-0.8416674313317242,-0.1295360566568873,0.10847904247397637,-0.048565494881707506,-0.0524332514581792,0.519527001351015,-0.049958483074835455
['The Who'],[577627],-1.1413249932913276,0.06368085305706812,0.25256847019806655,0.16882036848958282,-0.2988900851576935,0.43935721151090695,-0.14249033316733473
['The Who'],[577627],-0.978352880959929,-0.21574469183571623,0.04479009986061828,0.2379024719583628,-0.47687857316076304,0.4845825596738124,-0.08781270319817348
['The Who'],[577627],-0.8955116515699967,-0.16824142282140206,0.140097786430245,0.11859908553480655,-0.04420069999678415,0.4128842381779246,-0.06026158389575602
['The Who'],[577627],-0.847827519371035,-0.03895749763547702,-0.032492519691433554,0.09594282515717026,0.12180525226896935,0.3384386193282199,0.0943605751961469
['The Who'],[577627],-0.9467746195721071,-0.40858218963954485,0.060763841349972,0.2909836597994981,-0.46778101979589226,0.5022877752123935,-0.06031342510488851
['The Who'],[577627],-1.0936550146990238,-0.15834325585197126,0.055571178046288805,0.053105288119050596,-0.026666260824436884,0.5648677325959618,-0.15553568194672676
['The Who'],[577627],-1.0476883690757617,-0.3383127223579508,0.0730220375330491,0.2713191980123644,-0.2861992118921425,0.42480287560607455,-0.19644061580933375
['The Who'],[577627],-1.1808518522824756,-0.6398383080402328,0.0641076409163821,0.35806678863496166,-0.40875811335994694,0.7425853285028077,-0.18617812570283018
['The Who'],[577627],-0.8120588820562562,-0.22951206623826612,0.19931936994363764,0.13985967575807773,-0.8521642966022781,0.5957926730859072,-0.0875653333948058
['The Who'],[577627],-0.6697625956101063,-0.22193583130858532,0.08934257659469685,-0.19200018744795952,-0.06242719710080974,0.7191807753097615,0.09627365643434713
['The Who'],[577627],-0.9879461595714514,-0.36322437254832424,0.26724450280839573,0.15767090158046243,0.1562925364375606,0.4594894468890173,-0.24645380918082957
['The Who'],[577627],-1.0434394982476467,0.12119341672556591,-0.08878188563841687,0.2207933553079771,-0.001091385154617995,0.4646967576639561,-0.23188391350977722
['The Who'],[577627],-1.056436863027219,-0.3800703317742196,0.02396817592434042,0.1709132868076643,-0.013787580066297394,0.49900908740903266,-0.13494717131967957
['The Who'],[577627],-1.2001227991785846,-0.241761852841772,0.45559105489254614,0.1902709935424387,-0.6180897107165586,0.7771495106439502,-0.3825945125560057
['The Who'],[577627],-0.7697482063814991,-0.19209553171901217,0.18839413828570045,0.13128608683148102,-0.3280559815220021,0.41961054348268423,-0.0565398452864116
['The Who'],[577627],-1.1232540527756782,0.13304691636731258,-0.011845876008027749,0.21653707710951745,-0.6672356449317721,0.4150602953253562,-0.031933233792791955
['The Who'],[577627],-0.9104917793541447,-0.6197465541088465,0.10121690756046359,0.11025342773533611,0.16807924454153458,0.6380938588318893,-0.10714528970208335
['The Who'],[577627],-0.9082264324313536,-0.1083451561533707,0.10747273259447969,0.1306948221987902,0.04109648914272727,0.33343944683037596,-0.029634290498409384
['The Who'],[577627],-1.4100338471048064,-0.050820149450495074,0.384284168707665,0.22737433382724484,-0.610637408298097,0.697674061581406,-0.46409934965727656
['The Who'],[577627],-1.2880358900079978,0.3075592614047843,0.37640801836223176,0.09642283128352228,-0.6372210363789829,0.7262438341598927,-0.2758785571812982
['The Who'],[577627],-1.2900600953561445,0.1414739110174143,0.476714744160184,0.2600004738495043,-0.6261074675250129,0.5909052807547553,-0.37241910356633545
['The Who'],[577627],-1.2728209947915028,0.24307041836816165,0.29678705165010305,0.11071435728183193,-0.6382199009354449,0.7206338701776892,-0.2024372531762123
['The Who'],[577627],-1.2712467930388274,0.2809521130032454,0.5931258766560686,0.22075214310440594,-0.6512708842683429,0.5131727648890458,-0.27379794554215475
['The Who'],[577627],-1.3094895898401069,-0.09496378318354477,0.0441823979849521,0.17159182583565918,-0.004542971359034763,0.4723644896515192,-0.18109503641293387
['The Who'],[577627],-1.1872591585240964,-0.198103243133724,0.005661537314625406,0.28778555391160515,-0.6284120844644213,0.5988906350751493,-0.13349093603225984
['The Who'],[577627],-1.2543192617038401,0.2188975913286934,0.36624685900749526,0.08889947511614182,0.1539897355878616,0.4020101235838244,-0.2343979286353143
['The Who'],[577627],-1.1086060071065982,-0.015078324871800662,0.16722827225401657,0.1812820532769352,-0.6496528149987726,0.5605353600687238,-0.16267468698618118
['The Who'],[577627],-0.6076545200101834,-0.37503911991814426,0.17217089124670765,0.12425778801825987,-0.5062412607440742,0.5090019816696283,-0.0035440574731412135
['The Who'],[577627],-0.8700808729415949,-0.412032275212605,0.25425983320274953,0.163943930747692,-0.45547904252226723,0.7329922410146523,-0.07612302607525157
['The Who'],[577627],-1.2190096539472128,-0.1933705661569764,0.6165916541462257,0.2069633750392039,0.12069831273553203,0.6215296997349932,-0.6193048439812716
['The Who'],[577627],-1.1189690699928352,-0.24593233894740996,0.10175706662416888,0.24744605081653673,-0.37509780240456,0.4503064969597104,-0.2368612406387557
['The Who'],[577627],-1.0597823581294548,-0.15977963861432168,0.1983151054478106,0.2720295226461498,-0.734487837279385,0.5935110405831658,-0.03699005636037335
['The Who'],[577627],-1.2178081762085868,-0.24029087722358225,-0.040892979760969554,0.13961059060378345,-0.0030713492365206994,0.5830861631897365,-0.16406065660858427
['The Who'],[577627],-0.8470164769714281,-0.37323539891330876,0.1856413816868128,0.12243374126116931,-0.6579967269667679,0.6512744101567832,-0.10069018161454649
['The Who'],[577627],-1.2757577558650128,-0.13696534651746112,0.07732067954330049,0.19998940676732282,0.0822491854631976,0.4054133115163174,-0.18933717609528847
['The Who'],[577627],-1.0340826922892659,-0.24461359619916118,0.19989693015803067,0.2607541337026433,-0.6437621331521826,0.5900749820085608,-0.1483844049899449
['The Who'],[577627],-1.0371575912676763,-0.12864370389083035,0.12211779534382629,0.1542040206404632,-0.6529571247221494,0.6508587522157974,-0.14007342520286858
['The Who'],[577627],-0.45940729032978533,0.21200195288075993,-0.1411761970970797,0.3663067867731463,-0.23364317002986254,0.7242674395785357,-0.42270705776681883
['The Who'],[577627],-1.1405839894772354,0.3940657055812907,0.4044542648482119,0.17238180662100486,-0.01862239941968825,0.43637760275862175,-0.17883699491113988
['The Who'],[577627],-1.0976757343285386,0.2293448143207319,0.22034865993432462,-0.04265730706977977,0.13680371240664846,0.5134085440946642,-0.12564454141611425
['The Who'],[577627],-0.9883818971422368,-0.1255328336383445,0.06110604565872089,0.1741343001943082,-0.01789690698957962,0.4439664241179993,0.020424228008059108
['The Who'],[577627],-1.294825911868681,0.30876593391057783,0.37063406837725915,-0.01532048600934548,-0.031246576936022695,0.536514585281673,-0.21826629423419175
['The Who'],[577627],-0.8407794860380633,0.1068108355831143,0.48396994951996536,0.060037516125641927,-0.5077604071820858,0.5322907368424022,-0.07832494602491462
['The Who'],[577627],-1.130099363186339,0.1650655118209097,0.6774896935536857,0.11371377599627702,-0.2943154102224575,0.5578492559715527,-0.25149762660226826
['The Who'],[577627],-0.9883097811641595,0.037397363871043844,-0.028017966226500653,0.1843245746354263,-0.6746154823942725,0.4669003558168406,-0.014019827019065838
['The Who'],[577627],-1.3300875374330599,0.1061075081293707,0.17123452609429698,0.06289471806541388,-0.6295481243795858,0.8270093384048243,-0.15591936063908024
['The Who'],[577627],-0.9616440123750064,-0.10760189180119611,0.055645662475627744,-0.0080021750057235,-0.04241723788525252,0.5666942714016897,-0.05967694333457096
['The Who'],[577627],-0.6382138778268758,-0.12258967042213213,0.05599368175030736,-0.04691508684560301,-0.25587569898455964,0.5241023956287816,0.09429236656794088
['The Who'],[577627],-0.7888770135595446,-0.3426218775687294,0.03427795607970217,0.3085990164663857,-0.5946474300948537,0.857736932973973,-0.1891990024692116
['The Who'],[577627],-1.088558613231365,-0.3068589378877146,0.04148871586798867,0.1412215380449301,-0.7218877681752187,0.7810416520335055,-0.1231598742790772
['The Who'],[577627],-1.0437876749018014,-0.389114570817283,0.1207765593633554,0.23650058827191758,-0.6356352391060223,0.6102439708126168,-0.1721000498621374
['The Who'],[577627],-1.2752162941394594,-0.06514623186563566,0.10203883805689754,0.19474426189561375,-0.2771439580243703,0.5054708458634491,-0.2199798609057829
['The Who'],[577627],-0.8382230828113705,-0.4215608175363419,0.28425387757795195,0.24780509144471585,-0.8288281592558918,0.694662967878668,-0.052469467278319484
['The Who'],[577627],-1.1934648396192031,-0.36190813898701757,-0.014273551110357755,0.27860139826693325,-0.4387578790383932,0.6411762288200769,-0.13855067782752292
['The Who'],[577627],-1.029429017068801,-0.1720888940801044,0.05409155108127079,0.20402358201858642,0.1408770645468522,0.2701669695402509,-0.040554599293234364
['The Who'],[577627],-1.1860820346829335,0.17230302844955706,0.5894566366001233,0.2211980982829469,-0.019588645161043344,0.36194814519664653,-0.3316309226933458
['The Who'],[577627],-1.0601307515504306,-0.20624177733598203,0.2865440593128803,0.08150001326435014,0.1528056402661891,0.4585100273144121,-0.2818724735633417
['The Who'],[577627],-1.3111227417406215,0.22986147921183187,0.44412065147279745,0.1346811542923995,-0.7121658603892016,0.8160551738532534,-0.26166054489034374
['The Who'],[577627],-1.1863036571302144,-0.09971830157624541,0.33791827434213373,0.28828106508219803,-0.6378723460733299,0.49210328150216304,-0.3256050666750813
['The Who'],[577627],-1.2417360260577246,0.10188134113884424,0.23469076927938798,0.025520816413238757,0.1683795556485275,0.6093534509699763,-0.16880461791216267
['The Who'],[577627],-1.222534955327664,0.2736468805160369,0.3973121183951513,0.12321542523920789,-0.3843889281421062,0.5076881564347503,-0.25657084392368584
['The Who'],[577627],-1.0923112028827524,0.21455575686819012,0.24076379531358488,-0.024482049244138042,0.14331406401005295,0.5243547400851426,-0.09880165673783317
['The Who'],[577627],-1.2352529192951873,0.24934230772004062,0.45115771702892044,0.24945350019649057,-0.6183708437429293,0.6107714071369038,-0.5655643916798353
['The Who'],[577627],-1.2386587669948297,-0.32773053157027693,0.007656667946711699,0.26793929280433026,-0.43232420711876424,0.6513350355575074,-0.15472751512171645
['The Who'],[577627],-0.9213193268588918,0.44841581685316384,0.25403056086181636,0.19088727755380805,0.2037810831582307,0.5860407202507101,-0.7260138870713798
['The Who'],[577627],-0.9293660061078911,-0.2961559354147923,0.031319068294956225,0.2937000798705928,-0.6488556783429795,0.4689323841672341,-0.13212441546865594
['The Who'],[577627],-0.8924340005649408,-0.526685977833941,0.13837689442065235,0.12158861400005608,-0.011486096345155813,0.6281555649473942,-0.09067256514027323
['The Who'],[577627],-0.9212442147937925,-0.12330292786947611,0.06579549156429729,0.04862701975737105,-0.22514218004458694,0.47117115827315,-0.041351985411235734
['The Who'],[577627],-0.9138801328603393,-0.3336316719711875,0.04326060721711712,0.28071027900480994,-0.6575461818645298,0.44848560688740324,-0.07908507711619837
['The Who'],[577627],-1.2829911651830268,-0.18502533636037735,0.053308938887673844,0.2649927396003442,-0.799487566718353,0.6633076738798366,-0.19595748500610902
['The Who'],[577627],-1.0137815673179973,0.077311046842691,0.16223520334822328,0.14816836311797343,-0.6783447107018018,0.4678561795228676,-0.13079030001213152
['The Who'],[577627],-0.6796640567947382,-0.703135189737692,0.20773432138717557,0.008237769137695918,0.1472187945331882,0.6538392951335337,-0.09441913144112996
['The Who'],[577627],-0.9678519295133678,-0.34208033888884853,0.11491993407277636,0.1432164280014967,-0.023209632832072363,0.508603255826858,-0.07505606235423583
['The Who'],[577627],-1.2440937006409303,0.26612288339527435,0.3845019368079737,0.19885387185782438,-0.637866644013815,0.5800650266861594,-0.35052728041925774
['The Who'],[577627],-1.315677293243327,0.11611223792901536,-0.05621654136799823,0.0763650284852306,-0.461526446511659,0.6696138134825803,-0.08119404855474045
['The Who'],[577627],-1.3064608937423052,0.14039622305836794,0.34283551871012885,0.21412175280008408,-0.6397215173669151,0.5490704678309709,-0.3111347595116427
['The Who'],[577627],-0.9766607631433489,-0.017645136674119825,0.22331135967435575,0.1741025619495749,-0.31405808335055907,0.39611205504612357,-0.13604317100670318
['The Who'],[577627],-1.0141399518157401,-0.201726642102814,0.035183209049529394,0.15896598370261877,-0.029293636244625026,0.45111216014123745,-0.07465811825115234
['The Who'],[577627],-1.1324102692480678,0.09654101537365145,0.13325403326707969,0.17789854222578722,-0.656646175685762,0.5290307838094663,-0.1015967392614396
['The Who'],[577627],-0.7779436311546636,-0.2076809051789132,0.11281687540433966,-0.04904535471918379,-0.04779784621816623,0.5868193623327224,-0.07742908976903756
['The Who'],[577627],-1.0197556057222288,-0.5227128584463547,0.07615558293110149,0.38000031560785325,-0.44355455208668276,0.5076387623213705,-0.16514703600224
['The Who'],[577627],-1.204641644759733,-0.16653880237146637,0.03696334475712629,0.28790321802851143,-0.7267961038309592,0.5255022979868078,-0.20555074426594863
['The Who'],[577627],-1.1811679614679473,-0.31077513831830783,0.18282000825053207,0.26701452342448956,-0.6261969005677338,0.6015427416508254,-0.29706139015315286
['The Who'],[577627],-0.936324795452734,-0.0022212618946535483,-0.12122014789439234,0.471558700653728,0.2834707064267024,0.7814621711479445,-0.8746295481877427
['The Who'],[577627],-0.9596897943558758,-0.3812751896752147,0.07128957869043268,0.1413856914739831,-0.729360231328044,0.7847243543736423,-0.10212772215640098
['The Who'],[577627],-0.5773372032121711,-0.2818412576872317,0.09445129980098929,0.06376755784520452,-0.33554263136429996,0.5237573056169913,0.03387053517494792
['The Who'],[577627],-1.092816186862611,0.5221098828564465,0.6039151206448048,0.015958850397028275,0.11578086632467333,0.25050080850934214,-0.3382062358824037
['The Who'],[577627],-1.2253043983394858,-0.24829865133921042,0.1886244403004424,0.1479497423480977,0.0010078723134915731,0.6028004211781385,-0.2836272326291675
['The Who'],[577627],-1.0554996074904608,-0.24440918571309683,0.10016471809284046,0.1611570853022911,-0.28013974339540854,0.5930629776605421,-0.12257474216654927
['The Who'],[577627],-0.8566005883644442,-0.3163381455739358,0.1527334067739839,0.15190131464564502,-0.655744401091284,0.6499446566452725,-0.10898788729806926
['The Who'],[577627],-1.0992415407653118,-0.048672677643621085,0.01642314160885075,0.1852917703016151,-0.4755448614734886,0.49179243664054617,-0.10905566970299793
['The Who'],[577627],-0.9392742626163328,-0.18081562258705083,0.031948946081006444,0.19313741801468132,-0.4817782562972255,0.5189576228354601,-0.046758768619864485
['The Who'],[577627],-1.1593232883515665,0.24404497658653385,0.44947032595499375,0.1327953850751203,-0.29122669002761853,0.4912686776023214,-0.43600568288803715
['The Who'],[577627],-1.3364369952027504,-0.07022795951351517,0.11096466442189586,0.300485849924017,-0.7041388051716282,0.6606289307956071,-0.16946084210019677
['The Who'],[577627],-1.1748374594540854,-0.05119737299093117,0.4882065205716969,0.0981515525166269,-0.003828010809470696,0.5920724652406002,-0.4270932954665555
['The Who'],[577627],-1.016517158582779,-0.5275116978830695,0.21464467187272523,0.14582871488197444,0.2061686520973488,0.7291273990340265,-0.321331653487333
['The Who'],[577627],-1.0683497494641963,-0.32429779969567263,0.032254320652133794,0.1844970127067438,0.15845591542883591,0.3704397518908718,-0.13820259518374964
['The Who'],[577627],-0.9046893418165719,-0.24369157624680687,0.03925822368431503,0.30965139371615014,-0.44879361825405484,0.5326816957246067,-0.26688026805626075
['The Who'],[577627],-1.1735101381900384,-0.42762332245979856,0.06354270488073402,0.3169851976918243,-0.6234842092054536,0.5871848056205724,-0.29204026868387484
['The Who'],[577627],-1.1173842336167121,-0.08040634439536744,0.12133088484674177,0.194047575596047,-0.17729556666342228,0.573408147710682,-0.2843692654641042
['The Who'],[577627],-1.1282591724785171,-0.40472884491417116,0.05593900665011143,0.13976334723039743,-0.4371378179671876,0.8375118964635535,-0.09731851874546316
['The Who'],[577627],-0.5872764380738802,-0.2448615021271153,0.08055303985496326,0.08534049738362283,-0.2575407519466321,0.37230322535654564,0.01473429386678236
['The Who'],[577627],-1.0123517710285608,0.2337922666252251,0.454311943174463,0.1325981720175513,-0.49537157781607344,0.4461869631115321,-0.20744826946085115
['The Who'],[577627],-1.0848461951203272,0.08290202069697505,0.5896503514330578,0.17240592449661551,-0.6523277352561055,0.6190271526211725,-0.3064158154011168
['The Who'],[577627],-0.9130075601709625,-0.5073162171439907,0.28328342272373985,0.17211555248346616,-0.6379318038542107,0.6982431431484146,-0.262111449806535
['The Who'],[577627],-1.081371760556976,0.25808817880402696,-0.12450739891339199,0.35971157803906134,-0.37909849672864165,0.8191608507416475,-0.6151531440937337
['The Who'],[577627],-0.9767096793782335,0.036860550080323636,-0.13917142663696042,0.46903327911540044,-0.07241049616742035,0.8823255234748725,-0.7970685963835173
['The Who'],[577627],-1.0053746241886208,-0.2032478164070931,0.20733499180773501,0.1139885551201336,-0.19834220792043006,0.5670047424944339,-0.18972539184538983
['The Who'],[577627],-0.9683004679934696,-0.06665005534092963,0.012641402917788156,0.07512192820278633,0.13720015927566576,0.42412621050797367,-0.012943845408573903
['The Who'],[577627],-1.204239883232713,-0.014134562816051844,0.2871993960037292,0.2292618560388714,-0.8194397904276367,0.6083838361386138,-0.3193472470608475
['The Who'],[577627],-1.289607541090386,0.38592726211257194,0.6053282472936028,0.1743640626378908,-0.660925945422594,0.4780057733939435,-0.3021526102853382
['The Who'],[577627],-1.2622508707564153,-0.2622783433531396,0.09647275270850635,0.17617832355115193,0.004940639023758089,0.5804977809632533,-0.23646526175445393
['The Who'],[577627],-1.156325969984976,0.02430728769795112,0.26233130774739405,0.09495552347517867,0.15207656364385647,0.40358766896279386,-0.2396624357104272
['The Who'],[577627],-1.2196581733519987,0.19576632853877693,0.5634324138913763,0.15590132609173155,-0.4685343292858237,0.5716614949474643,-0.2585177912378241
['The Who'],[577627],-1.107518147876964,0.22290686291016173,0.5357411856649708,0.07127658515300801,-0.666839129376195,0.5757663869364116,-0.33826347451394356
['The Who'],[577627],-0.39655365339084747,-0.2476344178615108,0.13879952043762425,0.030086415935782908,-0.8052507741490778,0.5382892431749978,0.1391343538722854
['The Who'],[577627],-1.1306843562592745,-0.17265563244113838,0.1725658853518731,0.18237642119198352,-0.016060149909732743,0.4990085765780665,-0.07776668385450726
['The Who'],[577627],-0.9448422884107047,0.0649536383991061,0.04319462959849991,0.20867369416825843,0.2003957530455997,0.5717331323383722,-0.38872043971727405
['The Who'],[577627],-1.024334898861955,-0.30556762819948646,0.07485282876471272,0.15229588647999517,-0.021631597216561688,0.47354251556061144,-0.17481119494012992
['The Who'],[577627],-1.2731373987377654,-0.41657600774356357,0.00032650933510982227,0.3067518190534408,-0.6058132588013674,0.7186728532875539,-0.16984386881601493
['The Who'],[577627],-1.108287729263461,-0.15320589788201225,0.18017002359370876,0.09336603460799198,0.15070162658302616,0.42784605623402616,-0.2559631168977862
['The Who'],[577627],-1.1319149428417983,-0.15377249031293452,0.09778174286053452,0.17022625559271398,-0.0191611194456964,0.45201846420367164,-0.1487727119656883
['The Who'],[577627],-0.8645428924016159,0.05888030955710842,0.11486881385589638,0.1838686449864721,-0.29980846655915216,0.43670305011440996,-0.19094868714207905
['The Who'],[577627],-0.9354531999808823,-0.08998503421307866,0.007765901843822776,0.09920366139957895,-0.22800039639947883,0.4338823024233696,-0.02493967103894925
['The Who'],[577627],-0.9759369460041563,-0.1187546127973108,-0.02980021280607554,0.313995151020616,0.020292095679575333,0.5324348688058852,-0.1406324980319515
['The Who'],[577627],-1.1159692653703837,-0.1894167440519504,0.006610141442138965,0.014177825964863892,-0.011346374541444023,0.7317326146998764,-0.0860284941537305
['The Who'],[577627],-1.0031116326056442,-0.052584960078767146,-0.015355571469106051,0.3096110097819847,0.022341817939841097,0.5167215397973673,-0.17100150691976515
['The Who'],[577627],-1.0265273343008512,-0.29964771154434194,0.0123960591160744,0.27831742145916716,-0.624428088050788,0.6928568920423762,-0.0053828104466087665
['The Who'],[577627],-0.9178357975204229,-0.23629607115196422,-0.08959749732022299,0.5054667112019837,-0.197515651207704,0.6876882076006628,-0.5173160651886191
['The Who'],[577627],-1.0721283025875086,0.10053183426478597,-0.02036571464841635,0.1345487932690586,-0.2255881672020988,0.3685155811483494,-0.009621256012601137
['The Who'],[577627],-0.9118841308548385,-0.02454367523394672,0.1379248887172987,0.055416186108767064,-0.05551271191044653,0.41432555338795846,-0.07126630408354374
['The Who'],[577627],-1.1269100801729603,-0.45347232109772423,0.08276958111574828,0.2163365569772634,-0.4373750878814155,0.6861089375962273,-0.16576963876191037
['The Who'],[577627],-0.9708153610134542,-0.31247449938504884,0.07010395264495729,0.050906313260138385,0.1675911976363516,0.6275499537478808,-0.0031472444863193255
['The Who'],[577627],-1.2986199727613772,-0.42149060991345316,-0.02333452688170034,0.3331630276768597,-0.599176992391407,0.7231227985662801,-0.1788867719946868
['The Who'],[577627],-1.1829701662694752,-0.15044922369949432,-0.020345249569913765,0.10401179605465596,-0.017404345971388523,0.532311483527724,-0.1365808980616047
['The Who'],[577627],-1.2940745399505467,-0.2398757734548108,0.15396365764540337,0.1976385245666841,0.18135007863854558,0.4510768608176961,-0.3139501873648837
['The Who'],[577627],-0.9582807370012315,0.0037402502230822507,0.08030245244557623,0.11762422457638325,-0.03848159771774248,0.4173719454207829,-0.02173840861268648
['The Who'],[577627],-0.7586662215140159,0.018375436938849736,0.09672177187223324,0.09724021352839463,-0.33257497253114726,0.39076516718298154,-0.031101793201661263
['The Who'],[577627],-0.8980514502545703,0.0747298982676802,0.01468373066177781,0.07486343743980654,0.03354971683233928,0.3352394345086041,-0.035471062470149584
['The Who'],[577627],-0.36407408931745705,-0.550709045758531,0.23633446987100512,-0.023614320711473794,-0.07795278407043538,0.5033333988472051,0.06712650917289173
['The Who'],[577627],-1.161351456311574,-0.19593099146386667,-0.030278069692468056,0.10828852564933743,-0.014375807125854822,0.5598014270861666,-0.13116822505568967
['The Who'],[577627],-0.9431617459941105,-0.24722264502240654,0.12378460465346353,0.21544689699333028,-0.48416015279808783,0.44036825524349427,-0.1447069171986846
['The Who'],[577627],-1.0530662909952773,-0.2288584908061504,0.16347351766913734,0.1719868188803958,-0.02281341647833416,0.4306449890667555,-0.1626964438724157
['The Who'],[577627],-0.43314104337657766,0.16509639405754728,-0.11314246266854087,0.36783539073755145,-0.7751019455459943,0.8275894598500031,-0.5228031660945468
['The Who'],[577627],-1.1368580584257086,-0.24589961982367967,0.017119758046011256,0.10469515672438913,-0.007385581105222761,0.6003951507934067,-0.14656342462822952
['The Who'],[577627],-1.1832787242421754,0.01651282928044937,0.02229070389710213,0.18467560764921845,-0.10820896237659161,0.430558506386838,-0.09101839705213542
['The Who'],[577627],-1.3059344520495175,-0.07345764809184718,0.1872349717656863,0.18972978215493277,-0.2639792656521009,0.6131715568652738,-0.2019227796126755
['The Who'],[577627],-1.2059945292076941,0.027649124290956013,0.26173762171437664,0.12203372034008918,0.17329644058421015,0.49042426477647205,-0.32867939383049954
['The Who'],[577627],-1.3585045073087385,-0.28914336378145256,0.1563960933587401,0.3892933269232552,-0.4265743751972534,0.5055191857005504,-0.3136916496157304
['The Who'],[577627],-0.7477586266670465,0.16251526534021044,-0.111179296266879,0.3133180999453636,0.20851314458593084,0.554429498896147,-0.467257017058901
['The Who'],[577627],-0.7754005276911736,-0.2141749142781637,0.06920128497272572,0.15692945959146798,0.11132735002001162,0.1925147885326669,-0.016151052087590774
['The Who'],[577627],-1.210559049595417,-0.13336943206059784,0.14674278868737123,0.13131182366220281,-0.00860397267178624,0.5303955025791668,-0.19274484702166014
['The Who'],[577627],-1.0914370622091465,-0.11656948677526968,0.02002976428310968,0.07975244786682746,0.15795525533083093,0.5087885509313301,-0.08482606671454143
['The Who'],[577627],-1.1547482358273489,-0.5036691803412878,0.049217994146776446,0.20787564328372302,0.01360803976908072,0.6762814530074378,-0.18509414444220168
['The Who'],[577627],-0.79057185347892,-0.06939963982172831,0.07614511561388111,0.10196488823442502,-0.33094700871693794,0.3785534382277564,-0.010649225522622754
['The Who'],[577627],-1.155128160309271,-0.2452043239289353,0.046367413363242085,0.2469050662409471,-0.626261381094522,0.6412837173797247,-0.15157512587689204
['The Who'],[577627],-1.0907366583099267,-0.14891977333791023,0.044643487400830364,0.4075532548211578,-0.7599843715049618,0.7478350823733682,-0.4458125302526435
['The Who'],[577627],-1.0884069855900134,-0.49638471949092433,0.18486052761913158,0.10883748341383348,0.19367141176524383,0.7378410040701063,-0.15030002520306532
['The Who'],[577627],-0.9668851865592637,-0.3609614700403846,0.10076087820278799,0.14402222210315044,-0.015843348434451242,0.5367803453976167,-0.09827883842133799
['The Who'],[577627],-0.8723638027965002,-0.09867269996313215,0.07906218952249262,-0.0035949832645517385,-0.04228870994284961,0.542717671200992,-0.08765637503863616
['The Who'],[577627],-1.3098742210652512,-0.274377200471877,0.017392681902888212,0.15601122226276223,0.01026777835638909,0.619193612337619,-0.23276152252647142
['The Who'],[577627],-1.0617341316052789,0.041202147586745244,0.009022037102388811,0.2249276484025345,-0.6631421718413357,0.4693700995257817,-0.04614165554745797
['The Who'],[577627],-0.847827519371035,-0.03895749763547702,-0.032492519691433554,0.09594282515717026,0.12180525226896935,0.3384386193282199,0.0943605751961469
['The Who'],[577627],-0.8955116515699967,-0.16824142282140206,0.140097786430245,0.11859908553480655,-0.04420069999678415,0.4128842381779246,-0.06026158389575602
['The Who'],[577627],-1.1152517111485432,-0.041070555203607834,0.017074450991435612,0.18138505158970317,-0.11068155387152225,0.4529121646611888,-0.0713055978842115
['The Who'],[577627],-1.1804518200902447,-0.30898973292013715,0.03326662489502503,0.2726777531192626,-0.6179593012649511,0.6793969668365706,-0.16425106419938565
['The Who'],[577627],-0.9282448175274309,0.2929552742606877,0.21118046758107697,0.11997326072540022,-0.2224987125235886,0.4034158012471596,-0.2439916741386845
['The Who'],[577627],-0.9462687667345808,-0.06354713574860864,-0.040027229315193265,-0.02188438545465561,-0.4875999062286995,0.7446093001216321,0.08440427575606145
['The Who'],[577627],-0.944148042593422,-0.3346265570476891,0.06804683447552265,0.29194479433647097,-0.6412575691927528,0.5314732780657697,-0.1844161499157555
['The Who'],[577627],-1.0904810658409207,-0.1909134673142195,0.02582923579327396,0.05607293002042173,-0.023871567881990477,0.5670536344963506,-0.13376032165443827
['The Who'],[577627],-0.7110100805460288,-0.2514345659022265,0.0663747023755283,0.09140943676210259,-0.330026590175918,0.4764475141057373,0.029215419039578392
['The Who'],[577627],-1.0633636391463357,-0.05836153366397136,-0.0038731730494269553,0.2531968082412319,-0.6528589293806651,0.5163855571807104,-0.05493444908311673
['The Who'],[577627],-0.9104917793541447,-0.6197465541088465,0.10121690756046359,0.11025342773533611,0.16807924454153458,0.6380938588318893,-0.10714528970208335
['The Who'],[577627],-0.978352880959929,-0.21574469183571623,0.04479009986061828,0.2379024719583628,-0.47687857316076304,0.4845825596738124,-0.08781270319817348
['The Who'],[577627],-0.710819509488068,-0.11231777077778853,0.2012744482761901,0.003588645142646322,-0.08128823753469969,0.345709711664782,-0.03332377505351925
['The Who'],[577627],-0.9467746195721071,-0.40858218963954485,0.060763841349972,0.2909836597994981,-0.46778101979589226,0.5022877752123935,-0.06031342510488851
['The Who'],[577627],-1.0144126321769746,-0.4046017759721963,0.0760996045976208,0.2950469765176768,0.07871742352686235,0.4183629253328577,-0.09147236297256957
['The Who'],[577627],-1.0242602579149787,-0.42102386787168,0.11925261463484878,0.18978232840359413,-0.4526760616564444,0.6878949492551582,-0.16970972840645224
['The Who'],[577627],-0.9795589411497643,-0.16210612144546838,0.0270381825802333,0.03188510023073927,0.14771328528566538,0.5376261504339362,-0.03298058481223422
['The Who'],[577627],-0.715209465622833,-0.09374253399380204,0.10523837175172655,0.08489124342143486,-0.33798421575939397,0.3824113478048049,-0.011189667724817517
['The Who'],[577627],-1.1269200165046322,-0.0809687360135919,0.011721350156196648,0.18814156199890658,-0.020658331157405375,0.41880932923845543,-0.06218384507260947
['The Who'],[577627],-0.6379502065806018,0.2436598326464863,0.21438411955421968,0.10793988200913851,-0.8137005605269355,0.3303761582058537,-0.1608428817133
['The Who'],[577627],-1.2095815700973034,-0.46160996319462594,0.012937202877846932,0.35197458342078297,-0.24434360168773667,0.5800309180646056,-0.16290103055935518
['The Who'],[577627],-0.9850846338355308,-0.21715245048825366,0.05757089282139998,0.13724608454506662,-0.7320858173145222,0.7431611856120266,-0.10396050482781928
['The Who'],[577627],-1.128563640348746,-0.1584263339476372,0.11139618774800586,0.12634460821683297,0.15251794246338501,0.39440280078377105,-0.19058103061708156
['The Who'],[577627],-1.3733919475434548,-0.34597723889420673,0.01861616728812808,0.29826512852977227,-0.5968108637580793,0.7415232943364028,-0.2194753600056403
['The Who'],[577627],-1.0633636391463357,-0.05836153366397136,-0.0038731730494269553,0.2531968082412319,-0.6528589293806651,0.5163855571807104,-0.05493444908311673
['The Who'],[577627],-1.0702598567991926,-0.023661539693640564,0.07061585290477261,-0.043100378194814506,-0.20409402865170082,0.757391507744059,-0.011702019271986178
['The Who'],[577627],-1.029429017068801,-0.1720888940801044,0.05409155108127079,0.20402358201858642,0.1408770645468522,0.2701669695402509,-0.040554599293234364
['The Who'],[577627],-1.0702598567991926,-0.023661539693640564,0.07061585290477261,-0.043100378194814506,-0.20409402865170082,0.757391507744059,-0.011702019271986178
['The Who'],[577627],-0.9082264324313536,-0.1083451561533707,0.10747273259447969,0.1306948221987902,0.04109648914272727,0.33343944683037596,-0.029634290498409384
['The Who'],[577627],-0.45940729032978533,0.21200195288075993,-0.1411761970970797,0.3663067867731463,-0.23364317002986254,0.7242674395785357,-0.42270705776681883
['The Who'],[577627],-1.1128868472448241,-0.4591719508961401,0.0690393693113506,0.2592270316388492,-0.6174868244827024,0.7660283014804602,-0.17047828266351683
['The Who'],[577627],-0.9850639053369226,0.01918559700419713,0.34459317576946247,0.09686823225872546,-0.03699524237074182,0.45458510867098256,-0.15318118864634708
['The Who'],[577627],-1.1555286620481902,-0.22531313819641147,0.376163894766324,0.10707948613446555,-0.26232471179335565,0.7507685356101492,-0.28319272201502305
['The Who'],[577627],-1.049058329571074,-0.094349488783804,0.06795082569507996,0.21459390997089695,-0.2934636327628929,0.44689025455737796,-0.03656649805702231
['The Who'],[577627],-0.828651693570423,-0.22110699523551228,0.055523716702804024,0.01701080843464146,0.1298294437637804,0.4787116229724327,0.02396400505319707
['The Who'],[577627],-1.028179292365637,-0.04117669566152902,0.15615599716996312,0.12426315482434756,-0.03571601552242234,0.4205558216343596,-0.10365392773132907
['The Who'],[577627],-1.2160320960317468,-0.3640062500468598,0.15872087655241568,0.1283860964236675,0.19023809226009308,0.6222060859669474,-0.2527657816045198
['The Who'],[577627],-1.1121397279004925,-0.549410079167307,0.10525100712915095,0.3512483938737553,-0.6151068652738529,0.6389474840065151,-0.24227991027569562
['The Who'],[577627],-0.9699709272193215,0.06184572321582815,-0.09784379164252306,0.4525148243007827,-0.07542858613025549,0.8782059547391554,-0.8048157553066431
['The Who'],[577627],-0.9316788676920414,-0.477032647442869,0.1277637181933606,0.13405412700889432,-0.014339304396367946,0.5452332820707576,-0.2694505766390567
['The Who'],[577627],-1.117223664552891,-0.2818723246318523,0.22628265215683566,0.14021433574873196,-0.017380016692047907,0.45266255546498885,-0.3194845864760935
['The Who'],[577627],-1.3062703511474332,-0.08376275275273938,-0.07815122348486982,0.2830608598634769,-0.6314332021108043,0.5103782187029015,-0.13186459190331332
['The Who'],[577627],-1.1319149428417983,-0.15377249031293452,0.09778174286053452,0.17022625559271398,-0.0191611194456964,0.45201846420367164,-0.1487727119656883
['The Who'],[577627],-0.9678519295133678,-0.34208033888884853,0.11491993407277636,0.1432164280014967,-0.023209632832072363,0.508603255826858,-0.07505606235423583
['The Who'],[577627],-0.6796640567947382,-0.703135189737692,0.20773432138717557,0.008237769137695918,0.1472187945331882,0.6538392951335337,-0.09441913144112996
['The Who'],[577627],-1.3629011093188512,0.12869754587942098,0.528392801069179,0.21237989336766228,-0.6238555218981379,0.6302345030921664,-0.48999151953131753
['The Who'],[577627],-1.3413477274729664,0.04972728448895167,0.16064227184307497,0.0730928215389321,0.1906058022782959,0.6732804560630987,-0.1494046563398821
['The Who'],[577627],-0.9699263309639254,-0.3180497290572804,0.023407745208673395,0.2658687941819472,-0.47659482388205593,0.47728084828743167,-0.11968331770503289
['The Who'],[577627],-1.2487044526705435,-0.17750686667387117,0.1960502959549629,0.19236569452949695,0.006485255951317706,0.5658083138965979,-0.24746660502954518
['The Who'],[577627],-1.0864724847696057,-0.19306651977263758,0.13553007297441305,0.10115438220094011,-0.01778815174390779,0.5275161173656348,-0.15172116499713834
['The Who'],[577627],-0.9362613813000602,0.009360443096664567,0.44882025685885496,0.003139731985737586,-0.042252147172519426,0.5268915801083393,-0.23389221503849722
['The Who'],[577627],-1.3184266256404547,-0.28149815697164066,0.20550672762725566,0.32789880004290595,-0.6094349461661154,0.620471330224539,-0.37294775461282925
['The Who'],[577627],-0.8031156556544536,-0.24195375621682075,0.22280914833681137,-0.08788601945872132,0.1278148238808763,0.5292436516433993,-0.07745960501249971
['The Who'],[577627],-1.086419758137752,-0.4058258022968859,0.12006712639293637,0.253763885111479,0.17607516898561837,0.43875155384189257,-0.17746763003978655
['The Who'],[577627],-0.593599414803033,-0.691445517084689,0.23320951014051822,0.19960560534776342,-0.8150441017773815,0.881843292031972,-0.10699311054456775
['The Who'],[577627],-0.5872764380738802,-0.2448615021271153,0.08055303985496326,0.08534049738362283,-0.2575407519466321,0.37230322535654564,0.01473429386678236
['The Who'],[577627],-0.7477586266670465,0.16251526534021044,-0.111179296266879,0.3133180999453636,0.20851314458593084,0.554429498896147,-0.467257017058901
['The Who'],[577627],-1.243166637609937,0.1473635585604624,0.2374965326583411,0.08210323699456461,0.15290530838235222,0.41167317532478626,-0.21163629068237458
['The Who'],[577627],-1.3102803652092514,0.2302238441938488,0.2101771510056945,0.09657315189450612,-0.6358868698709105,0.7342426219497182,-0.1865307759211794
['The Who'],[577627],-1.2103765608186463,0.04194226853457183,0.15835578718075752,0.15643869022777324,0.17803946681502872,0.4798734035476771,-0.296700470107839
['The Who'],[577627],-0.9355255248514385,0.049985171705973636,-0.0674644083593786,0.3908832863872298,-0.522561186877025,0.558555718983873,-0.26951905119271846
['The Who'],[577627],-0.8269869750030665,0.0990345308354028,-0.06160687843994577,0.21145574540676437,-0.17764759655754214,0.6219526578540199,-0.19715070093443968
['The Who'],[577627],-0.7537655119712844,-0.16731995729195828,0.09106297556355646,0.07592761084434306,-0.5049408629661469,0.5089152427718583,0.026126320564796655
['The Who'],[577627],-0.4308371805115863,-0.2855744185143233,0.20050495645149607,-0.0023915158789487114,-0.7152161789280183,0.5716256037617127,-0.0016398805776747048
['The Who'],[577627],-1.0783744712087708,-0.20086874553597345,0.018083217614973387,0.20688044259760316,-0.7222117763593618,0.7101847367144279,-0.028732138112231725
"['The Yardbirds', 'Eric Clapton']","[489303, 187478]",-1.0863720504212446,-0.13309357634180016,0.029583595852743033,0.2639124613958858,-0.41636471183166257,0.8063509119180817,-0.38458646670016383
"['The Yardbirds', 'Eric Clapton']","[489303, 187478]",-0.8740625963878722,-0.28960664290384847,0.5797000694236294,-0.06539409156156074,-0.2974064039414654,0.8168367323095832,-0.3759673810338926
"['The Yardbirds', 'Eric Clapton']","[489303, 187478]",-0.7657403792529854,-0.4637462249311466,0.3473921787302208,-0.020856059588744938,0.14084849834414817,0.5767412785324644,-0.24562846171206906
"['The Yardbirds', 'Eric Clapton']","[489303, 187478]",-0.9214931995757045,-0.21369145819588387,0.05266346609474846,0.08148079271942636,-0.049005160990868255,0.4164813814412658,-0.13657038184840056
['The Yardbirds'],[489303],-0.7008451084744123,-0.33052363867781853,0.1429970569140134,0.12319017239817427,-0.8576727569072606,0.6369082876131439,-0.05465506178250765
['The Yardbirds'],[489303],-1.1005096496190638,-0.37408324722143904,0.009618921600732348,0.2995252465884168,0.04441488326881976,0.7261169171527396,-0.34914310415462857
['The Yardbirds'],[489303],-1.1315019341305725,-0.4396330906700194,0.21445102560133725,0.16706810152544374,0.18342049031027136,0.5701159406530846,-0.28216257201605155
['The Yardbirds'],[489303],-1.2259309275017085,-0.15176614528417093,0.1466388304993041,0.2361450645053669,-0.6318924617649997,0.5813683930033213,-0.21807174391465048
['The Yardbirds'],[489303],-0.8515198609896849,-0.23459455209315228,0.020235349311937663,0.32930512453761934,0.06508811243862271,0.8718775563047597,-0.5816489484014311
['The Yardbirds'],[489303],-0.9704670608051573,-0.2646746020832733,0.056137385013012145,0.13151706345550632,-0.028180922625115207,0.49869439702559354,-0.08384699827293308
['The Yardbirds'],[489303],-1.16649829446398,-0.41289349634342387,0.033743958959234925,0.356450204656641,-0.7943928368960668,0.6996094413914207,-0.15997678141434235
['The Yardbirds'],[489303],-1.1811290030525878,-0.4674467306178279,0.06271997283503263,0.1850651951735275,0.19237801049736206,0.6186194481185122,-0.16517931705574146
['The Yardbirds'],[489303],-1.1614476801606506,-0.4781307572618474,0.22127755464150295,0.23010100592214516,-0.42515797707954345,0.7971588105913188,-0.270291882513625
['The Yardbirds'],[489303],-1.1714295358848739,-0.3099056333417535,0.22888152266417264,0.13182906550309312,0.19733505567934362,0.7090382678703498,-0.34450649735078387
['The Yardbirds'],[489303],-0.6645334323862218,-0.17588821338901447,-0.11102123944065533,0.4316082597324604,-0.5172443231615744,1.339450304140462,-0.4924897687466042
['The Yardbirds'],[489303],-1.1364010203450092,-0.3693392060777007,0.01403449655092228,0.351406812583646,-0.7027325625347021,0.7045915786582411,-0.22262038983366378
['The Yardbirds'],[489303],-1.1067748980773966,-0.338842825269019,0.10191998883270409,0.19313856931657433,-0.002967441114096837,0.5783675476540919,-0.1461230065064692
['The Yardbirds'],[489303],-1.051001464040602,-0.21595619183038423,-0.1228297652115797,0.4529116245806974,-0.16760348615187595,0.9186189050581492,-0.7112359146646297
['The Yardbirds'],[489303],-0.9796708009354226,-0.2322846255585542,0.16396926393028338,0.12210908402326234,-0.01942643817323464,0.6149284865199632,-0.19177135853973562
['The Yardbirds'],[489303],-0.8724983147342548,-0.3020618029430712,0.10782548816533472,-0.016683803835525236,0.1370386209554349,0.5597810226984891,-0.08526329586617637
['The Yardbirds'],[489303],-0.6449620566821714,-0.7913898305928297,0.2875969351384343,0.09390085768246129,0.14996442850965785,0.5701287339736957,-0.1817425747942292
['The Yardbirds'],[489303],-0.9175082060608352,-0.1885372233669286,0.16716947706684168,0.19560229909257368,-0.8374148795034164,0.602091395835734,-0.09362953005082929
['The Yardbirds'],[489303],-0.6348687705983663,-0.3440585232632308,0.14591092707321568,0.10577011913247933,-0.7786489348098361,0.5646037729883454,-0.04333450642208812
['The Yardbirds'],[489303],-1.198556166611835,-0.25386724533924887,0.045575594300819505,0.2071998806042332,-0.2683310446521869,0.6149591636016316,-0.16819867074591627
['The Yardbirds'],[489303],-1.028042364584156,-0.0909630812145207,0.08111845997568283,0.06049436130103119,0.1419643236793838,0.43505933250518947,-0.04995640639776334
['The Yardbirds'],[489303],-0.9263446671564459,0.1513781240410515,-0.09136102881023678,0.5050097392876088,-0.3783984036241262,0.6821818768276995,-0.7027727222793257
['The Yardbirds'],[489303],-0.775127281914588,-0.5810946366256631,0.17037608865201154,0.12308193948209606,0.054567916890120215,0.4459008259843753,-0.16581839663255316
['The Yardbirds'],[489303],-1.1255032614155658,-0.40052129911310225,0.18668509789676907,0.2654769718849006,-0.35461534427417657,0.6034602867741372,-0.27158275322577546
['The Yardbirds'],[489303],-1.0803556176611642,-0.33890592298323086,-0.0082037759613523,0.2182621084036154,-0.6324794063353774,0.6895661037800515,-0.10581866578764325
['The Yardbirds'],[489303],-1.0000993782424903,-0.061973613877564684,0.1646650259588428,0.3506875657344561,-0.8062832563439125,0.5597504166343622,-0.36717439328135504
['The Yardbirds'],[489303],-1.0816528815300595,-0.33973395811474366,-0.008435069357454403,0.21950689171173168,-0.6322322370211209,0.6895386035963813,-0.1059444903146244
['The Yardbirds'],[489303],-1.0284823935252112,-0.0916807084560614,0.08130321650606745,0.06039894175482383,0.14196458070965443,0.4352067693194154,-0.049756138679215085
['The Yardbirds'],[489303],-0.838863528427871,-0.06812923917504016,-0.15664213909492583,0.2792053692157291,0.2205614499014561,0.6954110368322333,-0.49053184060343796
['The Yardbirds'],[489303],-0.6680835981219638,0.09978816197470468,-0.12027648568965973,0.31840020905249344,-0.13317232588420755,0.7969796173435444,-0.502993800431495
['The Yardbirds'],[489303],-0.9537944598458379,-0.14818000033132336,-0.014767623208432498,0.12649027795495138,0.15086623826378753,0.45023979817644916,-0.11772563282148348
['The Yardbirds'],[489303],-0.9284187261225222,-0.0972663289503127,-0.1371408990325497,0.2837952009584221,0.2227820300108391,0.6743718934862862,-0.4742569716002907
['The Yardbirds'],[489303],-1.0762542880922712,-0.04193074685254313,0.09175227814340953,0.30944997479331426,-0.44590743110840103,0.500614268984054,-0.3504337861322788
['The Yardbirds'],[489303],-0.6224449160529882,0.042615423555788,-0.13934425953191207,0.35414199868008805,0.2221903493380012,0.6104603117987136,-0.6188999810553943
['The Yardbirds'],[489303],-0.9401779406441134,-0.24145508652279918,0.055478123724033365,0.10672899235151909,-0.04334262487068048,0.4181904396998767,-0.13918499815762375
['The Yardbirds'],[489303],-1.170283789039953,-0.44602883927567516,0.04124588330700373,0.3831573899871834,-0.794685450032111,0.634281168218056,-0.2679316549130711
['The Yardbirds'],[489303],-1.0153894116093323,-0.2468627680063139,0.19629735439558177,0.17611826003757336,-0.6458686221715219,0.6377209578191221,-0.17765227677570236
['The Yardbirds'],[489303],-0.9852857480490496,-0.04001364715417325,0.00033012065859424093,0.026151529565246003,-0.4828555165021553,0.7290948399111394,-0.02579330708544734
['The Yardbirds'],[489303],-1.1434940354537129,0.009866636214028206,0.03952007717893563,0.32493020301641085,-0.8387060077571283,0.37979168565100646,-0.14771146709748
['The Yardbirds'],[489303],-1.1486092505022745,-0.007516546867993877,0.2581428639720746,0.013568729259365576,-0.46914761688491574,0.7405908838483539,-0.1996731096421027
"['Thelonious Monk', 'Gerry Mulligan', 'Wilbur Ware', 'Shadow Wilson']","[490416, 542549, 255770, 130425]",-0.5416076396492104,-0.555361425199325,0.19750953628363796,0.04898756866091995,0.13810746218794856,0.5848519949834455,0.06303367369225137
"['Thelonious Monk', 'Gerry Mulligan', 'Wilbur Ware', 'Shadow Wilson']","[490416, 542549, 255770, 130425]",-0.7022169341854512,-0.468009594235077,0.15015487205345013,-0.0007118272823237001,0.14789343669116964,0.6727122664068605,0.023432603898606564
"['Thelonious Monk', 'Gerry Mulligan', 'Wilbur Ware', 'Shadow Wilson']","[490416, 542549, 255770, 130425]",0.033409995316586526,-0.17055248861043978,0.08613700156804273,0.31185571853875105,-0.07950916931997055,0.6762207363201895,-0.5358783008834096
"['Thelonious Monk', 'Gerry Mulligan', 'Wilbur Ware', 'Shadow Wilson']","[490416, 542549, 255770, 130425]",-0.47125058933386177,-0.5813425764133037,0.22741280073436476,0.09399486285364339,0.12427822668678566,0.449112916627793,-0.008340432760177615
"['Thelonious Monk', 'Gerry Mulligan', 'Wilbur Ware', 'Shadow Wilson']","[490416, 542549, 255770, 130425]",-0.40975767467806284,-0.4691744572850042,0.18505215295122515,0.11136807156842503,-0.49107528260100924,0.6884806528481261,-0.009756265164291338
"['Thelonious Monk', 'Gerry Mulligan', 'Wilbur Ware', 'Shadow Wilson']","[490416, 542549, 255770, 130425]",-0.5626807805815324,-0.5680413004350375,0.2140736118692942,0.07736526051721788,0.13797194256945536,0.5390443391984273,-0.030703773272148547
"['Thelonious Monk', 'Gerry Mulligan', 'Wilbur Ware', 'Shadow Wilson']","[490416, 542549, 255770, 130425]",-0.6928259543103867,-0.3738560082301474,0.22375557714100439,-0.08235692257299956,0.14704275942039235,0.7897758649475404,0.0365570781184412
"['Thelonious Monk', 'Gerry Mulligan', 'Wilbur Ware', 'Shadow Wilson']","[490416, 542549, 255770, 130425]",-0.5666262337883746,-0.5282530343094161,0.1917480763457312,0.19398112215940205,-0.4904133338768718,0.567153407001908,-0.029483623242251306
"['Thelonious Monk', 'Gerry Mulligan', 'Wilbur Ware', 'Shadow Wilson']","[490416, 542549, 255770, 130425]",-0.0127129710637828,-0.14330411531221632,0.08454049552275066,0.23069430828100038,-0.06865088194184357,0.8579679666082417,-0.45855806005245575
"['Thelonious Monk', 'John Coltrane']","[490416, 175553]",0.14110011698843022,-0.11483527627046364,0.1082735967552924,0.11461954711370949,0.14708727754486536,0.6389917894950509,-0.3252333619039406
"['Thelonious Monk', 'John Coltrane']","[490416, 175553]",0.05143767611213076,-0.048141418951451784,0.08853344143753612,0.3412144378209255,-0.7279170080445876,0.6756443402786868,-0.527389659136257
"['Thelonious Monk', 'John Coltrane']","[490416, 175553]",-0.5657935602434374,-0.30129448384530844,0.2932688056404568,0.1891891489092256,-0.6018437429546253,0.4366594707346933,-0.05640940629036324
"['Thelonious Monk', 'John Coltrane']","[490416, 175553]",-0.6691956905048556,-0.3360982558219072,0.08078582472010834,0.17543429708383124,-0.7584956441791985,0.6492783079646972,0.06192865649765244
"['Thelonious Monk', 'John Coltrane']","[490416, 175553]",0.10576215315972816,-0.06630517266995427,0.10520137093031937,0.17956732365646846,0.15457670964064274,0.5529700509775701,-0.4820300197044937
"['Thelonious Monk', 'John Coltrane']","[490416, 175553]",-0.5871302881060947,-0.329888845757222,0.11527737758610727,0.06450918351286374,-0.5911876246110517,0.6809965631600462,0.08361166699455985
"['Thelonious Monk', 'John Coltrane']","[490416, 175553]",-0.7193051846524547,-0.4854497774772377,0.13291345671356103,0.20096770625446883,-0.5778547012246897,0.5600500474374474,-0.10195890860148062
"['Thelonious Monk', 'John Coltrane']","[490416, 175553]",0.09414840885829141,-0.13717605776510058,0.1530031640801751,0.09837949394889466,0.1189825202969597,0.46639772522665396,-0.2537075599067969
"['Thelonious Monk', 'John Coltrane']","[490416, 175553]",0.13833443165247336,-0.1663232533274657,0.05546176471158804,0.4334436275799611,-0.7049149378825175,0.7782803254447911,-0.4835819673918615
"['Thelonious Monk', 'John Coltrane']","[490416, 175553]",-0.5505541508042257,-0.2802305354970625,0.311429813634862,0.17548894391818284,-0.6052139328425523,0.43727632997393356,-0.061590671582522905
"['Thelonious Monk', 'John Coltrane']","[490416, 175553]",-0.5476149409711867,-0.3355508085127127,0.13484521782227374,0.04533493611266614,-0.5944348205092479,0.6973671491873993,0.08882388000710048
"['Thelonious Monk', 'John Coltrane']","[490416, 175553]",-0.5723038422488473,-0.36567667460771275,0.09686689545663914,0.15301023033856695,-0.7656763896025232,0.6643246136776811,0.08909634069191964
"['Thelonious Monk', 'John Coltrane']","[490416, 175553]",-0.685344166677789,-0.5067854550939334,0.12772931259077647,0.20251407201115076,-0.5791168015616923,0.5674743148737063,-0.09036603789940034
"['Thelonious Monk', 'John Coltrane']","[490416, 175553]",-0.493697874777057,-0.453239179754357,0.19594608101997402,0.12326360049817325,-0.15721763028883412,0.38746205888481544,-0.0007562934837059412
"['Thelonious Monk', 'John Coltrane']","[490416, 175553]",0.19653855133039866,-0.1098200629714654,0.05985869357195762,0.38891023408043585,-0.7179251209492447,0.7732270499826123,-0.4718868460485031
"['Thelonious Monk', 'Sonny Rollins', 'Clark Terry']","[490416, 39656, 133832]",-0.5937495376270409,-0.4187463345161763,0.12530308489477565,0.12411591420494711,0.1341472096009874,0.43519074165810917,-0.021758277546703324
"['Thelonious Monk', 'Sonny Rollins', 'Clark Terry']","[490416, 39656, 133832]",-0.6004683050938892,-0.2874485233371498,0.04893767764491852,0.25986802338973947,-0.38007000088446463,0.5477476284320967,-0.10473564144268296
"['Thelonious Monk', 'Sonny Rollins', 'Clark Terry']","[490416, 39656, 133832]",-0.607585850204574,-0.2630670969218223,0.1743105922260403,0.19478014049065498,-0.30888552960881377,0.5089863886194175,0.07036649405097906
"['Thelonious Monk', 'Sonny Rollins', 'Clark Terry']","[490416, 39656, 133832]",-0.4354706024578852,-0.17349289668739742,0.09906153361501892,0.11624588937684784,-0.32441866920488205,0.5129051526368028,0.041805870184990976
"['Thelonious Monk', 'Sonny Rollins', 'Clark Terry']","[490416, 39656, 133832]",-0.6826903715917902,-0.3239954796717063,0.06815814401862925,0.19550886055197297,0.16481557153253637,0.4757079189541023,-0.17913541624753823
"['Thelonious Monk', 'Sonny Rollins']","[490416, 39656]",-0.5536023132653908,-0.18930033639776622,0.1713244079804097,0.09761355999966345,-0.010041901737865054,0.1601015840289473,-0.037597010865848796
"['Thelonious Monk', 'Sonny Rollins']","[490416, 39656]",-0.5620188792100813,-0.38388836340799665,0.09489119917294814,0.18932686452639377,-0.4056545781917594,0.5171372349750815,0.03599713082107257
"['Thelonious Monk', 'Sonny Rollins']","[490416, 39656]",-0.7398262119625292,-0.40632532731871246,0.3892528951410807,0.05841051771407964,-0.3034126202510613,0.6233544539747907,-0.211131099753124
"['Thelonious Monk', 'Sonny Rollins']","[490416, 39656]",-0.6399861704684645,-0.4280938703154567,0.16413544062177565,0.1756290831142991,-0.579473652167795,0.5442814937418281,-0.03618306615013448
"['Thelonious Monk', 'Sonny Rollins']","[490416, 39656]",-0.6568643134270248,-0.19403850628303307,0.2791476764264906,-0.04357688376515918,0.12753115594277015,0.5424725465285347,-0.011515349748371918
"['Thelonious Monk', 'Sonny Rollins']","[490416, 39656]",-0.7821103326040355,-0.4419816038728234,0.3571656677913157,0.08908055612113609,-0.29624393008389444,0.6132172036333126,-0.19855346397499812
"['Thelonious Monk', 'Sonny Rollins']","[490416, 39656]",-0.7260876820370155,-0.47564266334162086,0.13256019008814388,0.22361690905087145,-0.5658323084651842,0.555107586656625,-0.05090173793462519
"['Thelonious Monk', 'Sonny Rollins']","[490416, 39656]",-0.6342246446359405,-0.23966143633719275,0.20885800220267514,-0.022653492895498582,0.1284853970890773,0.5338049411308474,0.0474847152354454
"['Thelonious Monk', 'Sonny Rollins']","[490416, 39656]",-0.5715316347615068,-0.31546754333188587,0.15549107722925212,0.20840322939279915,-0.3081494391447203,0.532125601009966,0.09547209499829361
"['Thelonious Monk', 'Sonny Rollins']","[490416, 39656]",-0.32743857433884593,-0.2357327704170741,0.1516114780076855,0.01624855434099941,0.007252929270617095,0.4029130343969935,0.12687463790724443
['Thelonious Monk'],[490416],-0.46248596721345003,-0.3301604435379749,0.18358213274949664,-0.020194880317362777,0.09219364372115654,0.3332126125884203,0.01193856650967131
['Thelonious Monk'],[490416],0.08573911629017784,-0.08244868500265985,0.08234749227517897,0.3110836525473478,-0.6403673088176408,0.7013069772679111,-0.4731219609362688
['Thelonious Monk'],[490416],0.1071632301636497,-0.11673030968471265,0.07316252124818962,0.3070514022066713,-0.5378845602132658,0.7770379096512559,-0.5464183596040388
['Thelonious Monk'],[490416],0.1990104645368318,-0.276941855291957,0.12062043477011739,0.25448569234213114,0.16858143365861705,0.6264699879821071,-0.45330163827215425
['Thelonious Monk'],[490416],-0.5742328680043466,-0.5655991687016252,0.08811309991046969,0.3336038847371081,0.03983203390418341,0.7671213972383887,-0.42572811306668196
['Thelonious Monk'],[490416],-0.6785589406367782,-0.41241387795722917,-0.022155906886538655,0.3870746536740795,-0.22435813185777712,0.7854763380450435,-0.43048862447431874
['Thelonious Monk'],[490416],-0.6927752058785179,-0.501836655399088,0.19483574505127418,0.16792537142533215,-0.2954453883523029,0.6169684358299673,-0.1549110371816777
['Thelonious Monk'],[490416],-0.053612798642757184,-0.18682353673126423,0.04815646142352428,0.14910137050473993,-0.07345739820348451,0.9261333144570953,-0.4327912737445369
['Thelonious Monk'],[490416],-0.044691908763505254,-0.20363313547432532,0.039473803772987294,0.22485053296656077,-0.2451124580043751,0.9256744452585927,-0.49174289476119565
['Thelonious Monk'],[490416],-0.029529516597257013,-0.0514247059327075,0.023787873958632313,0.2641835593721517,-0.7006187462717964,0.9532670160414373,-0.4178991390395292
['Thelonious Monk'],[490416],0.14433600020743048,-0.10734096871382867,0.05144856923702607,0.22852982373846847,-0.199424942682139,0.6435006484470939,-0.4666479097726424
['Thelonious Monk'],[490416],0.05614328318794073,-0.06168852777567593,0.06369785306852724,0.15121236481010736,-0.2664409720121489,0.9102117657910486,-0.4207978827586464
['Thelonious Monk'],[490416],0.07544102788826368,-0.07426481351431079,0.07793036406958494,0.1510073805428781,-0.2673421689481367,0.9156886411839469,-0.42210011239524137
['Thelonious Monk'],[490416],0.14044650678315146,-0.10987534093816885,0.1187877175435375,0.11810294648966656,0.16085944495151044,0.7319879660400774,-0.34933887879714215
['Thelonious Monk'],[490416],-0.5339361176517458,-0.41135929451790276,0.05382248358786137,0.22966946367262805,-0.5090816345139848,0.9604662536577903,-0.3303195238389341
['Thelonious Monk'],[490416],-0.7394917922839075,-0.3583106242830989,0.08921975883530278,0.10950536104854969,-0.45692008009687984,0.8750332591524488,0.07495150877327715
['Thelonious Monk'],[490416],-0.2470615031726347,-0.3361212490789495,0.18497914971423537,0.20690538187961646,-0.322472618812854,0.4546729709906031,-0.09454585026823902
['Thelonious Monk'],[490416],-0.06164484865612513,-0.24736866504056135,0.034519929740860905,0.32005970831058334,-0.24275962242285984,0.8294829513812485,-0.5278193703974384
['Thelonious Monk'],[490416],0.002630320562610113,-0.17022685555667103,0.01404477550787905,0.23470644220773287,-0.4290580343620939,0.9645251122783116,-0.4006979870052793
['Thelonious Monk'],[490416],-0.21198886176928544,-0.36322750954573674,0.05534232749336603,0.2418693604890534,-0.41794577806976924,1.0028828920104624,-0.3914641976396115
['Thelonious Monk'],[490416],0.18020925385381753,-0.088612361736023,0.10946633907427383,0.1375622637573846,0.14345023152709113,0.5793785908544419,-0.4084651266445954
['Thelonious Monk'],[490416],0.07627639398516954,-0.10562937052741078,0.07451641339697677,0.19835016988712081,0.08572567801934992,0.6864698376274644,-0.5235472726642189
['Thelonious Monk'],[490416],0.07651121922721327,-0.16362474107488825,0.06781473648483728,0.14616838524054593,0.18685543745758162,0.8285393861909648,-0.4097413731999844
['Thelonious Monk'],[490416],0.1031709486370318,-0.160897587262768,0.06120795814130243,0.14963916494174895,0.18121667313997306,0.7989242212131091,-0.3842515055836683
['Thelonious Monk'],[490416],-0.5292317883297993,-0.22395064116603766,-0.005839260308862748,0.18814464586237667,-0.7077169542259856,0.9795066329519951,-0.2140255906407351
['Thelonious Monk'],[490416],0.0016040095929907776,-0.016247729225102203,-0.005622256198956337,0.20557179526616978,-0.26152883717774417,0.855941330295248,-0.38340719747101
['Thelonious Monk'],[490416],-0.6075372802326823,-0.4953984857941234,0.15154081898003957,0.014992039222953637,0.05173658866393364,0.6685806712748649,0.06258964382565747
['Thelonious Monk'],[490416],0.07396802378360944,-0.07066077448331437,0.04490871071035105,0.19804764177145612,-0.07499661613956386,0.8976290298295361,-0.3742132511340988
['Thelonious Monk'],[490416],0.21825801045940618,-0.18555094762162908,0.08172727784499376,0.24369242721577614,-0.01248794203332838,0.6679592767549555,-0.5167899471576018
['Thelonious Monk'],[490416],-0.05417780982017849,-0.14302825943541153,0.11072607012780615,0.14142945311272084,-0.5764259301327654,0.7291402005228864,-0.2281860133665277
['Thelonious Monk'],[490416],-0.3620837291360543,-0.4490924945990895,0.12994729036908884,0.27808272359033465,-0.7197991871465008,0.7751485089258864,-0.3469022396090309
['Thelonious Monk'],[490416],0.10824713470273374,-0.1274600146652141,0.04008412060548266,0.183252721343246,-0.26894472717635187,0.884988402517993,-0.3642674783653185
['Thelonious Monk'],[490416],0.10476386551337338,-0.08354734496596941,0.048308761532767974,0.20910624048469345,-0.07441207785947622,0.8999901082554178,-0.384825714972679
['Thelonious Monk'],[490416],0.1035505048226536,-0.06961806412648071,0.04368495238944067,0.29011644770723,-0.7112970973073643,0.9107562092120514,-0.39337633484962675
['Thelonious Monk'],[490416],-0.1438366399058103,-0.3350348205278632,0.18024502260190836,0.2776362402194775,-0.2565661163694661,0.8064181959838095,-0.37349337795197995
['Thelonious Monk'],[490416],0.0934849810410451,-0.15535506343124167,0.13641366874195848,0.28803443858210853,-0.2769289850720037,0.6720113655729414,-0.509437719528815
['Thelonious Monk'],[490416],-0.04543702384224599,-0.13473811011121634,0.05860838380454278,0.24444885482777262,-0.521456428269694,0.9340617332803849,-0.4370098141643953
['Thelonious Monk'],[490416],-0.5376388280847368,-0.5603584371677169,0.17822537031603145,0.27812488589422385,-0.852947042189583,0.5428357026552488,-0.02401077651277922
['Thelonious Monk'],[490416],-0.7750528565184425,-0.32363739162284755,0.07964817409996555,0.2920808305593092,-0.44412064483582536,0.7107205979402572,-0.025431218749770838
['Thelonious Monk'],[490416],-0.5236424059101337,-0.4296503564956348,0.284099389437477,0.23860515740517454,-0.7713889559509642,0.5161550958587976,-0.0883862964350196
['Thelonious Monk'],[490416],0.10819068430303753,-0.12347346726873286,0.04148219612640727,0.2916539947109844,-0.540928547707787,0.78834625244038,-0.420022531921758
['Thelonious Monk'],[490416],-0.0058827692890292506,-0.16540197852575164,0.04782952947849097,0.24614948147226887,-0.2581432752694611,0.8026136336628887,-0.5604666061383721
['Thelonious Monk'],[490416],-0.7202582912648304,-0.5219220639065518,0.1574006191797503,0.2669513890621755,-0.29247165528387087,0.5141622524842008,-0.08597151010839567
['Thelonious Monk'],[490416],0.007415076387023234,-0.2678855570667159,0.1321437253978236,0.24288321420602046,-0.770101699050248,0.592933097936964,-0.26425932454776346
['Thelonious Monk'],[490416],-0.17642159032974955,-0.5029227521771776,0.5608921501133929,0.09646520548301449,-0.36440817671825937,0.4755368862769757,0.11577447880095283
['Thelonious Monk'],[490416],0.020746373126903833,-0.17347172982750375,0.1378697971679148,0.13419840838864353,-0.32076980548811845,0.6045310467135833,-0.17860325914416791
['Thelonious Monk'],[490416],-0.13892497009121885,-0.2606320145316825,0.028004493888493767,0.26426369280834566,-0.500157233589098,1.044036074840107,-0.4655146391328204
['Thelonious Monk'],[490416],-0.6879112641050358,-0.5332272713235299,0.304822197118009,0.14339566947639631,-0.30641993720665056,0.5589000581030004,-0.1944880810106316
['Thelonious Monk'],[490416],0.18220358440250323,-0.201312142735817,0.07597574185239081,0.2429670767577445,-0.010876012668898259,0.6713554989843111,-0.4611351499457559
['Thelonious Monk'],[490416],-0.7135875057019706,-0.2345389580682278,0.35917683815367635,0.1380310599391024,-0.579193936214349,0.6257622193712219,-0.10856825567355166
['Thelonious Monk'],[490416],-0.05826123212569602,-0.39898003300349805,0.20288240895808546,0.17721592649921253,-0.5188615154068934,0.49201459028519107,-0.12588856766847625
['Thelonious Monk'],[490416],0.014182859447286833,-0.21036362977770806,0.0555487010145842,0.14038475355675462,0.1958907519232577,0.8806107722564088,-0.48181523910329704
['Thelonious Monk'],[490416],-0.5824384839777724,-0.25422820454381045,0.5542228957871568,-0.020849192074252693,-0.03267181629872482,0.7342228359743155,-0.2000808110606727
['Thelonious Monk'],[490416],0.17531115755660578,-0.10359438009385334,0.07770255638227005,0.16987398129630824,0.06450863098016946,0.6225015696845472,-0.4603427946383761
['Thelonious Monk'],[490416],0.01878420895656439,-0.0737398206253027,0.02452042476931815,0.34862138975704565,-0.7030217786082719,0.8517662399482672,-0.43513897147235064
['Thelonious Monk'],[490416],-0.5679110258838519,-0.497813708555898,0.20596163550045601,0.2040610490912487,-0.765275186523332,0.5698225447086629,-0.09178088797677793
['Thelonious Monk'],[490416],0.11023643923191687,-0.1036136876777595,0.09934756319348788,0.12901898106674922,0.0900136817615957,0.8736914162672708,-0.36504574704895776
['Thelonious Monk'],[490416],0.14721056350868333,-0.1746455739553637,0.059827629332414985,0.42979818336254405,-0.7067552425300879,0.7796298301404974,-0.4730285609771268
['Thelonious Monk'],[490416],-0.5935898311955883,-0.42200833201733995,0.3059273285370491,-0.1347675676856865,-0.3117627964355006,0.9098863530394476,-0.062071647430700226
['Thelonious Monk'],[490416],-0.5073264097442954,-0.2752829140496336,0.5454435304949744,0.06945791894675883,-0.7745876646525084,0.6647470814447791,-0.27815929184900995
['Thelonious Monk'],[490416],-0.3875109723192827,-0.21057904230294583,0.5078318147433712,0.13514657864053395,-0.275559557782879,0.827750513912935,-0.29524804231564494
['Thelonious Monk'],[490416],-0.0298816922518107,-0.15533391235904648,0.030822211395849234,0.3353980079540585,-0.7016462812285847,0.8559959359363039,-0.5325363243915653
['Thelonious Monk'],[490416],-0.4831571052105322,-0.4568971365485945,0.17690666704589744,-0.011283029285391615,0.11903829730441932,0.537379172182379,0.10420933204996789
['Thelonious Monk'],[490416],-0.7343494973378207,-0.6067436711095598,0.20416140612253642,0.2214899049424964,-0.5592665922241905,0.6411956157029767,-0.11920263324772208
['Thelonious Monk'],[490416],-0.13956766584194724,-0.01987202990427833,0.056117857141943416,0.211020660704468,-0.5140403634907991,0.9696542344179829,-0.5496416127529815
['Thelonious Monk'],[490416],-0.7059812289582753,-0.31235832762739824,0.10451064608529795,-0.04188419893905413,0.06042833433127941,0.7700697320565792,0.10488109457831488
['Thelonious Monk'],[490416],-0.25347187702688706,-0.16041923998765711,0.024466155378903114,0.21676684183445474,-0.5475150261502322,0.7286450913616266,-0.33244230520048706
['Thelonious Monk'],[490416],-0.33919952943692,-0.35069015304496737,0.21656724464828236,-0.000584403888614557,-0.012413675050986306,0.2714838591722773,0.04302604695706564
['Thelonious Monk'],[490416],-0.7734659785119581,-0.47079247061822493,0.18988930140449267,0.06177747264956021,-0.1169016867376124,0.6303787352248252,-0.051079917817614166
['Thelonious Monk'],[490416],-0.9156227881969542,-0.5254192456991658,0.3346957881693649,0.1526420372805414,-0.27342691136532093,0.6524747701625326,-0.27800846349950126
['Thelonious Monk'],[490416],-0.47789202019062865,-0.3494293184716811,0.25209857756778614,-0.10579544347503532,0.09877728190723814,0.49883348929572574,0.03047212777763825
['Thelonious Monk'],[490416],-0.09804977423885215,-0.014466493654633438,0.027374607429594647,0.02219715153373021,0.16383146330138626,0.7582764401874837,-0.3849924238468563
['Thelonious Monk'],[490416],-0.6293470467974519,-0.4041028767374543,0.13752139092134436,0.2010587573758712,-0.7709038662820415,0.4918193815411705,0.0219085476132438
['Thelonious Monk'],[490416],-0.7280210761554337,-0.275216906758141,0.1278200351370118,-0.14068436134363366,0.04116091716968241,0.7284652014236174,0.057026145109708
['Thelonious Monk'],[490416],-0.8059270223303132,-0.47169021851617793,0.3031604255416361,0.025306534496673007,0.14833052692851706,0.5580008105965165,-0.15855825223895734
['Thelonious Monk'],[490416],-0.9044003425906052,-0.5779932963500193,0.2582773419881072,0.2665136017087754,-0.7122631656859929,0.7466602440535623,-0.2807190989864178
['Thelonious Monk'],[490416],-0.5273099380467013,-0.1041088259599593,0.26510207242102685,-0.23545249306181004,-0.08815342311795081,0.6281517357324732,0.0765278425014295
['Thelonious Monk'],[490416],-0.8448695140172603,-0.5064552926647894,0.44868710773872056,0.05138346901876816,0.15707850450859215,0.5828406112694909,-0.2368497396348845
['Thelonious Monk'],[490416],-0.7533660666763888,-0.44392978073893463,0.25463177728014735,0.02235322223240614,0.14500387781481897,0.5451857754994865,-0.13585298430702908
['Thelonious Monk'],[490416],-0.8903300758507994,-0.24809034615772935,0.25397862068081073,-0.06198127571181264,-0.29052532457167995,0.8116726998551622,-0.10442104077651133
['Thelonious Monk'],[490416],-0.7119095406774417,-0.29108165896874105,0.151433542926627,-0.18523379225391357,0.13058297447706166,0.7460245567402485,0.0462840411887755
['Thelonious Monk'],[490416],-0.4363676008589149,-0.248379039719358,0.19585691872540215,0.09751750336758694,-0.7237812108759656,0.3580996089461431,0.025257331835039518
['Thelonious Monk'],[490416],-0.25364643020778327,-0.19054048173209706,0.15873129112007567,0.07707022918031228,-0.5774617470536627,0.7485750083043561,-0.16464794791976484
['Thelonious Monk'],[490416],-0.8061370856884338,-0.4540920489277978,0.2724357930067055,0.27768359249487556,-0.710670810435292,0.7410933726562051,-0.34335157838474345
['Thelonious Monk'],[490416],-0.8167347686710719,-0.22770302908750395,0.06381469024072924,0.3195675656366728,0.07929375720875186,0.8803268870995259,-0.628293256347619
['Thelonious Monk'],[490416],-0.500302177705607,-0.29774750393634936,0.22676390292548404,-0.21308288182048396,0.10131164058916603,0.6418425984101581,0.07645838648325133
['Thelonious Monk'],[490416],-0.9275008139180875,-0.5201459548260694,0.17512521592847835,0.15063128227796369,-0.26347306718023145,0.7123799608783034,-0.19612371514748647
['Thelonious Monk'],[490416],-0.8386745177633399,-0.3781242613421104,0.3064839715880854,0.04611946510539924,-0.7367164663730902,0.8671638737209407,-0.12158142042786574
['Thelonious Monk'],[490416],-0.007003325997699529,-0.08930306215060302,0.0752646260128509,0.2680200896817352,-0.7910880146899327,0.9864722386999648,-0.453084303444564
['Thelonious Monk'],[490416],-0.1192757682751507,-0.3519207775535029,0.02871959161291228,0.28576591297644305,-0.3952548718002514,1.1047420087029929,-0.5223906549782377
['Thelonious Monk'],[490416],-0.03825097917155193,-0.2348043859198896,0.02351222554354088,0.38950706452357814,-0.6856719226543843,0.9153485586591044,-0.5513113853744246
['Thelonious Monk'],[490416],-0.06703329235181131,-0.2533842742653679,0.09144145223714882,0.2556049054666952,-0.5438203577775708,0.7815614394593149,-0.4243427360895874
['Thelonious Monk'],[490416],-0.6424599752071455,-0.6810070112255405,0.19463256501339649,0.2687804648565145,-0.2873955858950869,0.5899038451661284,-0.0996661766732006
['Thelonious Monk'],[490416],-0.15773880860646963,-0.15208774193469127,0.050102976923388616,0.21185098088619791,0.10544809584373112,0.711258466473342,-0.5211642521901199
['Thelonious Monk'],[490416],-0.6798578948764598,-0.3495696965511051,0.3018833339462352,0.050282126037063654,-0.06041457875770904,0.4123495931673196,-0.12016890279263137
['Thelonious Monk'],[490416],-0.05024581822568474,-0.11242030452600368,0.039275697424473094,0.29651495755374485,-0.08560626623605722,0.598418970420977,-0.5678542518651226
['Thelonious Monk'],[490416],-0.06330461934416648,-0.30335789628754123,0.11463847778748755,0.3097055714391693,-0.518921682254876,0.8574957373141113,-0.6106889571799173
['Thelonious Monk'],[490416],-0.023879622726150244,-0.2518407853240589,0.05725004332910769,0.336832376764671,-0.703584736778378,0.8439676111475625,-0.5755958166870628
['Thelonious Monk'],[490416],0.04595454675812446,-0.2089404383875025,0.07504055550652092,0.3590144622197606,-0.5331692250682161,0.725773116197617,-0.5538768796516499
['Thelonious Monk'],[490416],0.15414628591423282,-0.15116614894156027,0.10314532627218106,0.19164628240334045,0.07938092669337474,0.6922895100913565,-0.553864754769449
['Thelonious Monk'],[490416],-0.06516561630341434,-0.12111593744104446,0.03409956053676729,0.19219362462209172,0.09670659855802562,0.73918998912778,-0.47427541335566753
['Thelonious Monk'],[490416],-0.7904411190397378,-0.4421250442998179,0.07870709689053963,0.08487399656672508,-0.6448675013306471,0.8851903253599851,0.018439399166382237
['Thelonious Monk'],[490416],-0.7407838549819463,-0.34953741942476957,0.0757699532170096,0.021278019210300685,0.0617224929767508,0.7066132885732272,0.06842592897639556
['Thelonious Monk'],[490416],-0.30263418645102685,-0.303405146940948,0.02048189448987925,0.15186609120538902,-0.22286400842441573,1.1060906343896972,-0.4606257690028702
['Thelonious Monk'],[490416],-0.6201772895744528,-0.29582624468985613,0.0811797666284843,0.2810479945169376,-0.08978257647458146,0.6015745408866519,-0.2171067228759112
['Thelonious Monk'],[490416],-0.6475518358166263,-0.5583404149688483,0.17758900240933814,0.25164213162560856,-0.5389743788534413,0.7388337672518862,-0.15486249163482146
['Thelonious Monk'],[490416],-0.7465249150685985,-0.36488978297712876,0.19793748609701672,0.0006983022766336779,-0.30798427361083214,0.6969025800299833,-0.012683941135393707
['Thelonious Monk'],[490416],-0.6004503426621015,-0.24589892005749123,0.1369888816312221,-0.009973080050970078,-0.5178878089465607,0.5753845279416044,0.06181392250218947
['Thelonious Monk'],[490416],-0.10722764712566722,-0.07854800082910834,0.04355354482642666,0.2114323904419319,-0.07827038872002014,0.7656136244815418,-0.46529573444622746
['Thelonious Monk'],[490416],-0.7635646366405909,-0.31109131395556533,0.13941506522316616,-0.051704720706861725,-0.48749856410243175,0.7938071783293853,0.02976222439889084
['Thelonious Monk'],[490416],-0.8093993817500617,-0.4850490900776477,0.16324618545850705,0.16425962406406497,-0.5501859267175379,0.7052202115499411,-0.20780546703026295
['Thelonious Monk'],[490416],-0.7284196703642106,-0.3746323563501871,0.23502073775061663,0.014151870694749664,0.17924871130799078,0.793889155738316,-0.26794799288155874
['Thelonious Monk'],[490416],-0.3010884491517746,-0.4813554925357822,0.07551010494539584,0.370354557221002,-0.37696080366000856,1.0725202877552396,-0.6152837500652237
['Thelonious Monk'],[490416],0.015878356700255964,-0.21288784992077978,0.19845755208195093,0.26105152566068707,-0.2633876633586999,0.7719046405059521,-0.6212046863196397
['Thelonious Monk'],[490416],-0.0868010985899947,-0.3053029679417843,0.0618209233965274,0.32404275354166245,-0.7005666592973454,0.8739156821824372,-0.5403776705975756
['Thelonious Monk'],[490416],-0.04423486488652291,-0.34873958035523794,0.08607087138617299,0.27399258942547555,-0.16580076653495665,0.7794072294060153,-0.5396644669014862
['Thelonious Monk'],[490416],0.02018438385250547,-0.3213180126159383,0.08222890546379572,0.23951205053800628,-0.08031072218246853,0.7929183724153749,-0.5149027341751449
['Thelonious Monk'],[490416],0.028304790843436293,-0.16030087871741572,0.021316119795999722,0.22999804194325665,-0.42891798913022033,0.9796619405986403,-0.4152786167622627
['Thelonious Monk'],[490416],-0.07388569101636526,-0.25618984641179215,0.04586521460841703,0.12579234715097545,0.2116349486479955,0.9910541006653609,-0.4848686731587125
['Thelonious Monk'],[490416],0.14451649798390917,-0.11689467571003179,0.06084275759763733,0.191288961862556,-0.27120132283162635,0.8739772367741945,-0.38018195922619347
['Thelonious Monk'],[490416],0.044502835611421286,-0.05763031348244373,0.03390388630341977,0.2051459850364871,-0.013328714364324758,0.6104270084914482,-0.4784198018821663
['Thelonious Monk'],[490416],-0.7594060883156857,-0.4233380229570787,0.10623703286762869,-0.08010618978652424,-0.034399671837990496,0.7532121299710889,0.02354619548628137
['Thelonious Monk'],[490416],-0.7949151583689288,-0.4000148341378759,0.14505865745980012,0.05265273086178064,-0.4770241951205957,0.734838847539842,-0.020968232944818255
['Thelonious Monk'],[490416],-0.7648079599665563,-0.5058136163615208,0.14726641626561926,-0.008659567282203434,0.16599808872315522,0.7543615377466003,-0.08671905773666172
['Thelonious Monk'],[490416],-0.8160389726141023,-0.3380697124682367,0.10236982303673975,-0.032824243491276946,-0.4724657954020825,0.8813169757909084,-0.031122642856361016
['Thelonious Monk'],[490416],-0.7210783598279312,-0.3465087656969881,0.10880166850839647,0.14756869550099844,-0.5038460155620034,0.45626890042398566,-0.04804992262576563
['Thelonious Monk'],[490416],-0.8352958253877462,-0.41202989599895756,0.09426460099031715,0.039781323062667046,-0.5601393816591784,0.8118166897081394,-0.026808402310589164
['Thelonious Monk'],[490416],-0.6538546153435051,-0.38941399874055627,0.11316728536732795,0.27311383209286444,-0.507939946065968,0.835683135333038,-0.4768077439049977
['Thelonious Monk'],[490416],-0.7752309473855393,-0.47762375198303747,0.1662231073837797,-0.06498944587493435,0.15070136453650607,0.7289991323692273,-0.023664693836303572
['Thelonious Monk'],[490416],-0.15316881104886815,-0.2492658302097372,0.036612161525527154,0.19439779451276606,-0.695757435638157,1.0719172788500948,-0.4144038261173543
['Thelonious Monk'],[490416],-0.024958969472621776,-0.24392542615012383,0.09999886675564174,0.3303014181213466,-0.6177618568657293,0.8024681074458364,-0.5576087171448082
['Thelonious Monk'],[490416],-0.09943303174336092,-0.4335196152792703,0.10132025543333231,0.3388663235023505,-0.22678224051904008,0.9021800619648508,-0.6259117962697971
['Thelonious Monk'],[490416],-0.5879942546580742,-0.179749480606227,0.0527118566189862,0.024049124100177448,0.11781780271238355,0.9810057287740833,-0.3681509210955383
['Thelonious Monk'],[490416],-0.3845520725723839,-0.4154429326005412,0.21749373112798678,0.12015699813838596,-0.5005126116210401,0.6168037559088372,-0.10295610301381972
['Thelonious Monk'],[490416],-0.7900138737900483,-0.3457012449473202,0.006224451424246679,0.230773939255219,-0.5035487050923108,1.0024989505653208,-0.1217748146088572
['Thelonious Monk'],[490416],-0.7685403317101895,-0.45438663570387394,0.08074440533627489,0.06254198647107552,-0.2932127456389302,0.7884454278152839,0.015241148152162558
['Thelonious Monk'],[490416],0.01828138611741939,-0.06534629349405813,0.09189903332752096,0.21865493287971519,-0.5315976123041424,0.923333079603498,-0.4252758667597768
['Thelonious Monk'],[490416],-0.43181679619285807,-0.40242695439133186,0.1724027577291657,0.1159075776718369,0.020904393064155778,0.3780562090085931,0.06311371941981031
['Thelonious Monk'],[490416],-0.06236769063641358,-0.08230037216786865,0.08338743188035312,0.32456309929471333,-0.5421891541071616,0.6396942069581293,-0.5085461845463467
['Thelonious Monk'],[490416],-0.14331229225836217,-0.3138116212713117,0.11669500165860153,0.28369087953213845,-0.06561946574208587,0.7637404945655701,-0.5777222804317482
['Thelonious Monk'],[490416],-0.10130786435175043,-0.07451807883557512,0.05665138040997929,0.33661044021166026,-0.4424912674104045,0.6364423041356152,-0.5588761981861569
['Thelonious Monk'],[490416],-0.04792531414875569,-0.09258504184799483,0.07953230475151006,0.37254035945568437,-0.5346153661224591,0.6375364520066625,-0.511288321022868
['Thelonious Monk'],[490416],-0.050135328049665216,-0.3941153913398774,0.10382771101280436,0.250748194486064,0.029743300076294325,0.8905353914554307,-0.5563524648315455
['Thelonious Monk'],[490416],-0.6301767069127802,-0.27654229056655977,0.15553568666243436,-0.14651863143728766,0.1351189473185348,0.7516674018059006,-0.005055385709436763
['Thelonious Monk'],[490416],-0.3359017946916773,-0.30698781931284824,0.2293022970041296,0.044308576041513295,-0.32236131361744624,0.6469511441112141,-0.09470048097100761
['Thelonious Monk'],[490416],-0.022080960859182083,-0.09673518719530302,0.051747753378944855,0.3671014586454968,-0.7678646896859507,1.0152075698276133,-0.4457441490303338
['Thelonious Monk'],[490416],-0.5025164494638326,-0.4437207128437943,0.1944895881376959,0.1056953300190375,0.14892500831663374,0.5452161404435556,-0.21565277722775056
['Thelonious Monk'],[490416],-0.17199577189620394,-0.05320277984877704,0.024810654802465085,0.28283667277901475,-0.6988002495382466,0.8738121815065847,-0.47734784286716614
['Thelonious Monk'],[490416],-0.05224071454843746,0.02046504103535729,0.021637358648319,0.26227944217991295,-0.5516482009265948,0.6410432244996243,-0.5069613762431184
['Thelonious Monk'],[490416],-0.07655858660973419,-0.0438927456967153,0.07602266827354481,0.1434902820800251,0.08210968898322565,0.663067216014646,-0.48313139279195466
['Thelonious Monk'],[490416],-0.21562552686438477,-0.27489371901450854,0.0686575861654432,0.2847972997674468,-0.24230588549883136,0.7916059465387292,-0.6136203982585818
['Thelonious Monk'],[490416],-0.01092216305308231,-0.1379679801420796,0.08422269959920392,0.18905279971210784,0.002441020605682893,0.746581429489893,-0.44660167827869984
['Thelonious Monk'],[490416],-0.8892190532233635,-0.3331488106860531,0.05421697601821735,0.0864357804523516,-0.28676864380345546,0.7508509156849615,0.04882293730448747
['Thelonious Monk'],[490416],-0.7161968269777866,-0.22959009327543034,0.07217449500684443,-0.0016816848121667318,0.0997841045659623,0.8991432999189857,-0.21994231740075793
['Thelonious Monk'],[490416],-0.8908159093020753,-0.5393067904453981,0.09113395587163498,0.27831553509560686,-0.27803383378729674,0.5672959939324125,-0.08021870272479135
['Thelonious Monk'],[490416],0.01826723019184449,-0.2908014602210853,0.07723280765329692,0.23681395730399638,-0.0734892688091411,0.8293574597482812,-0.5769386817475577
['Thelonious Monk'],[490416],-0.6318891615883597,-0.500519938390051,0.1550426495199291,0.1825617046307171,-0.2911701228601039,0.6228882535865959,-0.04725836010549684
['Thelonious Monk'],[490416],-0.5681832457227043,-0.4473644577790477,0.1906371361653986,0.07461936385486723,-0.4977963431219,0.6474690287875775,0.026543110337382065
['Thelonious Monk'],[490416],-0.038718280423916944,-0.10913535931038156,0.10115165042326757,0.27150440850336915,-0.5298461826195858,0.8456771692312945,-0.4670117034621253
['Thelonious Monk'],[490416],-0.6288888328208152,-0.5684813282601574,0.1362977087967854,0.206561771719952,0.09294890011503906,0.6560303985724645,-0.2284712301536982
['Thelonious Monk'],[490416],-0.46838542259791666,-0.3919446650060045,0.05364746785271074,0.2803026134145475,-0.23590511919420307,0.8634248464617895,-0.3194607603894736
['Thelonious Monk'],[490416],-0.08392281857697523,-0.17306872147274943,0.16638427747132897,0.33505318319842475,-0.16585937188666713,0.6566049986972952,-0.5446269942186562
['Thelonious Monk'],[490416],-0.1530626501147194,-0.10562345011527988,0.04099125039790664,0.2023454894509389,-0.33932183623184276,0.8832553265469592,-0.5045722385009319
['Thelonious Monk'],[490416],-0.2571359650917794,-0.1633880778498281,-0.0007052441659993973,0.16775699381365206,-0.496930740843112,1.126424486194815,-0.4792524350795755
['Thelonious Monk'],[490416],-0.039757552242418975,-0.07889887182504417,0.06295632942397264,0.31036787838229485,-0.26804943319086627,0.615549208452093,-0.5272541686852928
['Thelonious Monk'],[490416],-0.44035947495179195,-0.2378691087190617,0.04723428698198085,0.36774290746118143,0.20968469510575902,0.62948915232168,-0.29415084332766
['Thelonious Monk'],[490416],-0.13996144737184651,-0.17393593760936799,0.06279063004199813,0.3636744607876893,-0.44660237322808105,0.6245814890630301,-0.41695714005502515
['Thelonious Monk'],[490416],0.03867739349013434,-0.35339777723036664,0.10192221135653758,0.2623153036135016,-0.06842056033954186,0.8459978757958573,-0.6241250073588591
['Thelonious Monk'],[490416],0.041071742184603216,-0.26665999763007986,0.11470632605097326,0.29425518152724056,-0.25070040929308385,0.8271716843801119,-0.6207314914364489
['Thelonious Monk'],[490416],-0.015245152343422545,-0.37570470471436634,0.08147230431742465,0.2861482855329139,-0.15668791365557644,0.8363850734689495,-0.5874106813924831
['Thelonious Monk'],[490416],0.16047629108471217,-0.10427203469535959,0.1245025146718678,0.17763002830428432,0.07687073655891677,0.6987345479369087,-0.4574827320531237
['Thelonious Monk'],[490416],0.12453493878680406,-0.07507885044681643,0.06164306521631598,0.2819060685463901,-0.7130446396244151,0.9232931977392491,-0.3970294703896929
['Thelonious Monk'],[490416],-0.5620488670178932,-0.48646578929297724,0.14332543637322462,0.1210930848344739,-0.2904056697987197,0.7297390949029859,-0.023842458579843306
['Thelonious Monk'],[490416],-0.5999801647222961,-0.4061581838230535,0.09698399126100155,0.11558176284933834,-0.2714206469570687,0.8417088811103638,-0.13453014793988205
['Thelonious Monk'],[490416],-0.038697133638182384,-0.08841049305252999,0.03698834833957528,0.2999928807624171,-0.5438078818546676,0.6677779252451925,-0.4765815716185494
['Thelonious Monk'],[490416],-0.15955124885198263,-0.15877380249272116,0.04383367674763507,0.29302453313001453,-0.5179082796237189,0.8292309536145903,-0.5322895235198978
['Thelonious Monk'],[490416],-0.10908138797641284,-0.12368179413376847,0.07735767736676608,0.1567502893985231,0.10310128503146597,0.7965120595682961,-0.4770370924101287
['Thelonious Monk'],[490416],-0.13532810480757085,-0.16349801504866848,0.0866814580489519,0.4041066612302344,-0.6921892717226396,0.7679116645492652,-0.6013513095325358
['Thelonious Monk'],[490416],-0.08381554701941504,-0.0707918470972917,0.04281747314909755,0.32434258052246107,-0.5354043059237793,0.6671227381572158,-0.5542274438974654
['Thelonious Monk'],[490416],0.028357378475164965,-0.10570433009212708,0.10422311993392666,0.3160298705129412,-0.5338215637264575,0.7804885942193044,-0.5013325349271445
['Thelonious Monk'],[490416],-0.3439365383769079,-0.41487116983214445,0.10454988399519675,0.295701973117573,-0.7134749741046531,0.7914344133760227,-0.3829742478726357
['Thelonious Monk'],[490416],-0.6911695724972481,-0.5111586977045091,0.35757441309794963,0.0544155457815731,-0.11579039609492314,0.6964213287751267,-0.19209292089817215
['Thelonious Monk'],[490416],0.0529555243601312,-0.2973417548528794,0.07211163502751522,0.3709234396065395,-0.6984833908163014,0.8764105436072923,-0.5740644429603766
['Thelonious Monk'],[490416],-0.12405768407348897,-0.3364528574198115,0.05614056400703785,0.26071205398074326,-0.6698665793385329,1.1787207209306483,-0.5237063828214295
['Thelonious Monk'],[490416],-0.4709733943244929,-0.44832921207614496,0.1819104265693537,0.14524140307683484,-0.5163336224267573,0.4487881494210825,0.0017438578908145492
['Thelonious Monk'],[490416],0.07252463964212462,-0.25201051867816254,0.07250989439468093,0.3388194903884272,-0.6144879947542812,0.8498222863500657,-0.5909407669084703
['Thelonious Monk'],[490416],-0.5986907517042435,-0.41517149801911485,0.17583366299357384,0.06599257271972359,-0.498494962345315,0.6286906805864447,0.025518203272359423
['Thelonious Monk'],[490416],0.007801654791581569,-0.20412306207710776,0.07545535907703098,0.35964835896099107,-0.5325943837875745,0.7147808416901151,-0.550166852116005
['Thelonious Monk'],[490416],0.0631823685208837,-0.08729758431853117,0.09687856634534928,0.3338364548825952,-0.6324315771219757,0.7107690148370875,-0.5032719312602378
['Thelonious Monk'],[490416],0.04957804388219408,-0.20656133421622874,0.057579894740360335,0.18060243462198536,-0.07593867630513605,0.9071496433982219,-0.4620902073226526
['Thelonious Monk'],[490416],0.04895888938579058,-0.0827058215106434,0.026086004607877276,0.2577788072765746,-0.7021336140725568,0.9937375172304308,-0.4139246247570022
['Thelonious Monk'],[490416],0.20668113824550902,-0.12027038294938172,0.08565883213271383,0.18326815541051822,0.06488830214554772,0.6229798181163216,-0.4643533831480681
['Thelonious Monk'],[490416],0.0980987524565654,-0.027128207772818623,0.04382331439636525,0.08783797084501774,0.08471539517664782,0.8361722664768962,-0.420929619193947
['Thelonious Monk'],[490416],-0.024323223937026333,-0.07550477316225886,0.025900829442032168,0.2224515333658566,-0.4360892877460961,0.9113035972443638,-0.4037477207948592
['Thelonious Monk'],[490416],-0.5612500186340129,-0.3697357899509617,0.0041037852437910164,0.4503835496383732,-0.2088686387667445,0.8248153702134323,-0.44549007997853585
['Thelonious Monk'],[490416],-0.1409919762743596,-0.10541362336347566,-0.00538856474858756,0.20926153710152315,-0.06511626017108806,0.8652577737884285,-0.4414330549715833
['Thelonious Monk'],[490416],-0.9451651274082921,-0.3168119873233003,0.049928001096879865,0.09344648519870996,-0.28247625052424813,0.742580173823648,0.02970612898741368
['Thelonious Monk'],[490416],-0.9334308662075042,-0.4800849243163171,0.08386068821970728,0.27950142536272843,-0.2796657630095112,0.5290862774539675,-0.08971128868842158
['Thelonious Monk'],[490416],-0.707522488225285,-0.4968320407905472,0.14849895539217658,0.1945851025649444,-0.28904469564378976,0.5949094486706813,-0.03728823381064488
['Thelonious Monk'],[490416],-0.3308187829241101,-0.20877108344260698,0.07043452953061194,0.1535746062999596,-0.5294611005762754,0.9467436703409116,-0.4078586957598376
['Thelonious Monk'],[490416],0.12118838494107786,-0.13727044868182056,0.04603756577422012,0.2262117133801089,-0.4385003412790652,0.9501863329215873,-0.43963154544784866
['Thelonious Monk'],[490416],0.20097996998771672,-0.20199565446521855,0.07870741112375758,0.22446538500461277,0.16134431830987336,0.6049376407756902,-0.4743049843271149
['Thelonious Monk'],[490416],0.221768362350816,-0.07668647671742947,0.10730036880173216,0.17726897366578423,0.062372981923636224,0.610469937088321,-0.5117663548503395
['Thelonious Monk'],[490416],0.1272068414819884,-0.1398848334304783,0.13174637829665073,0.179644028044898,0.07066807923214248,0.6550313286337858,-0.4730468564535769
['Thelonious Monk'],[490416],-0.6600817982432063,-0.1949721838851603,-0.00020804255980379915,0.28839667388825485,-0.2556404436356927,0.7120970649852606,-0.14523377212473895
['Thelonious Monk'],[490416],-0.5491151123510649,-0.4289834701702482,0.22980623044095597,0.030475085016120715,0.11303353384289394,0.39074031890953864,-0.04502713252295255
['Thelonious Monk'],[490416],0.08366054026539221,-0.12410993853791118,0.0478860454934396,0.21827465058308518,-0.17488764939115164,0.8317408014721013,-0.3923359040513066
['Thelonious Monk'],[490416],-0.18208291148885325,-0.2807279938420266,0.0784809087075936,0.3333963405104173,-0.5175836615914723,0.8378497630491621,-0.4619409198103784
['Thelonious Monk'],[490416],0.06606109596453771,-0.20272698505729778,0.06754073484305875,0.21236601824996806,-0.08260184895666767,0.8084274188074675,-0.5453208149978694
['Thelonious Monk'],[490416],0.13034723555737673,-0.21698371056078014,0.14790945670650582,0.2977830094821907,-0.2732190544963957,0.7243866721268812,-0.49201807635740114
['Thelonious Monk'],[490416],0.14669435436036082,-0.17280270570204895,0.0635596581157676,0.15771892193351883,0.18054653644735025,0.8050220496182956,-0.39326385416927895
['Thelonious Monk'],[490416],-0.098145398502997,-0.2556752949633736,0.10379896702885386,0.19323710404647804,0.06658889331454305,0.5714381733732566,-0.2883384569890267
"['Them', 'Van Morrison']","[925181, 307461]",-1.2435120408016846,-0.45000334685585436,0.04411333886470842,0.3516798607404856,-0.42549546012596,0.6332607320353746,-0.13936014411070055
"['Them', 'Van Morrison']","[925181, 307461]",-1.248636113001495,-0.2422695181569854,0.21079600785151717,0.15548333421231203,0.18001099090273157,0.5079664312870686,-0.3202830592183165
"['Them', 'Van Morrison']","[925181, 307461]",-1.0187577729399857,-0.2179297513233128,0.11639687929778172,0.1712011761254484,0.15813435415862975,0.3861744947471232,-0.23693623602658295
"['Them', 'Van Morrison']","[925181, 307461]",-1.2466804646630498,-0.2353928989143794,-0.029414687826672392,0.34256380627032224,-0.805715067040152,0.5737624304007138,-0.22435305152237814
"['Them', 'Van Morrison']","[925181, 307461]",-0.9876567390989613,-0.0328685661138939,0.015184876900441152,0.16792740639410036,-0.05895248906257592,0.20972107324334044,-0.14330634008737841
"['Them', 'Van Morrison']","[925181, 307461]",-1.299899119050269,-0.13233360807064776,0.5093518882775337,0.15167162761110234,-0.0007947057191650392,0.5164821515971018,-0.5013041677725573
"['Them', 'Van Morrison']","[925181, 307461]",-0.5867430837499001,-0.33945652610647237,0.1629086518885702,-0.12953333720633844,-0.15277912517403028,0.7068024552190565,0.07203822459679522
"['Them', 'Van Morrison']","[925181, 307461]",-0.6562722877781919,-0.4115053896479727,0.24662120221380923,0.14603198078073026,-0.5037785294734466,0.49170732930778016,-0.1369105859776758
"['Them', 'Van Morrison']","[925181, 307461]",-1.1496269764509612,-0.24349759957037087,0.5189425348773892,0.1708653948588068,-0.44747896778828045,0.6636902462823313,-0.4058807482865715
"['Them', 'Van Morrison']","[925181, 307461]",-1.2595319856452365,-0.3347157436109502,0.011868920989660829,0.2061679727536027,0.18841597742534721,0.5209485452443375,-0.18843548436211385
"['Them', 'Van Morrison']","[925181, 307461]",-1.178544875961419,-0.5369471316397845,0.20262044570176252,0.18439948400628264,0.19944331789989891,0.6111902138336716,-0.26303435832387284
"['Them', 'Van Morrison']","[925181, 307461]",-1.2426709155105093,-0.16787199624024265,0.14262945093571722,0.035683172463377134,0.0007460378281532422,0.7155024815978211,-0.15472831884803342
"['Them', 'Van Morrison']","[925181, 307461]",-1.1065169235611325,-0.34097922844401335,0.10484722183339554,0.17378110306801756,-0.18359597826946583,0.5895532743871081,-0.1544563441042421
"['Them', 'Van Morrison']","[925181, 307461]",-1.0631577655740898,-0.053997134064688174,0.2049259073453964,0.15771202860795666,-0.3041298009148739,0.4223321517010644,-0.17028252630717464
"['Them', 'Van Morrison']","[925181, 307461]",-0.9597453723357727,-0.44637095397493903,0.09399193697765286,0.19351699744663997,-0.015152216199673812,0.5322316306752711,-0.10176583615768911
"['Them', 'Van Morrison']","[925181, 307461]",-1.005554767859984,0.00532882181367843,0.08814516435074574,0.05220623723021256,-0.48549973377266076,0.6692824318240485,-0.02633464955674393
"['Them', 'Van Morrison']","[925181, 307461]",-1.2457919963345427,-0.25679888023572545,0.1079265438017037,0.30857169539537427,-0.6146338869952963,0.6190039508652081,-0.19900152822856498
"['Them', 'Van Morrison']","[925181, 307461]",-1.3477061240822137,-0.3268190303877579,0.29564070493267003,0.29532559082112336,-0.42274436728430503,0.6604536584874551,-0.4234833438395915
"['Them', 'Van Morrison']","[925181, 307461]",-1.1745170315006024,-0.008237259595094368,-0.018528442280999827,0.32050924573797795,-0.6181816413447633,0.5826059189055444,-0.2969716854982544
"['Them', 'Van Morrison']","[925181, 307461]",-1.227838743355346,-0.29903816862266724,0.2029919704486848,0.18226735286126228,-0.4387363779602255,0.7173962437939669,-0.29908603653398746
"['Toby Keith', 'Willie Nelson']","[510805, 583959]",-1.2503749761530512,-0.47619837266748644,0.039885092663907426,0.3813354966818778,-0.6882422568409758,0.6610204184889481,-0.1856865122177144
"['Toby Keith', 'Willie Nelson']","[510805, 583959]",-1.1959235724688417,-0.5218726233685744,0.05600038870634059,0.36685747368596855,-0.6898170321023516,0.6876720021008723,-0.18337497170430708
"['Toby Keith', 'Willie Nelson']","[510805, 583959]",-1.2294579918448436,-0.5184572510440447,0.046066531230665245,0.3850135659104159,-0.6861037358267726,0.686851746645779,-0.18979450786445254
"['Toto', 'Brian Eno', 'Daniel Lanois']","[6320, 617196, 955544]",-0.1581934891932271,0.2704414288865904,-0.14215821349564645,0.2543505645941435,-0.01688488106871036,0.5565805575197824,-0.5204139207098608
"['Trevor Jones', 'David Bowie']","[747028, 531986]",-0.818078410989447,-0.13532509767303558,0.019809862011818176,0.27729328283411264,-0.4689431306794561,0.47010741087677543,-0.16407341552019616
"['Van Morrison', 'The Chieftains']","[307461, 67406]",-1.038876792115014,-0.04681203346779279,0.004687189585186894,0.09231142559907636,-0.6561191933096346,0.712167412735587,-0.05441455577400959
"['Van Morrison', 'The Chieftains']","[307461, 67406]",-1.0708753700369316,-0.5770279980411739,0.0999250545308788,0.34705779184132757,-0.5917811670222721,0.7661399016730422,-0.3123391970386631
"['Van Morrison', 'The Chieftains']","[307461, 67406]",-1.1398580766129962,-0.09031915968048387,0.39386655645155627,-0.012739402097003513,-0.631370674835977,0.9417914430293732,-0.24016925456695684
"['Van Morrison', 'The Chieftains']","[307461, 67406]",-0.41202029102888593,-0.1692914571260833,0.14708810708851774,-0.06814647467954797,0.06706506668949103,0.2647236891331612,0.055222767983359525
"['Van Morrison', 'The Chieftains']","[307461, 67406]",-0.9709087535219435,-0.4171659726210246,0.23794014166735572,-0.026540191418857755,-0.18435936136462383,0.8773738135650557,-0.13383147303455467
['Van Morrison'],[307461],-0.35389415960118714,-0.29836658228216756,0.1748292057782315,0.05509904252563115,-0.27798940960263074,0.3409763713935705,0.03716156629177202
['Van Morrison'],[307461],-0.3943990451876756,-0.38615945430314036,0.7063145404015986,0.22322867869874408,-0.6957662367764146,0.6339016946697312,0.011544313120132262
['Van Morrison'],[307461],-0.8283787941159663,-0.4504638309397834,0.10050421062122872,0.28885105912536463,-0.4776458079520691,0.45730947977680714,-0.12218392793495003
['Van Morrison'],[307461],-0.8560094411457545,-0.2709240448224803,0.059165819814885626,0.12739772576924674,-0.47023961763784383,0.7129232607872219,-0.015152002087845772
['Van Morrison'],[307461],-0.8939407664529726,-0.6169107202911236,0.038321776276778456,0.329457499375488,0.2212301294032045,0.7196502800696317,-0.3240998793554413
['Van Morrison'],[307461],-0.5671376470724108,-0.4169488577428447,0.17662952891835337,0.021804917712344104,-0.4993149455604772,0.7490177357851756,0.03227096520852293
['Van Morrison'],[307461],-0.6507684106074199,-0.4682242096776139,0.1943510922044063,0.1899550701238452,-0.8523699599395279,0.5964956976550828,-0.029154870562164082
['Van Morrison'],[307461],-0.6813427699770832,-0.48968945219213544,0.16280919699456237,0.20268057996301758,-0.6662836297212357,0.5689572421919262,-0.049833696362304364
['Van Morrison'],[307461],-1.0244919321903223,-0.44048106788576524,0.09225950584724242,0.2888167210763322,-0.4542115614757505,0.5270876117939678,-0.17731107076738334
['Van Morrison'],[307461],-0.8195120648280182,-0.36593621337906385,0.08904802783354776,0.28583123696863794,-0.4851289383226548,0.3921757842151623,-0.15724944564194568
['Van Morrison'],[307461],-0.7820124318371042,-0.34537196831274547,0.10160785483696018,0.04027115007317532,-0.20930333265975093,0.6442161987451552,-0.028677201209247535
['Van Morrison'],[307461],-0.42757002342082207,-0.22691133750215506,0.07782655862168919,0.03813088406616886,-0.5323563726428743,0.5275004158508945,0.16035484075168582
['Van Morrison'],[307461],-0.3736556575430841,-0.35021757363005473,0.21398027777117784,0.035385862226624376,-0.5178458451120675,0.6463532463240771,0.11046624485504043
['Van Morrison'],[307461],-0.7538791623736059,-0.22209148773940518,0.22678708021151603,0.13119435172485222,-0.48261402083900484,0.6594641771018541,-0.0789113633623384
['Van Morrison'],[307461],-0.7626398868936897,-0.43299013028231387,0.10832535311904692,0.1491488418980225,-0.6555018273077449,0.7271731709159097,-0.0378360771145533
['Van Morrison'],[307461],-0.813154029966378,-0.47471895492932187,0.07687453191309343,0.31497870827471997,-0.4744276860216248,0.4725716121723488,-0.07476875579810298
['Van Morrison'],[307461],-0.7365794964535999,-0.3254455834994639,0.08539942553317889,0.18643095772362447,-0.6572322510778187,0.6481768070457034,-0.07916506432755135
['Van Morrison'],[307461],-0.48898103207472365,-0.32588708766662594,0.18189529684495517,0.12086377942156186,-0.5221151135492638,0.41971670226810653,-0.0008081537659361728
['Van Morrison'],[307461],-0.6979641486947655,-0.3044778042085663,0.033060705674881924,0.046126548538402014,0.1244304420309883,0.513317619366651,0.07410458712721701
['Van Morrison'],[307461],-0.45067562192626603,-0.575295233649606,0.4299095923689184,0.19410589488710675,-0.32877747350201236,0.5254844188312234,-0.05923858131243712
['Van Morrison'],[307461],-0.7994009433941747,-0.3668878504812273,0.13052066128439516,0.09784112764891939,-0.4703581681696704,0.7509647049384178,-0.01588558412616124
['Van Morrison'],[307461],-0.7017372031773359,-0.5341231287420991,0.2819875265021173,0.08095099805253939,0.13708287616847023,0.46053168605196054,-0.12169123369776857
['Van Morrison'],[307461],-1.1410913539087073,-0.3956770766469247,0.03937491985878052,0.24028924695508555,-0.7022630114506592,0.796243769506668,-0.17872492736815845
['Van Morrison'],[307461],-0.4361686609186397,-0.39421393683917416,0.1707994650035912,0.22082608041502613,-0.8561872649969383,0.6280384096490611,0.12265473799365985
['Van Morrison'],[307461],-0.27032751662375926,-0.1324732967579227,0.1028433804174369,-0.05031121447458798,-0.5389831869052625,0.5904564297087614,0.08418525955548894
['Van Morrison'],[307461],-1.0902023100870206,-0.02771973782364691,0.825239137729102,0.17423683340941298,-0.1127247571626051,0.5000996383233737,-0.37925049372762476
['Van Morrison'],[307461],-1.149258460993209,-0.42106589743898803,0.00040619139509520056,0.32782713423502896,-0.5141194571937631,0.7149427762138598,-0.1257415592926372
['Van Morrison'],[307461],-0.8542386709044704,-0.21166545594639632,-0.06675085362411493,0.4258269521520421,-0.34315037320590663,1.0436942836563825,-0.6398794343874316
['Van Morrison'],[307461],-0.6528998555168924,-0.48867175440028504,0.3623411728477743,0.11966726684425764,-0.13079170971082235,0.5242969683580716,-0.18484188572137764
['Van Morrison'],[307461],-0.9004041741602702,-0.5895419049333387,0.16913992588468138,0.18111727801447502,-0.6238032115626071,0.8926050396150832,-0.138401339624588
['Van Morrison'],[307461],-0.8815679329543747,-0.5534118351909852,0.14017895402511346,0.3154635695568922,-0.5516524843490853,0.5248208355026938,-0.17940927141170054
['Van Morrison'],[307461],-0.5790104164629954,-0.46547074582985143,0.139712792491371,0.0660036324917105,0.13207087490671537,0.5226165671293471,0.09622324254589684
['Van Morrison'],[307461],-0.5572261548207703,-0.2676457188848345,0.061741018826110175,-0.024491167728578248,-0.13140650008277122,0.6970361763490295,0.0686077981202828
['Van Morrison'],[307461],-0.369233497150058,-0.4209876729841488,0.1386268974464024,-0.005360740694841808,-0.2566916420875253,0.5885998184677146,0.15846953463193
['Van Morrison'],[307461],-0.6617750882108018,-0.5723468067695077,0.4320785372060107,0.12164237401894797,-0.20381443175500674,0.7127168127489716,-0.1577219179579852
['Van Morrison'],[307461],-0.5247880039017604,-0.3947008353750153,0.4113715164709194,0.2199157781870859,-0.5111411053560543,0.4805949810190323,0.065701055003236
['Van Morrison'],[307461],-0.5678861148194915,-0.4848236173143412,0.3655777129806237,0.12044985376406019,-0.23298403346618407,0.5090854161350544,-0.16187603988858504
['Van Morrison'],[307461],-0.9595882480704896,-0.3908782005785242,0.09493873212188889,0.3627389696119083,-0.4606428240127075,0.45167556855225766,-0.13065776363392312
['Van Morrison'],[307461],-1.1116556453589646,-0.39837296113978105,0.02263566282808048,0.20555845053430227,-0.43764693813308625,0.7850750279718324,-0.10610837599051984
['Van Morrison'],[307461],-0.8655100534954907,-0.1560461593579568,0.7583505350148416,0.178512657367877,-0.4741435350648669,0.5839489723391779,-0.3883483680205962
['Van Morrison'],[307461],-1.2398727874836777,-0.034827286128525106,0.5426355864432642,-0.08126776425738856,0.00039824618213413215,0.8380587105117501,-0.3133062253937972
['Van Morrison'],[307461],-1.2980474687436043,-0.3152827356983823,0.15987986256460163,0.23149204912652294,0.019919469971345145,0.5836089619053187,-0.25402896895552574
['Van Morrison'],[307461],-0.8891823264676117,-0.3903058673696115,0.30298793655215944,0.2867222184774183,-0.4760619920527113,0.47513844887092777,-0.22189571108054335
['Van Morrison'],[307461],-0.7777665040250267,-0.6490715059400973,0.20446838393325542,0.04632907871171889,-0.005122982052102762,0.8088997758764048,-0.0662453374545428
['Van Morrison'],[307461],-0.6528998555168924,-0.48867175440028504,0.3623411728477743,0.11966726684425764,-0.13079170971082235,0.5242969683580716,-0.18484188572137764
['Van Morrison'],[307461],-0.8843421677341168,-0.5735998072827476,0.08745162788543968,0.312554393451845,-0.5473491310613128,0.588268160860853,-0.16095688007851386
['Van Morrison'],[307461],-1.0198634151494688,-0.5594782139063749,0.06472993348768746,0.33110388922186845,-0.44027280319137946,0.6604565211953388,-0.13250318890352614
['Van Morrison'],[307461],-0.578312491747551,-0.5752180267898429,0.2228762775870888,0.1478012814718252,-0.1346809008388936,0.5075235395805424,-0.07535042918230092
['Van Morrison'],[307461],-0.7850241025402751,-0.31815840503340204,0.3558235155729758,-0.004764238942629573,-0.29615837959967184,0.8429052026967785,0.039721917868397245
['Van Morrison'],[307461],-0.9456435098128169,-0.39501422592211144,0.10924304465578584,0.24018646314986353,-0.19916923909023831,0.4725522036499152,-0.12582913666548595
['Van Morrison'],[307461],-1.0174237322044855,-0.43979481763227474,0.07491115785734948,0.19920058216589753,-0.6233806368653795,0.7765467766851246,-0.10610782183218555
['Van Morrison'],[307461],-1.1143998684268412,-0.2255102521531523,0.5725915347019064,0.3194020011577654,-0.7170184317256961,0.5671315226898487,-0.4546966345345953
['Van Morrison'],[307461],-1.2599959199352644,-0.13396326259170738,0.8324210316980898,0.30544923801709084,-0.7870639706378423,0.7727544925075462,-0.4027353697910913
['Van Morrison'],[307461],-0.4784619100913881,-0.18640794855667514,0.11018859418420678,0.0076852445250649845,0.08492315284332105,0.28101248935645273,0.09303650790107051
['Van Morrison'],[307461],-1.1619193437592612,-0.16477346952143768,0.6536409092247972,0.032785614658053415,0.004118240107069129,0.7353876641314409,-0.38677819581722267
['Van Morrison'],[307461],-1.03546794797027,-0.5193898332732076,0.09485143005338209,0.336916768527465,-0.6249928092060453,0.6144315487751527,-0.19335481877457245
['Van Morrison'],[307461],-1.017118619265758,-0.05101077495299681,0.008334690241967407,0.4147186888447901,0.07164021080415568,0.717874066641862,-0.5594452462984084
['Van Morrison'],[307461],-0.6831481671334536,-0.4555350820064042,0.11447996060380157,0.15122499545043572,-0.48247935842390993,0.647773361146154,0.025335989907229618
['Van Morrison'],[307461],-0.6818338320543484,-0.4293973025208619,0.14406564332669383,0.07830456049301263,-0.04808756288778287,0.5072519809019413,-0.04519149127497834
['Van Morrison'],[307461],-1.3244555506275695,-0.35814625237837167,0.30111149362477185,0.3116333776922194,-0.5879162433211634,0.7700614362682081,-0.3567913930567767
['Van Morrison'],[307461],-0.5215865876148438,-0.4128224343587723,0.2232473905499112,0.08611301406070782,-0.6843577042023995,0.6277382214021028,0.04200444309443772
['Van Morrison'],[307461],-1.0109178969467711,-0.48494251450207854,0.24986876283230577,0.20555265153111205,-0.6208344911630265,0.8168482805838374,-0.23303808170966256
['Van Morrison'],[307461],-0.6156473538230334,-0.3795382152264967,0.11186930080364867,0.07825126441598074,-0.6840040802682059,0.6489805343511625,0.05455194564514296
['Van Morrison'],[307461],-1.116172073403568,-0.2947022270479559,0.7004242565830806,0.12419162907321808,-0.4394897011830957,0.7946157707735326,-0.43585172146701423
['Van Morrison'],[307461],-1.0748385798583477,-0.309319882976096,0.005037264938366161,0.2365916376519671,-0.45949256750899103,0.5733820113217689,-0.11602172765430345
['Van Morrison'],[307461],-0.7926764251720475,-0.40147087020368416,0.10182910266138578,0.2893299250877251,-0.47807576042104255,0.4310957067308369,-0.12699581930781578
['Van Morrison'],[307461],-1.0983689704053825,-0.4398419105227694,0.03116465138076139,0.22895994080632956,0.18068813486771945,0.4757182506352927,-0.14247045976440284
['Van Morrison'],[307461],-0.7558463529629186,-0.12021413708119424,0.040902296022964885,0.06708130253414797,-0.5049397135840418,0.5548389756934706,0.08791171163811858
['Van Morrison'],[307461],-0.677845447134506,-0.5031644667514591,0.2808062613321848,0.22209135938082475,-0.5719922092979538,0.5869735872708186,-0.16407962986657287
['Van Morrison'],[307461],-1.020876086311104,-0.22519038914317668,-0.06793384398495245,0.4731054169603094,0.25852930629864956,0.6722247155752039,-0.44360115226321384
['Van Morrison'],[307461],-0.48840644358501945,-0.3508445754800601,0.3685718598036849,0.08406891456712354,0.10312718150276187,0.4106029312766307,0.02256901931318623
['Van Morrison'],[307461],-1.244833777140619,-0.07645976474571582,0.5712341105501932,0.20032942500780854,-0.6087473041321712,0.7687188451841482,-0.503472992894853
['Van Morrison'],[307461],-1.031522637852983,-0.21450812868973834,0.5396520782999774,0.0805833829292172,-0.2001439845668857,0.5647641431211691,-0.38372112657472224
['Van Morrison'],[307461],-0.8180821891499553,-0.1496810196546599,0.676920748263669,0.13136272579752728,-0.5004105524560448,0.4556571879961726,-0.3893124560986051
['Van Morrison'],[307461],-1.1109811446730442,-0.2803276948335197,-0.0038367135214053853,0.36188312393123906,-0.6219718235182826,0.5807513911297703,-0.07025780702645389
['Van Morrison'],[307461],-0.4501861377938891,0.09154897901393325,-0.09153014969520487,0.24868493055009133,-0.17106839243306568,0.6590212407717956,-0.3887183433829374
['Van Morrison'],[307461],-0.5314930468403535,-0.3482692447318955,0.3865028525860847,-0.11583059609712724,0.11226835172696234,0.6468278589150068,-0.04478359980840069
['Van Morrison'],[307461],-1.1318098497199014,-0.5633891157316737,0.035895575767722766,0.3264430546818072,-0.426153703351676,0.7079362220430124,-0.16460418703235757
['Van Morrison'],[307461],-0.3567379795487467,-0.5141104394686778,0.24497418896019643,0.15374589172380657,-0.7039607293690993,0.4934948424039044,0.013288222826344395
['Van Morrison'],[307461],-1.1140705338141568,-0.43247162431873587,0.1911293898561156,0.17038511191108002,0.005958972808376569,0.6700389665517642,-0.2146357860331446
['Van Morrison'],[307461],-1.2052710823644346,-0.4435822602404342,0.07306915595624869,0.28982290668653954,-0.419786436256418,0.7672715409435267,-0.22724000725715876
['Van Morrison'],[307461],-1.1821624108243394,-0.550560184279693,0.032638121522941745,0.29652658802318677,-0.41833286695337074,0.7668927375033711,-0.1971963631559387
['Van Morrison'],[307461],-0.6142452644921919,-0.10486383290087106,0.301608763511399,-0.0616308337648548,-0.15588735538335888,0.6339822440340843,0.08584441947653748
['Van Morrison'],[307461],-0.37476840591028815,-0.43016931586970464,0.3620617560455809,0.14443532632770606,-0.7067440735715215,0.4837100565264386,-0.02952722243725994
['Van Morrison'],[307461],-1.0951474249149051,-0.26348734103392546,0.008877845266200142,0.1540960309671099,-0.454944048378867,0.7278420003425067,-0.09294379098147819
['Van Morrison'],[307461],-0.8279184210089827,-0.4023856511820134,0.09538272574060076,0.198971412712583,-0.47000130832434933,0.6322310526993639,-0.003692277719534103
['Van Morrison'],[307461],-0.9499048471306737,-0.06280461347339361,0.5323564848174999,-0.14310945219527346,-0.025589137891532936,0.8514512508301011,-0.17540927183732197
['Van Morrison'],[307461],-1.286089456268219,-0.2829944371425022,0.6477398725490385,0.19835748116156554,-0.23806314260103448,0.7439974040884074,-0.535920352717879
['Van Morrison'],[307461],-0.6496137344228603,-0.06971262738544842,0.6934307780166752,0.09111556371107231,-0.24393611351379643,0.40893645150056157,-0.2941194235882155
['Van Morrison'],[307461],-1.1199024007576766,-0.35124569256704435,0.36193520269582447,0.17298810674436887,-0.16865503012597416,0.6963951570976692,-0.2744656344966856
['Van Morrison'],[307461],-1.2213002756884417,0.002128186792557879,0.6074817510954754,-0.0004393325341334662,0.17691815652788626,0.6622122732178612,-0.40765976890404926
['Van Morrison'],[307461],-1.0005220420948158,-0.18699361838602838,0.11260535128740005,0.12196141046434106,0.16785944902572675,0.6271332065238734,0.09661016562792761
['Van Morrison'],[307461],-0.7290122568721268,-0.6613398435285516,0.1139956203081018,0.25963690135149864,-0.1611408388871384,0.7320064383537616,-0.2215686005799143
['Van Morrison'],[307461],-0.9077457497689849,-0.03436659038701974,0.17184370417811087,0.2477525971403626,-0.5002391869357782,0.32789205911795954,-0.14642518812597752
['Van Morrison'],[307461],-1.1311084202007757,-0.3585875996884051,0.22240061402045183,0.15962783353753662,-0.4399778935828263,0.8048540185781728,-0.2466027532084116
['Van Morrison'],[307461],-0.831048554858866,-0.4529366159066633,0.10508764995450673,0.22072878993768502,-0.20815388990788075,0.501945095574712,-0.13010538284221912
['Van Morrison'],[307461],-0.6392275427539895,-0.4113885717092256,0.16007486318526662,0.2275051902294984,-0.6725432424580449,0.5389631616825736,-0.08702031826022799
['Van Morrison'],[307461],-0.928258900759348,-0.5452896303804761,0.1193254007064734,0.2995956509871418,-0.5470091537560263,0.579650449880559,-0.18588012242829832
['Van Morrison'],[307461],-0.650565078195417,-0.5037227430833365,0.18231190309015155,0.27644287913368365,-0.6729354775838144,0.4721792422341026,-0.10272453392299516
['Van Morrison'],[307461],-0.349502725897026,-0.43920774601297724,0.3340335267550098,0.12239389840514377,-0.7126652191289896,0.48400705616735706,-0.015708748669265207
['Van Morrison'],[307461],-0.8283787941159663,-0.4504638309397834,0.10050421062122872,0.28885105912536463,-0.4776458079520691,0.45730947977680714,-0.12218392793495003
['Van Morrison'],[307461],-1.0126252478461362,-0.6715644666198017,0.08892848615850822,0.21921304156128976,0.017501217722733376,0.7216391888078062,-0.12224212151706056
['Van Morrison'],[307461],-0.813154029966378,-0.47471895492932187,0.07687453191309343,0.31497870827471997,-0.4744276860216248,0.4725716121723488,-0.07476875579810298
['Van Morrison'],[307461],-0.7246480209017081,-0.16510581219528872,0.029290711258474343,0.08672608956436527,-0.5108150754450428,0.5043388080665021,0.08420788726316428
['Van Morrison'],[307461],-0.7787560410696592,0.008699358751807574,0.03140705181736601,0.015693930140101,-0.24870549294105587,0.44800094219451875,0.051125757594801056
['Van Morrison'],[307461],-0.7767352362853256,-0.5785916608209677,0.1940346218628595,0.1153066286936329,0.15041222484363545,0.4920367904471866,-0.09776650384087379
['Van Morrison'],[307461],-0.8807996434528425,-0.373480025529183,0.2004848542688499,0.204243652477017,-0.20867653333431108,0.4912924485939033,-0.19308957559063353
['Van Morrison'],[307461],-0.4856650035312897,-0.15548639585333243,0.03751894899787801,0.07681379533252215,-0.5225922540198272,0.5420345275111711,0.15786037595968638
['Van Morrison'],[307461],-0.9314496677231607,-0.2565697101022113,0.016499946080112717,0.18341917817305323,-0.6578376446245153,0.6173035964268001,-0.07559772020475662
['Van Morrison'],[307461],-0.8283787941159663,-0.4504638309397834,0.10050421062122872,0.28885105912536463,-0.4776458079520691,0.45730947977680714,-0.12218392793495003
['Van Morrison'],[307461],-0.349502725897026,-0.43920774601297724,0.3340335267550098,0.12239389840514377,-0.7126652191289896,0.48400705616735706,-0.015708748669265207
['Van Morrison'],[307461],-0.349502725897026,-0.43920774601297724,0.3340335267550098,0.12239389840514377,-0.7126652191289896,0.48400705616735706,-0.015708748669265207
['Van Morrison'],[307461],-0.650565078195417,-0.5037227430833365,0.18231190309015155,0.27644287913368365,-0.6729354775838144,0.4721792422341026,-0.10272453392299516
['Van Morrison'],[307461],-1.0879314203277242,-0.5414130974159131,0.08185090543736635,0.19492253998416,-0.43200907880770323,0.8109229708574632,-0.13344439378543782
['Van Morrison'],[307461],-0.9626918937322223,-0.34720284415170244,0.10806765496287112,0.3644677272331908,-0.7315510593124711,0.5022316363504811,-0.17343585650052262
['Van Morrison'],[307461],-0.916401466482342,-0.373528078021569,0.03903000556224332,0.26217972070403167,-0.46131446785043545,0.589628335370268,-0.047210158352457884
['Van Morrison'],[307461],-0.8173327870180014,-0.1138480474813031,0.6663798965048837,0.012968323516993854,-0.6670995459361407,0.7521394926125142,-0.29945509048852
['Van Morrison'],[307461],-1.1710499445122617,-0.34827344730178456,0.18026604735718776,0.03605222302433427,0.19186441812085908,0.7772722079906328,-0.15865311991177083
['Van Morrison'],[307461],-1.2209497336044897,-0.5038474392272752,0.08860869457985218,0.3472587964205157,-0.41909968166103595,0.6555096457373423,-0.2696998523104008
['Van Morrison'],[307461],-0.5422844495890553,-0.2814230423959107,0.23609002866815576,-0.058343077484978516,0.11070248714303206,0.5186806102416408,0.06368334527025918
['Van Morrison'],[307461],-0.7207591242324105,-0.3201539003873766,0.15300838936227645,0.2379232531978676,-0.4993492193380526,0.39045589281214677,-0.08445078102137776
['Van Morrison'],[307461],-0.9158574232586306,-0.4666592770607778,0.11746042392242793,0.3709978214953846,-0.17961935099123344,0.5052291275594154,-0.11136860429138695
['Van Morrison'],[307461],-0.7941690500123064,-0.28673496523879105,0.08603988213463512,0.23650201805213317,-0.7481065167191271,0.6359866423991295,-0.02625180531571594
['Van Morrison'],[307461],-1.0198634151494688,-0.5594782139063749,0.06472993348768746,0.33110388922186845,-0.44027280319137946,0.6604565211953388,-0.13250318890352614
['Van Morrison'],[307461],-1.1116556453589646,-0.39837296113978105,0.02263566282808048,0.20555845053430227,-0.43764693813308625,0.7850750279718324,-0.10610837599051984
['Van Morrison'],[307461],-0.813154029966378,-0.47471895492932187,0.07687453191309343,0.31497870827471997,-0.4744276860216248,0.4725716121723488,-0.07476875579810298
['Van Morrison'],[307461],-0.6130821084077117,-0.6258511066409587,0.2601074782201267,0.11819364758692062,-0.04089605133291443,0.4931486574531033,-0.07186852949220304
['Van Morrison'],[307461],-0.7941454666614062,-0.4527636801753202,0.14480405768630242,0.11074745258800998,-0.02523429401254599,0.5787782411053009,-0.04447476488602526
['Van Morrison'],[307461],-1.225921577519737,-0.37182476989497554,0.04673446256891567,0.0595529411045787,0.20391463604350532,0.7886543303001793,-0.13022205070676243
['Van Morrison'],[307461],-0.8427137171877134,-0.3046735046269361,0.09415110143246153,0.13573105677698533,-0.21642309009486174,0.4987494786359779,-0.04342011322493996
['Van Morrison'],[307461],-1.2346763579208795,-0.07121014554995202,0.24832586345084612,0.13239483127970003,0.1778730097503394,0.5266423747821866,-0.20305177483757209
['Van Morrison'],[307461],-0.918180956832991,-0.6540425201558306,0.2778192207887915,0.27539308957274017,-0.2626242486850737,0.6300952252618913,-0.22582189504215197
['Van Morrison'],[307461],-1.1452528937279505,-0.4628636621954711,0.06922212045412643,0.3577868645213631,-0.3752036969886441,0.9057254778533328,-0.43088619747734314
['Van Morrison'],[307461],-0.9806141406831674,-0.1774457013728529,0.07272663498146362,0.06615496034680202,-0.19055922690557703,0.7253205657251501,0.020845815774238413
['Van Morrison'],[307461],-1.1012379924155147,-0.4984335934071289,0.1641158915517299,0.3718415725644805,-0.43891286552630054,0.5832237991067232,-0.20035955911981698
['Van Morrison'],[307461],-0.6943051751880347,-0.3972268840781472,0.14251473559817274,0.23762189526364655,-0.6682906065076146,0.5318830672644562,-0.09515214114128494
['Van Morrison'],[307461],-0.4864183054738987,-0.32738243785415827,0.12247908716719288,-0.03745992620949744,-0.2498869767153626,0.6156172024717379,0.11210763156519843
['Van Morrison'],[307461],-1.0951474249149051,-0.26348734103392546,0.008877845266200142,0.1540960309671099,-0.454944048378867,0.7278420003425067,-0.09294379098147819
['Van Morrison'],[307461],-1.03546794797027,-0.5193898332732076,0.09485143005338209,0.336916768527465,-0.6249928092060453,0.6144315487751527,-0.19335481877457245
['Van Morrison'],[307461],-0.6831481671334536,-0.4555350820064042,0.11447996060380157,0.15122499545043572,-0.48247935842390993,0.647773361146154,0.025335989907229618
['Van Morrison'],[307461],-0.6831481671334536,-0.4555350820064042,0.11447996060380157,0.15122499545043572,-0.48247935842390993,0.647773361146154,0.025335989907229618
['Van Morrison'],[307461],-0.8393997289315699,-0.5818587063250753,0.13961443237181662,0.24139597715163164,-0.28558400043074283,0.5758114054156904,-0.17231852634434972
['Van Morrison'],[307461],-1.1116556453589646,-0.39837296113978105,0.02263566282808048,0.20555845053430227,-0.43764693813308625,0.7850750279718324,-0.10610837599051984
['Van Morrison'],[307461],-0.5428575219246149,-0.2717013194886082,0.09245615740456053,0.060873361407739385,-0.2251498427781107,0.6493996380741192,0.10663221735862541
['Van Morrison'],[307461],-0.9856841222935978,-0.5178023167435699,0.1864273729043911,0.13676681266281368,-0.003938709369304176,0.6442019507592094,-0.18922992515908724
['Van Morrison'],[307461],-0.7944732742346583,-0.3222491996239246,0.10283509001539598,0.11161858420202501,-0.2029028974564932,0.6108119324397728,0.041540246210386475
['Van Morrison'],[307461],-0.43497742520605726,-0.3985516071061507,0.1966243775855263,-0.06938157870509136,-0.08662329204325,0.47051143290277647,0.05770391809740421
['Van Morrison'],[307461],-1.2151165239639732,-0.5431025509135146,0.1039801211897446,0.18518027368350085,0.029122781011182573,0.7143097414056148,-0.20160743314230364
['Van Morrison'],[307461],-0.7121793262525135,-0.4162819693596066,0.15261845045456765,0.30466284478905736,-0.7553069975241311,0.4696945207442297,-0.08903945583904209
['Van Morrison'],[307461],-0.666831283212312,-0.347149698098602,0.07388649463734451,0.11250952552812357,-0.48926247220639285,0.6536409292654892,0.031554450801477944
['Van Morrison'],[307461],-0.4061904643115481,-0.2078632812979746,0.19494961373384662,-0.0023118118711483297,-0.5377669214122668,0.5488051083699719,0.08039487264509464
['Van Morrison'],[307461],-1.0951474249149051,-0.26348734103392546,0.008877845266200142,0.1540960309671099,-0.454944048378867,0.7278420003425067,-0.09294379098147819
['Van Morrison'],[307461],-1.077730752269043,-0.0693645431708659,-0.03638238190749415,0.22293698460995945,-0.6397713915694354,0.6201308656326592,-0.003695062950197138
['Van Morrison'],[307461],-0.5109775824704935,-0.2695015451097529,0.1213839554107846,-0.009675511839229045,0.10048309921709857,0.3809286610250462,0.06708689358702492
['Van Morrison'],[307461],-0.8313566024017369,-0.2786749973357374,0.06545992915918053,0.24927283612905232,-0.7451477621748036,0.6328200877340464,-0.029800768460723635
['Van Morrison'],[307461],-0.5709893631320886,-0.10074881768568392,0.010302204090175106,0.09908085666044145,-0.5187186706702808,0.5118282891204602,0.14767700206216117
['Van Morrison'],[307461],-1.0198634151494688,-0.5594782139063749,0.06472993348768746,0.33110388922186845,-0.44027280319137946,0.6604565211953388,-0.13250318890352614
['Van Morrison'],[307461],-1.03546794797027,-0.5193898332732076,0.09485143005338209,0.336916768527465,-0.6249928092060453,0.6144315487751527,-0.19335481877457245
['Van Morrison'],[307461],-0.928258900759348,-0.5452896303804761,0.1193254007064734,0.2995956509871418,-0.5470091537560263,0.579650449880559,-0.18588012242829832
['Van Morrison'],[307461],-0.9461337624326555,-0.12925410048786215,-0.002252019524808765,0.42052049131894376,-0.7214996696293099,0.5319369227924549,0.037986928796361244
['Van Morrison'],[307461],-0.694608669231509,-0.26460349360337193,0.15705187334847748,0.16495074134535162,-0.6920886515499202,0.401006355390521,-0.09688079953209476
['Van Morrison'],[307461],-1.0791838018573754,-0.27062242678065984,-0.025497048527178497,0.2310448641102692,-0.6284047329554454,0.7383314556559095,-0.04029980665398902
['Van Morrison'],[307461],-1.1477638556758274,-0.4443603214191458,0.12902263370612913,0.2845819224693674,-0.17042733916336772,0.5487407444904119,-0.23825357233335434
['Van Morrison'],[307461],-0.5112052227881978,-0.3473346439966772,0.13394172691880094,0.026177308507701363,-0.2496978948640236,0.5220111588400147,0.07092355306749362
['Van Morrison'],[307461],-0.9541594073298699,-0.22572431661701947,0.09389230234893196,0.21469380790558057,-0.664491362084323,0.5124429221238274,-0.19286502880456674
['Van Morrison'],[307461],-0.3599313714581184,-0.4481388854046654,0.13453600699453475,-0.0007017593681047895,-0.2544091721088519,0.6105545870777094,0.15508778993845365
['Van Morrison'],[307461],-0.7127966450280525,-0.250411247891175,0.10491318175975273,0.13462507990353537,-0.6736595369545463,0.6101823521826347,0.052841074198960496
['Van Morrison'],[307461],-0.5668610964192292,-0.15444082975593243,0.10274255324752657,0.03508503756103152,0.09086279092449465,0.2383964101978222,-0.09305331474070759
['Van Morrison'],[307461],-1.0926878903399555,-0.5848545119698365,0.06981287681683024,0.2434077192750147,0.19036980918884155,0.5698847753029833,-0.17343502608577438
['Van Morrison'],[307461],-0.7429537513886819,-0.260067265434503,0.08401712534834622,0.13074758355338495,-0.4885016175885086,0.6046596570317061,0.013179095163432923
['Van Morrison'],[307461],-0.39924899178095247,-0.26033414470682653,0.17357106475202827,0.11872618939021072,-0.5456009395441122,0.3369874078804833,0.013047872675045707
['Van Morrison'],[307461],-0.650565078195417,-0.5037227430833365,0.18231190309015155,0.27644287913368365,-0.6729354775838144,0.4721792422341026,-0.10272453392299516
['Van Morrison'],[307461],-0.7128835176842404,-0.6645220773935027,0.15782459621106176,0.038550424989569405,-0.01283844167363321,0.7979160372528015,-0.011808378149486161
['Van Morrison'],[307461],-1.0216767782333578,-0.5451917147087189,0.1017200770967235,0.3270663079660721,-0.442975218171988,0.5840540538926432,-0.1887403575862782
['Van Morrison'],[307461],-0.8817603667112013,-0.402470128967982,0.050921425640177105,0.27835532919505407,-0.46323823196035296,0.6085791520600704,0.011694718788413655
['Van Morrison'],[307461],-1.1905242402333447,-0.5434994440678897,0.07432561845735935,0.31656445012163614,-0.4167123525067082,0.7507175814258906,-0.1935290509899147
['Van Morrison'],[307461],-1.0431281653919586,-0.6388744561343079,0.15514728917863094,0.21067943961835572,0.018502100792888942,0.7244725007553836,-0.16776271569197934
['Van Morrison'],[307461],-0.7947721312805185,-0.18055243708620367,0.06679691021261026,0.13554208525482192,0.14128291768301907,0.4426404970132913,0.04762428167360547
['Van Morrison'],[307461],-1.1047337963896837,-0.38282230064014283,0.1420935974925589,0.03302649469190273,0.18704657660283397,0.7843705714217287,-0.11851456411453865
['Van Morrison'],[307461],-1.2268908556394535,-0.4886381212918385,-0.0002260587420468523,0.2636699408346621,-0.4201053360218327,0.7770315275253386,-0.1578264015305189
['Van Morrison'],[307461],-0.5166040334170628,-0.3766201225597796,0.2851419780735238,-0.08901760117760248,0.11276136023644882,0.6387134268649958,0.0043422447054874205
['Van Morrison'],[307461],-0.30363376294479866,-0.47888377088881373,0.21619656991135616,-0.15419410233002928,0.08566724576333204,0.5493806758888079,0.10641213745430878
['Van Morrison'],[307461],-0.7879638918272123,-0.45681351294815736,0.15978575983595703,0.27958807986651574,-0.7410070074590365,0.5598485434773012,-0.0616944772717073
['Van Morrison'],[307461],-0.8751088656182974,-0.36972642732754485,0.10575022918973254,0.25180105612186554,-0.7270669637897405,0.6690820320990397,-0.04983239485539193
['Van Morrison'],[307461],-1.0117283498222598,-0.5282848610060551,0.26265116404257094,0.17363076390942786,0.18445054226449092,0.5714552647177439,-0.20267794246123866
"['Various Artists', 'Leonard Bernstein']","[258947, 239859]",-0.27745366842604724,-0.3224034825523528,0.5216162291885252,0.22662502246177682,-0.4976002254487121,0.6949369530819944,0.3103536325277129
"['Victor Young', 'Leonard Bernstein']","[959775, 239859]",-0.4348618895049932,-0.24779451497804966,0.8631420271468421,0.17044225026699,0.15824672637928458,0.8191815802461538,0.4238817464798337
"['Warren Haynes', 'Derek Trucks', 'Susan Tedeschi', 'Robert Randolph', ""Keb' Mo'"", 'Dr. John', 'John Hiatt', 'Taj Mahal', 'Gregg Allman', 'Widespread Panic', 'Trace Adkins', 'Vince Gill', 'Martina McBride', 'Eric Church', 'Jackson Browne', 'Zac Brown', 'The Allman Brothers Band']","[197757, 202162, 43520, 288350, 370703, 205180, 812046, 790604, 801101, 257141, 12180, 214162, 368112, 632233, 130689, 392925, 745964]",-1.050524676066867,0.2578818369791293,0.5034652085293677,0.09291138841291553,-0.4882916565150045,0.5100119442793316,-0.2989302827854825
"['Waylon Jennings', 'Hank Williams, Jr.']","[200791, 117844]",-0.8538691386644055,-0.6886318328881753,0.1657230160018616,0.27978524810128624,-0.1796790110301047,0.6290147342836314,-0.16294499548084873
"['Waylon Jennings', 'Hank Williams, Jr.']","[200791, 117844]",-1.0210907153371496,-0.618920957463217,0.17050256930529237,0.3972516433055233,-0.790616048483269,0.6836559333849098,-0.23304218979513702
"['Waylon Jennings', 'Jessi Colter']","[200791, 337271]",-1.0137392529061742,-0.48370920589022226,0.10632945089775654,0.15920315854207928,-0.0017873701563624644,0.6162381945538327,-0.13718247748995974
"['Waylon Jennings', 'Jessi Colter']","[200791, 337271]",-1.04825495200148,-0.5934565460639664,0.11321671934683537,0.24946548680620054,-0.701051710757725,0.8270648359611282,-0.17647142524526238
"['Waylon Jennings', 'Jessi Colter']","[200791, 337271]",-1.1121326023701006,-0.4484857900277825,0.38274064430955884,0.1762056007614908,-0.16833777941731914,0.6955905348004101,-0.31949195867130287
"['Waylon Jennings', 'Jessi Colter']","[200791, 337271]",-0.8950454327555565,-0.4924954285591497,0.1262648724252356,0.13745265343399043,-0.013195336632075094,0.6103490596419949,-0.0930305660252405
"['Waylon Jennings', 'Jessi Colter']","[200791, 337271]",-1.0140593321031124,-0.5004898229873421,0.31194561144061056,0.20526859927159347,-0.17471372754011558,0.6791505807006136,-0.2328853403299517
"['Waylon Jennings', 'Willie Nelson']","[200791, 583959]",-0.7793601866187632,-0.42445151534779385,0.09309500364437162,0.09596519403905303,-0.48140773199081227,0.7273692779587183,0.028437849930358958
"['Waylon Jennings', 'Willie Nelson']","[200791, 583959]",-0.7939846534819271,-0.22451428120150688,0.12392656695336289,-0.010837944829816535,-0.6688103095486365,0.8238987363320058,0.015230463092144783
"['Waylon Jennings', 'Willie Nelson']","[200791, 583959]",-0.8848953636028628,-0.2405377115152249,0.2477330723278304,0.08423625984277457,-0.02820028694107597,0.541146106286446,-0.2813619262443354
"['Waylon Jennings', 'Willie Nelson']","[200791, 583959]",-0.5274171303490023,-0.6278975523313957,0.19059828707549725,0.19234638346275418,-0.501999890573181,0.5304485691241307,-0.06017894360885413
"['Waylon Jennings', 'Willie Nelson']","[200791, 583959]",-0.6296411939986919,-0.3623578563219911,0.1145101793121804,-0.04656123586821404,-0.05258299049113071,0.6677050607580982,0.09711357798116305
"['Waylon Jennings', 'Willie Nelson']","[200791, 583959]",-0.8589816937582844,-0.24877699034094067,0.2693307718210077,0.071196679671517,-0.03202388279025356,0.5458915279343562,-0.2811231340201496
"['Waylon Jennings', 'Willie Nelson']","[200791, 583959]",-0.8426776762381591,-0.06643636955700015,0.6222278282230274,0.06691819629584514,-0.001512389974730897,0.6810592683422554,-0.6431610970217925
"['Waylon Jennings', 'Willie Nelson']","[200791, 583959]",-0.7090110546103076,-0.30344867659291946,0.11839704882988346,-0.040161143998812564,-0.6709851973295875,0.8704000349247384,0.035483294912627146
"['Waylon Jennings', 'Willie Nelson']","[200791, 583959]",-0.696942487825112,-0.45650122679472166,0.18215245619586626,0.1919774221327679,-0.671966782372014,0.5473025172607384,-0.09480211482568131
"['Waylon Jennings', 'Willie Nelson']","[200791, 583959]",-0.746379051981835,-0.4511002538463145,0.32112603461682593,0.14312723911949307,-0.03946715595511641,0.4489049088443083,-0.1545273372137604
"['Waylon Jennings', 'Willie Nelson']","[200791, 583959]",-1.1140254066274886,-0.48624521594850656,0.046348019035059765,0.14737901964061637,0.18956793599913688,0.6777797662650593,-0.11497943562791119
"['Waylon Jennings', 'Willie Nelson']","[200791, 583959]",-0.8425480935324444,-0.23379001682908643,0.2551255097889765,0.08020846654974768,-0.030928781791690868,0.5422191320754108,-0.2823101083201164
"['Waylon Jennings', 'Willie Nelson']","[200791, 583959]",-0.7887899586078311,-0.40793877659057226,0.08225119248920493,0.189507879033213,-0.21750339120238568,0.4669276261084438,-0.04282880384057359
"['Waylon Jennings', 'Willie Nelson']","[200791, 583959]",-1.1190801707864086,-0.5055966179445907,0.07320263064162298,0.26995281851666797,0.011968987911121087,0.5789779764069748,-0.17430787682462429
"['Waylon Jennings', 'Willie Nelson']","[200791, 583959]",-0.4235604979128172,-0.3241956397331197,0.2702194270814222,0.009635516459590173,-0.09027219615779791,0.35699661658790355,-0.004453705722133014
"['Waylon Jennings', 'Willie Nelson']","[200791, 583959]",-0.7657223402725313,-0.23339307830707734,0.11347912617214571,-0.026071782095493035,-0.6715154983385054,0.8214283596307589,0.04082918138127989
"['Waylon Jennings', 'Willie Nelson']","[200791, 583959]",-1.308279108303226,-0.2800121763827451,0.05240283939365654,0.13176311484351874,0.10575065917226592,0.6725679357950679,-0.18945540381767642
"['Waylon Jennings', 'Willie Nelson']","[200791, 583959]",-0.9186225176255033,-0.21903544285921508,0.20753592602800214,0.11104251061391757,-0.023467819715063034,0.5511907701006152,-0.3033184220475456
"['Waylon Jennings', 'Willie Nelson']","[200791, 583959]",-1.1210227267984931,-0.40456662035589364,0.054327648248082984,0.2844224204405642,-0.6974672928605927,0.814338557291671,-0.18345205801728526
"['Waylon Jennings', 'Willie Nelson']","[200791, 583959]",-0.7529606841067848,-0.25043017121346006,0.12361713929421869,-0.028769619907380216,-0.6717609087810156,0.8254216920127114,0.03400073576315679
"['Waylon Jennings', 'Willie Nelson']","[200791, 583959]",-1.1337545642735418,-0.4637169316327457,0.03944859994893351,0.29387130745293183,-0.6979302132520699,0.8044861387239062,-0.14312722266505137
"['Waylon Jennings', 'Willie Nelson']","[200791, 583959]",-1.2910957348574652,-0.3826314563809796,0.16881270739675444,0.17053924268358586,0.024552493325435146,0.7131073584403169,-0.2662453609732335
"['Waylon Jennings', 'Willie Nelson']","[200791, 583959]",-1.0061449589211544,-0.2090485726326467,0.24763414549175838,0.12049872770867553,-0.018355118348087115,0.5395856072184555,-0.3269938070130216
['Waylon Jennings'],[200791],-0.8587893285532363,-0.6459742967237171,0.1813988708000051,0.1719730596161777,-0.19150174063390038,0.6013740118934598,-0.18991303403934592
['Waylon Jennings'],[200791],-0.030930125250787657,-0.021753341139960303,0.21181856505706276,-0.1289052056857829,-0.37331754613793255,-0.03243730768805846,-0.027166491455869902
['Waylon Jennings'],[200791],-0.7474430776733272,-0.554341650049054,0.15705015427684058,0.19937992811920416,-0.4747418948242918,0.6067200213831749,-0.09532816660480413
['Waylon Jennings'],[200791],-0.9139507076959192,-0.4102674865908448,0.10753588744788586,0.24496001686249907,-0.45658676541213167,0.5845017343346515,-0.17550379402464572
['Waylon Jennings'],[200791],-0.5094807980808668,-0.36769175759093226,0.2796096790631934,0.05229780450124494,-0.2564791369835801,0.4177054152973083,-0.06137303457046368
['Waylon Jennings'],[200791],-0.7514424760282727,-0.5643628728311689,0.08088849963629186,0.28249326796866825,0.008024127302589973,0.5988190898207411,-0.277428817150293
['Waylon Jennings'],[200791],-0.7118992676903043,-0.317081775177308,0.1463385722226944,0.20483498596597696,-0.8564107308993636,0.5288770712089875,-0.13853439163955036
['Waylon Jennings'],[200791],-0.6304487097288405,-0.13297732481888505,0.0650208993463354,0.08479474462355854,0.09285773504231119,0.22117581850289217,0.06382135574650193
['Waylon Jennings'],[200791],-0.9853747634933795,-0.18297864431478944,0.406646790029335,0.2870822317841053,-0.6036848872660188,0.720629076829538,-0.5637293341597837
['Waylon Jennings'],[200791],-0.7008151216175725,-0.570723688811042,0.19232230008266568,0.2206160130536404,0.01703828295474919,0.7324046582092835,-0.3472064923915095
['Waylon Jennings'],[200791],-0.7158578822027298,-0.1779924331520895,0.0001295401098686022,0.20206662843123688,-0.6867771379822734,0.49021304011049827,0.04756403784491834
['Waylon Jennings'],[200791],-0.9896563459804929,-0.6401444163675791,0.059760213514007274,0.3502842309987395,-0.4258000080933527,0.6972543393034583,-0.19842411096889936
['Waylon Jennings'],[200791],-0.8094649165082464,-0.7214803584126677,0.19241048351316223,0.08307658321173518,-0.0065966812392995785,0.7396368736355771,-0.12609672304823422
['Waylon Jennings'],[200791],-0.6100056775586408,-0.5947075772452909,0.20064625903670272,0.08133952762551114,-0.05174958930723057,0.478707808196283,-0.10640079594290558
['Waylon Jennings'],[200791],-0.8698227376254657,-0.6428002034173412,0.2604340540932607,0.22129419344885712,-0.6338595860103088,0.7262365863215184,-0.22578365316171234
['Waylon Jennings'],[200791],-0.7136546682337955,-0.6112213922011221,0.28997411925122946,0.0958210122337533,-0.026528126826499382,0.5958659441359785,-0.11827650276309655
['Waylon Jennings'],[200791],-0.6242802439039526,-0.5384240272130014,0.32618720448328176,0.00072390136633725,-0.05159645746963819,0.5626845449405155,-0.17473063391333066
['Waylon Jennings'],[200791],-0.7602029341821591,-0.5530976183427502,0.1506905629684606,0.09579336053955306,-0.47428895087599493,0.7284856853169893,-0.06296671419172192
['Waylon Jennings'],[200791],-0.8307652549549879,-0.5650064979944728,0.16939095602668494,0.16757616759809738,-0.467611819038554,0.6701699372080735,-0.16113042678704
['Waylon Jennings'],[200791],-0.7934548454108397,-0.3419017085358822,0.06854001390610275,0.20678110760609114,-0.6726689773443167,0.49245192361774415,-0.0631781037150455
['Waylon Jennings'],[200791],-0.8425966520238191,-0.32540918666716684,0.10324031394259386,0.0852811019486357,-0.2123523560630379,0.5781384757480298,-0.00373942858076072
['Waylon Jennings'],[200791],-0.7642412053028839,-0.20914170513588842,0.7198450249316579,0.04394842477180246,-0.2154186148728269,0.5775054076517269,-0.5122423610567688
['Waylon Jennings'],[200791],-0.8886373473521334,-0.7692166530573766,0.1849662594276984,0.22120032448661953,0.012230026126159562,0.7052734655549472,-0.15506905498425833
['Waylon Jennings'],[200791],-1.1080658857377998,-0.4748220914938671,0.05096252644950781,0.37110754922114575,-0.6218095352505767,0.5603622484305025,-0.20215291576153158
['Waylon Jennings'],[200791],-0.8867266454252762,-0.1429995409346256,0.013525895255111331,0.2017832424872346,0.17128033265539863,0.4776587453172029,-0.3191220351608392
['Waylon Jennings'],[200791],-0.5199832836592959,-0.5932087146830578,0.2370628684419081,0.12339856088833133,-0.19364645840624944,0.7281367706759638,-0.22447399850614883
['Waylon Jennings'],[200791],-0.723811342322761,-0.7101156102672385,0.1748002051261919,0.16775263466572626,-0.4682609207847815,0.6868941640318026,-0.11916403907771028
['Waylon Jennings'],[200791],-0.5463532182346735,-0.5772193028919951,0.21249051030799765,0.1374573381977476,-0.6775503319019973,0.628013184217013,-0.04916305360279983
['Waylon Jennings'],[200791],-0.6783438622467567,-0.6476649894126789,0.29662675290208856,0.044528098483502684,-0.02259322641602326,0.7171398937279486,-0.15325571418490996
['Waylon Jennings'],[200791],-0.29831967008777527,-0.19744844174299941,0.11275242455958379,-0.0019081208488334847,-0.5281156830650205,0.5866899740203807,0.010763446195762383
['Waylon Jennings'],[200791],-1.0358820371473632,-0.539549557163239,0.11585935244290214,0.1287127592495798,-0.16271751794399858,0.862082801318739,-0.12589190611880655
['Waylon Jennings'],[200791],-0.7627174045514884,-0.17412376270681593,-0.0565016703285392,0.2890634527262915,0.049790381298172724,0.77692330327673,-0.5332146266266458
['Waylon Jennings'],[200791],-1.0135627653690413,0.08057439856186942,-0.2017066053702934,0.2584666172314278,-0.3991102267013319,0.8946260746233238,-0.423081516138766
['Waylon Jennings'],[200791],-0.9022527000069657,-0.42959097723458217,0.01561791742543002,0.40724153717446476,-0.810405992378135,0.5830062693701925,-0.252884156548778
['Waylon Jennings'],[200791],-0.8244380044764031,-0.20633859179062736,0.585634700611902,0.004485889326486214,-0.03239546594434316,0.591709809809427,-0.3914280102914876
['Waylon Jennings'],[200791],-0.7547932609653352,-0.39095365776515434,0.1867502990645678,0.14898769872969164,-0.041057384188128834,0.4436535296156226,-0.030554159478942324
['Waylon Jennings'],[200791],-0.9952327766305556,-0.017881857919175057,0.5549576043435571,0.10198801190270537,-0.003360996068249912,0.6128871735322006,-0.560430538768482
['Waylon Jennings'],[200791],-0.8930745799521321,-0.6332210053199178,0.1337751293740644,0.2584714212466474,-0.6269041632050538,0.7358031999892174,-0.08884979330913166
['Waylon Jennings'],[200791],-0.5967672261112006,-0.4506045185159687,0.1751532885328156,0.21474807143603572,-0.7666913129179954,0.5089952549947135,-0.11332291379268361
['Waylon Jennings'],[200791],-0.9765754311368056,-0.7370070410220123,0.10789729055321381,0.436527924502893,-0.42443538822289734,0.668489303688662,-0.18915602612521984
['Waylon Jennings'],[200791],-0.8538843319098169,-0.2632371942727073,0.022479988522949104,0.0031572822319195074,-0.21082696650163296,0.7168352458175723,-0.008801874671854427
['Waylon Jennings'],[200791],-0.6139116717588056,-0.5996276627993313,0.24301049768419708,0.04068193522668249,-0.045976995134424624,0.5677261504691806,-0.08564100769385821
['Waylon Jennings'],[200791],-0.900836587306449,-0.3682382406819226,0.09817110518954636,0.24854012881892718,0.026842984195523018,0.6551144256673872,-0.4100246842244674
['Waylon Jennings'],[200791],-0.754101824949034,-0.22510283094503686,0.2776660257064097,0.04122275048191352,0.10861782752348294,0.3431392641820152,-0.17415062549415178
['Waylon Jennings'],[200791],-0.41353652231379173,-0.3987325404373809,0.17321467803781943,-0.03373653767959648,-0.2568733335177037,0.5949774636711223,0.09524965233100564
['Waylon Jennings'],[200791],-1.0222398804131057,0.04795083267930328,0.582950095221863,0.06790923097767353,-0.013518354292785395,0.5714902457153235,-0.5765946640065557
['Waylon Jennings'],[200791],-0.5537885531429481,-0.5374009656841211,0.2158181383696683,0.1170286770443965,-0.053187230367225315,0.45673794333956336,-0.031007654253443546
['Waylon Jennings'],[200791],-0.9991144051476231,-0.7622770586399726,0.13719405975662935,0.2689132727805264,0.023163742943103877,0.6918112902717555,-0.16563191890952617
['Waylon Jennings'],[200791],-0.9100634484681518,-0.6302848845574205,0.18688228922432,0.20083963343935174,-0.6237511918390116,0.8157581892077114,-0.17709355964457726
['Waylon Jennings'],[200791],-0.7615144806587827,-0.590656150945196,0.24395313517318362,0.17744325280689197,-0.6453334157314544,0.7184952505792865,-0.11705573356815116
['Waylon Jennings'],[200791],-0.6769165695223974,-0.6688800263020261,0.19949511907208384,0.30089342362388066,-0.8039487262173499,0.7867339034606724,-0.19918079563852237
['Waylon Jennings'],[200791],-0.8827561149906472,-0.0553448237024109,0.06100133118813135,0.06062227369258358,-0.6447672915592473,0.8038593588901525,-0.16442951061152586
['Waylon Jennings'],[200791],-0.8758076029183574,-0.05398407052333,0.6262764216808121,0.02852618226010498,0.16854678718474586,0.6027400676290752,-0.579715988003208
['Waylon Jennings'],[200791],-0.6543768506350573,-0.40867143414248264,0.07263143011248843,-0.051539327209655886,-0.03125158207110624,0.8025948552519722,-0.002916159257571668
['Waylon Jennings'],[200791],-0.7499199410646901,-0.35015199984366296,0.10875746380244444,0.10686066006986407,-0.7471271670069268,0.7302664514900693,-0.10032423056312564
['Waylon Jennings'],[200791],-0.9833229115581594,-0.6385654852610195,0.10120130319130537,0.3507899347338433,-0.4379268931971352,0.630323696035025,-0.1684820702768556
['Waylon Jennings'],[200791],-0.9679490801827922,-0.43356240715398003,0.027335429483719947,0.2957022801960878,-0.4566340918539279,0.5624020259262184,-0.059518254637805204
['Waylon Jennings'],[200791],-0.7279078765705297,-0.42806839997743557,0.19390518981451277,0.17258947692955837,0.1762680498657759,0.6200502245193035,-0.34295078878196517
['Waylon Jennings'],[200791],-0.8093178601699179,-0.5749904427562941,0.14180365687345872,0.14318303501103713,-0.46577739016770214,0.6902264390278207,-0.08202449600053476
['Waylon Jennings'],[200791],-0.7053395398897443,-0.3455645889970309,0.5472630076218704,-0.05426664556819291,-0.05111798396204554,0.6217875585987587,-0.2611243582585267
['Waylon Jennings'],[200791],-0.7114968832335449,-0.43051823956574103,0.22948416162237434,0.2377502212493699,-0.6736358791058733,0.4769783359771296,-0.12998424732769764
['Waylon Jennings'],[200791],-0.49148549880771464,-0.49562645678895006,0.2142343482964413,0.15680101824796822,-0.6912370809477892,0.5321863100618316,-0.02752334388114674
['Waylon Jennings'],[200791],-0.7593562638450501,-0.4876183649736407,0.16407693102492132,0.0800370197487132,-0.03670462824390121,0.5272219395500116,-0.09602741093402993
['Waylon Jennings'],[200791],-0.9544637836607475,-0.23407756710950656,0.2345089758963702,0.05013088222780452,-0.647764112275122,0.8335301680770687,-0.12195284699570383
['Waylon Jennings'],[200791],-0.3717568355279899,-0.4805581180298575,0.1838855451553675,0.1048828691801717,-0.6936633718412133,0.6079651005437444,0.022525068568837944
['Waylon Jennings'],[200791],-0.7424953416286019,-0.5157393813266767,0.4473589430518277,0.12669503842431898,-0.20232216943849649,0.6042220594722587,-0.3318521819652764
['Waylon Jennings'],[200791],-0.6803363144464696,-0.4331898741612928,0.3416109488548771,0.0849526973496428,-0.2333108637558674,0.4848590427559505,-0.19643930081957875
['Waylon Jennings'],[200791],-0.5953407184454964,-0.5849237812965613,0.23590175286081186,0.13112414573898432,-0.49276917004613585,0.6105081829012118,-0.0960887975841248
['Waylon Jennings'],[200791],-0.8502076887753618,-0.6015086099156962,0.24680820217205565,0.15182852395465918,-0.45924746646944387,0.7485559331921442,-0.17354784041250035
['Waylon Jennings'],[200791],-0.698592581952955,-0.613770540823069,0.21547557700585987,0.06190840376602007,-0.03086447770370929,0.6060908528442799,-0.06948665417008977
['Waylon Jennings'],[200791],-0.5396225166605095,-0.5185219778822786,0.2096837136923056,-0.010268368365092312,0.13728326531529447,0.6002214993085276,-0.09226197220413344
['Waylon Jennings'],[200791],-0.721164435312074,-0.4119374383023168,0.11741316306554707,0.08581158493965252,-0.048887172508658074,0.4694765221745435,-0.045696398772389256
['Waylon Jennings'],[200791],-0.8533242968968198,-0.5629449723169647,0.270432483195958,0.09847888242515514,-0.014775000693292567,0.6555003008099836,-0.1671471386714981
['Waylon Jennings'],[200791],-0.6519014922361022,-0.1748934305208188,0.07000112324014139,-0.020581386936687505,-0.5109369021695181,0.6560457608718632,0.05137156501362743
['Waylon Jennings'],[200791],-0.4950440648570864,-0.2171438609167955,0.10099088909677077,0.17701062407618373,-0.3249781965861217,0.3795093970579871,-0.14952618758050928
['Waylon Jennings'],[200791],-0.4853448868942093,0.12518047767846102,-0.09592377701763216,0.15156575216157775,-0.6351146428592306,0.8256064305224127,-0.2918824216521127
['Waylon Jennings'],[200791],-0.7313626014882684,-0.3373928465456508,0.2933882383011879,0.001749102774031445,-0.045836976300943466,0.5655441354958384,-0.22105279694063573
['Waylon Jennings'],[200791],-0.9416591140976347,-0.0006131934141804683,0.59820089990911,0.13082839451013423,-0.6673830942942652,0.5340933053377755,-0.46653665858781185
['Waylon Jennings'],[200791],-0.47725989565608995,-0.2801749275646393,0.10400172050784469,0.00972577815067563,-0.07026553379928233,0.5179560380042174,0.0729309966826724
['Waylon Jennings'],[200791],-0.940790256860677,0.054316481517996666,0.5814057538999196,0.07844782111351888,0.17809766395052273,0.5924082073266904,-0.647899845383447
['Waylon Jennings'],[200791],-0.9271915303772356,-0.10857972015102231,0.5899690341360425,0.18390282084364137,0.055185930424702136,0.8496544354634897,-0.8487800836246964
['Waylon Jennings'],[200791],-1.1826296496492823,-0.5563290391653775,0.07661802501242519,0.3362230663071382,-0.3273440517153276,0.6610178582750429,-0.21080078005382724
['Waylon Jennings'],[200791],-0.3648269058816169,-0.4093772593104925,0.2073024957426316,0.12361775381709228,-0.7144773299633715,0.4460714847532501,0.0284580591236694
['Waylon Jennings'],[200791],-0.7909420364996548,-0.47731353176986285,0.15067152680376375,0.1959691104395092,-0.023189204541525475,0.5015669282931643,-0.07651506500730436
['Waylon Jennings'],[200791],-0.5372506264614824,-0.5004731719535291,0.21054958709153868,0.05906483656197659,-0.5056969299501741,0.616513259883724,-0.0062136799294632075
['Waylon Jennings'],[200791],-0.17216512593460856,-0.15356398949658387,0.054285887386137835,0.3245208009801006,-0.6517651380719511,0.5701778517649718,-0.4204481327959732
['Waylon Jennings'],[200791],-0.53376755495442,-0.5524227856905114,0.1604689237349344,0.11375237940797987,-0.5011006959688379,0.5966251596064229,0.030578527215145958
['Waylon Jennings'],[200791],-0.6279070936832436,-0.5196969474556827,0.4196666029351969,-0.01908100321810239,0.12893886569909266,0.544160107399365,-0.20478093209265025
['Waylon Jennings'],[200791],-0.5682117402656787,-0.5523037273304897,0.22606366396105726,0.13791628670329015,-0.4972640683198436,0.5730409420403516,-0.023679707773076302
['Waylon Jennings'],[200791],-0.8808363685985799,-0.47216066556612346,0.07870273195114165,-0.005231332681393921,-0.28110198791100227,0.8888824363001249,-0.01849015675906612
['Waylon Jennings'],[200791],-0.30107955584404517,-0.3135310350329675,0.16223459733157417,0.10946086974431891,-0.5093917183611835,0.5460645318454471,-0.12062917567438348
['Waylon Jennings'],[200791],-0.9341187187647443,-0.49192961522838574,0.1607445558244123,0.162740065567253,0.16478747759336076,0.5156301625748924,-0.1699176433857521
['Waylon Jennings'],[200791],-0.8172630482074915,-0.22883514432535032,0.0748590312049341,0.24291687531352849,-0.05599315805832257,0.20388540272658898,-0.10932181946558232
['Waylon Jennings'],[200791],-0.5003774591305069,-0.1704202421668369,-0.0382005704450834,0.37658719579952926,0.05609236911604392,0.7634205705343043,-0.6551819876898033
['Waylon Jennings'],[200791],-1.031422277766793,-0.27239020684282794,0.6597769884918347,-0.01036436583388362,-0.01162674418937209,0.7215883371571364,-0.45913419148937057
['Waylon Jennings'],[200791],-0.6368084766240926,-0.5847197030829749,0.08886982562950403,0.37544720583672087,-0.14527725838452332,0.7351965398084238,-0.397343501727937
['Waylon Jennings'],[200791],-1.1821463999372905,-0.07949958093443056,0.3910722995606861,-0.037339864120619896,0.021859662329074766,0.9335570427918657,-0.45409762903662226
['Waylon Jennings'],[200791],-0.9759488037782511,-0.3279679860011805,0.6383262129873895,-0.009953416302505728,-0.18322315372696907,0.8364916487232942,-0.4033427465283104
['Waylon Jennings'],[200791],-0.6786098796066117,0.19219198009750824,0.5936053555202602,-0.0020205646824899225,-0.6824637569971883,0.6306863848271195,-0.41074635653602687
['Waylon Jennings'],[200791],-0.9314718691304303,-0.5923429881444306,0.11381073644713326,0.2367641926750286,-0.6182876534202715,0.8079361310016754,-0.12245312373003822
['Waylon Jennings'],[200791],-1.0229411186541457,-0.6713655306615821,0.28007461207093975,0.25910632822897495,0.011945097826866223,0.5741206575704038,-0.2991930998817222
['Waylon Jennings'],[200791],-0.8566503827343752,0.04278822753850815,0.5990029746849941,-0.13268926292119276,-0.6780371854318419,0.8400331198843902,-0.25965325227233454
['Waylon Jennings'],[200791],-1.2175978907842429,-0.3551425811178345,-0.013689872885670192,0.30536697910660626,-0.21045186568891858,0.8401004341992754,-0.3817625828531916
['Waylon Jennings'],[200791],-0.4363159357683797,-0.3839753924662417,0.2190911217369601,0.0352709554145731,-0.5333525719209705,0.4914968587844454,-0.004209670936293872
['Waylon Jennings'],[200791],-0.5789742236079372,-0.5370815881143557,0.37465704805895933,0.006269044474416484,-0.04779790126160772,0.6078691651805387,-0.10839524588690688
['Waylon Jennings'],[200791],-0.39064784477960157,-0.2586747451325819,0.1473736580489926,-0.21170924691111204,-0.2711228079723707,0.6922837381149353,0.17715087993415274
['Waylon Jennings'],[200791],-0.5819563182834329,-0.6009477912120539,0.2156585466836944,0.06581441325740386,-0.051532761343247656,0.5208105528200289,-0.06997892244155828
['Waylon Jennings'],[200791],-0.5320238990270083,-0.5494678311975212,0.20243798417408204,0.0771910212862866,-0.062245257475146955,0.432812194850803,-0.06949587068664885
['Waylon Jennings'],[200791],-0.6758611420670778,-0.5790094205546155,0.18777178203648576,0.16888768142911764,-0.21031840212161326,0.5838133388656098,-0.07478803955517752
['Waylon Jennings'],[200791],-0.6304672190737174,-0.4489532602494547,0.15807455898776954,-0.03772607154625304,-0.04990836547094268,0.6514103241722188,0.0007267683896774819
['Waylon Jennings'],[200791],-0.8402585213312203,-0.24156649398099753,0.718714533506641,-0.03680943122356971,-0.03829532180399074,0.6119135816897245,-0.3971130565649714
['Waylon Jennings'],[200791],-0.39149118880570105,-0.6276867218665858,0.20375000481674418,0.27706417907561226,-0.48282825296951754,0.5658443676955603,-0.20997974027159294
['Waylon Jennings'],[200791],-1.0663650337133972,-0.07925773472228713,0.6258427890697063,-0.040360464159237754,-0.20091005567601278,0.6991297719622089,-0.40836491444456124
['Waylon Jennings'],[200791],-1.1433040931764864,-0.19423522508743102,0.5827501405935176,0.07305090433630897,-0.17763797046266483,0.750259250874249,-0.4622850426385699
['Waylon Jennings'],[200791],-0.9902539449109823,-0.1557225671397511,0.621365738382189,0.1108150806549331,-0.46951820257309507,0.6228977975308011,-0.48661835749564686
['Waylon Jennings'],[200791],-0.8457786695281367,-0.33448159208081374,0.665283774668624,0.06290701151664677,-0.6576912040907124,0.7244686317738664,-0.4179042642002117
['Waylon Jennings'],[200791],-0.36336966768283085,-0.45669974595764146,0.18743701670083218,-0.007930875763306118,-0.08256860744600392,0.46004802573860704,0.08181615112643985
['Waylon Jennings'],[200791],-0.5156099252600375,-0.36752384947649835,0.13528823111546098,0.21881732830254097,-0.5022044324512358,0.4575865934712967,-0.06375477195821096
['Waylon Jennings'],[200791],-0.9763842994387895,-0.26969595605239005,-0.028300792785027243,0.35163958920829524,0.10516200386546024,1.0052815789576197,-0.6869893824794395
['Waylon Jennings'],[200791],-1.1469449929739104,-0.5197082474589436,0.052392458829193585,0.2591886477617569,-0.1577983821935935,0.6862331943612853,-0.1309346800337034
['Waylon Jennings'],[200791],-0.7869195069125999,-0.5003527838702357,0.18634019266465845,0.16970148287830894,-0.20865165357076237,0.542393752790923,-0.10555056089392198
['Waylon Jennings'],[200791],-0.8820694098031014,-0.5067748782830542,0.04059215852830483,0.24362026950282314,-0.025443670152710606,0.4366550660103907,-0.11520002042940797
['Waylon Jennings'],[200791],-0.6869278225896102,-0.45066405031231876,0.33041647846192695,0.030733617216032186,-0.03746088417238585,0.6283743319341383,-0.21311839596341178
['Waylon Jennings'],[200791],-1.2070678335157592,-0.5359454129758445,0.04613482241203815,0.36441554952578764,-0.42310020038225354,0.626431946937059,-0.21333521887986034
['Waylon Jennings'],[200791],-0.952643182993282,-0.3672070377417145,0.03299911385120779,0.2836037559511297,-0.202093942218197,0.4110192636957444,-0.09757479333415167
['Waylon Jennings'],[200791],-0.7440032739730013,-0.5615432524481919,0.25736395958689273,0.18603473107475077,-0.47343644677568847,0.6153413438153656,-0.13351600469700228
['Waylon Jennings'],[200791],-1.2559995240179387,-0.39370575916182027,0.009955819635024767,0.2730896147160253,-0.22451509068910738,0.7935233472826796,-0.2974143540777072
['Waylon Jennings'],[200791],-0.7266197461464678,-0.4591591343439227,0.37235052804820173,0.00853633182205402,-0.04229315123305879,0.5732132718707735,-0.27857722854257755
['Waylon Jennings'],[200791],-0.8470989950102225,-0.5108209230630923,0.10300181304780619,0.15928869600876766,-0.023965024485141168,0.5332681045239103,-0.1027206706848343
['Waylon Jennings'],[200791],-0.9212814463476265,-0.5000936509703559,0.07596404738733646,0.37631356890235945,-0.12270710311399087,0.7619938508466992,-0.43006457387624336
['Waylon Jennings'],[200791],-1.3032630300427834,-0.44290793814293455,0.05283612646243952,0.25433176432446525,-0.22949044722783035,0.7681959298334438,-0.2543885885792166
['Waylon Jennings'],[200791],-0.7252334785278449,-0.5476719017643159,0.26340298322631245,0.176135811492204,-0.4771451952927846,0.6089390035306631,-0.12671064376876434
['Waylon Jennings'],[200791],-0.7439007502463162,-0.5629235098444079,0.2712249800040044,0.17898448946634876,-0.473514838932501,0.6221413393533962,-0.14185600226297795
['Waylon Jennings'],[200791],-0.7062413987956062,-0.6741190059387043,0.27089708608994356,0.1992831570716008,-0.5634970514786773,0.6355294135856708,-0.19587138150497732
['Waylon Jennings'],[200791],-0.9218676831760684,-0.48486208810613307,0.14106346125342012,0.26352511164274933,-0.4439082262454049,0.6510346513899476,-0.2230826649067837
['Waylon Jennings'],[200791],-0.7437045692807183,-0.7016979193039392,0.18580696517834916,0.15253984940513576,-0.015545333067946693,0.6256068750636802,-0.1070588958382025
['Waylon Jennings'],[200791],-1.0557152561827639,-0.5476508189372675,0.2123618317334043,0.1898139699720615,0.01495365251424751,0.7271583055829981,-0.19599793350162398
['Waylon Jennings'],[200791],-0.5438025215900826,-0.6994109680746557,0.22794816992688186,0.23648484763170294,-0.8379985937810809,0.6887163127996013,-0.024190986315448585
['Waylon Jennings'],[200791],-1.1133657644804913,-0.2765395062584479,0.05103708259781527,0.3518680095833966,-0.6277827206991518,0.5507137742569562,-0.1644222317306264
['Waylon Jennings'],[200791],-0.9368525853278612,-0.54873200888806,0.12111194024930837,0.33546672820043927,-0.5395978085786419,0.6189446785001688,-0.20321026009238025
['Waylon Jennings'],[200791],-0.888246289516292,-0.6121811698788642,0.11869673219941466,0.29174420356692954,-0.16045515493577725,0.6704496158123855,-0.21003776191890022
['Waylon Jennings'],[200791],-0.8333729103715927,-0.6211280631931072,0.2252722866267578,0.022958545579034664,-0.008905215404663895,0.8049462023367742,-0.11717922683348951
['Waylon Jennings'],[200791],-0.8953955072911023,-0.4587381911879109,0.12077288217893763,0.22760905947324084,-0.011049301474856471,0.49874605124152094,-0.12278049264228753
['Waylon Jennings'],[200791],-0.8219892956578689,-0.42976371626487914,0.09923314734965961,0.21718173200311616,-0.02631637462419741,0.4502525109133733,-0.15872563524669872
['Waylon Jennings'],[200791],-0.8875818022766458,-0.5065297880077778,0.03943719672326165,0.21044028870018447,0.014588707070005338,0.7058245063178364,-0.16516869024598463
['Waylon Jennings'],[200791],-0.9582488658340889,-0.43898484540578236,0.03430263164845158,0.2883283233736395,-0.45732611565246256,0.5693344321788236,-0.06129332654189252
['Waylon Jennings'],[200791],-0.8807650383368791,-0.4855549540320899,0.1752184928486416,0.19138665847509537,-0.19706581096603032,0.5529908038957226,-0.1686579878424421
['Waylon Jennings'],[200791],-0.9920026492807585,-0.609238012688419,0.09884914733948896,0.31844154856384116,-0.43996178769917416,0.6420581089789142,-0.14922820913747736
['Waylon Jennings'],[200791],-0.4305440874256572,-0.39103971410772714,0.0811810613242603,0.07149663156915244,-0.19754670508061578,0.7997164848355302,-0.1451690606907439
['Waylon Jennings'],[200791],-0.8124315399247514,-0.3853186492760012,0.07540683380924976,0.13282881367037552,0.18281945436756372,0.7105636592391357,-0.19253484432540874
['Waylon Jennings'],[200791],-0.7742726053310539,-0.5637497776653042,0.18654202140735035,0.16356822550838637,-0.2044632693410391,0.576820451016595,-0.10929240695505245
['Waylon Jennings'],[200791],-0.7448830820148433,-0.06760795305126692,-0.08915008996142183,0.35129300881351966,-0.6017211447557846,0.7350642224900763,-0.4096722212973666
['Waylon Jennings'],[200791],-1.0784441976699253,-0.33527836433917685,0.10608179432332768,0.1545753620878481,-0.6243310038101736,0.8741143411794123,-0.12411106301044524
['Waylon Jennings'],[200791],-1.0164967783419607,-0.4631548781604361,0.09545216764902646,0.19890284902675365,-0.003021280668857404,0.5875651136084223,-0.22411864208964422
['Waylon Jennings'],[200791],-1.0244562256294845,-0.24124599872656138,-0.09448230457380109,0.4788950469004169,-0.5331322914435445,0.9669037699516269,-0.5505666957067281
['Waylon Jennings'],[200791],-0.8752093612167607,-0.6377625115131559,0.12106636099150411,0.2895306689743109,-0.15832900174304865,0.6890003862623572,-0.21648166352181625
['Waylon Jennings'],[200791],-0.6608887283272262,-0.09283142247661258,0.21098657298853932,0.11045179593420741,-0.4402912387430531,0.3459032774963216,-0.039726914310293
['Waylon Jennings'],[200791],-1.131351928462436,-0.1466729504616005,-0.025493195519408055,0.3628142711083586,0.040406145313304706,0.5478644085707874,-0.48894841155540303
['Waylon Jennings'],[200791],-0.7931888927645168,-0.2741569707120039,0.24122366184633579,0.20556322078061667,-0.1847579057618354,0.5755545359632469,-0.43218122882284066
['Waylon Jennings'],[200791],-0.5388241682434705,-0.5112959926862343,0.19607108297785492,0.06563529007223137,-0.5041478681535233,0.6237155808426902,-0.006291870749811073
['Waylon Jennings'],[200791],-1.110386872758804,-0.2725523697780273,0.03772080955674491,0.35237058275497013,-0.6288280689665161,0.5412701967742375,-0.15569733632963795
['Waylon Jennings'],[200791],-1.0081720503894533,-0.602868946305311,0.08877413824918191,0.32595630210247284,-0.43880354853288833,0.6370226407623691,-0.14934438451704068
['Waylon Jennings'],[200791],-1.0009986559216062,-0.6413290950570508,0.08418686827469041,0.21221914502800537,0.016245506677582778,0.748824712064856,-0.1262089443288395
['Waylon Jennings'],[200791],-0.8905819900968865,-0.4788199429126228,0.15737550062947137,0.16242301272261206,0.17991379642403096,0.5796438422551119,-0.2325618953680009
['Waylon Jennings'],[200791],-1.0844618068351084,-0.19797636425660847,0.024619040762463032,0.3809688687782685,-0.47170770717756877,0.28997896249866506,-0.12384428521601239
['Waylon Jennings'],[200791],-0.7061828708143204,-0.5147483985567327,0.1266313724327637,0.18186025146675538,0.1856284785961591,0.6677674723433811,-0.34023307034426375
['Waylon Jennings'],[200791],-0.4710342218004286,-0.5582030534024417,0.1746222727482878,0.21235728334257817,-0.6798591080384313,0.5484268267360217,-0.06224824943640865
['Waylon Jennings'],[200791],-1.3921719508464734,-0.34238480471343813,-0.0042480005075563355,0.304344479666774,-0.586025651302429,0.7993672781585759,-0.24418285545894586
['Waylon Jennings'],[200791],-0.6329332714367853,-0.7833562206277019,0.19134957680150655,0.20907835977920816,-0.19982686324089802,0.6134718414076182,-0.09653918893203102
['Waylon Jennings'],[200791],-0.3099023895794581,-0.3615912558256176,0.18185577803188777,0.017825966131330088,-0.07812158536545775,0.4918272389216437,0.04158679725427951
['Waylon Jennings'],[200791],-0.5630683825267728,-0.3218514693023484,0.07515339065678123,0.05629542583067614,-0.2476774529297535,0.520863293294726,0.07998788822124653
['Waylon Jennings'],[200791],-0.8993337562434164,-0.29936826293785934,-0.06555230109624688,0.4549690050329491,-0.5315787757758007,1.0341113923083478,-0.5791295735510711
['Waylon Jennings'],[200791],-0.742411425567703,-0.6652557200031886,0.2641556431481382,0.20354345567093987,-0.560731128171494,0.6364670678082345,-0.20827948930185683
['Waylon Jennings'],[200791],-1.1516602484679956,-0.5677002379562578,0.11745065512610132,0.19226403779670828,-0.15056675517760293,0.8163966796567288,-0.1783228694327856
['Waylon Jennings'],[200791],-0.90520163150824,-0.6505946673459606,0.1568919778624627,0.23388128565734484,-0.41937397643456703,0.8807408106638281,-0.25105919724816855
['Waylon Jennings'],[200791],-1.2781055268465307,-0.4724133584605432,-0.04650610507936459,0.3889329925973498,-0.5703732178257198,0.8369196268521981,-0.2955962572719801
['Waylon Jennings'],[200791],-0.10323413727129083,-0.11151122273180512,0.10771120115517387,0.11326835616877744,-0.3021062931595869,0.7296381070389185,-0.35504868552237356
['Waylon Jennings'],[200791],-1.1135890119923413,-0.5485132498657367,-0.03145873028314842,0.42743691177815674,0.07209928667719522,0.7488754906643145,-0.3980954361228123
['Waylon Jennings'],[200791],-1.090645301874267,-0.2724053994568484,0.13305598883159117,0.33047390399040755,-0.6250228943972902,0.6036187273464434,-0.23967364003278172
['Waylon Jennings'],[200791],-1.0235897090582247,-0.4387673290271857,0.15104786521644994,0.27628329765276194,-0.4461837379226263,0.6237916503465596,-0.22356693315628692
['Waylon Jennings'],[200791],-0.5134393853077354,-0.3681929709820527,0.12039999214411692,0.11412314298886429,-0.8690770522861897,0.6491801667380763,0.0626191758039468
['Waylon Jennings'],[200791],-0.9695555996337175,-0.0739179153593963,0.12776026598537188,0.10225291853547876,0.14195782581275898,0.3851251116053666,-0.24074980582387895
['Waylon Jennings'],[200791],-0.36337744178020287,-0.602867006262629,0.22555951985580192,0.09581286298582399,0.12363454327602919,0.4706891177322534,-0.068238527720128
['Waylon Jennings'],[200791],-0.3898094792362964,-0.6542388042934139,0.2539244009873937,0.06770393919477588,-0.06104977315720849,0.5307096750960347,-0.0277950606155852
['Waylon Jennings'],[200791],-0.4984010615105525,-0.3321673328289976,0.2021184213831182,0.021873106103450658,-0.07766492724776441,0.4360589666320567,0.0460949316321782
['Waylon Jennings'],[200791],-0.9136932174855521,-0.39126200299572034,0.13217534893507263,0.1913458485113592,-0.024335957316825856,0.4456534039987724,-0.07514352543603137
['Waylon Jennings'],[200791],-1.0112842894130967,-0.6373194889766169,0.0697477119291142,0.3689613024637496,-0.42119538449567956,0.6998878009079795,-0.22076690635237398
['Waylon Jennings'],[200791],-0.9184064343220419,-0.5570529410735321,0.06017737282372621,0.30172353533843854,-0.15729236966922341,0.6640595520892076,-0.2269692106648429
['Waylon Jennings'],[200791],-0.7739331586301952,-0.44820039886583113,0.17858116385026412,0.14737871480075723,-0.03423670512113918,0.4868324312083115,-0.05460890970490417
['Waylon Jennings'],[200791],-1.1150598339411604,-0.7328247288150995,0.0987137502106331,0.3084456152512651,0.039362671194215396,0.7253175405064742,-0.16960803489231463
['Waylon Jennings'],[200791],-1.215466588416538,-0.3696647032644117,-0.011063876692722694,0.29848894118412445,-0.21349313178479157,0.8329004297317313,-0.36226531582142335
['Waylon Jennings'],[200791],-0.6794701069508631,-0.034042941860207815,-0.02379911617622952,0.21082975015492195,-0.7367634499983919,0.6811479089285896,-0.11612424096834141
"['Willie Nelson', 'Carlos Santana']","[583959, 175196]",-0.6316443607564832,-0.771151132272182,0.21842801098091016,0.1795304573403786,-0.4562653614932651,0.8405024405002276,-0.07424954610546497
"['Willie Nelson', 'George Jones']","[583959, 944310]",-0.9060911070600307,-0.5334635394895628,0.14016942515690928,0.057359769387886526,-0.0068023408669868985,0.7907744940808582,-0.04469867244071662
"['Willie Nelson', 'Johnny Paycheck']","[583959, 251375]",-1.053946883859937,-0.20052477964846685,0.6007340989091606,0.05067696080910608,-0.011046855202451791,0.6977616287224194,-0.27387860181896734
"['Willie Nelson', 'Kris Kristofferson', 'Jamey Johnson']","[583959, 774588, 627787]",-1.1619344335244373,-0.38261499729132703,0.24251492621643025,0.21056572372409169,0.18381287720043274,0.48610455943649145,-0.2711406311359675
"['Willie Nelson', 'Lee Ann Womack']","[583959, 194063]",-1.0849847002276718,-0.1835338867339269,0.07348976307803291,0.16506103475173145,-0.1074786510182765,0.5062303272880975,-0.10211592869110558
"['Willie Nelson', 'Leon Russell']","[583959, 816387]",-0.6470638840558494,-0.6716142107578209,0.24344363686663512,0.14063743420853606,-0.028263947333418832,0.6230076484735869,-0.03951105353033164
"['Willie Nelson', 'Leon Russell']","[583959, 816387]",-1.2881488951606657,-0.33616485939352136,0.11169961921740355,0.2974914477730408,0.013423241903971242,0.46221623656562505,-0.25741180240107037
"['Willie Nelson', 'Leon Russell']","[583959, 816387]",-0.7033352585393707,-0.6587850241394265,0.2513745269715186,0.1373720280568198,-0.02410249807889535,0.6193629019102223,-0.06934662793445312
"['Willie Nelson', 'Leon Russell']","[583959, 816387]",-1.152573038889922,-0.5200493086117499,0.1290969860783248,0.3259990142678887,-0.42549464421360306,0.6903038861623784,-0.2545551018371071
"['Willie Nelson', 'Lukas Nelson']","[583959, 1084430]",-0.47263887414262346,-0.3045205218055053,0.18333880382610773,-0.03266414553350717,0.09187744357650691,0.36339993100115575,0.04089152599775788
"['Willie Nelson', 'Merle Haggard']","[583959, 410219]",-0.6081983521125166,-0.51698332090388,0.14490144804643013,0.08954999527960573,-0.04070201640479781,0.577977425105241,0.027880830933995192
"['Willie Nelson', 'Ray Charles']","[583959, 46861]",-0.5651629248018013,-0.3542546360126693,0.16143965878732797,0.17509751475387045,-0.34245824259264246,0.3351010353383207,-0.04216440657092991
"['Willie Nelson', 'Ray Charles']","[583959, 46861]",-0.5775775669983251,-0.33289157850445295,0.09563735378393295,0.09300199671930555,-0.33031172531503133,0.5615922666020638,0.07547899919109097
"['Willie Nelson', 'Ray Charles']","[583959, 46861]",-0.695310231970924,-0.31204694851431963,0.08631903358225425,0.10113733883283085,-0.3216622801691694,0.5409815709537618,0.042595280764006836
"['Willie Nelson', 'Ray Price']","[583959, 409954]",-0.8003450499073738,-0.43799583088347155,0.24743242810401278,-0.04276070744554661,-0.0189885946004899,0.8504972975224724,-0.01081155882295552
"['Willie Nelson', 'Ray Price']","[583959, 409954]",-0.4652175244367596,-0.2215468444715515,0.1700186892299777,0.0001005773406283381,-0.7161232045845572,0.5264730817938377,0.059457846909754614
"['Willie Nelson', 'Ray Price']","[583959, 409954]",-0.7545765953420381,-0.29331658092007845,0.14895018331311471,0.1513281936603477,-0.3214982488100208,0.45260930511864866,-0.09735806257874857
"['Willie Nelson', 'Roger Miller', 'Ray Price']","[583959, 151431, 409954]",-0.4050111769170587,-0.48910426747409724,0.220839597650683,0.12833161131567147,-0.6994480703105529,0.5257502428643859,-0.031714193839044294
"['Willie Nelson', 'Waylon Jennings', 'Kris Kristofferson', 'Johnny Cash']","[583959, 200791, 774588, 816890]",-0.730920849015518,-0.4336737334192764,0.14232432926426075,0.27093754508279355,-0.8413822579019846,0.5644851653080052,-0.06916466961912592
['Willie Nelson'],[583959],-0.4827925229946861,-0.6270101366809394,0.2083600060310219,0.16012183046365985,-0.6855940783942022,0.5684639287873101,-0.04358363791523621
['Willie Nelson'],[583959],-0.18641044789219294,-0.49886305778581164,0.2462643111706038,0.02780814481406537,-0.3723037715296931,0.41414304794153384,0.07658738626089383
['Willie Nelson'],[583959],-0.5934314720725256,-0.5725567395555957,0.19394938061935366,0.16382641600211562,-0.46880311091250176,0.6982507990517078,-0.14536075575085455
['Willie Nelson'],[583959],-0.5941040282041797,-0.38401759759366916,0.4113939723380426,-0.060225833131905576,-0.6728051655347511,0.926685256327364,-0.0448552142776178
['Willie Nelson'],[583959],-0.3077706287882989,-0.272251352703899,0.17451519002874852,0.030508847161479963,-0.7383063826049411,0.40496572909404305,0.05219199867084013
['Willie Nelson'],[583959],-0.7574930828784,-0.5610001506412747,0.2753059195336738,0.2075434009645242,-0.6489255834738107,0.6845766760676423,-0.1806303839587959
['Willie Nelson'],[583959],-0.2243169563306484,-0.018057111833166085,-0.0197809757276682,0.2241092866794155,-0.01307145584520112,0.5812942019313645,-0.4627685226643834
['Willie Nelson'],[583959],-0.881497909644135,-0.28634460443695525,0.22345623723941305,0.17541043877173604,-0.46386940547670724,0.6689555543141696,-0.11939029712816403
['Willie Nelson'],[583959],-0.9906792263094545,-0.5385801763657598,0.10009693532038637,0.3318223857289305,-0.6254235559440188,0.6259933411906191,-0.1496819819245903
['Willie Nelson'],[583959],-0.9409939847376613,-0.14404874228069658,0.14078211514882072,0.018877145437376813,-0.21286556621039437,0.6817218359477734,-0.02207704659998999
['Willie Nelson'],[583959],-0.3231777561999401,-0.2905252608200917,0.1382176281040867,0.025883036613344144,-0.8073574407866898,0.6050368103805935,0.1672901092219897
['Willie Nelson'],[583959],-0.32910661963654153,-0.160737732843591,0.17847389232881375,-0.04819083653422226,-0.7192952786373882,0.6163436560538812,0.08946327216246325
['Willie Nelson'],[583959],-0.522291084334837,-0.5427239961673029,0.20647016528774914,0.09736687771980854,-0.06539216185716364,0.4104500275791851,-0.027752409939229557
['Willie Nelson'],[583959],-0.36613232734566425,-0.43878196631641736,0.20846355136307906,0.032289909558233125,-0.35997590555639636,0.4242074433331147,0.025435569715891854
['Willie Nelson'],[583959],-0.42292780352589254,-0.5270436373792967,0.19849669606003048,0.13912458482720974,-0.8707751771465692,0.6186074175747454,0.05656504293657302
['Willie Nelson'],[583959],-0.2392788700032045,-0.5413793055332192,0.2386992933772943,0.17798440468402205,-0.8032548485462269,0.4512598835942015,0.025427261134070508
['Willie Nelson'],[583959],-0.273155518641089,-0.3353640789341978,0.21956513620995438,-0.0953168295877313,0.06144480532614465,0.28762118811499326,0.07915185551727486
['Willie Nelson'],[583959],-0.49439981185465787,-0.4345157177495652,0.15326215307050303,0.14750239824891592,-0.23926771358681556,0.43445803600181526,-0.07531290820498746
['Willie Nelson'],[583959],-0.5153321721799656,-0.38089956702024236,0.3183910443904634,-0.014122854158220417,-0.06679516071157099,0.5436955909514612,-0.04049057830188366
['Willie Nelson'],[583959],-1.0572245743206026,-0.6145602808589268,0.14774573099345015,0.24737685725684117,0.029773849276080653,0.6889672371958978,-0.31008054928889595
['Willie Nelson'],[583959],-0.6513105719563268,-0.31265836689772314,0.1267302515154034,0.07017267304861124,-0.5063340347512031,0.5903479317176534,0.09857314464940349
['Willie Nelson'],[583959],-1.05800660648877,-0.5860025251960965,0.10988810333305296,0.2598979433509232,0.0329179302871535,0.685671200224013,-0.3150730545867553
['Willie Nelson'],[583959],-1.0859309959911807,-0.5783397153785961,0.07747223801969073,0.3528553028465026,-0.4347096002457832,0.5994489180490578,-0.1917347704088316
['Willie Nelson'],[583959],-1.0117539513055978,-0.3588993211447929,0.11959453760797925,0.15127013926451172,-0.017506074993582636,0.535593265384676,-0.1491035580401619
['Willie Nelson'],[583959],-0.34594820361528644,-0.4633862846298301,0.21422173418966586,0.027062978336658654,-0.2666159949531047,0.46127025631983576,0.10090164514935748
['Willie Nelson'],[583959],-1.20263400007446,-0.09466224975416251,0.5078152277853892,0.21761032011562856,-0.43262068715830887,0.6739255234187491,-0.5627669546050089
['Willie Nelson'],[583959],-0.837044180929827,-0.09906636783187149,0.4352099194332682,-0.025876070880139306,-0.6689088020477655,0.8008611604731016,-0.1555437308609742
['Willie Nelson'],[583959],-0.2153528419542826,-0.4628745359007072,0.21401021443405113,0.09026893256553432,-0.7177221788353765,0.5159815208031254,0.05420705656188306
['Willie Nelson'],[583959],-0.662092330618244,-0.5760755835934342,0.16085086335322954,0.1687315784478444,-0.4900336399123468,0.5682649984600495,-0.07034554527141401
['Willie Nelson'],[583959],-0.3405546230161471,-0.34075881876517655,0.19120242815173985,0.04964900776511298,-0.2642155003842882,0.40981732610604094,-0.01318476148148372
['Willie Nelson'],[583959],-0.3753213267072976,-0.37526266190021,0.18312005006178703,-0.07815750087807607,-0.08152902813945521,0.5757616252152413,0.10335585700940728
['Willie Nelson'],[583959],-0.8330262956629184,-0.6830880662506215,0.1594173608427957,0.20265900160766911,0.0030442602749292474,0.6480907786431904,-0.1906123105064254
['Willie Nelson'],[583959],-0.1588602777989596,-0.401691225990899,0.23906667777621493,0.0013436195804865292,-0.7437134332821843,0.46879349755013,0.07007071668366144
['Willie Nelson'],[583959],-0.854108131340814,-0.555519935110372,0.15163018152135352,0.21346758802016214,-0.28353709198933724,0.5706001167316124,-0.15027141086463433
['Willie Nelson'],[583959],-1.0208963246657938,-0.4698655576479693,0.07616803836297246,0.3492769399653521,-0.6222886676520559,0.6106399332701968,-0.19637032981595795
['Willie Nelson'],[583959],-0.4523929730976732,-0.33706302115564934,0.22638507507642178,0.02101510852314433,-0.43630927259995284,0.5299425647109217,0.06764160741905967
['Willie Nelson'],[583959],-0.2234622772014563,0.07569828356500752,0.22309151787201895,-0.035355075278789894,-0.6217803976084119,-0.02607647062326392,-0.08677114028140702
['Willie Nelson'],[583959],-0.6090849432121432,-0.5308655410356149,0.17404248233449743,0.06790623325429773,-0.050995528050402444,0.5255946250644495,0.010869654720640366
['Willie Nelson'],[583959],-0.9995062711084427,-0.5618153277450006,0.15839477332736823,0.2276777384064339,-0.44709882392879874,0.6441470585669776,-0.1907601808238093
['Willie Nelson'],[583959],-0.35758058336658505,-0.4214316416290911,0.15684897056805003,-0.08609485333671828,-0.6954788624998641,0.8678484273638853,0.13472705957579767
['Willie Nelson'],[583959],-0.4635315014713232,-0.45780343701600035,0.17828708749289493,0.16685675029076072,-0.6943896989333469,0.507064573430158,0.031613770820939205
['Willie Nelson'],[583959],-0.5449764037588003,-0.3879142273720422,0.21936022323389096,0.11139635278830265,-0.2519628751703374,0.3880404957358191,-0.05848998180002553
['Willie Nelson'],[583959],-0.5370291368854018,-0.21598292763473015,0.26767884367664385,0.1384556548015248,-0.5376737095699119,0.30924816264540494,-0.027959231199050815
['Willie Nelson'],[583959],-0.2993359828147016,-0.25045137012581004,0.631452770586942,0.0058739249862577655,-0.7305180651484379,0.5032445403718424,-0.1094365900940646
['Willie Nelson'],[583959],-0.7332450281102557,-0.5983207971663578,0.12389437010837322,0.31236178113182794,-0.6405206591596865,0.6598654024952891,-0.17911132554664824
['Willie Nelson'],[583959],-0.8521109770367282,-0.6413640262568425,0.23568189821781038,0.1378562698810608,-0.188223325803686,0.7049938259866406,-0.12031121377370524
['Willie Nelson'],[583959],-0.5905951095161952,-0.43766856939027465,0.16322665084710353,-0.04855325118085403,0.11620414734472348,0.5444892059654823,0.02514270341629231
['Willie Nelson'],[583959],-0.3261376199291706,-0.33026657227897577,0.1446385356126684,-0.13288562035474433,-0.44664573134671953,0.7155640732111848,0.182879000625092
['Willie Nelson'],[583959],-0.39529481206907036,-0.3946184100679125,0.24905291135890453,-0.05019574791823238,-0.09253028518756715,0.43290160373172376,0.022422979151446303
['Willie Nelson'],[583959],-0.3536748530759315,-0.30830130146472295,0.3785833071236277,-0.07766714376489814,-0.28509255696156965,0.4247298217765129,-0.0817897635547075
['Willie Nelson'],[583959],-0.4702427026584327,-0.37235806619974954,0.1495204391503995,0.0929073042165779,-0.7078682141863997,0.5004717815435725,0.0293712608982488
['Willie Nelson'],[583959],-0.40001282754624784,-0.5205877893674615,0.20853040642799625,-0.059696711239023835,0.0989299990200519,0.4885065166410501,0.020767666483100137
['Willie Nelson'],[583959],-0.6899103529099598,-0.2844847182496306,0.19012057501569346,-0.12974313496257306,-0.05074737284581197,0.7297918404343272,0.04547984399353131
['Willie Nelson'],[583959],-0.4910517484363587,-0.23497595795535436,0.2567470439580791,0.04434833312054924,0.09149770215904622,0.2781313980080622,-0.021978626799262508
['Willie Nelson'],[583959],-1.1502447883430098,-0.23230889204182192,0.626874753917961,0.041930542899845956,-0.0006627865571452393,0.7180222136353409,-0.4165398694207535
['Willie Nelson'],[583959],-1.1664527006725118,-0.3288719767477096,0.2291566436777094,0.11004046819425456,0.007434147037664864,0.6935687711608416,-0.24316915062253913
['Willie Nelson'],[583959],-0.22581545680047777,-0.3067315309460299,0.19632113577784627,-0.06704066131224999,0.056557618600466764,0.24496918465324682,0.11763189519409498
['Willie Nelson'],[583959],-0.2534552505137418,-0.32997426036732175,0.2071087585029017,-0.011557052168430459,-0.11094798510910824,0.31173037628926514,0.09747685276373949
['Willie Nelson'],[583959],-0.44928267753487733,-0.17172191287948982,0.17583490107111388,0.016927029897632704,-0.7151402262019664,0.5045793203105146,0.08117841568928422
['Willie Nelson'],[583959],-0.3319110778724129,-0.42821945784647175,0.19786493696456747,0.09504876339521957,-0.5318999480389313,0.4621727465016812,0.06633381254048791
['Willie Nelson'],[583959],-0.13914528424092243,-0.1519767095848128,0.10835783682020766,-0.12562039299569805,-0.08988769837326654,0.5945763994815033,0.04192025949298567
['Willie Nelson'],[583959],-0.8969320058740673,-0.17235975143155124,0.303061013440246,0.011983845416421404,-0.6531725176516898,0.8738358234572267,-0.012162254954040464
['Willie Nelson'],[583959],-1.2007918088397527,-0.27706317802408237,0.22217713281459067,0.24743404427789542,-0.44238638271434094,0.6222557491968972,-0.31752021815270215
['Willie Nelson'],[583959],-0.5494036682247342,-0.34554419542299075,0.2270928841648732,0.042195380147381,0.09577340091761072,0.2784228603567808,-0.0624255759487744
['Willie Nelson'],[583959],-0.20118520941321769,-0.1884983478251115,0.2581787173385792,0.019960613194179033,-0.22142991098503167,0.7385326775470507,-0.19759204009963358
['Willie Nelson'],[583959],-0.3576281826258289,-0.3733409114654694,0.22259139373881448,-0.11858926134562701,-0.08997355790589624,0.5672072677876108,0.0888453810296371
['Willie Nelson'],[583959],-0.5943911877120917,-0.34484515624842643,0.21693873128910404,0.21135227591631944,-0.6930796821947186,0.41789352219401954,-0.0492976952941149
['Willie Nelson'],[583959],-0.5996682367990936,-0.5606071852121117,0.27862788125192267,-0.023853276520728446,-0.040418966711113474,0.7134429716504318,-0.008757061478622177
['Willie Nelson'],[583959],-0.6099285919346833,-0.4272155866069781,0.18881617924932614,0.1417572688110258,-0.5052301364995835,0.5174101356545717,-0.052246540176990125
['Willie Nelson'],[583959],-0.8440542920529059,-0.18326123219642093,0.4977297445143733,0.060957421886971924,-0.6637788236939581,0.7215643396680658,-0.23854034934312818
['Willie Nelson'],[583959],-0.8525033138058943,-0.6007376864705088,0.14290806351731986,0.2965802346545552,-0.6341006422571687,0.6631071896880081,-0.12553952195927656
['Willie Nelson'],[583959],-0.6722624160434317,-0.09621596418999788,0.3432756603827661,0.12179603962764321,0.14814317599098456,0.4193435612866885,-0.3856685879350318
['Willie Nelson'],[583959],-1.2131796822402527,-0.5070797168706458,0.09856467339669016,0.18485308982590812,0.02382927636683729,0.706715601944112,-0.20162785120817714
['Willie Nelson'],[583959],-0.06464039024108684,-0.25611003332296345,0.16079241740625883,0.07238392546910305,0.12565789752300252,0.5255520719030752,-0.22047288295606388
['Willie Nelson'],[583959],-0.8119416500643166,-0.5719930588294144,0.18807691426573342,0.1196413228199407,0.15179322678787052,0.4933869048509595,-0.11377924003890597
['Willie Nelson'],[583959],-0.46170018911202737,-0.13183960949112852,0.28826204696931923,-0.0674339109929847,-0.11104310112800386,0.2891758986249652,-0.05583053605551314
['Willie Nelson'],[583959],-0.3684124439804049,-0.4643943101878262,0.21069500476966055,0.02431498984213329,-0.2648683596004294,0.45829256260741824,0.09284488183126718
['Willie Nelson'],[583959],-0.7367085571535179,-0.4525559778640773,0.2073244948311823,0.10010601191791349,-0.22723036568559857,0.48246526502940923,-0.14033188536507313
['Willie Nelson'],[583959],-0.6094007299021726,-0.5881357961863378,0.2932084661374988,-0.02972373430185294,-0.03669064838211754,0.7323888072333884,-0.030433075380355678
['Willie Nelson'],[583959],-0.6074739930694324,0.004415081228821427,0.6216416941854418,-0.1324254855403298,-0.7050341525513029,0.7398185950055344,-0.1474402832735434
['Willie Nelson'],[583959],-1.12367097054165,0.08118525045048515,0.5414664893778166,0.00962058408894547,-0.4643451975103377,0.7581136788990505,-0.37646722380939185
['Willie Nelson'],[583959],-0.7368515815448247,-0.411086991265136,0.18660939506479535,-0.026319056790659122,0.1357075695951434,0.6136539075623013,-0.005735431623195149
['Willie Nelson'],[583959],-0.2924438569787954,-0.6619068530533018,0.2514524141711132,-0.028690959663367474,-0.07420887232132616,0.5936060570027322,0.03348717426861641
['Willie Nelson'],[583959],-0.9616444650449854,-0.4292123678733965,0.107308856444654,0.2503415358188635,-0.45657825628594195,0.5751062076649281,-0.12239367262822994
['Willie Nelson'],[583959],-0.7728851754866184,-0.19640447769992125,0.18951331888898082,-0.034767088061450596,-0.22578087596036495,0.7112013840273407,0.013465539559246486
['Willie Nelson'],[583959],-0.42675778326026054,-0.19356473872349894,0.5185031593239233,-0.0284050327004403,0.08476516886559157,0.32431927508302655,-0.13587224494867378
['Willie Nelson'],[583959],-0.5122884316094187,-0.11547546726313636,0.5139303864361946,0.22632953239393663,-0.6892197622704874,0.43740809897165783,-0.11593139622247842
['Willie Nelson'],[583959],-0.5038943671234247,-0.0018048162218508646,0.5537260215028201,-0.09045163115695212,0.07523979975201624,0.3203427493845642,-0.12690647314530193
['Willie Nelson'],[583959],-0.3090083877046067,-0.2618301577934968,0.13050329764396704,-0.2009402350715621,-0.36964831392923053,0.6926346050625993,0.2370001156260408
['Willie Nelson'],[583959],-0.5735930591935694,-0.44722818991771424,0.18063146930248963,0.015855765869379077,0.11092403534226108,0.410145975894851,-0.018564432271139703
['Willie Nelson'],[583959],-0.5742541248750949,-0.2416875525036113,0.09917288386935577,0.08187259285405714,-0.25325673614279726,0.43250971405884736,0.10533075474459486
['Willie Nelson'],[583959],-0.6361984119246765,-0.004823396912835002,0.4664640851577903,0.07996494653834016,-0.5364492916816662,0.33284559527477586,-0.21079564448573634
['Willie Nelson'],[583959],-1.0732954150507399,-0.18555752915340096,0.6069816751469078,-0.005093650013988396,-0.45818853473960097,0.8486221614009285,-0.3807226926392631
['Willie Nelson'],[583959],-0.6290397523393251,-0.4307089212202231,0.26228353449162484,0.1801314235454263,-0.5091650933205237,0.4301299337994964,-0.0881431010221862
['Willie Nelson'],[583959],-0.6676432422451231,-0.699221318813377,0.15876777790940663,0.15008617185918177,-0.45868110847951293,0.8304553463797336,-0.025037356405832795
['Willie Nelson'],[583959],-0.6504382841131104,-0.08525217604728977,0.06361090369174177,0.04587471969594308,-0.07868023936889193,0.3811978646189161,0.010978080623677142
['Willie Nelson'],[583959],-0.9819879279670947,-0.3092632867632464,0.19033488628815595,0.06854901593588773,-0.011971210292058823,0.6607283156405571,-0.10468040131913216
['Willie Nelson'],[583959],-0.34589055798990687,-0.39944717828915,0.19425889595058266,-0.07723543261691994,0.08057746091459768,0.3828240432614242,0.08146461598046063
['Willie Nelson'],[583959],-0.530964313100436,-0.5275246556228986,0.20695080157131418,0.0839043846602709,0.10558034309156318,0.29025364793487896,-0.08440603291786941
['Willie Nelson'],[583959],-0.3136716396208133,-0.5666528942408636,0.2547069826703789,-0.06846935129192776,0.09381454106561847,0.5029795028207715,0.07619538983952341
['Willie Nelson'],[583959],-0.9593988897104647,-0.5511649894313554,0.12631275861767025,0.30846327570187454,-0.4539166444437697,0.5542947365384888,-0.20980827156767867
['Willie Nelson'],[583959],-0.2565271508391523,-0.580592509189728,0.23770025933069233,-0.022522181373750404,-0.26272299067790195,0.5901809238289917,0.09511974139197095
['Willie Nelson'],[583959],-1.0181683928891156,-0.3767125194588596,0.5846852683171134,0.1605146096487677,-0.16726811533606467,0.7050284233845862,-0.48752687892513585
['Willie Nelson'],[583959],-0.37583287695844747,-0.3233765135064433,0.2129565040559065,0.01976362556627039,-0.10057980997683262,0.28508128151753725,0.028372085455633765
['Willie Nelson'],[583959],-0.7706010785341169,-0.7633536586505068,0.21101052177218396,0.24260789401479055,-0.19073726287580378,0.5817517431631494,-0.16130962979222663
['Willie Nelson'],[583959],-1.0009353160514847,-0.47394822120839264,0.2889537767153865,0.16499749578169137,-0.44353865210956783,0.7707240909209226,-0.24962896846337845
['Willie Nelson'],[583959],-0.3448262250034306,-0.5542122171297581,0.25585108606771273,0.046575117264292525,-0.07902147282288169,0.4487390524902182,0.025858851282199204
['Willie Nelson'],[583959],-1.1422208090645254,-0.36054256194533724,0.6267334100857601,0.17105322153867988,-0.1692259336147677,0.6763065977213061,-0.48243000931937535
['Willie Nelson'],[583959],-0.8827591040409837,-0.2187185130644976,0.026040451480844478,0.09471617973118253,-0.6602602199870531,0.7258413129829727,0.03958624409969393
['Willie Nelson'],[583959],-0.6551490407846701,-0.12005858615517395,0.04230812079077465,0.11581028055300087,-0.07231664632292467,0.29856386124080014,-0.06593386911416688
['Willie Nelson'],[583959],-0.9052101215149131,-0.3412042135697152,0.13405635282567388,0.0637474882133695,-0.018237809848413583,0.6577593094785563,-0.04743966207121142
['Willie Nelson'],[583959],-0.4431297342311751,-0.591147912925382,0.23143783339914079,0.0030893200694775097,-0.06507544127085119,0.5458188191668624,0.005536144705073751
['Willie Nelson'],[583959],-0.8497356347843541,-0.6013435038431214,0.1527378764102943,0.3142644698400976,-0.634566679891367,0.6507207297951169,-0.11185718861446922
['Willie Nelson'],[583959],-0.9126026851323262,-0.40027355454634667,0.10863339716584436,0.1074629485052403,-0.025664742988444768,0.550227822186084,-0.137418834825458
['Willie Nelson'],[583959],-0.2970547706803588,-0.39407119951133646,0.20495547065500283,-0.07161304931996315,-0.27228611633225,0.5588351289720612,0.14918398156227164
['Willie Nelson'],[583959],-0.3483882413868942,-0.5160302701273966,0.21220157372602377,0.002945205414653142,-0.2528824488871377,0.560208391873647,0.051649943212506697
['Willie Nelson'],[583959],-0.40432489471085986,-0.2408818705271726,0.17220083957191842,0.007870112006854568,-0.711875485766322,0.5739934238150011,0.13756238850417832
['Willie Nelson'],[583959],-0.7347518596675284,-0.6859336064131775,0.23166682889463347,0.11129745137391314,-0.028583875495594466,0.5503467308688395,-0.17662846766888202
['Willie Nelson'],[583959],-0.9133244703655269,-0.5875504374267602,0.14609211992832938,0.10825464799187764,-0.44103676716469914,0.9613005060975097,-0.07908329006087877
['Willie Nelson'],[583959],-0.11869698260267066,-0.38350614875529065,0.23969680679309424,-0.10373300209469105,0.04970902622154489,0.2888356745720493,0.08207492105368713
['Willie Nelson'],[583959],-0.4815463029035928,-0.753896855280851,0.28436012748260636,0.038481910559209985,-0.2212119153522307,0.7495164036547625,-0.019091398720275342
['Willie Nelson'],[583959],-0.44175010326014746,-0.12215213035032656,0.22268322808273505,-0.0074451561047463805,-0.7189685978600293,0.507364248815999,0.053624097104032285
['Willie Nelson'],[583959],-0.4988551413988296,-0.5882052642861971,0.3445486209190328,-0.057065658599721424,-0.0472548540295705,0.7540525805363721,-0.018116941360068486
['Willie Nelson'],[583959],-0.2898745738869814,-0.3896593847883371,0.1961618349903426,0.11423321850870573,-0.7206028773909668,0.44602578643679336,0.1084568846201232
['Willie Nelson'],[583959],-0.29789449100739696,-0.29272586967969616,0.22518005007102165,0.015553946983088669,-0.017160917089532896,0.2372504352001004,0.04657560282698586
['Willie Nelson'],[583959],-0.8150654971635513,-0.340824112909633,0.1363696352584361,0.16064514028156646,-0.4668353396927424,0.6897933458861171,-0.06772568740435157
['Willie Nelson'],[583959],-0.4490880531405301,-0.3679914543717226,0.199139475336384,-0.0209010737245722,-0.05994023314478185,0.6005027568757321,0.032960449418093535
['Willie Nelson'],[583959],-0.9689907504972725,-0.43975680116148974,0.12968342920857626,0.21200211659292345,-0.014905485780975341,0.4964159734807753,-0.15802775807142924
['Willie Nelson'],[583959],-0.6504045226126789,-0.5821773743289878,0.2566090482187729,0.20607914566514976,-0.6669211820869677,0.5915906332705462,-0.11661476904902154
['Willie Nelson'],[583959],-0.518111298834156,-0.43903851178512676,0.18675991926910002,-0.0015199021803882606,-0.07002802306912373,0.492114290817034,0.0313626822675689
['Willie Nelson'],[583959],-0.7017033990654634,-0.6732374104155903,0.22678842076532493,0.02709921838255826,0.15449247003914574,0.6717580695438998,-0.06619747785412826
['Willie Nelson'],[583959],-0.9296988148385072,-0.6677343222521835,0.18752332273929323,0.11080512300478122,0.00982846180814473,0.8324696068941583,-0.1112226254506115
['Willie Nelson'],[583959],-0.3006077055445763,-0.33680585740628594,0.2341532425140521,-0.07285881837815437,0.07252413144383474,0.3131968506639395,0.07109802486482925
['Willie Nelson'],[583959],-0.18297754767289298,-0.3424547632359678,0.20249473535309823,-0.03380114303993917,-0.29113150934949367,0.4108017541594125,0.11829054002879366
['Willie Nelson'],[583959],-0.2642876964320574,-0.4963080288466396,0.19095425188412196,-0.02127534706670632,-0.7106547933393541,0.7277063987475715,0.13957816958388222
['Willie Nelson'],[583959],-0.30273143050226226,-0.49614420074792775,0.26986905529742405,-0.07561298574653738,-0.26776869742079684,0.5970250664116105,0.07369074622982737
['Willie Nelson'],[583959],-0.6516654537532793,-0.10598154865692634,0.04504131466824441,0.03787227964438122,-0.07302819347970776,0.4083356628287359,0.0018692604680138772
['Willie Nelson'],[583959],-0.5977307271264256,-0.5315021708440912,0.16172227719926602,0.04514267549271095,0.12237910699350628,0.4695998003707953,-0.012548945215546099
['Willie Nelson'],[583959],-0.48187774442695547,-0.5647013172448214,0.20547076766556602,0.18047163613990627,-0.7792547523241348,0.5337622433841931,-0.01827954355952505
['Willie Nelson'],[583959],-0.5110626924781078,-0.4968552665758935,0.20540068540396914,0.04850722358215075,0.10989753558693453,0.3914481436613444,0.03558608129358142
['Willie Nelson'],[583959],-0.5401738927500734,-0.6148991910341352,0.22201936243935075,0.011009558195812822,0.12578068620356014,0.549305430359586,0.0024140896314687912
['Willie Nelson'],[583959],-0.9553242395924831,-0.14663602282539998,0.05983867043817597,0.14851514425182283,-0.8341965588599191,0.738061311031638,0.006188493907804957
['Willie Nelson'],[583959],-0.6764036768975407,-0.36606820978888843,0.2504603023732706,-0.029371848242265547,-0.22659549260861653,0.6812666085673751,-0.03510423843337355
['Willie Nelson'],[583959],-0.136761084744246,-0.5965976432652923,0.1584323433740285,0.18922107934512727,0.007259902965864875,0.8488875984111779,-0.4048951766839512
['Willie Nelson'],[583959],-1.0472323066898135,-0.39676379829578406,0.09632228368784025,0.24993955764310566,-0.45349855392837457,0.5757195605925263,-0.21063461663058747
['Willie Nelson'],[583959],-0.4534645901794483,-0.48895642864928035,0.21066428583189883,0.07379923167389017,-0.6962625431378443,0.6516866262675993,0.06624462757950952
['Willie Nelson'],[583959],-0.3262816383788753,-0.5466023300384568,0.23341096199443653,-0.022980832641923164,-0.2606031689908025,0.5594190385380108,0.08328282765762886
['Willie Nelson'],[583959],-0.5617478193708243,-0.43973232393061906,0.035773719997187654,0.40260968100588357,-0.3398338759511064,1.2238457755301575,-0.7759917750747062
['Willie Nelson'],[583959],-0.2576576834625141,-0.31053078712625415,0.20143750933382581,0.02634283424184209,-0.10890444374423902,0.24873884246361622,0.03291004674419488
['Willie Nelson'],[583959],-1.0053861175768433,-0.27765619407574565,0.27860539028707254,0.2318941552076722,-0.4447016712900705,0.634437416097865,-0.39159573387980007
['Willie Nelson'],[583959],-0.16811036475062233,-0.29144794913366284,0.15648802155008232,0.20925807788209974,-0.6848624609038731,0.5314071256958203,-0.16173886734839982
['Willie Nelson'],[583959],-1.0576873082114941,-0.45039765721944036,0.005360655311209228,0.12148798311961673,-0.4347380635757926,0.9378748414280068,-0.031297096052971346
['Willie Nelson'],[583959],-1.1098479269373356,-0.13317176495465952,0.21331181362217688,0.10740071866584232,-0.2722653761076268,0.7370713667280473,-0.1576186601389635
['Willie Nelson'],[583959],-0.9608265929061338,-0.4893217859022778,0.48846087394311344,0.12985204884378795,-0.1837335052262969,0.658540549819034,-0.3230437483493198
['Willie Nelson'],[583959],-0.4479983429336459,-0.4058169805245735,0.15571060471832976,0.17099945257076368,-0.6986993776464254,0.47410610769808037,0.055278032079080774
['Willie Nelson'],[583959],-0.5401790106489072,-0.5584154723366904,0.22369129069520008,0.002478770761126805,-0.05722219102237705,0.5783364412121197,-0.009914005642141267
['Willie Nelson'],[583959],-0.769757850404705,-0.5011447266903535,0.17688312798566214,0.1388584675809253,-0.741422544173014,0.7422266000994017,-0.06993653550640377
['Willie Nelson'],[583959],-0.5723288221523194,-0.624863489710998,0.2608995662482039,0.1793891802893948,-0.5000180129861228,0.49672434609881766,-0.14012148824502665
['Willie Nelson'],[583959],-0.5483817137655493,-0.5610641736153801,0.17853041416848336,0.007153927721147328,-0.1434473253716188,0.6099079884839317,0.017994575264003353
['Willie Nelson'],[583959],-0.5469588428521267,-0.6289478016627692,0.23409698606884613,0.0019550539962149734,0.12517647071586518,0.5264336761881773,-0.053884702497033345
['Willie Nelson'],[583959],-0.7506130177205708,-0.44351541302669284,0.08580465775645069,0.04692967089833172,-0.6662668214591405,0.7547314381211125,-0.04075020118719561
['Willie Nelson'],[583959],-0.7855065568391418,-0.37004262577483926,0.2673058378207306,-0.01643071881013333,-0.04034602886216965,0.6426572767973306,-0.1087989116597634
['Willie Nelson'],[583959],-0.795742975584205,-0.5940174460572868,0.2044599540345611,0.1705778566873984,-0.02872238591547757,0.47049366101204015,-0.14402453346192862
['Willie Nelson'],[583959],-0.1990166863291573,-0.34460305975410027,0.06977593403026425,0.3245775878334223,-0.39205825016874646,1.0659292044913458,-0.5668892640173585
['Willie Nelson'],[583959],0.00925783035764827,-0.1902057969203814,0.06588692948203438,0.11759535551597301,0.15780618916404604,0.6838098729624628,-0.42546173597082615
['Willie Nelson'],[583959],-0.7004810547915026,-0.05895414890789777,0.10855291964740933,0.036199161383217396,-0.0804331019775239,0.3498133566459093,-0.014155362507172168
['Willie Nelson'],[583959],-0.2184762708246641,-0.23157491132181635,0.19688881757558452,0.049622219435104684,-0.5496584779700955,0.3887963388835177,-0.02316411826380554
['Willie Nelson'],[583959],-0.15613291276866734,-0.16089290475540097,0.2243575980229538,-0.01286507778040807,-0.6697599488951734,0.3142091048685131,0.05867691576882119
['Willie Nelson'],[583959],-0.8483758985925149,-0.37593092207115963,0.12364247146486028,0.24984858026176351,-0.4757818822529654,0.5519038656345836,-0.015370943301300458
['Willie Nelson'],[583959],-0.3231015570333227,-0.3231839228074412,0.17454459188146157,-0.13285799304882223,0.08046882740148065,0.456019781903493,0.1579909206452225
['Willie Nelson'],[583959],-0.36406547230111735,-0.42892330844372534,0.22556405855659814,0.013992696539131575,-0.2633133239710264,0.4588357963344189,0.09755722001941637
['Willie Nelson'],[583959],-0.99794416041947,-0.36846947249773154,0.5911366153482752,0.14167716877319053,-0.17469544113131555,0.6837352584926376,-0.4552188536027124
['Willie Nelson'],[583959],-0.39560860056984964,-0.46357135173750275,0.18704537962990506,0.18017108190071793,-0.7135429376725004,0.376737166953987,0.022535310188323356
['Willie Nelson'],[583959],-0.3147569272727823,-0.5637709045412724,0.22893906553276053,0.06795416914988985,-0.06980438131687244,0.47341442890184177,0.027916589463666007
['Willie Nelson'],[583959],-0.4803886854942629,-0.18751265139721068,0.1635145477446367,-0.13416775317318386,-0.09166861749269262,0.4949918310360781,0.1145659719166115
['Willie Nelson'],[583959],-1.0856006474150703,-0.37027333151280406,0.10136756184703077,0.23433427117736708,-0.00951614198845507,0.4486538429791907,-0.16685500190617372
['Willie Nelson'],[583959],-0.3168136660476133,-0.2563019384731972,0.20834999416882424,0.0007659143002628824,-0.02182588403259659,0.22738738927837548,0.056111656516664624
['Willie Nelson'],[583959],-0.20178966301767506,-0.24702109768227867,0.2336405820059452,-0.044594345483563884,-0.03420262912166213,0.2350002423192746,0.06222586741689677
['Willie Nelson'],[583959],-0.9835710029358835,-0.5880385570331516,0.3018330687271471,0.18180019244759354,0.009336694902828006,0.6807786028463602,-0.29005881798997535
['Willie Nelson'],[583959],-0.7739168464775105,-0.21774574862256174,0.0716448644099807,0.23204465963168033,-0.5029836871539722,0.37728847881510785,-0.1055472929294825
['Willie Nelson'],[583959],-0.4022898433716275,-0.33976123656692353,0.18046824316284926,0.15745826999486512,-0.7191865815332974,0.3328058516872631,0.05333179440773074
['Willie Nelson'],[583959],-0.567515560398838,-0.5413868489749907,0.28922238456903354,0.04483565196666209,-0.2305655264620454,0.5978695416107487,-0.026281628024051457
['Willie Nelson'],[583959],-0.9733732340429606,-0.12836869734108403,0.6198754409907234,-0.017432859820646306,-0.6519415131519064,0.8315464495952777,-0.3648920720936429
['Willie Nelson'],[583959],-0.41490139690284,-0.5800296321716405,0.23754993860225698,0.03738885924452929,-0.06620190474651827,0.5154216492718687,0.03073084677439768
['Willie Nelson'],[583959],-0.28345328451880736,-0.22350418583141513,0.16959825189238964,0.005136555085043297,-0.744513015557611,0.40042339367869784,0.07511123993640398
['Willie Nelson'],[583959],-0.27542898070552957,-0.4011879636559315,0.20653305932887175,0.06306371181382045,-0.7168272478103538,0.5556145954130153,0.18188896609828878
['Willie Nelson'],[583959],-0.49541368607651615,-0.4337620374408121,0.1659372636740949,-0.02780198559270065,-0.06444237403630039,0.5777635806830492,0.10221663476248925
['Willie Nelson'],[583959],-0.5930779786570681,-0.28090081248799104,0.21064232358804938,-0.007776860392816957,-0.5128512006922633,0.6415200099537038,0.0005493538604694496
['Willie Nelson'],[583959],-0.8702421745370862,-0.5021020639330005,0.18871237673235172,0.20578830555495442,-0.28622724435982316,0.5430788756017719,-0.16010381103405963
['Willie Nelson'],[583959],-0.6340336848114165,-0.23087858238183318,0.051157176787050326,0.025864088710122198,-0.06730019396550542,0.4901652892586154,0.07547701460327044
['Willie Nelson'],[583959],-0.8465480411407299,-0.681853239338652,0.259803855163473,0.18375601889181464,-0.5367186611952337,0.801056284293919,-0.12358308968663613
['Willie Nelson'],[583959],-0.73130970239423,-0.5633468949379575,0.13645296538960183,-0.041974149036495316,-0.02377777076219473,0.8248993099517918,0.00117623275489903
['Willie Nelson'],[583959],-0.7629312885139813,-0.19853780681053373,0.0526876195324557,0.1395505672124091,-0.2373935502973359,0.3910154963461994,0.07085444813277296
['Willie Nelson'],[583959],-0.9788791766351999,-0.31313390111262956,0.1398709440926645,0.07487172128442414,-0.013062600575729354,0.640288848694793,-0.06754195601584331
['Willie Nelson'],[583959],-0.7393319141133028,0.06286737193175443,0.570553380919917,-0.02772233264588129,-0.6974265417293091,0.6026324110111682,-0.23574835521827248
['Willie Nelson'],[583959],-1.1189526451094296,-0.35538173066978956,0.12398167040654823,0.23280878938491278,-0.006603151272307866,0.4492482780723822,-0.19384499760600168
['Willie Nelson'],[583959],-0.35315670070932226,-0.4203782156106126,0.25835273578425305,0.09617986394766784,-0.5419087552394496,0.3920518675281375,0.048814613610319434
['Willie Nelson'],[583959],-0.4758540883777684,-0.28902091421023196,0.28429311533122154,0.07862034763143126,-0.0874443683035022,0.2962796042901717,-0.06899895130433062
['Willie Nelson'],[583959],-0.19109524871117972,-0.25007134543642634,0.22629306671876492,-0.06725427458446527,-0.12860732221866766,0.2511485898680784,0.09175942605266454
"['Zucchero', 'Eric Clapton']","[230667, 187478]",-1.0776529335414216,-0.39815726507331173,0.3334707933922832,0.19643513435455767,0.18400979857296126,0.5772417078295501,-0.28133542517284416
