,Unnamed: 0,Unnamed: 0.1,genre,year,nodes_num,links_num,nodes_sum,links_sum
0,6,6,R&B;,1930,0,0,0,0
1,5,5,R&B;,1940,11,10,11,10
2,3,3,R&B;,1950,137,321,148,331
3,2,2,R&B;,1960,233,410,381,741
4,4,4,R&B;,1970,105,118,486,859
5,0,0,R&B;,1980,60,60,546,919
6,1,1,R&B;,1990,116,225,662,1144
7,7,7,R&B;,2000,29,19,691,1163
8,8,8,R&B;,2010,9,6,700,1169
